1694261093971095654 144.527791 0.000000
1694261094115627590 144.508662 0.000000
1694261094332926168 144.492870 0.000000
1694261094334110171 144.458541 0.000000
1694261094334140717 144.665116 0.000000
1694261094405022311 144.612297 0.000000
1694261094405508757 144.564165 0.000000
1694261094477628711 144.695913 0.000000
1694261094623506536 144.590397 0.000000
1694261094623652205 144.503555 0.000000
1694261094839760110 144.421279 0.000000
1694261094984820545 144.828175 0.000000
1694261095202391825 144.727848 0.000000
1694261095202475485 144.599423 0.000000
1694261095202496604 144.631142 0.000000
1694261095346723924 144.603565 0.000000
1694261095491237618 144.568055 0.000000
1694261095636212173 144.621865 0.000000
1694261095781212272 144.887467 0.000000
1694261095781291426 144.470693 0.000000
1694261095781882681 144.486230 0.000000
1694261095853927054 144.671270 0.000000
1694261095926230985 144.912997 0.000000
1694261095998438212 144.495897 0.000000
1694261096143217137 144.683048 0.000000
1694261096215651747 144.640018 0.000000
1694261096288673508 144.475124 0.000000
1694261096578774772 144.695812 0.000000
1694261096723780179 144.627393 0.000000
1694261096795834490 144.678642 0.000000
1694261096940664248 144.367778 0.000000
1694261097012660229 144.462530 0.000000
1694261097012719331 144.408294 0.000000
1694261097085646241 144.564938 0.000000
1694261097157372630 144.454642 0.000000
1694261097158415630 144.949322 0.000000
1694261097375424223 144.508031 0.000000
1694261097519148705 144.638043 0.000000
1694261097664716036 144.578480 0.000000
1694261098026063006 144.692755 0.000000
1694261098026232611 144.800606 0.000000
1694261098099304522 144.493521 0.000000
1694261098243027092 144.549878 0.000000
1694261098243551275 144.590067 0.000000
1694261098388691411 144.697692 0.000000
1694261098461187158 144.604813 0.000000
1694261098461216877 144.666288 0.000000
1694261098533680089 144.804509 0.000000
1694261098750975926 144.503755 0.000000
1694261098823008888 144.452782 0.000000
1694261098895609954 144.586227 0.000000
1694261098895787798 144.559781 0.000000
1694261098967512437 144.503099 0.000000
1694261098967880178 144.522054 0.000000
1694261099040236480 144.610013 0.000000
1694261099256970967 144.384939 0.000000
1694261099257625274 144.594412 0.000000
1694261099329325556 144.565805 0.000000
1694261099474780103 144.526203 0.000000
1694261099546709573 144.662700 0.000000
1694261099691569502 144.736592 0.000000
1694261099764553935 144.683810 0.000000
1694261099837147210 144.801172 0.000000
1694261099909669965 144.857137 0.000000
1694261100271204701 144.660485 0.000000
1694261100344227705 144.787189 0.000000
1694261100416845080 144.974260 0.000000
1694261100488532914 144.656757 0.000000
1694261100634092860 144.707403 0.000000
1694261100706157590 144.524595 0.000000
1694261100779001247 144.599067 0.000000
1694261101067996204 144.573858 0.000000
1694261101068360020 144.709003 0.000000
1694261101068805160 144.706172 0.000000
1694261101213607700 144.793845 0.000000
1694261101285807249 144.461607 0.000000
1694261101357557358 144.608810 0.000000
1694261101358326245 144.509288 0.000000
1694261101429996834 144.671742 0.000000
1694261101792171334 144.825965 0.000000
1694261101792171825 144.779026 0.000000
1694261101792963440 144.725016 0.000000
1694261101865293532 144.640199 0.000000
1694261101936731946 144.623237 0.000000
1694261102010205136 144.599122 0.000000
1694261102081567473 144.605126 0.000000
1694261102154613986 144.393946 0.000000
1694261102226189755 144.604836 0.000000
1694261102226495646 144.569654 0.000000
1694261102371417704 144.465376 0.000000
1694261102372027010 144.452231 0.000000
1694261102588680144 144.806490 0.000000
1694261102733201460 144.558748 0.000000
1694261102805875261 144.680266 0.000000
1694261102950518256 144.663933 0.000000
1694261102951695758 144.471822 0.000000
1694261103095236540 144.538651 0.000000
1694261103096036129 144.489964 0.000000
1694261103096477530 144.773763 0.000000
1694261103167422893 144.588488 0.000000
1694261103746718548 144.592381 0.000000
1694261103747240156 144.603522 0.000000
1694261103820705568 144.600671 0.000000
1694261103893140990 144.561961 0.000000
1694261104037709476 144.552590 0.000000
1694261104109371415 144.663983 0.000000
1694261104182613502 144.513343 0.000000
1694261104327888191 145.177583 0.000000
1694261104833785751 144.603247 0.000000
1694261104834105194 144.409296 0.000000
1694261104906870186 144.449565 0.000000
1694261104978439425 144.806328 0.000000
1694261105050938510 144.648518 0.000000
1694261105051542409 144.484882 0.000000
1694261105123679127 144.572290 0.000000
1694261105268426864 144.765844 0.000000
1694261105340801029 144.620242 0.000000
1694261105340828172 144.674222 0.000000
1694261105413232256 144.440990 0.000000
1694261105485276304 144.464685 0.000000
1694261105558628312 144.629809 0.000000
1694261105702831980 144.891852 0.000000
1694261105703389235 144.578264 0.000000
1694261105775237678 144.626186 0.000000
1694261105776092541 144.907675 0.000000
1694261105847734147 144.877219 0.000000
1694261106065201848 144.651274 0.000000
1694261106138133509 144.613481 0.000000
1694261106354815795 144.580830 0.000000
1694261106428118829 145.010845 0.000000
1694261106500250304 144.601492 0.000000
1694261106500782642 144.562972 0.000000
1694261106645385614 144.690625 0.000000
1694261106790584421 144.554349 0.000000
1694261107008131732 144.593390 0.000000
1694261107079692721 144.581692 0.000000
1694261107297253018 144.580373 0.000000
1694261107297349828 144.538541 0.000000
1694261107297689794 144.441836 0.000000
1694261107370014909 144.510687 0.000000
1694261107441873465 144.493342 0.000000
1694261107659711298 144.534224 0.000000
1694261107947990090 144.649906 0.000000
1694261107948330115 144.417541 0.000000
1694261108092327379 144.670323 0.000000
1694261108165090392 144.695432 0.000000
1694261108165574397 144.423495 0.000000
1694261108238792359 144.716174 0.000000
1694261108309705497 144.577968 0.000000
1694261108311212561 144.597910 0.000000
1694261108382417231 144.490080 0.000000
1694261108383549740 144.616298 0.000000
1694261108526709506 144.447510 0.000000
1694261108528120812 144.506587 0.000000
1694261108816970822 144.494660 0.000000
1694261108888440384 144.508432 0.000000
1694261108889274488 144.572220 0.000000
1694261109034540646 145.215410 0.000000
1694261109468216231 144.449089 0.000000
1694261109541545130 144.903270 0.000000
1694261109541741852 145.057734 0.000000
1694261109758662517 144.491331 0.000000
1694261109903170906 144.495405 0.000000
1694261109903717194 144.666334 0.000000
1694261110554475334 144.476076 0.000000
1694261110626502883 144.480953 0.000000
1694261110699219308 144.465487 0.000000
1694261110770815674 144.509905 0.000000
1694261110771265570 144.715448 0.000000
1694261110843601907 144.653058 0.000000
1694261110844364365 144.415595 0.000000
1694261110988826805 144.990918 0.000000
1694261111132584957 144.552640 0.000000
1694261111132760761 144.527862 0.000000
1694261111134003114 144.536587 0.000000
1694261111134193853 144.695737 0.000000
1694261111206266406 144.543489 0.000000
1694261111351270876 144.613901 0.000000
1694261111422125834 144.486801 0.000000
1694261111494548481 144.593349 0.000000
1694261111496181703 144.746836 0.000000
1694261111567016148 144.551066 0.000000
1694261111929117728 144.617125 0.000000
1694261112002179632 144.549592 0.000000
1694261112002461557 144.634876 0.000000
1694261112146960036 144.485198 0.000000
1694261112291528257 145.045265 0.000000
1694261112291634694 144.724719 0.000000
1694261112291694864 145.005357 0.000000
1694261112292474011 144.493783 0.000000
1694261112364294137 144.628009 0.000000
1694261112364556186 144.417149 0.000000
1694261112798157814 144.571513 0.000000
1694261112798430788 144.508452 0.000000
1694261112942980015 144.539199 0.000000
1694261112943070761 144.521737 0.000000
1694261112943313520 144.667436 0.000000
1694261112944201795 145.081790 0.000000
1694261112944263905 144.817876 0.000000
1694261113161336252 144.588909 0.000000
1694261113449960934 144.659267 0.000000
1694261113450904202 144.642830 0.000000
1694261113522440278 144.484781 0.000000
1694261113594853619 144.481424 0.000000
1694261113740295014 144.458549 0.000000
1694261114029644576 144.647014 0.000000
1694261114173986331 144.616212 0.000000
1694261114319156460 145.006038 0.000000
1694261114319521569 144.569337 0.000000
1694261114391983483 144.645907 0.000000
1694261114464205389 144.884501 0.000000
1694261114753519639 144.660184 0.000000
1694261114826248513 144.656005 0.000000
1694261114898547222 144.719848 0.000000
1694261114971540050 144.745042 0.000000
1694261115044511133 144.663267 0.000000
1694261115260303901 144.507073 0.000000
1694261115405168070 144.697442 0.000000
1694261115405772309 144.608199 0.000000
1694261115550337884 144.616042 0.000000
1694261115550611124 144.830044 0.000000
1694261115913093635 144.420357 0.000000
1694261116129667514 144.529245 0.000000
1694261116274838671 145.289652 0.000000
1694261116346420328 144.564817 0.000000
1694261116419504223 144.438404 0.000000
1694261116492797389 144.701661 0.000000
1694261116637091377 144.465276 0.000000
1694261116855264810 145.046849 0.000000
1694261116926547733 144.560092 0.000000
1694261116927453664 144.469782 0.000000
1694261116998335895 144.543367 0.000000
1694261116998592943 144.640549 0.000000
1694261117143667320 144.499887 0.000000
1694261117144685703 144.625484 0.000000
1694261117288376193 144.403097 0.000000
1694261117289313051 144.536848 0.000000
1694261117360289701 144.515964 0.000000
1694261117360443479 144.688676 0.000000
1694261117432500221 144.606845 0.000000
1694261117577446566 144.924228 0.000000
1694261117650020645 144.567514 0.000000
1694261117650888929 144.412203 0.000000
1694261117795335717 144.503575 0.000000
1694261117939405319 144.550615 0.000000
1694261118084799640 144.537163 0.000000
1694261118229209592 144.617038 0.000000
1694261118231015797 144.439697 0.000000
1694261118664819494 144.571474 0.000000
1694261118737146895 144.452301 0.000000
1694261118881582588 144.836284 0.000000
1694261118881622345 144.660916 0.000000
1694261118953997933 144.569338 0.000000
1694261118955690649 144.496007 0.000000
1694261119026543421 144.446719 0.000000
1694261119315476149 144.646092 0.000000
1694261119317238397 144.515408 0.000000
1694261119389782386 144.532813 0.000000
1694261119677750180 144.566181 0.000000
1694261119896477962 144.615075 0.000000
1694261119968675701 144.529885 0.000000
1694261120041320155 144.749472 0.000000
1694261120112805062 144.622217 0.000000
1694261120184834440 144.925056 0.000000
1694261120256946550 144.625920 0.000000
1694261120329578304 144.584624 0.000000
1694261120402564978 144.824547 0.000000
1694261120474630440 144.694915 0.000000
1694261120619105689 144.656025 0.000000
1694261120691898532 144.511123 0.000000
1694261120764678205 144.592637 0.000000
1694261120837024690 144.496033 0.000000
1694261120908992971 144.715899 0.000000
1694261121054132586 144.534668 0.000000
1694261121198507833 144.654451 0.000000
1694261121199485516 144.618793 0.000000
1694261121488679065 144.952103 0.000000
1694261121633603875 144.831257 0.000000
1694261121634228692 144.931616 0.000000
1694261122068988368 144.960202 0.000000
1694261122213155400 144.668478 0.000000
1694261122285492288 144.541409 0.000000
1694261122646981039 144.499571 0.000000
1694261122937523419 144.564156 0.000000
1694261123226366198 144.773048 0.000000
1694261123516595340 144.572796 0.000000
1694261123589103852 144.914285 0.000000
1694261123734661222 144.755962 0.000000
1694261123806100689 144.703085 0.000000
1694261123806651600 144.647771 0.000000
1694261123879176094 144.507158 0.000000
1694261123951500594 144.403603 0.000000
1694261124024448557 144.626992 0.000000
1694261124095955686 144.653835 0.000000
1694261124096488475 144.756403 0.000000
1694261124168687988 144.542621 0.000000
1694261124313810192 144.861222 0.000000
1694261124313819384 144.998642 0.000000
1694261124457669395 144.527000 0.000000
1694261124457944414 144.482396 0.000000
1694261124458877619 144.605111 0.000000
1694261124603182808 144.621204 0.000000
1694261124675981670 144.500027 0.000000
1694261124965278018 144.550279 0.000000
1694261124965813077 144.794191 0.000000
1694261125110373615 144.538717 0.000000
1694261125255106564 144.590568 0.000000
1694261125545111039 144.652747 0.000000
1694261125688979418 144.428371 0.000000
1694261125834415371 144.492590 0.000000
1694261125905746029 144.470414 0.000000
1694261126413632439 144.474478 0.000000
1694261126629684374 144.617515 0.000000
1694261126630329574 144.613471 0.000000
1694261126702443865 144.708226 0.000000
1694261127064251276 144.455654 0.000000
1694261127064623286 144.607748 0.000000
1694261127065183544 144.505821 0.000000
1694261127572286131 144.706367 0.000000
1694261127643331967 144.537270 0.000000
1694261127715732057 144.657090 0.000000
1694261127789561691 144.601243 0.000000
1694261127932978861 144.645194 0.000000
1694261127933127351 144.683522 0.000000
1694261128079095411 144.511619 0.000000
1694261128149923085 144.650671 0.000000
1694261128150796506 144.653199 0.000000
1694261128295256235 144.438710 0.000000
1694261128367786247 144.401719 0.000000
1694261128439407541 144.519227 0.000000
1694261128440089091 144.379151 0.000000
1694261128511697971 144.469883 0.000000
1694261128512150689 144.478663 0.000000
1694261128729854941 144.898233 0.000000
1694261128874867610 144.527301 0.000000
1694261129019653461 144.540998 0.000000
1694261129090585438 144.518601 0.000000
1694261129164660317 144.655639 0.000000
1694261129235579815 144.594918 0.000000
1694261129525249732 144.718149 0.000000
1694261129671379773 144.801047 0.000000
1694261129888558744 144.549768 0.000000
1694261129959941273 144.572801 0.000000
1694261130032759972 144.968526 0.000000
1694261130105907224 144.577157 0.000000
1694261130321959540 144.536197 0.000000
1694261130323047094 144.706297 0.000000
1694261130468073003 144.646999 0.000000
1694261130540413169 144.626506 0.000000
1694261130540659011 144.679645 0.000000
1694261130611988983 144.595520 0.000000
1694261130684568575 144.523993 0.000000
1694261130685166886 144.681394 0.000000
1694261130829076010 144.543103 0.000000
1694261130829151957 144.593304 0.000000
1694261130829623403 144.830180 0.000000
1694261130829858424 144.675134 0.000000
1694261130974403036 144.557614 0.000000
1694261131191038126 144.758713 0.000000
1694261131191578422 144.587580 0.000000
1694261131191805926 144.494409 0.000000
1694261131553174147 144.456937 0.000000
1694261131697859775 144.524990 0.000000
1694261131770754831 144.446658 0.000000
1694261131914115499 144.558934 0.000000
1694261132059226903 144.571759 0.000000
1694261132277057263 144.781852 0.000000
1694261132421031954 144.564873 0.000000
1694261132711660274 144.568693 0.000000
1694261132855719682 144.747272 0.000000
1694261132927864579 144.662170 0.000000
1694261133145251523 144.597844 0.000000
1694261133217305103 144.481935 0.000000
1694261133434544253 144.595946 0.000000
1694261133580441494 144.545132 0.000000
1694261133869412150 144.717452 0.000000
1694261133942551198 144.465036 0.000000
1694261134013892301 144.550575 0.000000
1694261134231341605 144.566738 0.000000
1694261134375687650 144.525662 0.000000
1694261134593086802 144.524525 0.000000
1694261134883591790 144.869401 0.000000
1694261134955478161 144.519508 0.000000
1694261134956210088 144.864745 0.000000
1694261135100430215 144.420833 0.000000
1694261135245884054 144.578871 0.000000
1694261135389738245 144.672644 0.000000
1694261135462367879 144.495332 0.000000
1694261135535663015 144.710462 0.000000
1694261135535688986 144.706016 0.000000
1694261135680653327 144.904523 0.000000
1694261135824306140 144.759305 0.000000
1694261135897623387 144.541444 0.000000
1694261135897669349 144.676592 0.000000
1694261136113635470 144.553421 0.000000
1694261136114605505 144.463637 0.000000
1694261136114777119 144.598366 0.000000
1694261136549300716 144.577081 0.000000
1694261136620151924 144.526720 0.000000
1694261136621474364 144.381581 0.000000
1694261136693432027 144.572194 0.000000
1694261136838669888 144.657133 0.000000
1694261137128740578 144.504554 0.000000
1694261137200747438 144.506126 0.000000
1694261137489191145 144.498121 0.000000
1694261137489967820 144.604711 0.000000
1694261137490072167 144.515925 0.000000
1694261137633913817 144.581964 0.000000
1694261137851032039 144.589360 0.000000
1694261138068959464 144.721909 0.000000
1694261138213297725 144.563971 0.000000
1694261138213594621 144.903976 0.000000
1694261138286389609 144.591399 0.000000
1694261138502805856 144.611036 0.000000
1694261138503756612 144.496659 0.000000
1694261138575735593 144.573559 0.000000
1694261138575841129 144.696369 0.000000
1694261138720717742 144.493733 0.000000
1694261138721787759 144.764974 0.000000
1694261138864748378 144.659498 0.000000
1694261138866309392 144.468068 0.000000
1694261139226917027 144.534342 0.000000
1694261139300665559 144.501571 0.000000
1694261139516671628 144.781452 0.000000
1694261139516784866 144.645856 0.000000
1694261139517546321 144.491498 0.000000
1694261139951161053 144.532696 0.000000
1694261140023208608 144.480793 0.000000
1694261140096915093 144.910552 0.000000
1694261140312474243 144.618743 0.000000
1694261140386113594 144.457237 0.000000
1694261140386756960 144.561776 0.000000
1694261140457120520 144.677610 0.000000
1694261140820683017 144.712205 0.000000
1694261141037237040 144.883067 0.000000
1694261141038763313 144.558939 0.000000
1694261141109914870 144.405307 0.000000
1694261141254389659 144.680457 0.000000
1694261141327281292 144.859302 0.000000
1694261141471978548 144.681666 0.000000
1694261141544479467 144.519909 0.000000
1694261141616897069 144.776149 0.000000
1694261141689103633 144.667472 0.000000
1694261141690131298 144.434124 0.000000
1694261141834347781 144.602991 0.000000
1694261141978584391 144.523196 0.000000
1694261141978894497 144.523692 0.000000
1694261142050835966 144.691322 0.000000
1694261142123359939 144.394457 0.000000
1694261142268025200 144.658361 0.000000
1694261142268117109 144.602390 0.000000
1694261142485240671 144.572551 0.000000
1694261142774944457 144.476352 0.000000
1694261143064622688 144.601607 0.000000
1694261143064659820 144.649124 0.000000
1694261143210723317 144.600135 0.000000
1694261143282243536 144.896244 0.000000
1694261143500109129 144.634841 0.000000
1694261143643682782 144.537906 0.000000
1694261143644243280 144.669106 0.000000
1694261143644872664 144.593780 0.000000
1694261143788891686 144.637863 0.000000
1694261143789118598 144.558088 0.000000
1694261143861941378 144.452813 0.000000
1694261143934139514 144.499623 0.000000
1694261143934366085 144.393660 0.000000
1694261144150850170 144.716970 0.000000
1694261144223902973 144.582895 0.000000
1694261144513338014 144.563480 0.000000
1694261144730352693 144.560131 0.000000
1694261144874213394 144.621199 0.000000
1694261144874255582 144.593299 0.000000
1694261144874925469 144.556839 0.000000
1694261145092273558 144.801118 0.000000
1694261145164057366 144.859823 0.000000
1694261145164449457 144.865492 0.000000
1694261145164929002 144.688481 0.000000
1694261145309530706 144.506487 0.000000
1694261145526761718 144.704588 0.000000
1694261145599312042 144.629678 0.000000
1694261145744790374 144.615624 0.000000
1694261145960685425 144.549172 0.000000
1694261145961663033 144.616098 0.000000
1694261146034154420 144.579577 0.000000
1694261146178720526 144.556253 0.000000
1694261146250945835 144.674643 0.000000
1694261146322302799 144.435237 0.000000
1694261146322777002 144.663884 0.000000
1694261146323449801 144.438815 0.000000
1694261146540518326 144.768933 0.000000
1694261146612006926 144.513143 0.000000
1694261146757504002 144.452121 0.000000
1694261146828673912 144.525847 0.000000
1694261146829713098 144.555812 0.000000
1694261146901752595 144.451184 0.000000
1694261147191058851 144.446177 0.000000
1694261147336847746 144.562303 0.000000
1694261147408720058 144.483735 0.000000
1694261147409290750 144.521566 0.000000
1694261147914930287 144.656095 0.000000
1694261147915958633 144.644193 0.000000
1694261147988369141 144.724053 0.000000
1694261148060882475 145.046412 0.000000
1694261148133144830 144.725531 0.000000
1694261148279061717 144.425144 0.000000
1694261148348900802 144.559190 0.000000
1694261148423679643 144.391891 0.000000
1694261148493981419 144.456261 0.000000
1694261148567614291 144.658486 0.000000
1694261148568697124 144.467342 0.000000
1694261148640460268 144.684371 0.000000
1694261148640506385 144.799658 0.000000
1694261148857709687 144.534638 0.000000
1694261149000509186 144.509339 0.000000
1694261149002012496 144.519598 0.000000
1694261149145474961 144.576981 0.000000
1694261149219280864 144.450409 0.000000
1694261149290574026 144.899306 0.000000
1694261149364179724 144.398271 0.000000
1694261149435978196 144.443656 0.000000
1694261149508942067 144.538482 0.000000
1694261149508989873 144.459870 0.000000
1694261149725175835 144.669291 0.000000
1694261149869411423 144.532010 0.000000
1694261149869728355 144.582986 0.000000
1694261149869782060 144.534568 0.000000
1694261150014686002 144.621139 0.000000
1694261150015468912 144.703590 0.000000
1694261150160167125 144.505740 0.000000
1694261150231599755 144.491127 0.000000
1694261150304665644 144.476768 0.000000
1694261150448586229 144.508126 0.000000
1694261150738194653 144.723537 0.000000
1694261150738507811 144.465296 0.000000
1694261150955900780 144.632977 0.000000
1694261151028189034 144.447289 0.000000
1694261151100192623 144.381056 0.000000
1694261151100680688 144.566176 0.000000
1694261151462275254 144.726584 0.000000
1694261151534461277 144.663051 0.000000
1694261151679819179 144.546255 0.000000
1694261151752882055 144.740342 0.000000
1694261151896401738 144.560283 0.000000
1694261151897387745 144.486461 0.000000
1694261152041764521 144.654332 0.000000
1694261152186271324 144.518365 0.000000
1694261152258622265 144.427554 0.000000
1694261152331700196 144.588021 0.000000
1694261152403340305 144.497371 0.000000
1694261152476142755 144.483749 0.000000
1694261152547874802 144.515949 0.000000
1694261152548173627 144.421845 0.000000
1694261152548359845 144.451118 0.000000
1694261152765490925 144.738106 0.000000
1694261152837893976 144.632235 0.000000
1694261153126462348 144.390147 0.000000
1694261153127391292 144.399900 0.000000
1694261153272205831 144.496599 0.000000
1694261153561301097 144.614333 0.000000
1694261153561449046 144.516085 0.000000
1694261153633498195 144.610880 0.000000
1694261153705625286 144.586718 0.000000
1694261153850805866 144.490922 0.000000
1694261153922692201 144.494219 0.000000
1694261153994956085 144.531500 0.000000
1694261154068120021 144.766758 0.000000
1694261154284487936 144.541980 0.000000
1694261154502479917 144.499415 0.000000
1694261155082037423 144.736547 0.000000
1694261155154333356 144.514842 0.000000
1694261155225386364 144.591510 0.000000
1694261155225665483 144.453254 0.000000
1694261155226496194 144.621360 0.000000
1694261155370025770 144.614594 0.000000
1694261155371580099 144.548770 0.000000
1694261155444082760 144.498497 0.000000
1694261155515801479 144.740527 0.000000
1694261155588746215 144.518685 0.000000
1694261155660707265 144.698615 0.000000
1694261155877867803 144.755767 0.000000
1694261155877925707 144.678472 0.000000
1694261155950186143 144.732558 0.000000
1694261156095810995 144.464129 0.000000
1694261156311760854 144.465758 0.000000
1694261156383809161 144.435537 0.000000
1694261156455298097 144.522409 0.000000
1694261156529752640 144.618729 0.000000
1694261156601666229 144.483028 0.000000
1694261156602081609 144.454477 0.000000
1694261156672122043 144.488571 0.000000
1694261156746407206 144.460174 0.000000
1694261156819038293 144.507259 0.000000
1694261156962747101 144.496559 0.000000
1694261156962846517 144.524804 0.000000
1694261157108418503 144.508483 0.000000
1694261157180302081 144.624135 0.000000
1694261157252560106 144.596988 0.000000
1694261157397322108 144.505275 0.000000
1694261157469887502 144.542566 0.000000
1694261157470211972 144.511985 0.000000
1694261157541958968 144.599098 0.000000
1694261157542598776 144.561310 0.000000
1694261157614667616 144.938637 0.000000
1694261157831680907 144.585422 0.000000
1694261157831948239 144.499567 0.000000
1694261158121779761 144.806034 0.000000
1694261158266994125 144.486792 0.000000
1694261158338731664 144.627699 0.000000
1694261158628490203 144.861974 0.000000
1694261158628757519 144.763850 0.000000
1694261158629189253 144.712175 0.000000
1694261158773906871 144.575749 0.000000
1694261158773983936 144.608325 0.000000
1694261158918358918 144.520741 0.000000
1694261159062261120 144.462495 0.000000
1694261159135075305 144.397924 0.000000
1694261159136020334 144.510621 0.000000
1694261159351744143 144.489878 0.000000
1694261159496620046 144.466917 0.000000
1694261159498045568 144.681749 0.000000
1694261159570256088 144.441786 0.000000
1694261159641242389 144.600295 0.000000
1694261159713563142 144.596687 0.000000
1694261159786495229 144.464389 0.000000
1694261159931978964 144.425670 0.000000
1694261160221433841 144.714275 0.000000
1694261160292258338 144.448984 0.000000
1694261160365840441 144.444779 0.000000
1694261160509599551 144.463904 0.000000
1694261160581839358 144.434585 0.000000
1694261160582004863 144.493928 0.000000
1694261160654898937 144.477600 0.000000
1694261160655458237 144.446452 0.000000
1694261160725213649 144.524605 0.000000
1694261160800642325 144.855665 0.000000
1694261160871161001 144.580524 0.000000
1694261161090118196 144.604962 0.000000
1694261161160851226 144.567489 0.000000
1694261161234976021 144.515684 0.000000
1694261161306954711 144.432881 0.000000
1694261161524109210 144.471728 0.000000
1694261161596016429 144.736622 0.000000
1694261161958522461 144.712612 0.000000
1694261162102389862 144.417145 0.000000
1694261162247511781 144.442419 0.000000
1694261162463527277 144.522886 0.000000
1694261162464747133 144.574958 0.000000
1694261162465665178 144.460717 0.000000
1694261162970594006 144.446424 0.000000
1694261163042624257 144.609608 0.000000
1694261163044587617 144.507856 0.000000
1694261163260742181 144.481144 0.000000
1694261163332218459 144.793150 0.000000
1694261163406707941 144.671782 0.000000
1694261163766691172 144.533210 0.000000
1694261163911498499 144.723035 0.000000
1694261164057224613 144.608400 0.000000
1694261164058078347 144.553828 0.000000
1694261164201155051 144.634680 0.000000
1694261164636634740 144.691878 0.000000
1694261164708176190 144.620668 0.000000
1694261164708696685 144.467732 0.000000
1694261164778894530 144.436229 0.000000
1694261164997620909 144.680783 0.000000
1694261164997831934 144.643883 0.000000
1694261164998033463 144.656482 0.000000
1694261165214940552 144.513955 0.000000
1694261165215965910 144.647997 0.000000
1694261165287884662 144.478418 0.000000
1694261165431840769 144.547723 0.000000
1694261165649718981 144.648930 0.000000
1694261165722695602 144.532904 0.000000
1694261165794222160 144.478281 0.000000
1694261165866543558 144.612303 0.000000
1694261165938465857 144.520887 0.000000
1694261165939692344 144.544847 0.000000
1694261166083684574 144.628804 0.000000
1694261166228835536 144.879539 0.000000
1694261166229023814 144.760848 0.000000
1694261166371517808 144.557256 0.000000
1694261166373423348 144.581232 0.000000
1694261166373521712 144.482848 0.000000
1694261166444840313 144.528895 0.000000
1694261166590625418 144.553090 0.000000
1694261166661100622 144.567993 0.000000
1694261166661945053 144.453075 0.000000
1694261166663058068 144.534538 0.000000
1694261166735302873 144.518214 0.000000
1694261166735351987 144.575548 0.000000
1694261166880020091 144.678899 0.000000
1694261166880148905 144.408951 0.000000
1694261167024955716 144.758388 0.000000
1694261167097079878 144.507884 0.000000
1694261167097376088 144.557641 0.000000
1694261167241579075 144.697361 0.000000
1694261167314570592 144.647750 0.000000
1694261167314894704 144.754168 0.000000
1694261167531919148 144.585930 0.000000
1694261167748749310 144.608073 0.000000
1694261167749488224 144.588568 0.000000
1694261167821361895 144.687854 0.000000
1694261167893956397 144.627495 0.000000
1694261167966462945 145.015486 0.000000
1694261168037628865 144.660084 0.000000
1694261168038850536 144.857453 0.000000
1694261168182461010 144.574032 0.000000
1694261168255830995 144.543940 0.000000
1694261168328154965 144.524128 0.000000
1694261168399721601 144.692922 0.000000
1694261168399811205 144.806927 0.000000
1694261168761712320 144.691317 0.000000
1694261168763833857 144.388368 0.000000
1694261168836471770 144.555782 0.000000
1694261168836663040 144.667236 0.000000
1694261168906829946 144.779084 0.000000
1694261168907212453 144.576716 0.000000
1694261168979719436 144.485063 0.000000
1694261169341678305 144.634846 0.000000
1694261169342972695 144.494564 0.000000
1694261169414383124 144.922931 0.000000
1694261169415114750 144.418558 0.000000
1694261169415456931 144.489162 0.000000
1694261169560212928 144.610444 0.000000
1694261169632950207 144.846964 0.000000
1694261169633020706 145.104799 0.000000
1694261169704985369 144.730835 0.000000
1694261169776245144 144.607788 0.000000
1694261169850589840 145.065753 0.000000
1694261169921100251 144.597133 0.000000
1694261170066709989 144.656949 0.000000
1694261170140365498 144.809444 0.000000
1694261170357225127 144.555347 0.000000
1694261170500707849 144.708593 0.000000
1694261170500756497 144.765013 0.000000
1694261170501541562 144.697306 0.000000
1694261170718136330 144.846823 0.000000
1694261170790754046 144.491418 0.000000
1694261170935148423 144.585662 0.000000
1694261170935282004 144.616583 0.000000
1694261171007801857 144.674688 0.000000
1694261171153727886 144.688591 0.000000
1694261171297909929 144.499691 0.000000
1694261171298585615 144.704533 0.000000
1694261171370813976 144.706598 0.000000
1694261171588346459 144.728138 0.000000
1694261171660312059 144.532975 0.000000
1694261171877403281 144.638925 0.000000
1694261171878380423 144.856922 0.000000
1694261172022080974 144.655745 0.000000
1694261172240485367 144.449400 0.000000
1694261172313375832 144.662611 0.000000
1694261172602650025 144.426041 0.000000
1694261172673846772 144.643741 0.000000
1694261172673915426 144.755677 0.000000
1694261172821009936 144.608586 0.000000
1694261172892355024 144.498715 0.000000
1694261172964756624 144.516349 0.000000
1694261173109585881 144.680878 0.000000
1694261173180949997 144.545568 0.000000
1694261173181031361 144.661593 0.000000
1694261173181250205 144.407527 0.000000
1694261173470764822 144.759245 0.000000
1694261173615688454 144.542662 0.000000
1694261173760301845 144.598285 0.000000
1694261173760473895 144.466759 0.000000
1694261173832705060 144.478336 0.000000
1694261173833260930 144.439065 0.000000
1694261173833837190 144.547397 0.000000
1694261173834521271 144.454031 0.000000
1694261173977692212 144.532418 0.000000
1694261174196714049 144.744168 0.000000
1694261174267573050 144.830212 0.000000
1694261174339725450 144.834299 0.000000
1694261174341662625 144.824729 0.000000
1694261174557244863 144.602250 0.000000
1694261174774079503 144.665405 0.000000
1694261174774296262 144.646934 0.000000
1694261174775394862 144.643521 0.000000
1694261174991315260 144.619629 0.000000
1694261174992584172 144.617967 0.000000
1694261175137281864 144.681590 0.000000
1694261175282121812 144.807325 0.000000
1694261175498654370 144.771204 0.000000
1694261175499421785 144.680783 0.000000
1694261175861048697 144.638906 0.000000
1694261175862365353 144.668544 0.000000
1694261176006008528 144.613802 0.000000
1694261176080450537 144.579563 0.000000
1694261176152759444 144.762217 0.000000
1694261176370604384 144.444283 0.000000
1694261176587932281 144.793500 0.000000
1694261176587966391 145.018022 0.000000
1694261176805263418 144.687156 0.000000
1694261177239832194 144.586714 0.000000
1694261177384444968 144.603132 0.000000
1694261177384740095 144.524329 0.000000
1694261177526917292 144.731606 0.000000
1694261177529255343 144.496033 0.000000
1694261177599051378 144.586383 0.000000
1694261177673774916 144.513604 0.000000
1694261177673846232 144.393535 0.000000
1694261177744110647 144.561641 0.000000
1694261177818270268 144.480056 0.000000
1694261177962178995 144.595830 0.000000
1694261178033289217 144.487249 0.000000
1694261178178316696 144.562689 0.000000
1694261178180605518 144.549012 0.000000
1694261178180716877 144.562579 0.000000
1694261178398076623 145.068484 0.000000
1694261178470478181 144.732012 0.000000
1694261178541849389 144.374361 0.000000
1694261178831177322 144.621073 0.000000
1694261179047734663 144.859574 0.000000
1694261179193888816 144.469833 0.000000
1694261179266872799 144.502518 0.000000
1694261179628249390 144.696204 0.000000
1694261179772031638 144.768226 0.000000
1694261179772098303 144.647305 0.000000
1694261179773418132 144.664284 0.000000
1694261179846192387 144.877252 0.000000
1694261179916754219 144.703933 0.000000
1694261179917915616 144.569872 0.000000
1694261179990358799 144.525201 0.000000
1694261180061718095 144.597173 0.000000
1694261180135681164 144.637467 0.000000
1694261180278844419 144.729456 0.000000
1694261180278950701 144.486456 0.000000
1694261180424488301 144.360232 0.000000
1694261180568670838 144.663688 0.000000
1694261180713402406 144.696562 0.000000
1694261180713432807 144.454487 0.000000
1694261180714102810 144.389343 0.000000
1694261180930596187 144.676267 0.000000
1694261180930600878 144.646558 0.000000
1694261181075752009 144.945143 0.000000
1694261181148288822 144.844684 0.000000
1694261181148729291 144.524370 0.000000
1694261181437951829 144.853619 0.000000
1694261181439232797 144.841878 0.000000
1694261181439774070 144.849330 0.000000
1694261181582671679 144.554697 0.000000
1694261181728520291 144.454963 0.000000
1694261181729205018 144.499997 0.000000
1694261181946583402 144.632000 0.000000
1694261182017149729 144.515353 0.000000
1694261182017554019 144.726499 0.000000
1694261182018055400 144.520009 0.000000
1694261182091270736 144.449513 0.000000
1694261182234460031 144.597434 0.000000
1694261182235158149 144.461874 0.000000
1694261182451485070 144.552913 0.000000
1694261182524013122 144.521278 0.000000
1694261182525789843 144.523582 0.000000
1694261182596734093 144.640082 0.000000
1694261182598242074 144.547959 0.000000
1694261182741606577 144.651144 0.000000
1694261182742997446 144.516571 0.000000
1694261182813670265 144.462025 0.000000
1694261183248353699 144.663833 0.000000
1694261183394731172 144.825063 0.000000
1694261183465542433 144.736939 0.000000
1694261183465668492 144.747202 0.000000
1694261183465877883 144.548501 0.000000
1694261183684824935 145.004545 0.000000
1694261183755033009 144.565846 0.000000
1694261183756544839 144.593971 0.000000
1694261184045112945 144.739258 0.000000
1694261184045941657 144.388318 0.000000
1694261184262204954 144.580665 0.000000
1694261184335841015 144.437523 0.000000
1694261184551841855 144.648433 0.000000
1694261184625050771 144.822357 0.000000
1694261184696539332 144.670112 0.000000
1694261184697480680 144.630155 0.000000
1694261184842227176 144.463473 0.000000
1694261184914363725 144.534012 0.000000
1694261185058530625 144.534695 0.000000
1694261185131028505 144.519292 0.000000
1694261185131041319 144.575649 0.000000
1694261185203565283 144.525873 0.000000
1694261185566168045 144.755843 0.000000
1694261185566662449 144.484186 0.000000
1694261185638375513 144.809624 0.000000
1694261185710877238 144.603362 0.000000
1694261185783053919 144.657726 0.000000
1694261185928398365 144.625941 0.000000
1694261185928650266 144.638084 0.000000
1694261186000851684 144.565925 0.000000
1694261186072807877 144.795209 0.000000
1694261186145379112 144.679120 0.000000
1694261186362283599 144.618718 0.000000
1694261186362663437 144.623450 0.000000
1694261186435366088 144.503106 0.000000
1694261186579514591 144.735853 0.000000
1694261186797568782 144.819465 0.000000
1694261186797643135 144.658221 0.000000
1694261186942804652 144.601061 0.000000
1694261187159649239 144.899414 0.000000
1694261187377404250 144.814643 0.000000
1694261187449853560 144.606385 0.000000
1694261187594324299 144.577077 0.000000
1694261187738189942 144.561285 0.000000
1694261187810860030 144.667427 0.000000
1694261187956037533 144.532022 0.000000
1694261188028650959 144.622378 0.000000
1694261188535709737 144.607623 0.000000
1694261188535954967 144.554489 0.000000
1694261188752528059 144.681100 0.000000
1694261188825566408 144.978084 0.000000
1694261188896847321 144.679500 0.000000
1694261188897801189 144.748229 0.000000
1694261188969337210 144.620213 0.000000
1694261188970299294 144.718773 0.000000
1694261189188309749 144.922875 0.000000
1694261189260222439 144.528388 0.000000
1694261189476232503 144.546301 0.000000
1694261189476987749 144.395871 0.000000
1694261189765940258 144.591851 0.000000
1694261189910735197 144.682386 0.000000
1694261189911053657 144.753117 0.000000
1694261190056586556 144.542416 0.000000
1694261190128285431 144.668092 0.000000
1694261190128519205 144.678117 0.000000
1694261190201083647 144.517609 0.000000
1694261190272790120 144.639954 0.000000
1694261190273132366 144.606646 0.000000
1694261190345583765 144.695061 0.000000
1694261190418077659 144.605032 0.000000
1694261190418553605 144.707535 0.000000
1694261190563097625 144.950109 0.000000
1694261190708252125 144.455635 0.000000
1694261190781108776 145.356774 0.000000
1694261190781152543 145.364763 0.000000
1694261191214144495 144.635518 0.000000
1694261191360636780 144.560820 0.000000
1694261191433206675 144.562724 0.000000
1694261191503854385 144.576931 0.000000
1694261191504397698 144.608134 0.000000
1694261191650451494 144.620853 0.000000
1694261191721255579 144.608064 0.000000
1694261191866285228 144.776972 0.000000
1694261192010945934 144.724499 0.000000
1694261192083275631 144.569104 0.000000
1694261192084433052 144.572447 0.000000
1694261192084615421 144.404501 0.000000
1694261192085266093 144.499923 0.000000
1694261192301359947 144.527632 0.000000
1694261192301810539 144.546120 0.000000
1694261192736544436 145.000637 0.000000
1694261192809410816 144.877239 0.000000
1694261193025078789 144.509484 0.000000
1694261193025537591 144.600145 0.000000
1694261193099158119 144.570908 0.000000
1694261193387159738 144.701862 0.000000
1694261193461434807 144.411572 0.000000
1694261194040714794 144.533194 0.000000
1694261194185442852 144.710938 0.000000
1694261194328960029 144.544000 0.000000
1694261194619457176 144.526695 0.000000
1694261194908201497 144.547528 0.000000
1694261194908929805 144.446522 0.000000
1694261195054483538 144.752299 0.000000
1694261195126286164 144.867241 0.000000
1694261195271170304 144.713894 0.000000
1694261195343509473 144.628656 0.000000
1694261195487909609 144.763410 0.000000
1694261195488043119 144.519158 0.000000
1694261195561310877 144.452347 0.000000
1694261195705689232 144.600917 0.000000
1694261195706891998 144.536191 0.000000
1694261195778251338 144.581878 0.000000
1694261195849997062 144.736618 0.000000
1694261195922672508 144.771936 0.000000
1694261196067299752 144.539760 0.000000
1694261196068407227 144.697247 0.000000
1694261196139305274 144.658942 0.000000
1694261196211947447 144.623560 0.000000
1694261196212619680 144.549889 0.000000
1694261196284423117 144.615867 0.000000
1694261196285952424 144.752354 0.000000
1694261196357411873 144.452919 0.000000
1694261196429573774 144.607896 0.000000
1694261196501883890 144.961284 0.000000
1694261196502999810 144.399469 0.000000
1694261196937608611 144.669732 0.000000
1694261197081418283 144.610940 0.000000
1694261197082591972 144.460762 0.000000
1694261197589098300 144.910125 0.000000
1694261197661889961 144.617867 0.000000
1694261197662301016 144.703075 0.000000
1694261197807002553 144.799489 0.000000
1694261198024605435 145.098930 0.000000
1694261198386503985 144.848613 0.000000
1694261198386586501 144.576080 0.000000
1694261198531333874 144.642589 0.000000
1694261198531563909 144.584093 0.000000
1694261198603228575 144.941975 0.000000
1694261198966381626 144.693011 0.000000
1694261199037990281 144.631624 0.000000
1694261199110593308 144.547709 0.000000
1694261199328155261 144.668330 0.000000
1694261199400370019 144.388653 0.000000
1694261199401052381 144.500372 0.000000
1694261199545892134 144.426322 0.000000
1694261199834608375 144.453004 0.000000
1694261199835782124 144.764302 0.000000
1694261199907514220 144.419816 0.000000
1694261199979053379 144.550364 0.000000
1694261199979455449 144.437161 0.000000
1694261200124044619 144.677977 0.000000
1694261200124403368 144.498269 0.000000
1694261200124902053 144.537545 0.000000
1694261200125634345 144.581221 0.000000
1694261200268611517 144.648493 0.000000
1694261200342379077 144.434420 0.000000
1694261200630903081 144.529201 0.000000
1694261200704411799 144.477059 0.000000
1694261200775680669 144.838525 0.000000
1694261200776934655 144.519583 0.000000
1694261200849357868 144.686642 0.000000
1694261200921771325 144.603518 0.000000
1694261201065212125 144.672354 0.000000
1694261201065814912 144.610600 0.000000
1694261201137739587 144.688040 0.000000
1694261201209958966 144.639537 0.000000
1694261201282242967 144.559070 0.000000
1694261201283255411 144.646919 0.000000
1694261201356127524 144.510627 0.000000
1694261201499436427 144.637532 0.000000
1694261201572901078 144.698590 0.000000
1694261201573196981 144.731356 0.000000
1694261201645359038 144.504854 0.000000
1694261201718040392 144.544140 0.000000
1694261201934220190 144.764581 0.000000
1694261202078971497 144.698700 0.000000
1694261202079070121 144.763665 0.000000
1694261202368786242 144.624386 0.000000
1694261202442358427 144.531020 0.000000
1694261202586922424 144.975328 0.000000
1694261202659021199 144.559185 0.000000
1694261202659179752 144.550716 0.000000
1694261202732266574 144.668159 0.000000
1694261202876868239 144.587231 0.000000
1694261202948310111 144.538151 0.000000
1694261203022208264 144.953552 0.000000
1694261203093476488 145.039988 0.000000
1694261203238534864 144.881530 0.000000
1694261203238696660 144.615166 0.000000
1694261203310941986 144.624918 0.000000
1694261203455658527 144.489403 0.000000
1694261203456197855 144.730373 0.000000
1694261203673117700 144.861824 0.000000
1694261203673213843 144.906925 0.000000
1694261203966262267 147.176280 0.000000
1694261204112746112 146.464440 0.000000
1694261204184481918 145.056402 0.000000
1694261204184588731 145.067903 0.000000
1694261204184997411 144.531436 0.000000
1694261204185156321 144.637041 0.000000
1694261204401005686 144.486440 0.000000
1694261204692165703 144.606500 0.000000
1694261204764287246 144.631308 0.000000
1694261204764798029 144.663934 0.000000
1694261204836732913 144.973529 0.000000
1694261204836869230 144.913184 0.000000
1694261204908128777 144.693512 0.000000
1694261204908929414 144.617044 0.000000
1694261205125090168 144.650403 0.000000
1694261205345121231 144.764954 0.000000
1694261205487127135 144.690727 0.000000
1694261205489938051 144.453375 0.000000
1694261205635056601 144.487805 0.000000
1694261205706180113 144.514416 0.000000
1694261205776967349 144.732995 0.000000
1694261205996060932 144.564233 0.000000
1694261206356319053 144.589597 0.000000
1694261206430765270 144.479636 0.000000
1694261206502862151 144.615967 0.000000
1694261206503731798 144.550926 0.000000
1694261206648159513 144.680272 0.000000
1694261206863091189 144.675381 0.000000
1694261206937124346 144.645356 0.000000
1694261207154038727 144.543930 0.000000
1694261207299470427 144.701822 0.000000
1694261207299746108 144.830396 0.000000
1694261207299944153 144.990860 0.000000
1694261207445198840 144.552414 0.000000
1694261207445336956 144.504648 0.000000
1694261207515714289 144.600617 0.000000
1694261208094751567 144.675881 0.000000
1694261208385313013 145.097637 0.000000
1694261208603823841 144.787582 0.000000
1694261209181931883 144.598647 0.000000
1694261209254486598 144.513730 0.000000
1694261209472366213 144.742972 0.000000
1694261209544947706 144.944101 0.000000
1694261209544986827 144.671176 0.000000
1694261209687985444 144.530524 0.000000
1694261209688517817 144.590674 0.000000
1694261209979619389 144.486652 0.000000
1694261210123052656 144.424181 0.000000
1694261210196412853 144.642199 0.000000
1694261210268150865 144.755567 0.000000
1694261210629969298 144.564734 0.000000
1694261210631011176 144.686692 0.000000
1694261210776193555 144.497677 0.000000
1694261210848193169 144.648814 0.000000
1694261210991917188 144.586955 0.000000
1694261211064527141 144.726144 0.000000
1694261211065624959 144.713725 0.000000
1694261211138709966 144.603814 0.000000
1694261211355393852 144.757697 0.000000
1694261211644913856 144.637277 0.000000
1694261211645134289 144.500224 0.000000
1694261211718151765 144.467643 0.000000
1694261211790152106 144.644960 0.000000
1694261211861349891 144.613968 0.000000
1694261211862467093 144.712979 0.000000
1694261211935455922 144.522280 0.000000
1694261212006666357 144.451585 0.000000
1694261212079746052 144.716622 0.000000
1694261212080478290 144.786745 0.000000
1694261212150966911 144.795159 0.000000
1694261212225201807 144.707540 0.000000
1694261212296106225 144.786273 0.000000
1694261212370076892 144.639171 0.000000
1694261212875405818 144.711169 0.000000
1694261212947923401 144.594306 0.000000
1694261213021076593 144.464982 0.000000
1694261213237073962 144.729822 0.000000
1694261213310152169 144.498991 0.000000
1694261213383396873 144.596562 0.000000
1694261213454267663 144.665211 0.000000
1694261213455847642 144.728419 0.000000
1694261213455978766 144.637799 0.000000
1694261213526998332 144.525647 0.000000
1694261213671686692 144.670343 0.000000
1694261213671777779 144.736953 0.000000
1694261213744578767 144.485940 0.000000
1694261213889243012 144.509265 0.000000
1694261213961257175 144.563235 0.000000
1694261214034053572 144.714803 0.000000
1694261214106552928 144.627504 0.000000
1694261214107447207 144.565159 0.000000
1694261214179680469 144.935686 0.000000
1694261214324789839 145.095032 0.000000
1694261214325127785 144.763966 0.000000
1694261214469814141 144.690585 0.000000
1694261214613121045 144.435753 0.000000
1694261214759442783 144.605011 0.000000
1694261214831375732 144.547083 0.000000
1694261214976957997 144.530649 0.000000
1694261215120039191 144.815472 0.000000
1694261215192684992 144.655239 0.000000
1694261215192762848 144.676943 0.000000
1694261215193679319 144.658526 0.000000
1694261215554571579 144.566292 0.000000
1694261215627866410 144.600632 0.000000
1694261215700575910 144.689167 0.000000
1694261215845274545 145.046438 0.000000
1694261215845778281 144.998747 0.000000
1694261215989849452 144.655875 0.000000
1694261215990073598 144.518360 0.000000
1694261216134535808 144.656522 0.000000
1694261216135167552 144.586233 0.000000
1694261216208028218 144.562433 0.000000
1694261216425064457 144.703060 0.000000
1694261216932123471 144.513399 0.000000
1694261217149443646 144.640624 0.000000
1694261217293761746 144.503075 0.000000
1694261217366460691 144.584279 0.000000
1694261217510914852 144.752980 0.000000
1694261217582397475 144.557151 0.000000
1694261218017346662 144.627354 0.000000
1694261218017732880 144.479665 0.000000
1694261218018504655 144.611968 0.000000
1694261218235022575 144.498199 0.000000
1694261218525411670 144.478985 0.000000
1694261218596811575 144.638565 0.000000
1694261218669462203 144.843045 0.000000
1694261218741737383 144.667171 0.000000
1694261218958945076 144.660571 0.000000
1694261218959451925 144.501566 0.000000
1694261218960025097 144.430722 0.000000
1694261219248953366 144.596928 0.000000
1694261219393497888 144.514386 0.000000
1694261219466053570 144.543970 0.000000
1694261219611163210 144.585502 0.000000
1694261219612050072 144.441878 0.000000
1694261219829722300 144.480788 0.000000
1694261219900728345 144.496680 0.000000
1694261220117707341 144.679314 0.000000
1694261220191481341 144.634164 0.000000
1694261220335102225 144.845106 0.000000
1694261220408625287 144.618443 0.000000
1694261220480215423 144.983291 0.000000
1694261220625325149 144.918631 0.000000
1694261220698643415 144.786921 0.000000
1694261220987992081 144.536363 0.000000
1694261220988822622 144.927913 0.000000
1694261221060611697 144.755207 0.000000
1694261221061219024 144.785146 0.000000
1694261221351220262 144.607844 0.000000
1694261221495739425 144.510362 0.000000
1694261221567167375 144.617722 0.000000
1694261221568073477 144.405744 0.000000
1694261221784894160 144.855293 0.000000
1694261222074596789 144.815877 0.000000
1694261222075225677 144.670680 0.000000
1694261222219719039 144.565565 0.000000
1694261222655370420 144.569279 0.000000
1694261222655459261 144.477892 0.000000
1694261222798969473 144.793289 0.000000
1694261222798969388 144.547959 0.000000
1694261222871898985 144.376762 0.000000
1694261222873188262 144.846919 0.000000
1694261223016541364 144.623134 0.000000
1694261223018158919 144.737135 0.000000
1694261223088977688 144.672413 0.000000
1694261223163327241 145.059919 0.000000
1694261223234880036 144.538277 0.000000
1694261223307344121 144.736949 0.000000
1694261223451949939 144.610369 0.000000
1694261223452866926 144.666113 0.000000
1694261223525294521 144.528463 0.000000
1694261223814182125 144.800215 0.000000
1694261223959230423 144.514261 0.000000
1694261224175778523 144.591671 0.000000
1694261224465830560 144.803403 0.000000
1694261224466857668 144.590598 0.000000
1694261224682372255 144.530774 0.000000
1694261224755594161 144.673657 0.000000
1694261225118576571 144.692376 0.000000
1694261225262202708 144.696944 0.000000
1694261225263315645 144.711056 0.000000
1694261225406831374 144.612770 0.000000
1694261225623986120 144.603268 0.000000
1694261225841555781 144.655809 0.000000
1694261226059384542 144.610590 0.000000
1694261226059885793 144.580064 0.000000
1694261226132528061 144.640094 0.000000
1694261226276345733 144.463634 0.000000
1694261226349620141 144.736413 0.000000
1694261226421071556 144.761503 0.000000
1694261226421887237 144.492164 0.000000
1694261226494465507 144.824372 0.000000
1694261226638646142 145.032121 0.000000
1694261226712003519 145.182510 0.000000
1694261226784125458 144.600442 0.000000
1694261226784393561 144.607996 0.000000
1694261226928013231 144.525367 0.000000
1694261226928930048 144.795725 0.000000
1694261227000544582 144.425665 0.000000
1694261227289957147 144.541429 0.000000
1694261227290057836 144.595420 0.000000
1694261227362507492 144.679631 0.000000
1694261227436516994 144.479510 0.000000
1694261227437391297 144.526806 0.000000
1694261227579552342 144.579408 0.000000
1694261227797251929 144.684768 0.000000
1694261227869291196 144.735416 0.000000
1694261227941812779 144.851871 0.000000
1694261227944564130 144.572036 0.000000
1694261228015585054 144.543309 0.000000
1694261228086488375 144.739133 0.000000
1694261228303962142 144.750575 0.000000
1694261228449575063 144.489654 0.000000
1694261228811818801 144.615266 0.000000
1694261229173256048 144.805898 0.000000
1694261229463169538 144.682296 0.000000
1694261229752907109 144.711730 0.000000
1694261229753032916 144.795039 0.000000
1694261229754131445 144.549177 0.000000
1694261229826556724 144.781983 0.000000
1694261229827755090 144.463694 0.000000
1694261230044430907 144.820133 0.000000
1694261230115078924 144.642765 0.000000
1694261230477770598 144.553432 0.000000
1694261230479154331 144.734178 0.000000
1694261230839812452 144.595551 0.000000
1694261230840516359 144.909630 0.000000
1694261230913290458 144.825784 0.000000
1694261230984977526 144.657363 0.000000
1694261231057246141 144.798607 0.000000
1694261231058307664 144.720015 0.000000
1694261231131057087 144.612134 0.000000
1694261231420707925 144.468975 0.000000
1694261231492675520 144.535155 0.000000
1694261231564291608 144.623952 0.000000
1694261231638242043 145.114412 0.000000
1694261231638360479 144.695082 0.000000
1694261231709969836 144.609092 0.000000
1694261231782234181 144.573615 0.000000
1694261232000912122 144.822447 0.000000
1694261232071865985 144.876463 0.000000
1694261232071968493 144.993686 0.000000
1694261232291280495 144.540292 0.000000
1694261232362359659 144.540537 0.000000
1694261232362916790 144.560038 0.000000
1694261232436131268 144.490354 0.000000
1694261232651787715 144.680918 0.000000
1694261232653226235 144.619687 0.000000
1694261232870202095 144.431359 0.000000
1694261232941324028 144.532218 0.000000
1694261233013977232 144.615150 0.000000
1694261233086240845 144.557918 0.000000
1694261233303364844 144.756820 0.000000
1694261233303958880 144.853009 0.000000
1694261233376852443 144.833027 0.000000
1694261233449446184 144.723282 0.000000
1694261233594766058 144.830351 0.000000
1694261233812406407 144.625861 0.000000
1694261233883012988 144.669708 0.000000
1694261234027887166 144.752926 0.000000
1694261234029991042 144.903972 0.000000
1694261234102242848 145.036951 0.000000
1694261234172511363 144.619375 0.000000
1694261234246632815 144.640340 0.000000
1694261234389718485 144.485479 0.000000
1694261234537302934 144.777588 0.000000
1694261234608914472 144.553147 0.000000
1694261234752328239 144.485775 0.000000
1694261234754498906 144.581116 0.000000
1694261234896692121 144.607698 0.000000
1694261234969149028 144.691868 0.000000
1694261235042928510 144.547373 0.000000
1694261235116403741 144.604020 0.000000
1694261235116473628 144.556856 0.000000
1694261235186395076 144.659940 0.000000
1694261235186441744 144.707000 0.000000
1694261235260322718 144.466115 0.000000
1694261235332537117 144.452207 0.000000
1694261235477279589 144.502429 0.000000
1694261235550979325 144.808330 0.000000
1694261235621022155 144.614904 0.000000
1694261235694813230 144.743184 0.000000
1694261235983073882 144.642359 0.000000
1694261236055871717 144.791832 0.000000
1694261236200459033 144.580599 0.000000
1694261236345160424 144.682047 0.000000
1694261236345160409 144.682062 0.000000
1694261236563361312 144.584405 0.000000
1694261236707491580 144.614815 0.000000
1694261236780275132 144.725150 0.000000
1694261236925180197 144.893553 0.000000
1694261237142514345 144.478925 0.000000
1694261237143109609 144.728499 0.000000
1694261237360291307 145.235849 0.000000
1694261237432850795 144.703506 0.000000
1694261237576913669 144.678843 0.000000
1694261237579046864 144.837017 0.000000
1694261237579302178 144.998146 0.000000
1694261237650721513 144.586844 0.000000
1694261237651082703 144.514070 0.000000
1694261237795787723 144.359586 0.000000
1694261237867843217 144.453846 0.000000
1694261237938607660 144.521217 0.000000
1694261238228782848 144.543824 0.000000
1694261238519237702 144.509169 0.000000
1694261238662964377 144.753838 0.000000
1694261238664285654 144.512472 0.000000
1694261238736231293 144.580190 0.000000
1694261238880953247 144.668239 0.000000
1694261238882099076 144.512587 0.000000
1694261238954423646 144.524034 0.000000
1694261239025814064 144.816624 0.000000
1694261239169885586 144.552259 0.000000
1694261239169963316 144.786764 0.000000
1694261239171194769 144.771539 0.000000
1694261239604322608 144.656121 0.000000
1694261239606308009 144.465503 0.000000
1694261239822953631 144.587987 0.000000
1694261240039745162 144.619756 0.000000
1694261240257248458 144.454617 0.000000
1694261240400944271 144.695662 0.000000
1694261240400984901 144.720255 0.000000
1694261240475007578 144.470104 0.000000
1694261240545656688 144.666516 0.000000
1694261240546632883 144.431825 0.000000
1694261240763400694 144.591857 0.000000
1694261240835904265 144.867858 0.000000
1694261240980933689 144.778826 0.000000
1694261241342821369 144.528765 0.000000
1694261241343967684 144.512957 0.000000
1694261241415516946 144.376846 0.000000
1694261241633356404 144.469217 0.000000
1694261241633508888 144.618619 0.000000
1694261242285387002 144.656041 0.000000
1694261242429658614 144.870660 0.000000
1694261242501430274 144.568943 0.000000
1694261242501733734 144.568653 0.000000
1694261242502401813 144.640956 0.000000
1694261242502654560 144.554104 0.000000
1694261243009377559 144.797249 0.000000
1694261243081939851 144.694089 0.000000
1694261243154650313 145.106022 0.000000
1694261243225813022 144.584955 0.000000
1694261243225940624 144.413602 0.000000
1694261243370522948 144.703887 0.000000
1694261243371582496 144.520436 0.000000
1694261243442981605 144.646198 0.000000
1694261243444311456 144.581808 0.000000
1694261243444684589 144.699341 0.000000
1694261243661871549 144.443286 0.000000
1694261243879343197 144.569294 0.000000
1694261243950261462 144.734514 0.000000
1694261244095565143 144.423210 0.000000
1694261244166921568 144.500344 0.000000
1694261244311744206 144.706287 0.000000
1694261244386469107 144.693017 0.000000
1694261244674081782 144.488847 0.000000
1694261244820194660 144.775960 0.000000
1694261244891405050 144.509299 0.000000
1694261244892037936 144.462205 0.000000
1694261245182236644 144.496735 0.000000
1694261245325848227 144.711931 0.000000
1694261245398677515 144.741975 0.000000
1694261245399455248 144.474123 0.000000
1694261245762045667 144.396838 0.000000
1694261245833356911 144.656828 0.000000
1694261245835306900 144.620984 0.000000
1694261246051664748 144.854314 0.000000
1694261246124654459 144.490504 0.000000
1694261246269194039 144.826891 0.000000
1694261246413160056 144.724841 0.000000
1694261246414012092 144.473752 0.000000
1694261246704722585 144.738611 0.000000
1694261246922399841 144.746526 0.000000
1694261246993403474 144.533180 0.000000
1694261247065067218 144.707757 0.000000
1694261247356342303 144.452528 0.000000
1694261247427828900 144.565304 0.000000
1694261247429284204 144.561010 0.000000
1694261247500821628 144.683044 0.000000
1694261247571778634 144.556113 0.000000
1694261247645209746 144.634361 0.000000
1694261247645926508 144.885660 0.000000
1694261247645976705 144.947769 0.000000
1694261247790460410 144.498790 0.000000
1694261248078878669 144.765044 0.000000
1694261248224199901 144.854723 0.000000
1694261248224946662 144.454648 0.000000
1694261248297010772 144.589631 0.000000
1694261248369557223 144.650749 0.000000
1694261248660129614 144.637052 0.000000
1694261248731475945 144.580841 0.000000
1694261248732279904 144.612234 0.000000
1694261248949019986 144.990709 0.000000
1694261249095076538 145.071136 0.000000
1694261249167221706 144.598011 0.000000
1694261249240529627 144.881927 0.000000
1694261249312983297 144.584268 0.000000
1694261249529499729 144.606581 0.000000
1694261249530103933 144.521874 0.000000
1694261249602006778 144.513269 0.000000
1694261249673014877 144.663874 0.000000
1694261249963925605 144.727928 0.000000
1694261250036493837 144.659384 0.000000
1694261250397636199 144.534975 0.000000
1694261250470581808 144.617807 0.000000
1694261250542641868 144.900034 0.000000
1694261250614668435 144.678954 0.000000
1694261250615153348 144.648849 0.000000
1694261250615500886 144.794798 0.000000
1694261250759450744 144.731204 0.000000
1694261250832330406 144.466310 0.000000
1694261250904349215 144.825184 0.000000
1694261251050353284 144.580009 0.000000
1694261251194573136 144.725903 0.000000
1694261251412557435 145.286903 0.000000
1694261251629239377 144.743645 0.000000
1694261251702845918 144.534123 0.000000
1694261251775210706 144.508237 0.000000
1694261252063541737 144.700600 0.000000
1694261252064142013 144.723006 0.000000
1694261252064473488 144.672810 0.000000
1694261252137598419 144.970482 0.000000
1694261252137606022 144.980896 0.000000
1694261252280843805 144.759066 0.000000
1694261252425805021 144.944942 0.000000
1694261252572268303 144.531306 0.000000
1694261252643238725 144.509054 0.000000
1694261252789463834 144.569675 0.000000
1694261252934495924 144.576251 0.000000
1694261253005711315 144.659263 0.000000
1694261253079408993 144.856617 0.000000
1694261253369591528 144.563891 0.000000
1694261253369792315 144.706789 0.000000
1694261253440656013 145.029048 0.000000
1694261253441058975 144.646063 0.000000
1694261253441088318 144.588659 0.000000
1694261253514486660 144.617431 0.000000
1694261253876362522 144.610250 0.000000
1694261254093698500 144.597169 0.000000
1694261254164849230 144.661789 0.000000
1694261254238176397 144.655285 0.000000
1694261254310381589 144.501672 0.000000
1694261254310731388 144.474033 0.000000
1694261254382773406 144.481250 0.000000
1694261254456278660 144.535671 0.000000
1694261254744963188 144.751883 0.000000
1694261254818781707 144.569319 0.000000
1694261254818895060 144.669727 0.000000
1694261255034967931 144.561391 0.000000
1694261255107342772 144.744662 0.000000
1694261255179427410 144.784294 0.000000
1694261255252407569 144.692009 0.000000
1694261255398025832 144.746120 0.000000
1694261255542674831 144.641817 0.000000
1694261255760502822 144.801343 0.000000
1694261255977781797 144.677952 0.000000
1694261256266361667 144.544100 0.000000
1694261256340513785 144.468691 0.000000
1694261256411689409 144.506202 0.000000
1694261256556428012 144.720626 0.000000
1694261256992022181 144.614194 0.000000
1694261256992204043 144.670505 0.000000
1694261257063851228 144.642941 0.000000
1694261257136438359 144.692220 0.000000
1694261257282478909 144.697678 0.000000
1694261257498605589 144.447817 0.000000
1694261257498748647 144.544747 0.000000
1694261257570591527 144.704689 0.000000
1694261257788733818 144.698446 0.000000
1694261258005691156 144.566929 0.000000
1694261258150821013 144.884191 0.000000
1694261258368233965 144.724486 0.000000
1694261258438737105 144.521779 0.000000
1694261258440429389 144.595455 0.000000
1694261258440699387 144.635578 0.000000
1694261258657665564 144.582219 0.000000
1694261258728452153 144.615026 0.000000
1694261258946812296 144.517058 0.000000
1694261258946979440 144.624107 0.000000
1694261259091733203 144.638796 0.000000
1694261259380362989 144.610665 0.000000
1694261259452983161 144.640695 0.000000
1694261259453736924 144.666029 0.000000
1694261259453764252 144.508353 0.000000
1694261259455394312 144.592714 0.000000
1694261259672940924 144.581808 0.000000
1694261259743032457 144.606490 0.000000
1694261259816371525 144.526395 0.000000
1694261259960323665 144.678438 0.000000
1694261260177581867 144.639893 0.000000
1694261260252638283 144.484016 0.000000
1694261260541767780 144.390729 0.000000
1694261260684503020 144.571490 0.000000
1694261260685272184 144.459554 0.000000
1694261260974091841 144.595641 0.000000
1694261261408980584 144.587166 0.000000
1694261261481311529 144.748702 0.000000
1694261261843342368 144.520797 0.000000
1694261261843819607 144.476879 0.000000
1694261261916651046 144.545659 0.000000
1694261261988283050 144.634190 0.000000
1694261262277945602 144.609192 0.000000
1694261262278388387 144.662631 0.000000
1694261262279629071 144.398252 0.000000
1694261262424154208 144.700269 0.000000
1694261262495252564 144.785841 0.000000
1694261262569378510 145.052147 0.000000
1694261263074824023 144.672645 0.000000
