1694225696251907830 218.520352 0.000000
1694225696821925491 218.286584 0.000000
1694225696967082833 218.323444 0.000000
1694225697096356933 145.360511 0.000000
1694225699247368722 146.316632 0.000000
1694225701762259499 218.159843 0.000000
1694225701847323649 145.785971 0.000000
1694225702899604034 217.712837 0.000000
1694225703590299870 218.383555 0.000000
1694225705737813593 218.043781 0.000000
1694225707335329447 146.124203 0.000000
1694225707864696849 217.358364 0.000000
1694225708156399988 146.194175 0.000000
1694225709463861488 145.999355 0.000000
1694225710128470195 218.274600 0.000000
1694225710128515085 181.735478 0.000000
1694225711061710495 145.645813 0.000000
1694225711182499883 146.037017 0.000000
1694225713241117267 146.247558 0.000000
1694225714488013183 145.733527 0.000000
1694225716220805099 146.092768 0.000000
1694225716293110720 145.849028 0.000000
1694225717573625899 217.819932 0.000000
1694225720443200204 218.289214 0.000000
1694225721524096912 217.919518 0.000000
1694225722069586975 145.605770 0.000000
1694225723631976791 145.840073 0.000000
1694225723741143800 218.330008 0.000000
1694225723820908357 145.391510 0.000000
1694225725964043569 145.485160 0.000000
1694225726393067011 145.399952 0.000000
1694225726610603327 145.021853 0.000000
1694225727082857984 145.467473 0.000000
1694225727955952528 218.579365 0.000000
1694225728068912228 145.732098 0.000000
1694225729664115018 145.654354 0.000000
1694225729954216470 145.640923 0.000000
1694225730103420188 145.988947 0.000000
1694225730247949528 145.384071 0.000000
1694225730317681383 146.132640 0.000000
1694225731118777265 145.268863 0.000000
1694225731407893122 145.825710 0.000000
1694225732425229072 145.394547 0.000000
1694225732571383920 146.693906 0.000000
1694225732861215995 145.801461 0.000000
1694225733406778657 145.778353 0.000000
1694225734403395123 162.416420 0.000000
1694225734677468568 145.391046 0.000000
1694225735040712790 145.834516 0.000000
1694225735186410113 145.843257 0.000000
1694225735550701031 146.161842 0.000000
1694225735623054615 218.132999 0.000000
1694225735840337994 146.002736 0.000000
1694225736022352676 146.078057 0.000000
1694225736276833398 145.974767 0.000000
1694225736349526964 218.737181 0.000000
1694225736966703612 145.889523 0.000000
1694225737076124925 146.080677 0.000000
1694225737148580588 145.796658 0.000000
1694225739509148110 145.829436 0.000000
1694225740345389967 146.193048 0.000000
1694225740563331272 145.369294 0.000000
1694225741507374530 145.942923 0.000000
1694225741689799980 145.988868 0.000000
1694225742560540310 218.600664 0.000000
1694225742596945502 218.050868 0.000000
1694225744122991235 145.258644 0.000000
1694225744378220851 145.362984 0.000000
1694225744704704509 145.842631 0.000000
1694225744887439371 145.982545 0.000000
1694225744959040633 145.452689 0.000000
1694225745067125167 218.067201 0.000000
1694225745250611087 145.077874 0.000000
1694225745322724566 145.285074 0.000000
1694225746521410287 218.291187 0.000000
1694225746666732479 146.065565 0.000000
1694225746739376690 146.006719 0.000000
1694225747321305088 145.543020 0.000000
1694225747684487881 145.098879 0.000000
1694225749646949420 146.250080 0.000000
1694225751499526356 145.745259 0.000000
1694225751571877237 145.734355 0.000000
1694225752334661558 145.619137 0.000000
1694225753351746435 217.999815 0.000000
1694225753786952464 145.278109 0.000000
1694225755095576243 145.901761 0.000000
1694225755312943494 145.426241 0.000000
1694225755894565014 217.790128 0.000000
1694225756475678984 145.006580 0.000000
1694225757638614465 145.485630 0.000000
1694225758836120115 217.436547 0.000000
1694225759128351869 146.238935 0.000000
1694225759382116723 145.604692 0.000000
1694225759962017049 218.373894 0.000000
1694225760180502280 145.626966 0.000000
1694225760725183279 145.634008 0.000000
1694225761270261939 145.168956 0.000000
1694225761270318516 218.212775 0.000000
1694225762070116422 145.412941 0.000000
1694225762797134985 218.047466 0.000000
1694225763480007175 246.584750 0.000000
1694225763684083792 233.805128 0.000000
1694225763975405797 146.208655 0.000000
1694225765739990120 218.496218 0.000000
1694225766213809042 146.108254 0.000000
1694225769009829428 145.573868 0.000000
1694225769736105775 217.841617 0.000000
1694225770498479311 218.078411 0.000000
1694225771407140225 145.945545 0.000000
1694225771661178590 145.814702 0.000000
1694225771915903565 217.798840 0.000000
1694225772424342459 145.193320 0.000000
1694225773079267535 145.905005 0.000000
1694225773840342211 145.359087 0.000000
1694225774494178359 145.196311 0.000000
1694225774968164900 145.761120 0.000000
1694225775149031171 146.020571 0.000000
1694225775221167992 145.565207 0.000000
1694225775802914286 145.889904 0.000000
1694225775875452314 145.223880 0.000000
1694225776276973816 146.607729 0.000000
1694225776602376474 145.986254 0.000000
1694225777002392248 146.482542 0.000000
1694225777982716976 145.345460 0.000000
1694225778273474771 218.567968 0.000000
1694225778273640492 181.147882 0.000000
1694225779725386386 217.671216 0.000000
1694225781106877788 145.872226 0.000000
1694225781324742479 145.612451 0.000000
1694225781399272660 146.251191 0.000000
1694225784341774272 218.333443 0.000000
1694225786339307681 145.223727 0.000000
1694225787320906493 145.987762 0.000000
1694225787793695629 145.950254 0.000000
1694225789173858382 145.841375 0.000000
1694225792332945159 145.992395 0.000000
1694225792514474109 218.701623 0.000000
1694225792514645858 145.907382 0.000000
1694225793313801592 145.743766 0.000000
1694225793640768254 146.201133 0.000000
1694225794186309731 145.415953 0.000000
1694225794549826298 145.156580 0.000000
1694225795203054248 145.696487 0.000000
1694225795604315461 146.383776 0.000000
1694225797493103676 146.406255 0.000000
1694225797784401536 145.693885 0.000000
1694225798438377557 145.654618 0.000000
1694225798691310412 181.499706 0.000000
1694225798691383161 218.356062 0.000000
1694225799019063508 146.044987 0.000000
1694225799361723399 234.208334 0.000000
1694225800871754184 146.191813 0.000000
1694225801255627702 146.585905 0.000000
1694225802107297178 218.466443 0.000000
1694225802943718132 145.679104 0.000000
1694225803342442177 146.175399 0.000000
1694225803414252206 145.506817 0.000000
1694225805230640556 145.508278 0.000000
1694225806724833433 145.816423 0.000000
1694225806829277903 145.756927 0.000000
1694225808355506804 146.061910 0.000000
1694225808684220892 145.626941 0.000000
1694225808935454387 217.901746 0.000000
1694225809117705656 145.889720 0.000000
1694225810969015021 217.835103 0.000000
1694225811296446924 145.702809 0.000000
1694225812605856697 146.581428 0.000000
1694225812749692428 145.756890 0.000000
1694225812894479933 145.348564 0.000000
1694225813330382861 145.507568 0.000000
1694225814857084756 145.977374 0.000000
1694225815260491636 145.658993 0.000000
1694225815296742969 145.530917 0.000000
1694225815551675177 146.528906 0.000000
1694225816641074903 218.482397 0.000000
1694225816642145305 145.876167 0.000000
1694225817731353211 218.328404 0.000000
1694225818275220018 145.504715 0.000000
1694225818891816317 145.262142 0.000000
1694225819909234407 145.386564 0.000000
1694225820379821906 146.194744 0.000000
1694225820382059340 146.358219 0.000000
1694225821179942030 217.282146 0.000000
1694225821361497190 145.458618 0.000000
1694225821399426894 146.092660 0.000000
1694225821652486935 146.201330 0.000000
1694225822234108010 145.479726 0.000000
1694225825357334184 145.121644 0.000000
1694225826374228156 145.140480 0.000000
1694225829243936155 145.912482 0.000000
1694225832840125827 146.077311 0.000000
1694225834839327157 145.673668 0.000000
1694225835383881665 145.809244 0.000000
1694225836619645739 218.026456 0.000000
1694225837456081033 146.822506 0.000000
1694225839308346609 218.339603 0.000000
1694225839381224323 146.280618 0.000000
1694225839744761261 145.452155 0.000000
1694225841306369053 145.691868 0.000000
1694225841560779619 146.304563 0.000000
1694225841633640701 145.669287 0.000000
1694225841887384903 145.275664 0.000000
1694225842721896423 217.678070 0.000000
1694225843449330958 145.743955 0.000000
1694225843666478534 145.410873 0.000000
1694225844395627101 146.898376 0.000000
1694225844577078328 145.659195 0.000000
1694225845521914997 145.917237 0.000000
1694225846137264853 145.201192 0.000000
1694225846392094065 145.159969 0.000000
1694225847519476345 145.669093 0.000000
1694225848173247489 146.251065 0.000000
1694225848789478732 145.343515 0.000000
1694225849371699308 145.866687 0.000000
1694225850206791361 145.783277 0.000000
1694225852060507287 146.127866 0.000000
1694225853186656531 145.740083 0.000000
1694225854783178202 217.889812 0.000000
1694225854930222429 146.361607 0.000000
1694225855946899892 145.543090 0.000000
1694225857218562852 146.017650 0.000000
1694225859434147957 145.110030 0.000000
1694225859580550015 146.390020 0.000000
1694225859761677188 146.159807 0.000000
1694225859871001789 146.035094 0.000000
1694225860233800373 146.023842 0.000000
1694225860379523404 145.721252 0.000000
1694225860670702052 145.951660 0.000000
1694225860815457407 145.867880 0.000000
1694225860960517054 218.809563 0.000000
1694225861323616199 145.464482 0.000000
1694225861396564120 146.107479 0.000000
1694225861396674276 145.439342 0.000000
1694225862522983330 145.587862 0.000000
1694225862886711768 146.071551 0.000000
1694225863068057141 218.745006 0.000000
