1695211815380359832 75.780533 215.860897 215 16 0.000000
1695211816353644195 79.669607 194.187861 189 16 0.000000
1695211817367611160 75.097910 213.024700 216 16 0.000000
1695211818381062378 75.158205 209.186159 212 16 0.000000
1695211819364239957 78.282079 214.610298 211 16 0.000000
1695211820378166726 80.731091 197.252905 200 16 0.000000
1695211821392221656 76.533791 208.075505 211 16 0.000000
1695211822363256751 78.450710 198.756953 193 16 0.000000
1695211823376420869 78.655441 205.297472 208 16 0.000000
1695211824389728269 77.673236 205.268404 208 16 0.000000
1695211825403400458 76.505186 210.127078 213 16 0.000000
1695211826390611603 77.706007 207.655712 205 16 0.000000
1695211827404666115 76.828387 210.047889 213 16 0.000000
1695211828370739266 78.756127 199.777811 193 16 0.000000
1695211829384790550 76.926744 208.076272 211 16 0.000000
1695211830398415898 75.462162 212.109901 215 16 0.000000
1695211831411757209 79.126556 201.314222 204 16 0.000000
1695211832402055204 77.587642 211.047595 209 16 0.000000
1695211833416160809 78.758728 203.134662 206 16 0.000000
1695211834379827347 75.763988 205.465242 198 16 0.000000
1695211835393141515 80.214006 200.332742 203 16 0.000000
1695211836406874788 76.839227 209.127969 212 16 0.000000
1695211837420518260 74.775871 211.119601 214 16 0.000000
1695211838415961818 76.277888 211.965837 211 16 0.000000
1695211839429802628 76.856718 208.119461 211 16 0.000000
1695211840390141306 76.351710 209.301132 201 16 0.000000
1695211841403272571 74.715682 214.187443 217 16 0.000000
1695211842416470144 79.509011 201.342765 204 16 0.000000
1695211843430326271 77.649738 206.143677 209 16 0.000000
1695211844443946161 75.454530 211.124477 214 16 0.000000
1695211845439845908 77.210563 210.864624 210 16 0.000000
1695211846398723274 75.273953 209.620136 201 15 0.000000
1695211847412722464 78.742204 203.155952 206 16 0.000000
1695211848425041499 77.566791 206.456644 209 16 0.000000
1695211849437937607 78.806807 202.389993 205 16 0.000000
1695211850436795490 76.484237 213.243555 213 16 0.000000
1695211851451774524 78.831330 201.974616 205 16 0.000000
1695211852405806950 76.112685 208.588288 199 16 0.000000
1695211853419070520 75.459014 210.211850 213 16 0.000000
1695211854421818377 77.578137 209.424531 210 16 0.000000
1695211855445807093 76.870912 207.033499 212 16 0.000000
1695211856459733554 76.541656 208.101881 211 16 0.000000
1695211857473582313 77.989196 207.131511 210 16 0.000000
1695211858414039719 76.422622 209.472537 197 15 0.000000
1695211859426710184 76.826924 208.359958 211 16 0.000000
1695211860439756551 75.477846 211.244058 214 16 0.000000
1695211861447992026 77.270034 207.292826 209 16 0.000000
1695211862465163190 77.278380 206.454951 210 16 0.000000
1695211863478069932 77.900125 206.336850 209 16 0.000000
1695211864490194746 78.254808 197.604096 200 16 0.000000
1695211865432508435 76.331517 216.488423 204 16 0.000000
1695211866447584869 79.497207 202.940351 206 16 0.000000
1695211867461661472 75.108810 213.001687 216 16 0.000000
1695211868476308699 75.517481 210.910749 214 16 0.000000
1695211869490949665 74.409123 214.854323 218 16 0.000000
1695211870503796334 75.405497 212.273001 215 16 0.000000
1695211871445013582 76.788104 209.303428 197 16 0.000000
1695211872459474250 76.963197 205.035046 208 16 0.000000
1695211873472758280 76.786729 210.207588 213 16 0.000000
1695211874487023339 77.668983 205.074620 208 16 0.000000
1695211875500839342 76.134868 211.083667 214 16 0.000000
1695211876515488354 77.260147 207.953684 211 16 0.000000
1695211877457680407 79.756728 199.534686 188 16 0.000000
1695211878471733840 76.545772 209.061967 212 16 0.000000
1695211879485896530 77.595587 207.067364 210 16 0.000000
1695211880500403137 75.483124 211.925647 215 16 0.000000
1695211881514144995 76.894125 206.166919 209 16 0.000000
1695211882527338239 78.626962 196.408732 199 16 0.000000
1695211883470403912 74.853558 222.678023 210 16 0.000000
1695211884484864767 77.600553 207.006508 210 16 0.000000
1695211885499318680 75.499197 211.936687 215 16 0.000000
1695211886513368776 78.009234 204.131927 207 16 0.000000
1695211887527263730 77.223409 208.108345 211 16 0.000000
1695211888541152347 76.525219 207.123332 210 16 0.000000
1695211889483027661 77.648974 207.033775 195 16 0.000000
1695211890496571613 79.086652 202.260594 205 16 0.000000
1695211891512042787 75.213347 212.709140 216 16 0.000000
1695211892527157906 76.202855 209.828422 213 16 0.000000
1695211893540657307 75.036739 214.109651 217 16 0.000000
1695211894553494023 75.407621 211.287756 214 16 0.000000
1695211895495637555 75.721676 212.281876 200 16 0.000000
1695211896509553884 77.602657 205.145135 208 16 0.000000
1695211897523319851 76.893126 207.148403 210 16 0.000000
1695211898537780710 79.518433 202.077788 205 16 0.000000
1695211899551512999 78.723030 203.209466 206 16 0.000000
1695211900566127300 78.390710 205.004010 208 16 0.000000
1695211901507744741 74.601515 211.338463 199 16 0.000000
1695211902521593772 77.525445 209.104124 212 16 0.000000
1695211903536124109 76.562639 207.978011 211 16 0.000000
1695211904549768937 78.331308 204.213539 207 16 0.000000
1695211905563154966 79.878822 200.318528 203 16 0.000000
1695211906577829888 76.933348 206.962825 210 16 0.000000
1695211907519768170 76.106602 211.266506 199 16 0.000000
1695211908533952126 76.147147 211.007091 214 16 0.000000
1695211909547927890 77.304585 204.146891 207 16 0.000000
1695211910563061055 76.957386 207.854496 211 16 0.000000
1695211911576633762 79.872948 200.281640 203 16 0.000000
1695211912591106837 77.215326 208.975487 212 16 0.000000
1695211913532555207 78.062280 203.941083 192 16 0.000000
1695211914547094173 77.980386 206.990569 210 16 0.000000
1695211915560960712 75.097182 212.059462 215 16 0.000000
1695211916575415540 75.811221 211.936504 215 16 0.000000
1695211917589237879 75.800110 211.082346 214 16 0.000000
1695211918603519612 76.174793 210.000825 213 16 0.000000
1695211919545381756 78.076222 203.851489 192 16 0.000000
1695211920558734007 76.111337 210.193441 213 16 0.000000
1695211921572566926 79.124487 202.202945 205 16 0.000000
1695211922586802302 78.723282 204.094637 207 16 0.000000
1695211923601169649 76.929092 205.053886 208 16 0.000000
1695211924614894168 79.838774 202.224594 205 16 0.000000
1695211925562190299 79.037862 200.570862 190 16 0.000000
1695211926574903789 79.035670 203.413868 206 16 0.000000
1695211927587405602 75.028706 214.320641 217 16 0.000000
1695211928600124563 75.762298 211.312315 214 16 0.000000
1695211929613162407 75.481754 210.258684 213 16 0.000000
1695211930626049700 77.166305 209.302652 212 16 0.000000
1695211931567479110 76.074480 209.256272 197 16 0.000000
1695211932582258578 73.791980 216.795872 220 16 0.000000
1695211933596511845 78.775402 203.105088 206 16 0.000000
1695211934611313844 74.803102 213.834814 217 16 0.000000
1695211935625215465 75.845272 209.093280 212 16 0.000000
1695211936639579382 76.543682 208.997958 212 16 0.000000
1695211937581676393 77.609171 208.046474 196 16 0.000000
1695211938595962606 76.135300 210.985851 214 16 0.000000
1695211939610069061 76.917198 207.078851 210 16 0.000000
1695211940623825003 78.675235 204.191159 207 16 0.000000
1695211941638127135 74.474771 209.996598 213 16 0.000000
1695211942651500389 78.269806 206.241878 209 16 0.000000
1695211943592945128 77.186363 209.252855 197 16 0.000000
1695211944607589682 78.789604 203.026764 206 16 0.000000
1695211945621678550 76.528144 208.068532 211 16 0.000000
1695211946635672590 77.938504 207.101825 210 16 0.000000
1695211947650172243 74.101307 213.898517 217 16 0.000000
1695211948663637128 78.336582 204.249824 207 16 0.000000
1695211949606109798 78.018128 206.902548 195 16 0.000000
1695211950619033416 75.428681 211.269649 214 16 0.000000
1695211951633791272 75.481929 211.873194 215 16 0.000000
1695211952647649120 74.764414 214.033946 217 16 0.000000
1695211953662122685 77.630050 205.032454 208 16 0.000000
1695211954676010622 76.915231 208.109783 211 16 0.000000
1695211955618102805 78.027801 206.986116 195 16 0.000000
1695211956632592852 76.867062 207.986269 211 16 0.000000
1695211957645744126 76.536748 206.287060 209 16 0.000000
1695211958660030950 78.693060 205.070193 208 16 0.000000
1695211959674301217 78.381425 204.087622 207 16 0.000000
1695211960688669201 76.171257 210.968805 214 16 0.000000
1695211961631024582 77.781994 202.683617 191 16 0.000000
1695211962645113890 78.350749 205.110143 208 16 0.000000
1695211963659425234 76.492500 210.980577 214 16 0.000000
1695211964674721216 76.597679 208.806111 212 16 0.000000
1695211965688825201 77.235495 207.079339 210 16 0.000000
1695211966702550005 80.368671 197.292214 200 16 0.000000
1695211967643247695 76.393398 210.482081 198 16 0.000000
1695211968657202409 75.089337 213.027265 216 16 0.000000
1695211969671636162 79.153503 201.097409 204 16 0.000000
1695211970685476443 76.133451 212.064963 215 16 0.000000
1695211971699269372 77.976410 204.183701 207 16 0.000000
1695211972713176316 74.413326 215.996148 219 16 0.000000
1695211973654992275 76.490894 208.108611 196 15 0.000000
1695211974668267326 79.852940 200.340471 203 16 0.000000
1695211975683135526 78.048756 204.952720 208 16 0.000000
1695211976696623355 75.790669 209.178633 212 16 0.000000
1695211977710976579 77.570303 208.014319 211 16 0.000000
1695211978725207287 78.024167 205.081545 208 16 0.000000
1695211979737684238 74.903164 200.498392 203 16 0.000000
1695211980680779682 78.394353 218.429648 206 16 0.000000
1695211981694484993 79.590413 198.282476 201 16 0.000000
1695211982708348097 77.518247 209.101209 212 16 0.000000
1695211983721226059 75.766045 209.304584 212 16 0.000000
