1695215151828500812 77.619726 209.951837 209 16 0.000000
1695215152802483072 78.076766 197.128830 192 16 0.000000
1695215153815686480 77.638372 205.289490 208 16 0.000000
1695215154829090740 78.329151 205.248767 208 16 0.000000
1695215155812056179 76.166659 215.673943 212 16 0.000000
1695215156825164930 78.250671 206.295707 209 16 0.000000
1695215157839746974 75.097848 212.895564 216 16 0.000000
1695215158811850457 75.253125 206.768065 201 16 0.000000
1695215159825794628 74.780208 212.043244 215 16 0.000000
1695215160839792515 77.580698 208.087246 211 16 0.000000
1695215161853206997 74.757651 214.127561 217 16 0.000000
1695215162836410205 76.144873 214.604705 211 16 0.000000
1695215163850055749 77.560454 207.173012 210 16 0.000000
1695215164862001930 79.233511 187.756994 190 15 0.000000
1695215165835682699 76.492522 218.757534 213 16 0.000000
1695215166849264617 75.141076 211.132410 214 16 0.000000
1695215167862837952 75.833300 211.134203 214 16 0.000000
1695215168848261757 75.816164 218.180274 215 16 0.000000
1695215169862656887 75.821060 210.963158 214 16 0.000000
1695215170831272531 76.828873 203.383031 197 16 0.000000
1695215171844242530 76.150718 210.272742 213 16 0.000000
1695215172857409618 76.500056 208.257853 211 16 0.000000
1695215173870740838 76.874814 208.224118 211 16 0.000000
1695215174860073371 74.414210 218.329054 216 16 0.000000
1695215175873366199 78.271190 206.258240 209 16 0.000000
1695215176887441397 75.144873 210.043594 213 16 0.000000
1695215177851466092 76.380517 207.463538 200 16 0.000000
1695215178865467262 75.458869 212.031310 215 16 0.000000
1695215179879573081 75.823887 211.023368 214 16 0.000000
1695215180893398752 78.711867 203.190754 206 16 0.000000
1695215181885474667 74.795212 216.717282 215 16 0.000000
1695215182899457489 79.523995 200.200633 203 16 0.000000
1695215183860959740 77.923689 204.887689 197 16 0.000000
1695215184874687637 74.848358 212.088505 215 16 0.000000
1695215185888432052 79.515927 202.220564 205 16 0.000000
1695215186901712953 78.367068 204.286886 207 16 0.000000
1695215187898847719 78.011580 208.597712 208 16 0.000000
1695215188913611097 75.524398 209.901153 213 16 0.000000
1695215189869763754 76.819587 206.034039 197 16 0.000000
1695215190882939046 79.455279 201.347196 204 16 0.000000
1695215191896596087 76.530856 208.157158 211 16 0.000000
1695215192909990199 75.419335 214.131911 217 16 0.000000
1695215193923457091 76.877695 207.209546 210 16 0.000000
1695215194924054067 79.500396 203.878284 204 16 0.000000
1695215195877672312 77.586943 205.532952 196 16 0.000000
1695215196891108717 74.770511 212.149474 215 16 0.000000
1695215197904984736 77.687476 207.125917 210 16 0.000000
1695215198919606683 76.572581 206.973667 210 16 0.000000
1695215199933132666 77.897280 206.210772 209 16 0.000000
1695215200936452485 80.635743 201.331647 202 16 0.000000
1695215201886945101 75.316859 211.469264 201 16 0.000000
1695215202893497130 74.860387 212.607019 214 16 0.000000
1695215203913302608 75.423809 213.766225 218 16 0.000000
1695215204922608181 75.585521 208.063879 210 16 0.000000
1695215205939132333 78.290528 207.570079 211 16 0.000000
1695215206951742882 78.069151 202.447032 205 16 0.000000
1695215207893464116 81.764709 197.510679 186 16 0.000000
1695215208907856601 76.515076 210.963709 214 16 0.000000
1695215209922208351 76.185340 209.000478 212 16 0.000000
1695215210936164949 74.423462 214.013095 217 16 0.000000
1695215211950210841 79.478942 202.160479 205 16 0.000000
1695215212964065136 77.948972 206.144026 209 16 0.000000
1695215213905980596 74.974025 212.333264 200 16 0.000000
1695215214919811872 77.633493 205.162358 208 16 0.000000
1695215215933545135 76.831450 209.127982 212 16 0.000000
1695215216947932560 78.789510 202.092411 205 16 0.000000
1695215217961577953 76.830895 209.146125 212 16 0.000000
1695215218974959280 77.194832 207.227028 210 16 0.000000
1695215219917337822 74.626182 214.351231 202 16 0.000000
1695215220932025723 75.876500 208.931238 212 16 0.000000
1695215221945617790 77.153911 209.157121 212 16 0.000000
1695215222959479956 76.905685 207.128742 210 16 0.000000
1695215223974025008 76.908871 208.960655 212 16 0.000000
1695215224988512596 76.177128 209.958219 213 16 0.000000
1695215225930106284 77.237118 207.095686 195 16 0.000000
1695215226943602266 79.431299 202.270166 205 16 0.000000
1695215227957478739 75.853763 208.112145 211 16 0.000000
1695215228972523895 78.779455 203.931802 207 16 0.000000
1695215229986880846 76.584733 207.027737 210 16 0.000000
1695215231000567914 80.516729 202.232019 205 16 0.000000
1695215231943416213 80.639115 198.335201 187 16 0.000000
1695215232957864197 76.932205 207.008962 210 16 0.000000
1695215233972369981 78.016518 206.011800 209 16 0.000000
1695215234986335064 76.867647 207.107736 210 16 0.000000
1695215236000138646 77.961968 206.154318 209 16 0.000000
1695215237013489061 79.518342 200.325584 203 16 0.000000
1695215237955430963 77.225693 207.019136 195 16 0.000000
1695215238968953655 76.858091 208.184782 211 16 0.000000
1695215239983006346 77.185164 208.075974 211 16 0.000000
1695215240996621999 75.802222 211.125383 214 16 0.000000
1695215242010481163 76.950808 205.156707 208 16 0.000000
1695215243024806384 78.283832 207.034188 210 16 0.000000
1695215243966961406 74.984305 210.156494 198 16 0.000000
1695215244980333265 76.460682 211.176180 214 16 0.000000
1695215245994153789 78.724788 203.191789 206 16 0.000000
1695215247008026725 75.135037 211.071814 214 16 0.000000
1695215248022363567 77.206400 209.003548 212 16 0.000000
1695215249036334481 77.590429 206.120143 209 16 0.000000
1695215249977628991 78.062476 203.974597 192 16 0.000000
1695215250992355645 75.476365 213.850696 217 16 0.000000
1695215252006617942 74.091017 214.934539 218 16 0.000000
1695215253020726225 76.571986 207.078478 210 16 0.000000
1695215254035681121 77.303305 206.905735 210 16 0.000000
1695215255049740970 79.802135 203.143839 206 16 0.000000
1695215255991359099 77.271403 206.028308 194 16 0.000000
1695215257005367172 76.517778 209.071324 212 16 0.000000
1695215258019800531 76.882431 207.997892 211 16 0.000000
1695215259033461571 79.206837 199.277660 202 16 0.000000
1695215260047070474 77.536412 209.153620 212 16 0.000000
1695215261060808593 75.073337 213.072799 216 16 0.000000
1695215262007335567 75.524781 211.298797 200 16 0.000000
1695215263020810177 79.874015 200.300991 203 16 0.000000
1695215264033814680 75.750656 211.252795 214 16 0.000000
1695215265046702830 75.732803 212.264308 215 16 0.000000
1695215266059304989 75.054023 213.311807 216 16 0.000000
1695215267072593780 77.967224 205.272174 208 16 0.000000
1695215268014412348 78.237269 198.552051 187 16 0.000000
1695215269027918104 80.807065 203.254885 206 16 0.000000
1695215270041858417 77.991106 205.140284 208 16 0.000000
1695215271056045299 76.189048 209.034448 212 16 0.000000
1695215272070416981 76.897352 208.010542 211 16 0.000000
1695215273084831252 77.259880 207.016016 210 16 0.000000
1695215274026609982 79.758503 198.560443 187 16 0.000000
1695215275040069138 77.983242 205.237665 208 16 0.000000
1695215276054020139 77.559687 208.096849 211 16 0.000000
1695215277067802157 76.840520 209.117933 212 16 0.000000
1695215278081793306 78.375032 203.157576 206 16 0.000000
1695215279095248979 74.721578 213.132180 216 16 0.000000
1695215280108703923 77.933271 206.225251 209 16 0.000000
1695215281049616328 76.759490 209.371243 197 16 0.000000
1695215282063275228 78.339842 204.210697 207 16 0.000000
1695215283077019340 77.632621 204.193548 207 16 0.000000
1695215284091771361 76.998503 204.976188 208 16 0.000000
1695215285105567325 75.746189 214.047012 217 16 0.000000
1695215286120175445 76.542582 208.947669 212 16 0.000000
1695215287061505938 79.612627 202.904297 191 16 0.000000
1695215288075583166 76.499932 209.057048 212 16 0.000000
1695215289089644847 76.221520 208.074137 211 16 0.000000
1695215290103803455 77.217852 209.040280 212 16 0.000000
1695215291118512159 74.798697 213.854477 217 16 0.000000
1695215292132166550 76.890207 206.184670 209 16 0.000000
1695215293073947737 76.042486 211.301740 199 16 0.000000
1695215294087948566 77.380155 201.183243 204 16 0.000000
1695215295101487944 81.227578 202.261531 205 16 0.000000
1695215296115940465 76.173622 210.951225 214 16 0.000000
1695215297130166653 76.554369 208.040374 211 16 0.000000
1695215298144221697 81.145806 196.241817 199 16 0.000000
1695215299086543212 76.498036 209.058151 197 16 0.000000
1695215300100173094 77.546685 208.162763 211 16 0.000000
1695215301114033275 78.747780 202.197503 205 16 0.000000
1695215302127799976 76.123763 211.093944 214 16 0.000000
1695215303141342029 76.159488 207.194166 210 16 0.000000
1695215304155810360 79.087156 204.047769 207 16 0.000000
1695215305097512961 76.116431 210.257464 198 15 0.000000
1695215306111962537 80.693460 199.122752 202 16 0.000000
1695215307125894213 77.248142 206.128297 209 16 0.000000
1695215308140285278 76.517123 209.978188 213 16 0.000000
1695215309154440513 75.520101 208.054936 211 16 0.000000
1695215310167961732 78.375793 203.251788 206 16 0.000000
1695215311109759869 80.326586 203.865342 192 16 0.000000
1695215312123670379 75.824867 210.077711 213 16 0.000000
1695215313137244829 77.183346 208.174126 211 16 0.000000
1695215314151384749 76.887368 208.058101 211 16 0.000000
1695215315164151477 74.693470 211.302358 214 16 0.000000
1695215316176951910 78.965277 204.383801 207 16 0.000000
1695215317191557968 76.228489 207.962460 211 16 0.000000
1695215318133016969 75.325357 211.374078 199 16 0.000000
1695215319147459277 79.057929 205.038760 208 16 0.000000
1695215320161448673 75.089030 214.006190 217 16 0.000000
