1695214756491050516 160.526745 0.000000
1695214756507780506 160.392462 0.000000
1695214756651317868 160.522162 0.000000
1695214756651447239 160.339755 0.000000
1695214756773300900 160.590503 0.000000
1695214756773300845 160.588583 0.000000
1695214757021669882 160.533917 0.000000
1695214757021671057 160.375496 0.000000
1695214757380429602 160.409253 0.000000
1695214757454359726 160.322008 0.000000
1695214757464059661 160.466976 0.000000
1695214757497248616 160.578815 0.000000
1695214757551860519 160.386916 0.000000
1695214757712212945 160.404355 0.000000
1695214757762265544 160.293759 0.000000
1695214757961316727 160.428924 0.000000
1695214758065669806 160.378918 0.000000
1695214758065793875 160.355902 0.000000
1695214758331455732 160.531315 0.000000
1695214758498797982 160.612940 0.000000
1695214758751406214 160.428992 0.000000
1695214758823312926 160.401837 0.000000
1695214758845073178 160.334452 0.000000
1695214758861608168 160.340085 0.000000
1695214758911658283 160.446818 0.000000
1695214758933516590 160.392467 0.000000
1695214758950025795 160.414222 0.000000
1695214759287349100 160.350129 0.000000
1695214759303616303 160.426732 0.000000
1695214759359695403 160.528313 0.000000
1695214759526652938 160.476100 0.000000
1695214759817810313 160.468357 0.000000
1695214760132749757 160.361186 0.000000
1695214760221139447 160.461778 0.000000
1695214760347463999 160.352223 0.000000
1695214760420195047 160.415356 0.000000
1695214760613003270 160.507038 0.000000
1695214760613007595 160.425920 0.000000
1695214760685402808 160.570455 0.000000
1695214760735111112 160.500254 0.000000
1695214760747645266 160.448727 0.000000
1695214760773422891 160.408419 0.000000
1695214761105284972 160.511518 0.000000
1695214761126558825 160.435572 0.000000
1695214761337836973 160.507098 0.000000
1695214761354146319 160.385886 0.000000
1695214761354190743 160.542811 0.000000
1695214761502300147 160.422901 0.000000
1695214761552916925 160.607602 0.000000
1695214761586789518 160.470322 0.000000
1695214761657453596 160.345915 0.000000
1695214761884477300 160.633323 0.000000
1695214762083082888 160.439365 0.000000
1695214762100539409 160.444688 0.000000
1695214762155151100 160.393712 0.000000
1695214762260164116 160.545092 0.000000
1695214762575243926 160.404820 0.000000
1695214762790559289 160.561174 0.000000
1695214762824102889 160.387292 0.000000
1695214762862126551 160.442518 0.000000
1695214762929301657 160.503771 0.000000
1695214762941966246 160.411761 0.000000
1695214762988048177 160.380727 0.000000
1695214763039099565 160.473817 0.000000
1695214763127548910 160.409386 0.000000
1695214763190975060 160.514183 0.000000
1695214763359863239 160.598810 0.000000
1695214763376303297 160.438595 0.000000
1695214763536723580 160.397479 0.000000
1695214763855147183 160.335705 0.000000
1695214763962121108 160.525708 0.000000
1695214764099614479 160.410579 0.000000
1695214764608720303 160.332912 0.000000
1695214764613181935 160.378790 0.000000
1695214764646469694 160.449274 0.000000
1695214764722599097 160.406352 0.000000
1695214764750746530 160.427468 0.000000
1695214764806930273 160.435695 0.000000
1695214764942009731 160.412228 0.000000
1695214765034243209 160.365438 0.000000
1695214765104726029 160.367243 0.000000
1695214765122643144 160.421217 0.000000
1695214765215756838 160.718178 0.000000
1695214765271672883 160.564381 0.000000
1695214765658356073 160.441300 0.000000
1695214766208723196 160.488555 0.000000
1695214766237110918 160.369119 0.000000
1695214766397464922 160.338640 0.000000
1695214766414118526 160.436519 0.000000
1695214766524568839 160.437320 0.000000
1695214766590556710 160.372079 0.000000
1695214766697479716 160.333419 0.000000
1695214766966721025 160.528071 0.000000
1695214767050659222 160.399483 0.000000
1695214767192787923 160.397256 0.000000
1695214767215543145 160.481593 0.000000
1695214767281323093 160.402202 0.000000
1695214767458001425 160.336869 0.000000
1695214767618418457 160.504133 0.000000
1695214767795517067 160.459696 0.000000
1695214768098795050 160.389693 0.000000
1695214768204820732 160.615680 0.000000
1695214768309084776 160.455627 0.000000
1695214768597235372 160.568519 0.000000
1695214768701008112 160.340778 0.000000
1695214768755682613 160.407083 0.000000
1695214769153549539 160.439107 0.000000
1695214769402410163 160.389218 0.000000
1695214769562879312 160.444626 0.000000
1695214769651925720 160.427627 0.000000
1695214769723265111 160.370294 0.000000
1695214769799931949 160.463856 0.000000
1695214769834768558 160.548537 0.000000
1695214769917144718 160.665765 0.000000
1695214769989033678 160.434904 0.000000
1695214770253804320 160.471199 0.000000
1695214770310309291 160.454073 0.000000
1695214770612566531 160.504911 0.000000
1695214770674484650 160.473454 0.000000
1695214770746365121 160.392139 0.000000
1695214770790673645 160.522753 0.000000
1695214770944403420 160.426470 0.000000
1695214771100039373 160.408987 0.000000
1695214771515225919 160.410124 0.000000
1695214771526105969 160.495174 0.000000
1695214771651730739 160.490554 0.000000
1695214771667930867 160.375110 0.000000
1695214771940907115 160.578583 0.000000
1695214772040083969 160.524526 0.000000
1695214772232573334 160.453853 0.000000
1695214772334859447 160.418423 0.000000
1695214772342594158 160.443490 0.000000
1695214772497833925 160.487464 0.000000
1695214772554150625 160.440872 0.000000
1695214772700640870 160.401776 0.000000
1695214772746514059 160.284450 0.000000
1695214772888999562 160.449716 0.000000
1695214773068106504 160.307718 0.000000
1695214773114314705 160.396980 0.000000
1695214773403430679 160.396725 0.000000
1695214773435786626 160.435585 0.000000
1695214773596254917 160.451977 0.000000
1695214773779542489 160.389493 0.000000
1695214773846921985 160.306199 0.000000
1695214773933349688 160.345952 0.000000
1695214774319338791 160.402569 0.000000
1695214774407338940 160.495196 0.000000
1695214774447752805 160.415056 0.000000
1695214774801049955 160.382225 0.000000
1695214775275208279 160.608798 0.000000
1695214775397784823 160.403725 0.000000
1695214775435692783 160.377109 0.000000
1695214775508843837 160.362292 0.000000
1695214775669285315 160.420672 0.000000
1695214775723618893 160.463408 0.000000
1695214775795575372 160.442626 0.000000
1695214775845476731 160.325037 0.000000
1695214775898837929 160.448484 0.000000
1695214775911514635 160.444080 0.000000
1695214776060766845 160.443146 0.000000
1695214776215181106 160.526135 0.000000
1695214776271145003 160.311353 0.000000
1695214776336916557 160.410222 0.000000
1695214776380579442 160.401640 0.000000
1695214776391711693 160.403965 0.000000
1695214776464040003 160.494466 0.000000
1695214776839764856 160.389367 0.000000
1695214776905506825 160.389294 0.000000
1695214776962486102 160.445396 0.000000
1695214777031232485 160.517945 0.000000
1695214777247805975 160.392849 0.000000
1695214777265315472 160.416275 0.000000
1695214777456923766 160.399174 0.000000
1695214777474456021 160.432547 0.000000
1695214777485130532 160.528170 0.000000
1695214777740935493 160.646926 0.000000
1695214777773356126 160.490968 0.000000
1695214777830285050 160.433033 0.000000
1695214777861481371 160.342465 0.000000
1695214778076744353 160.428988 0.000000
1695214778166550116 160.507845 0.000000
1695214778198744921 160.522184 0.000000
1695214778441345616 160.397566 0.000000
1695214778447733477 160.571122 0.000000
1695214778529926466 160.540909 0.000000
1695214778601720333 160.355538 0.000000
1695214778651828055 160.409814 0.000000
1695214778690295089 160.345094 0.000000
1695214778696570238 160.403455 0.000000
1695214778745398043 160.386690 0.000000
1695214778944128047 160.478073 0.000000
1695214779031759473 160.496242 0.000000
1695214779314929201 160.426352 0.000000
1695214779352661985 160.445424 0.000000
1695214779413884218 160.451787 0.000000
1695214779513978246 160.479100 0.000000
1695214779541201047 160.654699 0.000000
1695214779689915301 160.419526 0.000000
1695214779758473847 160.526716 0.000000
1695214779812070439 160.506634 0.000000
1695214779917245277 160.468640 0.000000
1695214779966118934 160.392132 0.000000
1695214780007210059 160.425289 0.000000
1695214780028223200 160.454669 0.000000
1695214780182673484 160.616975 0.000000
1695214780591331424 160.421045 0.000000
1695214780751819242 160.462732 0.000000
1695214780756210839 160.455527 0.000000
1695214780911294240 160.598406 0.000000
1695214781010693069 160.601539 0.000000
1695214781181880915 160.533425 0.000000
1695214781237590800 160.489660 0.000000
1695214781243057078 160.466396 0.000000
1695214781431151433 160.466400 0.000000
1695214781668843905 160.592518 0.000000
1695214782193959392 160.414849 0.000000
1695214782314888404 160.455324 0.000000
1695214782464615016 160.527482 0.000000
1695214782486584145 160.583768 0.000000
1695214782762543124 160.525970 0.000000
1695214782801977207 160.480917 0.000000
1695214782979020820 160.513439 0.000000
1695214782984220734 160.313065 0.000000
1695214783034116828 160.445476 0.000000
1695214783084239027 160.470128 0.000000
1695214783431673664 160.586098 0.000000
1695214783442604968 160.500506 0.000000
1695214783691304097 160.412478 0.000000
1695214783862577821 160.456517 0.000000
1695214784039710442 160.410851 0.000000
1695214784116654089 160.449566 0.000000
1695214784238740155 160.593015 0.000000
1695214784377218810 160.528342 0.000000
1695214784752564695 160.334548 0.000000
1695214784829324788 160.378786 0.000000
1695214784956397934 160.473531 0.000000
1695214784978638449 160.336296 0.000000
1695214784984252081 160.415385 0.000000
1695214785520397288 160.415194 0.000000
1695214785520490438 160.537434 0.000000
1695214785879285575 160.444656 0.000000
1695214785962467921 160.378226 0.000000
1695214785972490840 160.438714 0.000000
1695214785978261054 160.551903 0.000000
1695214786056135187 160.480307 0.000000
1695214786128390808 160.528739 0.000000
1695214786235207181 160.511062 0.000000
1695214786315626751 160.561671 0.000000
1695214786327098511 160.540757 0.000000
1695214786436687284 160.355912 0.000000
1695214786659074076 160.711469 0.000000
1695214786773934410 160.458340 0.000000
1695214786837407593 160.437266 0.000000
1695214787006544715 160.562696 0.000000
1695214787100741178 160.542281 0.000000
1695214787117066070 160.455501 0.000000
1695214787703196644 160.404044 0.000000
1695214787713426411 160.425666 0.000000
1695214787881129533 160.422082 0.000000
1695214788123174051 160.361545 0.000000
1695214788221920037 160.548805 0.000000
1695214788331644636 160.392286 0.000000
1695214788403977426 160.434671 0.000000
1695214788675435574 160.643020 0.000000
1695214788679801053 160.401004 0.000000
1695214788873019448 160.474399 0.000000
1695214789105229235 160.418607 0.000000
1695214789110743402 160.418076 0.000000
1695214789121916968 160.455188 0.000000
1695214789277879422 160.382949 0.000000
1695214789398138901 160.353752 0.000000
1695214789474077749 160.386789 0.000000
1695214789708343337 160.517808 0.000000
1695214789722992428 160.400646 0.000000
1695214789989434079 160.484606 0.000000
1695214790083034353 160.503460 0.000000
1695214790265837460 160.435878 0.000000
1695214790325250171 160.434885 0.000000
1695214790862297468 160.327591 0.000000
1695214790884208076 160.459111 0.000000
1695214791112243729 160.435657 0.000000
1695214791353327608 160.455829 0.000000
1695214791487560761 160.622601 0.000000
1695214791663193701 160.601763 0.000000
1695214791813246224 160.430846 0.000000
1695214791884028084 160.402691 0.000000
1695214792005649379 160.415939 0.000000
1695214792089909492 160.419083 0.000000
1695214792245063566 160.476852 0.000000
1695214792266817559 160.489186 0.000000
1695214792405485335 160.397081 0.000000
1695214792515589962 160.469049 0.000000
1695214792541361019 160.429943 0.000000
1695214792723690762 160.371594 0.000000
1695214792785051171 160.537227 0.000000
1695214792900871416 160.388249 0.000000
1695214793154758784 160.418161 0.000000
1695214793237571765 160.366169 0.000000
1695214793403618842 160.534667 0.000000
1695214793503278554 160.769411 0.000000
1695214793674240571 160.405677 0.000000
1695214793989452088 160.516074 0.000000
1695214794133271263 160.531544 0.000000
1695214794371759907 160.383409 0.000000
1695214794470694338 160.429196 0.000000
1695214794519720988 160.449983 0.000000
1695214794840422481 160.538158 0.000000
1695214795033969684 160.513317 0.000000
1695214795089285508 160.433186 0.000000
1695214795151199290 160.363321 0.000000
1695214795161059638 160.377011 0.000000
1695214795253665740 160.436689 0.000000
1695214795337271376 160.386074 0.000000
1695214795514822670 160.401258 0.000000
1695214795548027928 160.456194 0.000000
1695214795669274076 160.398756 0.000000
1695214795748955880 160.329469 0.000000
1695214795995633801 160.510056 0.000000
1695214796028328191 160.479963 0.000000
1695214796243705640 160.460619 0.000000
1695214796398784668 160.498832 0.000000
1695214796453949500 160.455316 0.000000
1695214796480770614 160.520481 0.000000
1695214796503933624 160.405060 0.000000
1695214796558757064 160.372248 0.000000
1695214796929486374 160.516459 0.000000
1695214796934306610 160.401907 0.000000
1695214797067673922 160.362149 0.000000
1695214797156085728 160.477680 0.000000
1695214797256340709 160.451011 0.000000
1695214797581595848 160.367412 0.000000
1695214797889106232 160.560660 0.000000
1695214797978738099 160.403436 0.000000
1695214798007207825 160.449734 0.000000
1695214798112015810 160.369955 0.000000
1695214798272455197 160.409224 0.000000
1695214798326124813 160.470941 0.000000
1695214798327090332 160.588984 0.000000
1695214798487474724 160.362105 0.000000
1695214798507679215 160.512148 0.000000
1695214798585504886 160.386827 0.000000
1695214798609370784 160.330410 0.000000
1695214798939254982 160.422017 0.000000
1695214798962819980 160.501824 0.000000
1695214798986465637 160.468549 0.000000
1695214799199000347 160.384095 0.000000
1695214799276030582 160.505928 0.000000
1695214799426353076 160.471663 0.000000
1695214799449818348 160.577840 0.000000
1695214799463391347 160.458197 0.000000
1695214799536236077 160.496424 0.000000
1695214799620547173 160.577254 0.000000
1695214799640023538 160.444635 0.000000
1695214800153830433 160.396328 0.000000
1695214800182446695 160.496883 0.000000
1695214800399719841 160.502119 0.000000
1695214800431148285 160.405575 0.000000
1695214800580823039 160.553344 0.000000
1695214800801859403 160.465766 0.000000
1695214801126176634 160.427246 0.000000
1695214801198075700 160.566063 0.000000
1695214801355123083 160.472285 0.000000
1695214801574739814 160.470573 0.000000
1695214802094549428 160.537105 0.000000
1695214802259359945 160.518176 0.000000
1695214802530414033 160.421239 0.000000
1695214802536604501 160.470266 0.000000
1695214802704100248 160.604948 0.000000
1695214802717834733 160.508158 0.000000
1695214802949994973 160.559640 0.000000
1695214803019109945 160.497744 0.000000
1695214803126877027 160.453677 0.000000
1695214803214723577 160.393346 0.000000
1695214803319774153 160.286014 0.000000
1695214803480162791 160.372099 0.000000
1695214803549191480 160.430054 0.000000
1695214803612993334 160.472919 0.000000
1695214803728869829 160.441280 0.000000
1695214804143220778 160.344691 0.000000
1695214804360891379 160.469138 0.000000
1695214804651854077 160.656005 0.000000
1695214804698055992 160.511256 0.000000
1695214804786415865 160.434808 0.000000
1695214804811889100 160.383005 0.000000
1695214804946800421 160.360444 0.000000
1695214805021916285 160.543928 0.000000
1695214805116436960 160.375976 0.000000
1695214805123587392 160.328621 0.000000
1695214805165797949 160.558595 0.000000
1695214805195495139 160.416294 0.000000
1695214805271142052 160.859027 0.000000
1695214805388753589 160.562752 0.000000
1695214805460774289 160.458309 0.000000
1695214805679779344 160.459565 0.000000
1695214805785101139 160.395874 0.000000
1695214805798088938 160.414736 0.000000
1695214805895128951 160.413788 0.000000
1695214805921183688 160.333708 0.000000
1695214806055567750 160.413956 0.000000
1695214806072329264 160.385013 0.000000
1695214806079572078 160.456988 0.000000
1695214806223352607 160.494957 0.000000
1695214806231854192 160.493143 0.000000
1695214806449819481 160.568408 0.000000
1695214806489051471 160.438615 0.000000
1695214806560665850 160.482082 0.000000
1695214806762567759 160.574934 0.000000
1695214806787259041 160.550405 0.000000
1695214806805477501 160.490537 0.000000
1695214806877288009 160.475076 0.000000
1695214806989483362 160.415293 0.000000
1695214807099632053 160.413853 0.000000
1695214807339822024 160.493889 0.000000
1695214807365015438 160.493171 0.000000
1695214807541596160 160.498282 0.000000
1695214807621541427 160.417656 0.000000
1695214807654119659 160.430835 0.000000
1695214807768487375 160.448100 0.000000
1695214807830871966 160.411417 0.000000
1695214807967087713 160.341241 0.000000
1695214808000235656 160.564328 0.000000
1695214808215894597 160.385478 0.000000
1695214808256587740 160.547367 0.000000
1695214808295869983 160.499773 0.000000
1695214808307527388 160.385457 0.000000
1695214808425233174 160.482808 0.000000
1695214808456251756 160.358409 0.000000
1695214808539590537 160.511629 0.000000
1695214808893814061 160.449677 0.000000
1695214808906579006 160.399480 0.000000
1695214809027596341 160.375910 0.000000
1695214809068310999 160.454282 0.000000
1695214809319601160 160.449455 0.000000
1695214809365013103 160.626718 0.000000
1695214809646916528 160.447916 0.000000
1695214809745112332 160.475671 0.000000
1695214810024294657 160.333417 0.000000
1695214810099057471 160.308784 0.000000
1695214810207394490 160.481913 0.000000
1695214810320975336 160.486797 0.000000
1695214810378770599 160.490965 0.000000
1695214810426136605 160.399549 0.000000
1695214810436264473 160.465323 0.000000
1695214810707563079 160.515461 0.000000
1695214810803229063 160.367939 0.000000
1695214810804677059 160.450350 0.000000
1695214811188932845 160.376556 0.000000
1695214811228867084 160.493433 0.000000
1695214811248437086 160.434945 0.000000
1695214811398385468 160.512261 0.000000
1695214811585504950 160.365450 0.000000
1695214811752182850 160.587141 0.000000
1695214811760319671 160.501476 0.000000
1695214811823997058 160.436394 0.000000
1695214811904500309 160.399729 0.000000
1695214812026465082 160.470033 0.000000
1695214812064981876 160.462374 0.000000
1695214812083764165 160.483268 0.000000
1695214812099486837 160.536433 0.000000
1695214812225454254 160.448091 0.000000
1695214812514737026 160.357847 0.000000
1695214812571680189 160.463102 0.000000
1695214812649831489 160.388920 0.000000
1695214812716243479 160.561236 0.000000
1695214812810409378 160.548386 0.000000
1695214812827755223 160.417164 0.000000
1695214812884449054 160.521006 0.000000
1695214812891954553 160.417592 0.000000
1695214812957243820 160.507526 0.000000
1695214813335751885 160.629874 0.000000
1695214813412513820 160.486846 0.000000
1695214813497307181 160.574947 0.000000
1695214813503006872 160.579903 0.000000
1695214813647980298 160.851185 0.000000
1695214813657663049 160.333947 0.000000
1695214813751817191 160.418680 0.000000
1695214813761509769 160.565156 0.000000
1695214814026642465 160.540452 0.000000
1695214814100411126 160.366001 0.000000
1695214814354334232 160.401644 0.000000
1695214814702819464 160.416057 0.000000
1695214814878828720 160.411512 0.000000
1695214815039333410 160.484362 0.000000
1695214815077834657 160.504849 0.000000
1695214815481939121 160.455237 0.000000
1695214815679570636 160.497674 0.000000
1695214815689624654 160.404861 0.000000
1695214815766085474 160.463014 0.000000
1695214815777938805 160.462213 0.000000
1695214816026777405 160.447189 0.000000
1695214816057561787 160.319914 0.000000
1695214816193593426 160.348239 0.000000
1695214816307730644 160.473290 0.000000
1695214816348767799 160.554623 0.000000
1695214816356597956 160.382959 0.000000
1695214816468394083 160.413019 0.000000
1695214816636651653 160.511982 0.000000
1695214816813289161 160.466943 0.000000
1695214816885409530 160.451053 0.000000
1695214816965805298 160.359175 0.000000
1695214817062164402 160.517513 0.000000
1695214817126179502 160.353223 0.000000
1695214817325925122 160.375562 0.000000
1695214817640089748 160.485685 0.000000
1695214817664417336 160.470258 0.000000
1695214817751445271 160.448304 0.000000
1695214818065941721 160.541979 0.000000
1695214818381770876 160.367614 0.000000
1695214818387197841 160.868664 0.000000
1695214818589247799 160.463362 0.000000
1695214818754231916 160.607342 0.000000
1695214818972872749 160.414629 0.000000
1695214819003164470 160.561051 0.000000
1695214819103361775 160.416957 0.000000
1695214819150260187 160.404233 0.000000
1695214819254921392 160.546756 0.000000
1695214819256302462 160.446999 0.000000
1695214819400115567 160.438751 0.000000
1695214819440667493 160.462962 0.000000
1695214819449123198 160.471949 0.000000
1695214819639976626 160.472604 0.000000
1695214819693824823 160.489182 0.000000
1695214819801883280 160.476821 0.000000
1695214819914236437 160.461092 0.000000
1695214819987640551 160.429760 0.000000
1695214820347750275 160.532870 0.000000
1695214820428236635 160.388185 0.000000
1695214820646092189 160.474315 0.000000
1695214820773318900 160.438770 0.000000
1695214820826828906 160.514778 0.000000
1695214821078963598 160.448724 0.000000
1695214821432559806 160.423620 0.000000
1695214821554776758 160.608169 0.000000
1695214821641226435 160.500790 0.000000
1695214821681544012 160.460016 0.000000
1695214821803172134 160.569626 0.000000
1695214821803176729 160.482533 0.000000
1695214821803552292 160.438716 0.000000
1695214822150390518 160.405821 0.000000
1695214822155242082 160.534039 0.000000
1695214822283712981 160.402408 0.000000
1695214822401498579 160.511349 0.000000
1695214822492390031 160.533197 0.000000
1695214822752516108 160.527380 0.000000
1695214822974261422 160.430376 0.000000
1695214823095562945 160.528297 0.000000
1695214823112034127 160.438214 0.000000
1695214823258126399 160.391606 0.000000
1695214823288735428 160.436424 0.000000
1695214823370989042 160.506077 0.000000
1695214823377082275 160.434716 0.000000
1695214823534434747 160.534558 0.000000
1695214823771012423 160.347147 0.000000
1695214823786232917 160.423530 0.000000
1695214823815075715 160.431383 0.000000
1695214823948637687 160.317864 0.000000
1695214824107662641 160.561523 0.000000
1695214824172538586 160.432852 0.000000
1695214824332477660 160.395572 0.000000
1695214824374270621 160.581237 0.000000
1695214824420740960 160.443468 0.000000
1695214824420825890 160.478757 0.000000
1695214824630561208 160.395815 0.000000
1695214824782654105 160.487133 0.000000
1695214824976639011 160.408004 0.000000
1695214825023314520 160.471407 0.000000
1695214825345457702 160.410146 0.000000
1695214825388470418 160.516471 0.000000
1695214825505807160 160.326590 0.000000
1695214825566264826 160.540421 0.000000
1695214825726837031 160.547829 0.000000
1695214825802611780 160.462550 0.000000
1695214825803436712 160.412803 0.000000
1695214826051423704 160.438089 0.000000
1695214826167899425 160.506518 0.000000
1695214826349364238 160.444815 0.000000
1695214826686461627 160.360895 0.000000
1695214826816650011 160.487082 0.000000
1695214827241650505 160.500127 0.000000
1695214827418971882 160.590954 0.000000
1695214827442791119 160.385828 0.000000
1695214827495753732 160.427038 0.000000
1695214827578762366 160.429086 0.000000
1695214827667901579 160.562252 0.000000
1695214827828345917 160.428957 0.000000
1695214827906809701 160.417981 0.000000
1695214828012851420 160.534576 0.000000
1695214828027537220 160.362733 0.000000
1695214828173438600 160.568800 0.000000
1695214828260996800 160.338761 0.000000
1695214828365150411 160.564737 0.000000
1695214828525828448 160.487855 0.000000
1695214828716382936 160.586925 0.000000
1695214828784754160 160.475901 0.000000
1695214828979750608 160.388309 0.000000
1695214829128816262 160.430686 0.000000
1695214829138550358 160.545358 0.000000
1695214829200652160 160.335602 0.000000
1695214829277877451 160.493197 0.000000
1695214829495920383 160.613376 0.000000
1695214829564166311 160.464756 0.000000
1695214829571209332 160.444774 0.000000
1695214829595199025 160.425876 0.000000
1695214829615325328 160.568863 0.000000
1695214829674936820 160.497636 0.000000
1695214829813089413 160.540893 0.000000
1695214830013489251 160.504128 0.000000
1695214830173945345 160.435087 0.000000
1695214830189024561 160.472198 0.000000
1695214830239379719 160.798406 0.000000
1695214830262090168 160.392363 0.000000
1695214830293568066 160.524991 0.000000
1695214830349584563 160.534176 0.000000
1695214830438893566 160.544541 0.000000
1695214830453990764 160.397824 0.000000
1695214830632533455 160.525415 0.000000
1695214830753417057 160.465527 0.000000
1695214830775596577 160.539114 0.000000
1695214830840360601 160.484426 0.000000
1695214830953215561 160.558549 0.000000
1695214830954094063 160.385798 0.000000
1695214831024798496 160.500970 0.000000
1695214831173564634 160.408236 0.000000
1695214831306877952 160.570684 0.000000
1695214831498241336 160.463344 0.000000
1695214831821362152 160.414947 0.000000
1695214831836805712 160.490017 0.000000
1695214832100680247 160.572672 0.000000
1695214832128681133 160.478267 0.000000
1695214832487240542 160.471316 0.000000
1695214832514714130 160.464430 0.000000
1695214832704186084 160.329817 0.000000
1695214832865318836 160.409892 0.000000
1695214833025735881 160.394046 0.000000
1695214833369466421 160.392625 0.000000
1695214833388791709 160.453542 0.000000
1695214833400527820 160.533250 0.000000
1695214833470366677 160.370881 0.000000
1695214833615203040 160.410739 0.000000
1695214833620358357 160.420927 0.000000
1695214833941630692 160.447649 0.000000
1695214834278930198 160.546343 0.000000
1695214834384655470 160.391516 0.000000
1695214834423857715 160.481636 0.000000
1695214834498031099 160.409257 0.000000
1695214834543468781 160.456331 0.000000
1695214834544023455 160.486811 0.000000
1695214834584231351 160.349345 0.000000
1695214834590161415 160.434453 0.000000
1695214834604304555 160.475740 0.000000
1695214834747779589 160.479468 0.000000
1695214834798531518 160.528239 0.000000
1695214834825915496 160.510391 0.000000
1695214834851739557 160.497171 0.000000
1695214834923648144 160.450573 0.000000
1695214834986458085 160.516368 0.000000
1695214835030220390 160.635563 0.000000
1695214835047634457 160.575743 0.000000
1695214835057613783 160.466333 0.000000
1695214835195380900 160.531981 0.000000
1695214835267965595 160.446502 0.000000
1695214835367399534 160.379956 0.000000
1695214835738666047 160.520242 0.000000
1695214835853241094 160.506112 0.000000
1695214836075818210 160.461402 0.000000
1695214836290100471 160.465854 0.000000
1695214836367465962 160.439657 0.000000
1695214836400990423 160.480297 0.000000
1695214836411072067 160.520163 0.000000
1695214836606416658 160.456861 0.000000
1695214836721080627 160.614478 0.000000
1695214836843857925 160.444148 0.000000
1695214836892744218 160.509645 0.000000
1695214837180630386 160.462110 0.000000
1695214837211992014 160.498824 0.000000
1695214837230436597 160.866930 0.000000
1695214837446534929 160.565961 0.000000
1695214837479343119 160.505705 0.000000
1695214838001598193 160.484786 0.000000
1695214838192391660 160.367373 0.000000
1695214838269106038 160.523514 0.000000
1695214838441103756 160.345585 0.000000
1695214838459615104 160.479444 0.000000
1695214838518026488 160.544781 0.000000
1695214838521790296 160.519668 0.000000
1695214838855493810 160.545659 0.000000
1695214839035870878 160.468073 0.000000
1695214839036105625 160.435060 0.000000
1695214839043572137 160.393873 0.000000
1695214839239906321 160.344170 0.000000
1695214839269422974 160.417570 0.000000
1695214839799987608 160.507685 0.000000
1695214839857513132 160.443942 0.000000
1695214839991880075 160.509564 0.000000
1695214839992648125 160.408629 0.000000
1695214840081076245 160.556072 0.000000
1695214840087890869 160.350737 0.000000
1695214840107836769 160.424235 0.000000
1695214840168646811 160.432365 0.000000
1695214840179477580 160.408756 0.000000
1695214840214251411 160.508788 0.000000
1695214840248295468 160.381429 0.000000
1695214840374640166 160.369095 0.000000
1695214840402208657 160.434790 0.000000
1695214840636578209 160.416903 0.000000
1695214840860089952 160.439200 0.000000
1695214841108157730 160.462555 0.000000
1695214841462567437 160.530166 0.000000
1695214841495439133 160.412474 0.000000
1695214841623049517 160.456706 0.000000
1695214841697646774 160.452780 0.000000
1695214841754889801 160.416658 0.000000
1695214841858119482 160.448386 0.000000
1695214841920733503 160.531450 0.000000
1695214842065581173 160.440191 0.000000
1695214842700278785 160.542030 0.000000
1695214842799660306 160.483423 0.000000
1695214843451447102 160.489477 0.000000
1695214843567694115 160.412878 0.000000
1695214843689238231 160.412781 0.000000
1695214843698088689 160.404776 0.000000
1695214843712499040 160.429307 0.000000
1695214843788806570 160.604462 0.000000
1695214843832739499 160.375514 0.000000
1695214843980422660 160.499583 0.000000
1695214843992467558 160.452136 0.000000
1695214844005463314 160.424232 0.000000
1695214844035557578 160.714245 0.000000
1695214844236874175 160.563284 0.000000
1695214844574139265 160.497581 0.000000
1695214844750202362 160.511729 0.000000
1695214844921578209 160.433883 0.000000
1695214844935058868 160.445410 0.000000
1695214844965711142 160.415568 0.000000
1695214845258211243 160.418516 0.000000
1695214845424463968 160.432384 0.000000
1695214845435353189 160.492014 0.000000
1695214845440756554 160.516400 0.000000
1695214845495891496 160.522106 0.000000
1695214845891244869 160.599442 0.000000
1695214845954604875 160.511835 0.000000
1695214846174036745 160.414212 0.000000
1695214846325021990 160.402042 0.000000
1695214846479302734 160.397858 0.000000
1695214846485504530 160.458479 0.000000
1695214846525558530 160.406061 0.000000
1695214846700036790 160.376807 0.000000
1695214846794685887 160.402524 0.000000
1695214846909981534 160.475499 0.000000
1695214846951309348 160.364207 0.000000
1695214847039547266 160.536792 0.000000
1695214847070499187 160.494644 0.000000
1695214847112694737 160.443510 0.000000
1695214847186006710 160.492529 0.000000
1695214847761354863 160.661165 0.000000
1695214847970321006 160.476763 0.000000
1695214848010251632 160.532121 0.000000
1695214848104242423 160.511478 0.000000
1695214848316613675 160.423627 0.000000
1695214848441654750 160.604751 0.000000
1695214848484523576 160.563559 0.000000
1695214848511154452 160.536676 0.000000
1695214848524412604 160.486870 0.000000
1695214848614202580 160.482881 0.000000
1695214848760778533 160.573331 0.000000
1695214848863819423 160.609190 0.000000
1695214849114145238 160.511698 0.000000
1695214849204303385 160.496273 0.000000
1695214849204391279 160.475655 0.000000
1695214849540150562 160.663176 0.000000
1695214849617630891 160.612223 0.000000
1695214849675265693 160.633470 0.000000
1695214849803301345 160.627213 0.000000
1695214849894826464 160.363530 0.000000
1695214850099489082 160.544644 0.000000
1695214850142606070 160.536165 0.000000
1695214850173514059 160.528738 0.000000
1695214850308320181 160.541520 0.000000
1695214850308408356 160.532703 0.000000
1695214850317334805 160.520169 0.000000
1695214850518796569 160.461882 0.000000
1695214850701995382 160.539709 0.000000
1695214850719508384 160.392750 0.000000
1695214851010392696 160.413936 0.000000
1695214851131231351 160.560562 0.000000
1695214851161765266 160.530350 0.000000
1695214851176395738 160.515146 0.000000
1695214851235111744 160.395778 0.000000
1695214851291608297 160.352088 0.000000
1695214851386130080 160.464763 0.000000
1695214851425332303 160.493461 0.000000
1695214851484093801 160.558596 0.000000
1695214851916726170 160.676838 0.000000
1695214851927593285 160.665330 0.000000
1695214852077290225 160.540450 0.000000
1695214852294100045 160.414383 0.000000
1695214852414568991 160.667791 0.000000
1695214852542251550 160.563178 0.000000
1695214852585682167 160.406335 0.000000
1695214852999740878 160.458264 0.000000
1695214853041489390 160.469804 0.000000
1695214853161589218 160.433416 0.000000
1695214853396307715 160.359550 0.000000
1695214853413142621 160.500126 0.000000
1695214853556870076 160.539688 0.000000
1695214853852018883 160.479859 0.000000
1695214853943748924 160.492048 0.000000
1695214853989136752 160.433700 0.000000
1695214854044450081 160.609505 0.000000
1695214854192646524 160.458705 0.000000
1695214854385657840 160.557486 0.000000
1695214854398860057 160.600209 0.000000
1695214854439838956 160.374151 0.000000
1695214854866091328 160.448060 0.000000
1695214854955309144 160.435309 0.000000
1695214855059590513 160.472410 0.000000
1695214855645598839 160.506027 0.000000
1695214855911298369 160.474276 0.000000
1695214856118144097 160.552934 0.000000
1695214856272129240 160.505489 0.000000
1695214856280199034 160.481544 0.000000
1695214856297186994 160.450611 0.000000
1695214856326623819 160.424204 0.000000
1695214856367012750 160.509534 0.000000
1695214856368537093 160.444677 0.000000
1695214856545639334 160.610422 0.000000
1695214856907064391 160.537247 0.000000
1695214857139667531 160.487873 0.000000
1695214857164796085 160.551430 0.000000
1695214857518463891 160.354337 0.000000
1695214857829709064 160.512745 0.000000
1695214857830141649 160.470793 0.000000
1695214857895651978 160.450999 0.000000
1695214858083260661 160.521732 0.000000
1695214858321311122 160.382021 0.000000
1695214858360307617 160.668517 0.000000
1695214858458495174 160.534750 0.000000
1695214858520756680 160.356186 0.000000
1695214858731315829 160.661847 0.000000
1695214858858155510 160.477528 0.000000
1695214858884001428 160.426196 0.000000
1695214859100332341 160.467304 0.000000
1695214859372344709 160.620332 0.000000
1695214859574732110 160.496688 0.000000
1695214859799456129 160.506746 0.000000
1695214859935059378 160.451765 0.000000
1695214860041407674 160.414212 0.000000
1695214860233037022 160.537608 0.000000
1695214860378640332 160.516404 0.000000
1695214860403574003 160.383335 0.000000
1695214860489357511 160.368373 0.000000
1695214860738340208 160.575535 0.000000
1695214860859453850 160.372186 0.000000
1695214860891052667 160.406684 0.000000
1695214861284908131 160.459935 0.000000
1695214861429099849 160.501274 0.000000
1695214861477916094 160.446501 0.000000
1695214861984048677 160.545341 0.000000
1695214862007489183 160.426504 0.000000
1695214862119970038 160.387355 0.000000
1695214862200658030 160.443094 0.000000
1695214862289760083 160.443329 0.000000
1695214862594088630 160.415444 0.000000
1695214862626423581 160.546734 0.000000
1695214862786823669 160.376364 0.000000
1695214862803328298 160.571683 0.000000
1695214862912514528 160.467149 0.000000
1695214863038059799 160.385254 0.000000
1695214863405635903 160.417774 0.000000
1695214863558739817 160.449544 0.000000
1695214863598964130 160.383038 0.000000
1695214863606450281 160.488007 0.000000
1695214863736308574 160.454411 0.000000
1695214864170079321 160.376428 0.000000
1695214864200938881 160.530491 0.000000
1695214864507430006 160.559516 0.000000
1695214864795617207 160.520213 0.000000
1695214864933043018 160.365137 0.000000
1695214865013403827 160.382052 0.000000
1695214865317842200 160.449568 0.000000
1695214865350594326 160.470581 0.000000
1695214865864374384 160.555529 0.000000
1695214865977266250 160.387841 0.000000
1695214866040991007 160.458649 0.000000
1695214866041046320 160.432829 0.000000
1695214866122124238 160.532650 0.000000
1695214866226057830 160.396664 0.000000
1695214866255087708 160.598935 0.000000
1695214866323152034 160.452500 0.000000
1695214866466591534 160.551045 0.000000
1695214866474796250 160.405597 0.000000
1695214866588233467 160.450656 0.000000
1695214866725063864 160.500316 0.000000
1695214866731692804 160.470586 0.000000
1695214866980551370 160.427682 0.000000
1695214867013478486 160.480823 0.000000
1695214867034468682 160.678145 0.000000
1695214867245764326 160.539198 0.000000
1695214867551654382 160.531839 0.000000
1695214867591982762 160.447678 0.000000
1695214867776260715 160.429387 0.000000
1695214867787380133 160.501709 0.000000
1695214867944244142 160.557590 0.000000
1695214868074126359 160.436712 0.000000
1695214868149331397 160.438032 0.000000
1695214868412976741 160.514725 0.000000
1695214868825229622 161.930035 0.000000
1695214868854450503 160.629917 0.000000
1695214868967043362 172.347900 0.000000
1695214869040535469 169.720027 0.000000
1695214869066590818 160.396339 0.000000
1695214869141945995 160.326406 0.000000
1695214869243383008 160.410121 0.000000
1695214869339286283 160.456980 0.000000
1695214869385707167 160.799690 0.000000
1695214869465985395 160.437019 0.000000
1695214869650747361 160.404916 0.000000
1695214869899635392 160.508225 0.000000
1695214869988118139 160.613209 0.000000
1695214870009426659 160.404748 0.000000
1695214870092555761 160.517901 0.000000
1695214870148668150 160.448141 0.000000
1695214870413985084 160.567973 0.000000
1695214870818359828 160.770996 0.000000
1695214870951966822 160.393948 0.000000
1695214870983968122 160.448102 0.000000
1695214871153605295 160.523429 0.000000
1695214871595533579 160.374844 0.000000
1695214871684033020 160.473680 0.000000
1695214871772451206 160.394439 0.000000
1695214871844594498 160.553795 0.000000
1695214872286600286 160.534505 0.000000
1695214872343018556 160.368996 0.000000
1695214872439014346 160.525194 0.000000
1695214872455015283 160.494859 0.000000
1695214872570319475 160.514599 0.000000
1695214872792380860 160.570563 0.000000
1695214872896919692 160.511652 0.000000
1695214872945559963 160.463573 0.000000
1695214872993267971 160.414526 0.000000
1695214873019253292 160.375400 0.000000
1695214873065784896 160.467816 0.000000
1695214873218048586 160.423683 0.000000
1695214873226822241 160.428548 0.000000
1695214873314799642 160.565522 0.000000
1695214873533253572 160.540283 0.000000
1695214873541851166 160.476805 0.000000
1695214873708049527 160.487366 0.000000
1695214873829021732 160.451528 0.000000
1695214873990242838 160.464570 0.000000
1695214874013677735 160.441353 0.000000
1695214874029934979 160.434483 0.000000
1695214874174505462 160.578954 0.000000
1695214874239004733 160.392348 0.000000
1695214874303082861 160.529213 0.000000
1695214874312252585 160.467770 0.000000
1695214874576237808 160.475010 0.000000
1695214874825040045 160.386321 0.000000
1695214874833603309 160.422063 0.000000
1695214874927469530 160.510198 0.000000
1695214875163799766 160.556261 0.000000
1695214875196115466 160.562738 0.000000
1695214875275446610 160.482624 0.000000
1695214875427518991 160.400869 0.000000
1695214875445023517 160.460450 0.000000
1695214875459697912 160.359752 0.000000
1695214875500014314 160.463076 0.000000
1695214875589380886 160.394000 0.000000
1695214875676332358 160.436094 0.000000
1695214875701041021 160.433676 0.000000
1695214875701041036 160.501077 0.000000
1695214875708494918 160.436537 0.000000
1695214875861420201 160.359716 0.000000
1695214875934564343 160.558571 0.000000
1695214875950603651 160.483241 0.000000
1695214875958974312 160.366956 0.000000
1695214876280096191 160.487545 0.000000
1695214876354112946 160.325093 0.000000
1695214876590173125 160.381068 0.000000
1695214876633592208 160.472718 0.000000
1695214876656968872 160.683281 0.000000
1695214876664495607 160.339807 0.000000
1695214876673208211 160.405692 0.000000
1695214876793939595 160.327680 0.000000
1695214877098664233 160.439874 0.000000
1695214877250556228 160.337292 0.000000
1695214877331384601 160.411695 0.000000
1695214877452113513 160.307906 0.000000
1695214877573336712 160.510875 0.000000
1695214877612864030 160.741216 0.000000
1695214877620284062 160.483532 0.000000
1695214877668826285 160.671879 0.000000
1695214877685685157 160.320102 0.000000
1695214877813132454 160.537562 0.000000
1695214877861767386 160.430163 0.000000
1695214877917676804 160.477377 0.000000
1695214877941353273 160.538114 0.000000
1695214877957495740 160.407940 0.000000
1695214878111266162 160.491580 0.000000
1695214878415589173 160.480459 0.000000
1695214878536381670 160.436422 0.000000
1695214878738706523 160.501363 0.000000
1695214878783922690 160.510489 0.000000
1695214879076047408 160.525752 0.000000
1695214879115836022 160.422129 0.000000
1695214879194446591 160.386956 0.000000
1695214879389933790 160.555624 0.000000
1695214879508494423 160.363104 0.000000
1695214879590058219 160.411313 0.000000
1695214879885284864 160.409752 0.000000
1695214880015485382 160.443514 0.000000
1695214880080780704 160.470220 0.000000
1695214880222435164 160.363107 0.000000
1695214880425417185 160.348142 0.000000
1695214880560702059 160.378548 0.000000
1695214881065643886 160.368151 0.000000
1695214881178420125 160.552807 0.000000
1695214881381131148 160.429231 0.000000
1695214881652997056 160.487895 0.000000
1695214881813491569 160.471657 0.000000
1695214881855016254 160.492306 0.000000
1695214881879467103 160.535857 0.000000
1695214882072002948 160.520952 0.000000
1695214882155298787 160.451642 0.000000
1695214882481956367 160.438335 0.000000
1695214882492595768 160.467920 0.000000
1695214882674482318 160.497368 0.000000
1695214882811114674 160.443358 0.000000
1695214882915656809 160.553304 0.000000
1695214883100478608 160.417491 0.000000
1695214883448364085 160.676246 0.000000
1695214883459983809 160.408067 0.000000
1695214883518206268 160.626137 0.000000
1695214883613153284 160.397928 0.000000
1695214883767436650 160.433804 0.000000
1695214883885668328 160.459387 0.000000
1695214884122848800 160.474929 0.000000
1695214884241005316 160.490503 0.000000
1695214884304286643 160.445027 0.000000
1695214884371756351 160.500982 0.000000
1695214884709112273 160.430949 0.000000
1695214884723810167 160.422233 0.000000
1695214884850877028 160.428453 0.000000
1695214884869618190 160.480569 0.000000
1695214884972480200 160.398208 0.000000
1695214884983906329 160.445833 0.000000
1695214884995079426 160.417402 0.000000
1695214885044444901 160.417011 0.000000
1695214885060635976 160.444946 0.000000
1695214885116148501 160.526817 0.000000
1695214885342185929 160.557262 0.000000
1695214885383709891 160.509867 0.000000
1695214885548360553 160.437485 0.000000
1695214885895368395 160.470185 0.000000
1695214886249003195 160.600819 0.000000
1695214886481769261 160.556241 0.000000
1695214886515629808 160.438753 0.000000
1695214886592866027 160.402698 0.000000
1695214886795872999 160.468802 0.000000
1695214886972818199 160.530219 0.000000
1695214887406708192 160.752926 0.000000
1695214887488296667 160.426273 0.000000
1695214887823999887 160.463479 0.000000
1695214888160660798 160.493184 0.000000
1695214888227037500 160.565106 0.000000
1695214888387003849 160.425164 0.000000
1695214888409637700 160.559337 0.000000
1695214888708355243 160.360572 0.000000
1695214888829314474 160.495968 0.000000
1695214888892867252 160.426388 0.000000
1695214889139622935 160.424286 0.000000
1695214889206313537 160.615953 0.000000
1695214889326838864 160.429119 0.000000
1695214889962107569 160.518074 0.000000
1695214890050292838 160.359833 0.000000
1695214890492297571 160.487580 0.000000
1695214890636099913 160.453957 0.000000
1695214890669093449 160.535201 0.000000
1695214890917763793 160.551855 0.000000
1695214890972683154 160.476133 0.000000
1695214891067647561 160.387388 0.000000
1695214891143823660 160.474169 0.000000
1695214891182617591 160.515988 0.000000
1695214891255091869 160.502918 0.000000
1695214891421228249 160.498576 0.000000
1695214891624789463 160.589369 0.000000
1695214891834596852 160.485829 0.000000
1695214891961602680 160.408833 0.000000
1695214891961634619 160.410010 0.000000
1695214891961688508 160.427003 0.000000
1695214892018575629 160.493267 0.000000
1695214892210606358 160.431981 0.000000
1695214892525586017 160.521298 0.000000
1695214892580272998 160.481291 0.000000
1695214892588382177 160.402477 0.000000
1695214892619468513 160.562472 0.000000
1695214892636403554 160.616975 0.000000
1695214892829867375 160.381287 0.000000
1695214892917577885 160.600397 0.000000
1695214893128307338 160.479071 0.000000
1695214893350961440 160.456508 0.000000
1695214893640251520 160.414870 0.000000
1695214893801677706 160.397480 0.000000
1695214893801808631 160.447797 0.000000
1695214893961683000 160.423848 0.000000
1695214894041579744 160.433610 0.000000
1695214894050427034 160.438095 0.000000
1695214894067088387 160.547188 0.000000
1695214894082101483 160.513405 0.000000
1695214894172394779 160.485574 0.000000
1695214894202185013 160.572276 0.000000
1695214894227260388 160.590800 0.000000
1695214894409866110 160.552145 0.000000
1695214894476443694 160.518131 0.000000
1695214894774849195 160.412221 0.000000
1695214894812616338 160.483820 0.000000
1695214894845958686 160.373139 0.000000
1695214895070090211 160.517254 0.000000
1695214895126613048 160.523003 0.000000
1695214895288036183 160.527232 0.000000
1695214895448579317 160.504449 0.000000
1695214895465262096 160.373971 0.000000
1695214895786031070 160.608852 0.000000
1695214895834136642 160.422028 0.000000
1695214896067470505 160.756909 0.000000
1695214896067477483 160.812560 0.000000
1695214896379322261 160.396318 0.000000
1695214896419486621 160.359998 0.000000
1695214896774492300 160.329458 0.000000
1695214896950958646 160.439208 0.000000
1695214897022926494 160.456768 0.000000
1695214897183262173 160.310686 0.000000
1695214897199719770 160.424612 0.000000
1695214897496834073 160.394053 0.000000
1695214897907370415 160.535133 0.000000
1695214897923656561 160.586590 0.000000
1695214897978675745 160.772783 0.000000
1695214898155568455 160.563030 0.000000
1695214898244382935 160.425682 0.000000
1695214898349059063 160.368243 0.000000
1695214898509543184 160.465397 0.000000
1695214898525809724 160.395159 0.000000
1695214898951188756 160.367425 0.000000
1695214899200342383 160.436276 0.000000
1695214899200373280 160.521941 0.000000
1695214899288514226 160.508178 0.000000
1695214899320410511 160.430925 0.000000
1695214899513798460 160.444277 0.000000
1695214899763461872 160.442872 0.000000
1695214899821426430 160.431074 0.000000
1695214900115997004 160.334128 0.000000
1695214900260899264 160.496077 0.000000
1695214900276386526 160.367446 0.000000
1695214900335042430 160.376834 0.000000
1695214900583883602 160.498921 0.000000
1695214900751390555 160.500886 0.000000
1695214900895505665 160.516071 0.000000
1695214900951629034 160.628610 0.000000
1695214901009567144 160.503129 0.000000
1695214901088679627 160.520076 0.000000
1695214901216700259 160.468980 0.000000
1695214901248735513 160.538680 0.000000
1695214901312768292 160.547560 0.000000
1695214901674479569 160.396394 0.000000
1695214901674512089 160.452313 0.000000
1695214901923653502 160.396423 0.000000
1695214901955690451 160.464660 0.000000
1695214902099943899 160.347809 0.000000
1695214902204434078 160.406601 0.000000
1695214902407798235 160.527194 0.000000
1695214902614509081 160.493619 0.000000
1695214902656512388 160.385291 0.000000
1695214902718332510 160.429934 0.000000
1695214902790530477 160.563173 0.000000
1695214902823456718 160.555523 0.000000
1695214902887479809 160.430678 0.000000
1695214902950968658 160.413112 0.000000
1695214902993727604 160.414192 0.000000
1695214903232698204 160.497643 0.000000
1695214903836106559 160.459042 0.000000
1695214903990205996 160.578247 0.000000
1695214904012228674 160.465433 0.000000
1695214904116864256 160.413351 0.000000
1695214904133260843 160.482433 0.000000
1695214904382076184 160.403217 0.000000
1695214904542698517 160.595839 0.000000
1695214904542735036 160.610163 0.000000
1695214904558780903 160.370662 0.000000
1695214904768736336 160.388742 0.000000
1695214904807626343 160.415326 0.000000
1695214904879673480 160.382129 0.000000
1695214904922686229 160.603454 0.000000
1695214904968072380 160.313425 0.000000
1695214905017555979 160.495553 0.000000
1695214905089296457 160.460156 0.000000
1695214905265697054 160.347650 0.000000
1695214905305191094 160.476879 0.000000
1695214905387566152 160.500981 0.000000
1695214905531132260 160.759892 0.000000
1695214905658748567 160.566138 0.000000
1695214905763578846 160.427735 0.000000
1695214906078053300 160.477201 0.000000
1695214906207081920 160.428021 0.000000
1695214906260963739 160.352028 0.000000
1695214906310394015 160.406264 0.000000
1695214906367574210 160.466625 0.000000
1695214906664156345 160.427330 0.000000
1695214906680578357 160.536855 0.000000
1695214906840962681 160.369891 0.000000
1695214907056806009 160.560945 0.000000
1695214907098574556 160.404802 0.000000
1695214907266912975 160.393165 0.000000
1695214907266963102 160.525215 0.000000
1695214907443868452 160.648970 0.000000
1695214907613172194 160.608991 0.000000
1695214907620610037 160.564498 0.000000
1695214907749188301 160.584490 0.000000
1695214907957217818 160.532383 0.000000
1695214908046166632 160.554845 0.000000
1695214908239742562 160.472910 0.000000
1695214908351736777 160.563210 0.000000
1695214908520859157 160.472772 0.000000
1695214908641893351 160.534747 0.000000
1695214908689040676 160.476720 0.000000
1695214908825197716 160.439372 0.000000
1695214908841903262 160.560213 0.000000
1695214908962589914 160.424048 0.000000
1695214909002417332 160.481480 0.000000
1695214909018631024 160.530599 0.000000
1695214909283704950 160.413643 0.000000
1695214909414063758 160.498383 0.000000
1695214909532573111 160.432851 0.000000
1695214909781416497 160.523188 0.000000
1695214910029160712 160.495502 0.000000
1695214910079367698 160.528404 0.000000
1695214910271887403 160.390461 0.000000
1695214910352123730 160.371356 0.000000
1695214910454717435 160.500203 0.000000
1695214910505159544 160.421926 0.000000
1695214910513538639 160.353671 0.000000
1695214910601014540 160.444078 0.000000
1695214910664592015 160.514356 0.000000
1695214910857396472 160.454462 0.000000
1695214910874596592 160.409618 0.000000
1695214910900520806 160.426396 0.000000
1695214910923909611 160.478893 0.000000
1695214910930791998 160.545113 0.000000
1695214911091165898 160.347854 0.000000
1695214911172861482 160.506769 0.000000
1695214911203334810 160.406430 0.000000
1695214911380961497 160.535155 0.000000
1695214911540608613 160.518721 0.000000
1695214911548138956 160.448655 0.000000
1695214911958836391 160.447511 0.000000
1695214912095027765 160.678772 0.000000
1695214912101910310 160.399798 0.000000
1695214912504439957 160.466475 0.000000
1695214912753646014 160.555237 0.000000
1695214912796234597 160.539069 0.000000
1695214912996790868 160.355943 0.000000
1695214913035220744 160.464190 0.000000
1695214913123673219 160.511801 0.000000
1695214913316575508 160.539936 0.000000
1695214913398811895 160.557802 0.000000
1695214913422414687 160.433248 0.000000
1695214913460611071 160.357477 0.000000
1695214913620991617 160.367224 0.000000
1695214913801089719 160.495648 0.000000
1695214914112041969 160.513475 0.000000
1695214914425890361 160.392000 0.000000
1695214914521077625 160.394916 0.000000
1695214914593675006 160.579212 0.000000
1695214914763536093 160.541374 0.000000
1695214914820501929 160.390673 0.000000
1695214915013768692 160.524507 0.000000
1695214915035339145 160.428136 0.000000
1695214915111064542 160.433103 0.000000
1695214915140363164 160.577548 0.000000
1695214915212180818 160.515148 0.000000
1695214915422864222 160.526483 0.000000
1695214915654894500 160.391330 0.000000
1695214915776189709 160.352291 0.000000
1695214915808375047 160.455334 0.000000
1695214915888733405 160.415845 0.000000
1695214915968717553 160.317607 0.000000
1695214915969989101 160.303772 0.000000
1695214916139682832 160.402471 0.000000
1695214916201990215 160.618142 0.000000
1695214916241167464 160.497516 0.000000
1695214916290590634 160.424673 0.000000
1695214916597666090 160.468584 0.000000
1695214916837365237 160.372335 0.000000
1695214917069241776 160.388084 0.000000
1695214917095716666 160.468244 0.000000
1695214917109025056 160.550931 0.000000
1695214917157661377 160.471823 0.000000
1695214917465017552 160.526298 0.000000
1695214917551473628 160.450546 0.000000
1695214917623073064 160.477671 0.000000
1695214917664298879 160.523703 0.000000
1695214917760085677 160.324425 0.000000
1695214917848316873 160.415947 0.000000
1695214917881273850 160.354399 0.000000
1695214917976854972 160.361143 0.000000
1695214918122741723 160.480239 0.000000
1695214918218068506 160.518295 0.000000
1695214918548353062 160.510021 0.000000
1695214918699954226 160.600234 0.000000
1695214918741516819 160.343826 0.000000
1695214919158068015 160.555486 0.000000
1695214919504586299 160.675877 0.000000
1695214919681994518 160.415421 0.000000
1695214919705166244 160.405816 0.000000
1695214919760325142 160.474974 0.000000
1695214919832498722 160.481795 0.000000
1695214919953893618 160.411117 0.000000
1695214919970256653 160.464252 0.000000
1695214920186080926 160.398877 0.000000
1695214920188423038 160.330168 0.000000
1695214920195796910 160.381433 0.000000
1695214920202863463 160.622832 0.000000
1695214920548947882 160.616273 0.000000
1695214920621023906 160.508698 0.000000
1695214920869969638 160.528167 0.000000
1695214920967595405 160.434366 0.000000
1695214921031531153 160.395350 0.000000
1695214921054038780 160.672894 0.000000
1695214921200442996 160.380406 0.000000
1695214921304837744 160.508432 0.000000
1695214921312263164 160.484251 0.000000
1695214921318993713 160.400442 0.000000
1695214921568246348 160.553511 0.000000
1695214921818907336 160.488320 0.000000
1695214921954428849 160.442627 0.000000
1695214922098198371 160.371983 0.000000
1695214922202860259 160.449147 0.000000
1695214922628514113 160.395751 0.000000
1695214922654647231 160.552368 0.000000
1695214922693698660 160.300240 0.000000
1695214922821406606 160.317789 0.000000
1695214922870409974 160.332679 0.000000
1695214922943062972 160.388057 0.000000
1695214923014993395 160.575124 0.000000
1695214923174864481 160.509572 0.000000
1695214923319367367 160.524041 0.000000
1695214923319367452 160.584394 0.000000
1695214923407510287 160.431104 0.000000
1695214923745024141 160.494384 0.000000
1695214924189078821 160.432030 0.000000
1695214924485295845 160.401554 0.000000
1695214924511376080 160.549582 0.000000
1695214924662053752 160.475992 0.000000
1695214924701494864 160.501096 0.000000
1695214924879785409 160.354035 0.000000
1695214925087618467 160.549698 0.000000
1695214925158736693 160.389383 0.000000
1695214925385618048 160.471263 0.000000
1695214925417927530 160.472494 0.000000
1695214925522074465 160.490831 0.000000
1695214925689355092 160.594296 0.000000
