1694353392714392994 72.376549 2119.555928 2120 159 0.000000
1694353393726750919 72.428719 2125.730087 2152 160 0.000000
1694353394740607002 72.487642 2113.712559 2143 160 0.000000
1694353395754619989 72.652293 2114.371304 2144 160 0.000000
1694353396765241596 72.767778 2098.708390 2121 160 0.000000
1694353397780156700 72.869536 2078.006336 2109 160 0.000000
1694353398792800706 72.898823 2088.591711 2115 160 0.000000
1694353399805227367 73.404863 2049.531051 2075 160 0.000000
1694353400821224219 73.451822 2054.140401 2087 160 0.000000
1694353401833229016 73.185200 2031.610988 2056 160 0.000000
1694353402844343813 73.249077 2038.344151 2061 160 0.000000
1694353403859005371 73.440222 2014.464875 2044 160 0.000000
1694353404874356232 73.583964 2002.263531 2033 160 0.000000
1694353405886674923 73.170029 2005.297310 2030 160 0.000000
1694353406899135742 73.704723 1970.446608 1995 160 0.000000
1694353407914354961 73.850399 1958.197555 1988 159 0.000000
1694353408928360076 74.307220 1981.252587 2009 159 0.000000
1694353409941688268 74.395827 1959.878318 1986 160 0.000000
1694353410953803318 74.101840 1975.071927 1999 160 0.000000
1694353411969329308 73.758718 1969.422783 2000 160 0.000000
1694353412977453444 74.188420 1971.979371 1988 160 0.000000
1694353413992181717 73.480631 1998.564437 2028 160 0.000000
1694353415002261233 74.021216 1959.251753 1979 160 0.000000
1694353416013154374 73.582384 1956.685380 1978 160 0.000000
1694353417025391822 73.946857 1948.159752 1972 160 0.000000
1694353418036499128 73.611122 1961.216207 1983 160 0.000000
1694353419046192067 73.621316 1957.030521 1976 160 0.000000
1694353420056927036 74.257318 1914.448353 1935 160 0.000000
1694353421070422052 75.920529 1913.181716 1939 160 0.000000
1694353422082316652 74.016132 1938.937004 1962 160 0.000000
1694353423089142868 73.481250 1968.562238 1982 160 0.000000
1694353424103946950 74.237756 1938.305110 1967 160 0.000000
1694353425114478365 73.402430 1949.469439 1970 160 0.000000
1694353426128894223 73.700669 1954.819650 1983 160 0.000000
1694353427141804688 73.390326 1939.954298 1965 160 0.000000
1694353428152918660 73.575109 1934.500057 1956 160 0.000000
1694353429163938987 73.980601 1902.038821 1923 160 0.000000
1694353430183118336 73.703887 1901.529952 1938 160 0.000000
1694353431196324109 74.223844 1884.118679 1909 160 0.000000
1694353432211145977 74.200460 1896.884621 1925 160 0.000000
1694353433223154530 73.844876 1878.442628 1901 160 0.000000
1694353434235757276 73.791778 1873.390142 1897 159 0.000000
1694353435252511866 73.825655 1896.229501 1928 160 0.000000
1694353436265554239 73.837170 1865.667283 1890 160 0.000000
1694353437273820457 73.431547 1887.398247 1903 160 0.000000
1694353438281807001 73.962698 1856.175729 1871 160 0.000000
1694353439286609087 74.047936 1867.033987 1876 160 0.000000
1694353440301268724 73.797993 1863.679394 1891 160 0.000000
1694353441311758200 74.051672 1883.245732 1903 160 0.000000
1694353442326319529 73.957743 1827.390746 1854 160 0.000000
1694353443336080614 73.718248 1856.874938 1875 160 0.000000
1694353444349803398 73.982711 1839.753472 1865 160 0.000000
1694353445365559790 73.997117 1823.271863 1852 160 0.000000
1694353446375150605 73.802320 1858.178450 1876 160 0.000000
1694353447385975296 73.809432 1832.167364 1852 160 0.000000
1694353448400043780 73.149971 1812.500859 1838 160 0.000000
1694353449410554160 73.303720 1808.986943 1828 160 0.000000
1694353450421003049 74.076291 1764.562244 1783 160 0.000000
1694353451427788585 73.079801 1784.888534 1797 160 0.000000
1694353452442990368 73.724380 1734.630457 1761 160 0.000000
1694353453457180313 73.565776 1764.955514 1790 160 0.000000
1694353454472331966 73.706125 1724.865330 1751 160 0.000000
1694353455486597175 73.312795 1710.597931 1735 159 0.000000
1694353456498128253 73.115375 1723.130287 1743 160 0.000000
1694353457509679401 73.239980 1690.473286 1710 160 0.000000
1694353458524270226 73.058847 1679.494777 1704 160 0.000000
1694353459538437654 73.089070 1682.168056 1706 160 0.000000
1694353460550002807 73.476382 1664.746874 1684 160 0.000000
1694353461558844923 73.215940 1688.073956 1703 160 0.000000
1694353462571938212 73.130050 1670.132440 1692 160 0.000000
1694353463582563826 73.338873 1660.357706 1678 159 0.000000
1694353464590800173 73.040850 1666.275945 1680 160 0.000000
1694353465603489484 73.431449 1646.111881 1667 160 0.000000
1694353466613362778 73.012074 1629.907504 1646 160 0.000000
1694353467623979991 72.982578 1621.781321 1639 160 0.000000
1694353468631958266 73.293483 1579.399032 1592 160 0.000000
1694353469642241220 73.233070 1588.663849 1605 160 0.000000
1694353470654884565 73.694657 1548.422852 1568 160 0.000000
1694353471660511306 73.188202 1534.366453 1543 160 0.000000
1694353472670270194 73.058192 1533.039242 1548 160 0.000000
1694353473679343871 72.878870 1536.062261 1550 160 0.000000
1694353474686902497 73.950088 1486.762177 1498 160 0.000000
1694353475698974123 73.080456 1504.834079 1523 160 0.000000
1694353476711306454 72.992379 1479.750873 1498 160 0.000000
1694353477726887325 73.288289 1492.742152 1516 160 0.000000
1694353478738726328 73.161119 1462.683359 1480 160 0.000000
1694353479751456389 73.378014 1471.270593 1490 160 0.000000
1694353480764882602 73.260461 1472.233480 1492 160 0.000000
1694353481774422459 73.231368 1449.175142 1463 160 0.000000
1694353482783689617 73.054078 1470.373710 1484 160 0.000000
1694353483791191331 73.079158 1456.077007 1467 159 0.000000
1694353484797385494 73.272119 1461.944485 1471 160 0.000000
1694353485807574246 72.899804 1444.284459 1459 160 0.000000
1694353486818033882 73.005891 1437.959496 1453 160 0.000000
1694353487830117174 73.240436 1464.306424 1482 160 0.000000
1694353488836722791 73.005621 1438.497816 1448 160 0.000000
1694353489849342616 72.937852 1444.767332 1463 160 0.000000
1694353490855296511 72.824929 1434.459097 1443 160 0.000000
1694353491869934180 72.937697 1422.182812 1443 160 0.000000
1694353492878107398 72.782507 1427.333801 1439 160 0.000000
1694353493890344550 72.784857 1417.652159 1435 159 0.000000
1694353494901513311 72.834383 1410.249310 1426 160 0.000000
1694353495913870456 72.643329 1410.569384 1428 160 0.000000
1694353496923005548 72.991180 1408.136529 1421 160 0.000000
1694353497930748193 72.834053 1383.289708 1394 160 0.000000
1694353498940941065 72.757363 1383.893943 1398 160 0.000000
1694353499946706612 73.072773 1354.192556 1362 160 0.000000
1694353500959318063 73.064605 1361.825408 1379 160 0.000000
1694353501969570871 72.734002 1362.035284 1376 160 0.000000
1694353502980259488 72.857706 1350.564149 1365 160 0.000000
1694353503992955281 72.853958 1355.787386 1373 160 0.000000
1694353504997867473 75.036359 1346.386348 1353 160 0.000000
1694353506009825098 73.958367 1273.768502 1289 160 0.000000
1694353507021943847 73.231272 1321.979443 1338 160 0.000000
1694353508034418914 73.097280 1307.686602 1324 160 0.000000
1694353509040581035 73.124723 1270.173024 1278 159 0.000000
1694353510049955233 72.844573 1280.001059 1292 160 0.000000
1694353511054978333 72.738962 1279.572338 1286 160 0.000000
1694353512067215979 72.940891 1276.380275 1292 160 0.000000
1694353513075833909 73.106400 1270.054767 1281 160 0.000000
1694353514085241897 72.753775 1277.976858 1290 160 0.000000
1694353515090366530 72.826306 1280.438171 1287 160 0.000000
1694353516101215448 72.741952 1269.230263 1283 160 0.000000
1694353517109272008 72.702683 1252.905908 1263 160 0.000000
1694353518114539923 72.778542 1244.444311 1251 160 0.000000
1694353519125940294 72.809193 1237.887695 1252 160 0.000000
1694353520130131439 72.844999 1230.841292 1236 160 0.000000
1694353521139567895 72.852025 1234.352097 1246 160 0.000000
1694353522150293010 72.873667 1230.799555 1244 160 0.000000
1694353523157365315 72.933733 1234.270851 1243 159 0.000000
1694353524164544963 72.808290 1218.253163 1227 160 0.000000
1694353525180090931 73.257313 1221.018350 1240 160 0.000000
1694353526184639117 72.819045 1214.476269 1220 160 0.000000
1694353527194797810 72.889376 1210.700860 1223 159 0.000000
1694353528204575347 72.803136 1209.177160 1221 160 0.000000
1694353529215346870 72.802776 1193.148055 1206 160 0.000000
1694353530222270327 72.735771 1197.707658 1206 160 0.000000
1694353531233379999 72.920678 1185.825972 1199 160 0.000000
1694353532244640478 72.774793 1168.838240 1182 160 0.000000
1694353533252235162 72.671714 1164.158624 1173 160 0.000000
1694353534258182987 72.668067 1158.111710 1165 160 0.000000
1694353535266278018 72.716441 1144.733413 1154 160 0.000000
1694353536274492508 73.009046 1125.752499 1135 160 0.000000
1694353537282899830 72.699202 1148.345493 1158 160 0.000000
1694353538293354360 72.709404 1143.049901 1155 160 0.000000
1694353539300238655 72.591197 1140.150900 1148 160 0.000000
1694353540307029305 72.828389 1122.378290 1130 160 0.000000
1694353541319109454 72.786553 1122.440803 1136 160 0.000000
1694353542325246190 72.740697 1126.089456 1133 160 0.000000
1694353543333196712 72.720281 1131.999991 1141 160 0.000000
1694353544341527666 72.627635 1121.655537 1131 160 0.000000
1694353545350915282 73.089539 1125.434870 1136 159 0.000000
1694353546359066272 72.502472 1119.871956 1129 160 0.000000
1694353547370375814 72.639448 1118.351900 1131 160 0.000000
1694353548377913307 72.686258 1109.636168 1118 160 0.000000
1694353549387462143 72.730468 1096.529427 1107 160 0.000000
1694353550396164859 72.738558 1099.431784 1109 160 0.000000
1694353551401403186 72.594377 1089.294075 1095 160 0.000000
1694353552407653744 72.542240 1086.210585 1093 160 0.000000
1694353553415096518 72.584700 1085.917689 1094 160 0.000000
1694353554423228499 72.563994 1088.151250 1097 160 0.000000
1694353555432551633 72.677197 1089.839291 1100 160 0.000000
1694353556441772874 72.591719 1086.976727 1097 160 0.000000
1694353557449420383 72.796652 1069.818550 1078 160 0.000000
1694353558454029066 72.922924 1076.040701 1081 160 0.000000
1694353559462257167 72.805290 1067.218916 1076 160 0.000000
1694353560474305952 72.620461 1064.177997 1077 160 0.000000
1694353561481225621 72.591818 1044.770512 1052 160 0.000000
