1693787017276539918 269.881691 0.000000
1693787017346583874 333.820353 0.000000
1693787017359231689 330.904252 0.000000
1693787017359284656 335.943883 0.000000
1693787017359319678 335.779084 0.000000
1693787017359339001 335.724145 0.000000
1693787017359365384 335.652469 0.000000
1693787017359386081 335.880610 0.000000
1693787017359429553 321.922852 0.000000
1693787017396248303 355.488342 0.000000
1693787017396668600 337.672992 0.000000
1693787017415106411 329.038360 0.000000
1693787017415135347 337.400351 0.000000
1693787017428629651 238.650599 0.000000
1693787017442151195 222.593629 0.000000
1693787017769024555 477.287162 0.000000
1693787018480712475 1097.239236 0.000000
1693787018499958789 1123.130293 0.000000
1693787018581117469 1207.015334 0.000000
1693787018695732078 1280.901523 0.000000
1693787018696815818 1259.400446 0.000000
1693787018705214144 1196.312816 0.000000
1693787018714690353 1171.981843 0.000000
1693787019404872171 1477.727840 0.000000
1693787019425033015 1398.677596 0.000000
1693787019885829222 1171.137343 0.000000
1693787019936549412 1050.019014 0.000000
1693787019936584654 1052.733275 0.000000
1693787020082247778 1024.331781 0.000000
1693787020127364136 1016.460186 0.000000
1693787020127448305 994.082940 0.000000
1693787020127475218 999.000588 0.000000
1693787020127501672 986.911909 0.000000
1693787020127554127 987.200838 0.000000
1693787020127838500 991.105986 0.000000
1693787020128574186 993.621517 0.000000
1693787020128593232 994.172041 0.000000
1693787020151616874 927.001339 0.000000
1693787020152262576 924.717124 0.000000
1693787020152288184 924.843599 0.000000
1693787020152398207 910.568667 0.000000
1693787020152441821 911.043031 0.000000
1693787020152467000 911.087217 0.000000
1693787020152494575 911.379271 0.000000
1693787020152527032 911.648923 0.000000
1693787020152552211 911.600012 0.000000
1693787020197458046 890.971454 0.000000
1693787020197901712 891.434788 0.000000
1693787020199371554 680.590807 0.000000
1693787020199421138 670.045763 0.000000
1693787020332975113 707.583427 0.000000
1693787020477974479 784.472899 0.000000
1693787020478028081 785.773309 0.000000
1693787020496081365 790.163787 0.000000
1693787020496157666 791.075545 0.000000
1693787020660091155 722.327125 0.000000
1693787020825338339 697.782575 0.000000
1693787020825417647 697.914635 0.000000
1693787020825489509 698.123296 0.000000
1693787020825888383 696.764170 0.000000
1693787020842677026 334.582250 0.000000
1693787020853051513 700.608032 0.000000
1693787020883185315 323.656411 0.000000
1693787020883218505 324.230258 0.000000
1693787020883243893 324.556064 0.000000
1693787020883348989 317.375532 0.000000
1693787020883393976 312.787883 0.000000
1693787020883422814 312.716294 0.000000
1693787020883450529 312.913118 0.000000
1693787020883478155 314.025154 0.000000
1693787020883504218 315.028338 0.000000
1693787020883565804 315.195660 0.000000
1693787020883624819 316.826353 0.000000
1693787020883667790 316.887984 0.000000
1693787020883722523 317.256502 0.000000
1693787020883770234 317.383851 0.000000
1693787020884549488 318.992760 0.000000
1693787020887263461 247.045281 0.000000
1693787020903553306 706.093849 0.000000
1693787020906473013 707.099657 0.000000
1693787020906559481 707.137134 0.000000
1693787020911446383 196.137252 0.000000
1693787020911487907 196.211944 0.000000
1693787020911659771 180.525055 0.000000
1693787021003477961 176.662242 0.000000
1693787021003641043 176.618283 0.000000
1693787021004237030 177.184824 0.000000
1693787021019870464 177.191687 0.000000
1693787021060566658 177.321098 0.000000
1693787021061915052 178.288636 0.000000
1693787021061942806 178.592470 0.000000
1693787021064059411 176.794434 0.000000
1693787021065458104 177.214631 0.000000
1693787021088267076 176.819071 0.000000
1693787021141466012 177.062424 0.000000
1693787021141730906 176.964723 0.000000
1693787021149373659 176.667155 0.000000
1693787021238676422 176.731987 0.000000
1693787021442945647 176.996557 0.000000
1693787021782439681 177.256914 0.000000
1693787021782550792 176.865714 0.000000
1693787021782849130 176.637362 0.000000
1693787021784082413 177.046788 0.000000
1693787021784759354 176.783946 0.000000
1693787021785780143 177.423451 0.000000
1693787021786373141 176.757111 0.000000
1693787021787130994 177.316038 0.000000
1693787021787360979 176.811205 0.000000
1693787021787478983 176.901415 0.000000
1693787021788119116 177.287723 0.000000
1693787021788231112 176.727292 0.000000
1693787021788587557 177.005687 0.000000
1693787021788783130 176.645405 0.000000
1693787021789050954 176.803951 0.000000
1693787021789927230 176.756030 0.000000
1693787021791190902 177.722959 0.000000
1693787021791545691 178.130467 0.000000
1693787021791904497 178.234364 0.000000
1693787021801530372 176.632997 0.000000
1693787021802371885 177.352846 0.000000
1693787021802694365 177.293040 0.000000
1693787021803443876 177.847903 0.000000
1693787021803675749 177.761180 0.000000
1693787021804474252 178.477214 0.000000
1693787021805177929 178.711337 0.000000
1693787021806171229 179.609947 0.000000
1693787021806652021 179.847523 0.000000
1693787021807534753 180.623650 0.000000
1693787021808521924 178.754939 0.000000
1693787021808909896 179.068018 0.000000
1693787021810437184 180.274194 0.000000
1693787021810469420 180.134329 0.000000
1693787021873915507 176.702078 0.000000
1693787021890396534 176.757024 0.000000
1693787021890652059 176.727289 0.000000
1693787021900313146 176.788799 0.000000
1693787021964008902 176.646317 0.000000
1693787021968523846 176.617756 0.000000
1693787021980648056 176.970288 0.000000
1693787021987797376 177.326364 0.000000
1693787022073267640 177.017079 0.000000
1693787022261765842 185.539484 0.000000
1693787022771747499 177.040940 0.000000
1693787022771966212 177.211742 0.000000
1693787022772252498 176.713714 0.000000
1693787022772858789 177.061735 0.000000
1693787022773449472 177.523378 0.000000
1693787022773595983 177.583065 0.000000
1693787022774288088 177.752019 0.000000
1693787022774471475 177.157083 0.000000
1693787022775779472 177.351068 0.000000
1693787022775798686 177.341504 0.000000
1693787022776742111 177.048518 0.000000
1693787022778023150 176.958679 0.000000
1693787022778698416 177.492370 0.000000
1693787022780145953 177.673727 0.000000
1693787022781274969 177.323071 0.000000
1693787022781736548 177.647722 0.000000
1693787022782269778 177.497779 0.000000
1693787022783035229 176.721026 0.000000
1693787022783456549 176.732588 0.000000
1693787022784144815 176.809407 0.000000
1693787022784981040 176.793214 0.000000
1693787022785486425 177.118712 0.000000
1693787022785543518 176.697466 0.000000
1693787022786028531 177.131236 0.000000
1693787022786132358 176.715704 0.000000
1693787022786687940 176.662775 0.000000
1693787022786821060 176.747894 0.000000
1693787022787142793 176.921052 0.000000
1693787022787626694 177.288987 0.000000
1693787022864154093 177.190353 0.000000
1693787022867217438 177.720662 0.000000
1693787022867569146 177.610005 0.000000
1693787022869502518 177.323367 0.000000
1693787022873001607 176.958960 0.000000
1693787022874359461 176.614228 0.000000
1693787022877304772 176.941133 0.000000
1693787022949455746 177.465854 0.000000
1693787022951448446 177.995887 0.000000
1693787022957446568 177.297653 0.000000
1693787022958244819 176.966042 0.000000
1693787022964193005 177.500420 0.000000
1693787023051326329 176.963144 0.000000
1693787023055717092 177.864030 0.000000
1693787023134259037 176.808090 0.000000
1693787023232817526 177.095086 0.000000
1693787023410085669 177.259534 0.000000
1693787023632863841 177.148410 0.000000
1693787023633806970 177.201935 0.000000
1693787023634828882 177.011557 0.000000
1693787023636820209 178.806483 0.000000
1693787023637798138 177.927658 0.000000
1693787023638109568 176.695573 0.000000
1693787023638986758 176.781889 0.000000
1693787023640120795 176.820719 0.000000
1693787023640370361 176.983893 0.000000
1693787023640894415 176.954269 0.000000
1693787023642127167 177.666505 0.000000
1693787023642386856 177.532213 0.000000
1693787023643156526 176.782364 0.000000
1693787023643270607 176.792543 0.000000
1693787023644010152 177.481851 0.000000
1693787023644404189 177.638466 0.000000
1693787023644702317 177.229374 0.000000
1693787023644948635 177.288431 0.000000
1693787023646163776 178.463941 0.000000
1693787023646313695 178.564169 0.000000
1693787023647421572 178.064822 0.000000
1693787023647477818 178.475482 0.000000
1693787023647502566 177.554175 0.000000
1693787023647529358 177.672274 0.000000
1693787023647601451 176.925367 0.000000
1693787023648181660 177.269994 0.000000
1693787023648785565 177.681345 0.000000
1693787023648918499 177.399620 0.000000
1693787023649609436 176.883841 0.000000
1693787023649920059 176.681675 0.000000
1693787023650083770 176.700664 0.000000
1693787023651009708 177.147950 0.000000
1693787023651225480 177.011753 0.000000
1693787023653679514 177.139615 0.000000
1693787023724675687 177.229739 0.000000
1693787023732238388 177.728846 0.000000
1693787023733889623 177.704665 0.000000
1693787023736642727 176.837894 0.000000
1693787023810189413 177.320326 0.000000
1693787023811599699 176.761019 0.000000
1693787023814707478 176.848693 0.000000
1693787023820269164 180.144138 0.000000
1693787023825433035 179.263576 0.000000
1693787023825535854 176.744992 0.000000
1693787023827823541 176.810971 0.000000
1693787023828077146 176.846829 0.000000
1693787023909208675 178.158751 0.000000
1693787023911004311 177.347544 0.000000
1693787023997190291 176.912232 0.000000
1693787024599009315 178.056733 0.000000
1693787024599520243 178.358526 0.000000
1693787024600598807 178.361473 0.000000
1693787024600631689 179.581174 0.000000
1693787024601958971 178.790420 0.000000
1693787024603682545 179.077317 0.000000
1693787024606171284 181.102734 0.000000
1693787024608335037 181.667668 0.000000
1693787024610463869 180.019228 0.000000
1693787024610607628 178.035759 0.000000
1693787024610714191 177.541886 0.000000
1693787024611731973 177.415493 0.000000
1693787024611770142 177.439823 0.000000
1693787024611975314 177.055103 0.000000
1693787024614885633 177.597130 0.000000
1693787024615623234 177.038088 0.000000
1693787024616679100 176.796316 0.000000
1693787024617081416 177.306493 0.000000
1693787024617910324 176.928574 0.000000
1693787024618631537 177.260201 0.000000
1693787024620533541 176.789034 0.000000
1693787024622255501 177.318732 0.000000
1693787024623552338 177.061423 0.000000
1693787024623868448 177.247330 0.000000
1693787024623890860 176.929882 0.000000
1693787024624221900 176.926620 0.000000
1693787024624853940 176.831273 0.000000
1693787024626141911 177.100504 0.000000
1693787024626530134 177.295874 0.000000
1693787024627055852 177.159472 0.000000
1693787024687653603 177.121188 0.000000
1693787024693080146 176.882141 0.000000
1693787024694117484 176.804901 0.000000
1693787024698684141 176.894093 0.000000
1693787024702868384 176.642505 0.000000
1693787024719655135 177.022994 0.000000
1693787024781360984 177.675572 0.000000
1693787024787784310 177.048634 0.000000
1693787024788613639 176.891323 0.000000
1693787024788970850 176.992508 0.000000
1693787024792595455 176.969424 0.000000
1693787024795023062 177.110147 0.000000
1693787024795606368 177.651050 0.000000
1693787024797322906 176.784299 0.000000
1693787024799372534 176.986348 0.000000
1693787024800551616 176.655795 0.000000
1693787024803877528 176.813957 0.000000
1693787024864959565 177.299748 0.000000
1693787024883848336 177.300440 0.000000
1693787024938303254 176.966914 0.000000
1693787024965488177 176.865893 0.000000
1693787024965914017 176.926740 0.000000
1693787025142937107 177.018253 0.000000
1693787025434106011 177.370432 0.000000
1693787025435025179 177.632035 0.000000
1693787025439724564 179.451618 0.000000
1693787025441966389 181.654016 0.000000
1693787025442123509 181.381847 0.000000
1693787025443703219 181.341113 0.000000
1693787025444088770 179.202098 0.000000
1693787025444575427 179.212748 0.000000
1693787025444652903 178.852123 0.000000
1693787025444846147 178.827651 0.000000
1693787025444870804 178.500476 0.000000
1693787025445873813 179.250656 0.000000
1693787025446051842 178.336925 0.000000
1693787025449748621 176.842725 0.000000
1693787025450086276 177.006465 0.000000
1693787025450367956 177.021109 0.000000
1693787025450613583 177.182736 0.000000
1693787025450746898 177.061153 0.000000
1693787025450799540 176.862861 0.000000
1693787025451274149 177.215672 0.000000
1693787025451388756 176.783186 0.000000
1693787025451847242 177.128479 0.000000
1693787025452367853 176.997419 0.000000
1693787025452437054 176.887428 0.000000
1693787025453237371 177.736498 0.000000
1693787025456292136 176.773439 0.000000
1693787025537008263 177.070940 0.000000
1693787025540415684 176.886240 0.000000
1693787025619195938 177.067308 0.000000
1693787025620564436 176.854407 0.000000
1693787025622139425 177.289398 0.000000
1693787025626748405 176.995425 0.000000
1693787025627628929 177.539099 0.000000
1693787025628113486 177.363671 0.000000
1693787025628190846 177.820008 0.000000
1693787025628438627 177.635929 0.000000
1693787025633125800 176.830155 0.000000
1693787025773723478 176.853004 0.000000
1693787025797418909 176.850353 0.000000
1693787025974644579 177.220929 0.000000
1693787026397251907 179.188315 0.000000
1693787026397450193 179.218576 0.000000
1693787026398137091 177.762309 0.000000
1693787026402168298 180.193167 0.000000
1693787026402180557 181.676824 0.000000
1693787026402616907 179.746845 0.000000
1693787026404285217 181.192587 0.000000
1693787026404453073 179.908255 0.000000
1693787026404545914 178.698506 0.000000
1693787026404757426 178.693074 0.000000
1693787026404786729 178.901228 0.000000
1693787026405029403 178.886870 0.000000
1693787026405062951 178.797195 0.000000
1693787026405158343 178.897263 0.000000
1693787026405632807 178.434387 0.000000
1693787026407676165 178.116362 0.000000
1693787026407835195 178.317911 0.000000
1693787026407953234 178.402893 0.000000
1693787026408546665 178.371776 0.000000
1693787026409257353 178.922081 0.000000
1693787026409286916 178.866783 0.000000
1693787026409820277 178.142593 0.000000
1693787026410023475 177.572217 0.000000
1693787026410024312 177.368042 0.000000
1693787026412001630 177.889615 0.000000
1693787026412485305 176.898840 0.000000
1693787026413739823 177.239408 0.000000
1693787026415726469 176.503601 0.000000
1693787026494014895 177.829419 0.000000
1693787026497289647 177.058106 0.000000
1693787026501188662 176.962749 0.000000
1693787026574571456 177.117640 0.000000
1693787026581825193 177.274875 0.000000
1693787026588809244 176.802907 0.000000
1693787026589846366 177.353619 0.000000
1693787026673757720 176.947363 0.000000
1693787027308717369 177.275507 0.000000
1693787027309044224 177.452188 0.000000
1693787027309733552 177.269047 0.000000
1693787027309902595 177.136524 0.000000
1693787027310743541 177.648690 0.000000
1693787027312919207 178.263469 0.000000
1693787027315409955 177.780636 0.000000
1693787027317955957 177.885009 0.000000
1693787027319333025 178.373260 0.000000
1693787027320527033 178.081561 0.000000
1693787027320724021 178.216886 0.000000
1693787027321615033 178.770699 0.000000
1693787027321817249 178.458633 0.000000
1693787027322030159 176.846057 0.000000
1693787027322821580 176.836525 0.000000
1693787027323024502 177.042855 0.000000
1693787027323487314 177.758104 0.000000
1693787027324721053 177.234657 0.000000
1693787027326030008 177.276573 0.000000
1693787027326404955 177.200637 0.000000
1693787027327197514 177.198412 0.000000
1693787027328168121 176.737671 0.000000
1693787027328655911 176.763796 0.000000
1693787027329023692 176.961151 0.000000
1693787027329079481 176.876750 0.000000
1693787027330048636 177.126205 0.000000
1693787027330359248 177.290742 0.000000
1693787027330733143 176.924044 0.000000
1693787027331064258 177.231409 0.000000
1693787027331664840 177.185768 0.000000
1693787027332270273 176.528073 0.000000
1693787027398768875 177.235208 0.000000
1693787027400688190 176.787181 0.000000
1693787027411560829 177.793195 0.000000
1693787027415826597 177.159492 0.000000
1693787027419634368 177.264601 0.000000
1693787027420238438 177.141234 0.000000
1693787027485451220 176.728303 0.000000
1693787027486839915 177.102523 0.000000
1693787027491890036 177.048138 0.000000
1693787027499001919 177.180826 0.000000
1693787027499840620 176.811798 0.000000
1693787027500612525 177.122004 0.000000
1693787027504962754 176.790893 0.000000
1693787027506276760 177.245401 0.000000
1693787027506868923 176.816654 0.000000
1693787027588351628 176.879931 0.000000
1693787027588459348 176.890571 0.000000
1693787027596340135 176.702143 0.000000
1693787027677390057 176.744721 0.000000
1693787027690899702 176.921969 0.000000
1693787027765365356 176.900870 0.000000
1693787027770369625 176.886597 0.000000
1693787027947475421 177.100569 0.000000
1693787028177717454 177.180214 0.000000
1693787028180893707 177.390078 0.000000
1693787028181191104 177.444078 0.000000
1693787028181656426 177.942487 0.000000
1693787028183345841 178.551875 0.000000
1693787028183408156 178.435053 0.000000
1693787028183650464 178.509050 0.000000
1693787028183891460 178.449687 0.000000
1693787028184488684 179.075272 0.000000
1693787028184994982 179.081357 0.000000
1693787028185109744 179.034869 0.000000
1693787028185594271 179.513742 0.000000
1693787028185733043 178.939883 0.000000
1693787028186123898 179.257471 0.000000
1693787028186270103 179.288188 0.000000
1693787028186348410 178.335687 0.000000
1693787028186994999 178.920853 0.000000
1693787028188019587 179.707688 0.000000
1693787028188025240 179.673850 0.000000
1693787028188630563 179.479117 0.000000
1693787028188714819 179.495871 0.000000
1693787028190797629 179.509613 0.000000
1693787028191227624 179.711663 0.000000
1693787028191288766 179.693024 0.000000
1693787028191565810 179.609029 0.000000
1693787028192154244 179.586421 0.000000
1693787028194308710 181.236800 0.000000
1693787028194387493 180.107574 0.000000
1693787028269785235 176.925582 0.000000
1693787028270746306 176.988483 0.000000
1693787028275450037 177.626898 0.000000
1693787028276999566 177.796528 0.000000
1693787028278281338 177.719885 0.000000
1693787028305792865 176.841948 0.000000
1693787028358749062 177.092886 0.000000
1693787028363376370 176.992493 0.000000
1693787028368733546 178.799446 0.000000
1693787028369615683 178.379740 0.000000
1693787028371390170 176.991887 0.000000
1693787028451330824 177.030772 0.000000
1693787028535773474 177.018810 0.000000
1693787028712972702 177.194226 0.000000
1693787029044755110 177.128224 0.000000
1693787029045841908 176.629549 0.000000
1693787029046151829 176.854783 0.000000
1693787029047003214 177.114232 0.000000
1693787029048354156 176.942768 0.000000
1693787029048426299 177.087234 0.000000
1693787029050780039 177.671058 0.000000
1693787029052071558 176.788570 0.000000
1693787029052282469 176.855936 0.000000
1693787029057620916 177.799410 0.000000
1693787029058070521 177.851245 0.000000
1693787029058672567 178.015973 0.000000
1693787029058909197 178.124375 0.000000
1693787029059125946 177.972157 0.000000
1693787029059167157 178.078209 0.000000
1693787029059558117 178.342914 0.000000
1693787029060093467 178.780918 0.000000
1693787029060320335 178.821598 0.000000
1693787029060463463 178.033920 0.000000
1693787029060819295 177.952997 0.000000
1693787029062372699 178.860959 0.000000
1693787029062956607 178.210501 0.000000
1693787029063391413 178.571019 0.000000
1693787029138758789 177.194508 0.000000
1693787029138800456 177.008711 0.000000
1693787029146048005 176.737606 0.000000
1693787029224004933 176.999289 0.000000
1693787029235002349 176.926144 0.000000
1693787029236376099 176.813717 0.000000
1693787029238156996 177.833458 0.000000
1693787029415116107 176.953753 0.000000
1693787029484367483 176.985548 0.000000
1693787029484604224 176.692727 0.000000
1693787030007894051 177.685179 0.000000
1693787030009018376 177.840886 0.000000
1693787030009274066 177.113179 0.000000
1693787030014498803 179.217087 0.000000
1693787030014624505 178.862854 0.000000
1693787030014892940 178.976844 0.000000
1693787030014967348 177.616735 0.000000
1693787030015668268 178.263550 0.000000
1693787030015845265 177.949148 0.000000
1693787030017877993 178.434127 0.000000
1693787030019406198 179.086248 0.000000
1693787030019792897 179.005506 0.000000
1693787030019859683 177.709546 0.000000
1693787030020868514 177.680829 0.000000
1693787030021311194 178.033935 0.000000
1693787030021708899 177.199153 0.000000
1693787030022574483 177.799590 0.000000
1693787030022640491 177.637759 0.000000
1693787030023286233 178.348356 0.000000
1693787030023632895 177.657039 0.000000
1693787030024156277 177.938373 0.000000
1693787030024224275 177.733707 0.000000
1693787030025703411 178.567782 0.000000
1693787030026325929 178.009058 0.000000
1693787030026532218 177.817172 0.000000
1693787030026593972 177.044995 0.000000
1693787030026610531 177.262978 0.000000
1693787030109374827 176.959596 0.000000
1693787030111497975 177.163135 0.000000
1693787030113477364 176.682988 0.000000
1693787030186777983 177.756636 0.000000
1693787030192756058 177.084898 0.000000
1693787030201099209 176.872649 0.000000
1693787030203329312 176.682802 0.000000
1693787030876931100 177.340041 0.000000
1693787030877001378 177.322832 0.000000
1693787030877837368 176.902112 0.000000
1693787030878470370 177.567095 0.000000
1693787030878821743 177.871693 0.000000
1693787030879256744 177.257044 0.000000
1693787030879686248 176.677631 0.000000
1693787030881009000 177.199575 0.000000
1693787030881511644 176.959186 0.000000
1693787030881556348 176.839933 0.000000
1693787030882645347 177.120621 0.000000
1693787030883549860 176.839362 0.000000
1693787030884170820 177.354891 0.000000
1693787030885389590 176.993420 0.000000
1693787030885474026 177.029935 0.000000
1693787030886011376 176.979602 0.000000
1693787030889088774 176.703070 0.000000
1693787030889412292 176.965455 0.000000
1693787030890307659 176.864601 0.000000
1693787030890947162 177.020253 0.000000
1693787030891257053 176.805819 0.000000
1693787030892160093 176.874373 0.000000
1693787030892218734 177.350561 0.000000
1693787030892225340 177.385262 0.000000
1693787030892759036 177.430426 0.000000
1693787030967468867 177.890071 0.000000
1693787030971408336 176.942662 0.000000
1693787030977005525 177.140998 0.000000
1693787031042199237 176.999233 0.000000
1693787031048040138 177.236295 0.000000
1693787031054870601 177.027915 0.000000
1693787031056736566 177.046894 0.000000
1693787031057795268 176.782184 0.000000
1693787031060965152 176.791079 0.000000
1693787031067071050 177.655555 0.000000
1693787031146964999 176.866725 0.000000
1693787031234588689 176.788333 0.000000
1693787031734568305 176.915768 0.000000
1693787031735709635 177.195773 0.000000
1693787031735895262 176.957685 0.000000
1693787031736964689 176.694418 0.000000
1693787031740760077 178.756237 0.000000
1693787031741577042 179.360448 0.000000
1693787031742366534 178.578584 0.000000
1693787031742473021 177.908751 0.000000
1693787031743038752 176.951284 0.000000
1693787031743572138 177.313411 0.000000
1693787031743585409 177.367301 0.000000
1693787031745105094 178.449804 0.000000
1693787031745459628 177.450009 0.000000
1693787031747355739 178.959550 0.000000
1693787031747609609 179.260962 0.000000
1693787031747798764 179.357491 0.000000
1693787031748081738 179.664139 0.000000
1693787031748987294 179.330593 0.000000
1693787031751441763 181.782497 0.000000
1693787031751546256 180.515891 0.000000
1693787031751807524 180.639743 0.000000
1693787031753052665 180.162348 0.000000
1693787031754947061 182.037464 0.000000
1693787031755024597 179.988152 0.000000
1693787031755041591 178.848326 0.000000
1693787031755256406 178.830610 0.000000
1693787031755931842 179.021273 0.000000
1693787031756043737 178.212668 0.000000
1693787031756630983 178.665595 0.000000
1693787031757282503 177.884103 0.000000
1693787031757442721 177.742623 0.000000
1693787031826030879 176.987517 0.000000
1693787031831628699 177.220438 0.000000
1693787031833572420 177.512092 0.000000
1693787031833607196 177.208019 0.000000
1693787031840482398 179.638127 0.000000
1693787031843969384 176.675817 0.000000
1693787031845126671 177.427721 0.000000
1693787031925214617 177.412159 0.000000
1693787031933502846 176.798763 0.000000
1693787031994688294 176.891483 0.000000
1693787032008226143 176.592723 0.000000
1693787032010291823 176.730578 0.000000
1693787032025320606 176.709685 0.000000
1693787032102203717 176.984669 0.000000
1693787032203009163 176.992332 0.000000
1693787032273596645 177.339971 0.000000
1693787032561061960 176.884036 0.000000
1693787032561591963 177.286120 0.000000
1693787032562562987 177.791436 0.000000
1693787032564167790 177.488141 0.000000
1693787032567535337 180.199808 0.000000
1693787032568520143 179.391703 0.000000
1693787032569746124 180.481308 0.000000
1693787032570260616 178.602959 0.000000
1693787032570385482 177.857660 0.000000
1693787032572167612 177.865889 0.000000
1693787032572985083 177.144311 0.000000
1693787032574327706 177.203925 0.000000
1693787032575156609 177.977534 0.000000
1693787032575174030 177.273772 0.000000
1693787032575202757 178.065503 0.000000
1693787032575635097 177.402442 0.000000
1693787032576291890 177.823546 0.000000
1693787032576866622 177.141549 0.000000
1693787032578973528 176.699792 0.000000
1693787032580144938 177.217286 0.000000
1693787032582800419 176.965351 0.000000
1693787032583005752 177.064766 0.000000
1693787032583840423 176.915830 0.000000
1693787032585052342 177.944903 0.000000
1693787032586340092 177.024929 0.000000
1693787032587275067 177.067667 0.000000
1693787032655161352 178.968284 0.000000
1693787032665028954 176.942362 0.000000
1693787032669782486 176.839056 0.000000
1693787032670430870 176.814484 0.000000
1693787032744578143 177.037012 0.000000
1693787032747615227 177.351709 0.000000
1693787032749148593 176.975453 0.000000
1693787032752035117 176.828918 0.000000
1693787032844914701 176.965209 0.000000
1693787033087154340 177.130625 0.000000
1693787033537224588 177.298599 0.000000
1693787033538691125 177.683374 0.000000
1693787033542943170 178.544608 0.000000
1693787033543043869 177.164181 0.000000
1693787033543922879 177.718371 0.000000
1693787033544872628 178.331261 0.000000
1693787033544973713 177.444694 0.000000
1693787033547040305 177.258461 0.000000
1693787033547511035 177.606931 0.000000
1693787033548159188 177.055643 0.000000
1693787033549158994 176.894439 0.000000
1693787033550001944 177.086090 0.000000
1693787033550844620 176.888711 0.000000
1693787033550897122 176.839471 0.000000
1693787033552131082 177.893222 0.000000
1693787033552214867 177.146525 0.000000
1693787033552735899 177.529376 0.000000
1693787033553784333 176.932368 0.000000
1693787033553902202 176.764222 0.000000
1693787033555111164 177.051745 0.000000
1693787033555564674 177.248634 0.000000
1693787033555807233 177.315664 0.000000
1693787033556682008 178.271122 0.000000
1693787033556787869 177.616444 0.000000
1693787033558617530 179.372163 0.000000
1693787033558804299 178.627662 0.000000
1693787033558968045 178.685871 0.000000
1693787033631588166 176.888506 0.000000
1693787033638619527 176.809237 0.000000
1693787033724092107 177.046625 0.000000
1693787033725559440 177.395186 0.000000
1693787033729721286 176.982144 0.000000
1693787033730458942 176.670670 0.000000
1693787033735947789 177.137590 0.000000
1693787033806823016 176.917820 0.000000
1693787033808487297 176.894200 0.000000
1693787033822519300 176.750224 0.000000
1693787033902368771 176.804490 0.000000
1693787034079351101 176.977488 0.000000
1693787034527123538 176.695714 0.000000
1693787034527651205 176.933066 0.000000
1693787034529678771 177.282413 0.000000
1693787034531082085 177.000072 0.000000
1693787034532795566 178.544559 0.000000
1693787034533315350 179.144004 0.000000
1693787034534293475 177.820029 0.000000
1693787034534401502 177.064005 0.000000
1693787034534462293 177.670697 0.000000
1693787034534473955 177.859500 0.000000
1693787034535079935 177.208015 0.000000
1693787034536013742 177.211127 0.000000
1693787034536406485 177.414987 0.000000
1693787034536630757 177.292812 0.000000
1693787034537225791 177.262521 0.000000
1693787034538054238 176.989252 0.000000
1693787034538297710 177.172954 0.000000
1693787034539635687 178.071784 0.000000
1693787034540025925 178.370785 0.000000
1693787034540712882 178.722964 0.000000
1693787034540922114 178.465329 0.000000
1693787034541595335 178.839254 0.000000
1693787034544356187 180.325622 0.000000
1693787034544618382 180.632470 0.000000
1693787034544853985 180.128378 0.000000
1693787034546671868 181.812385 0.000000
1693787034546772623 181.786655 0.000000
1693787034546871062 181.765300 0.000000
1693787034546959633 181.578827 0.000000
1693787034547028257 181.465863 0.000000
1693787034547626604 181.589436 0.000000
1693787034547689490 181.958895 0.000000
1693787034547777044 181.631544 0.000000
1693787034548231135 181.893303 0.000000
1693787034548763498 182.180816 0.000000
1693787034549307097 182.166213 0.000000
1693787034549364661 182.834632 0.000000
1693787034549384041 181.487865 0.000000
1693787034549583114 181.064635 0.000000
1693787034549641670 181.000952 0.000000
1693787034549658059 181.030130 0.000000
1693787034549835917 180.975373 0.000000
1693787034619816810 179.199216 0.000000
1693787034626612241 177.000792 0.000000
1693787034631417568 176.985031 0.000000
1693787034633303645 177.538153 0.000000
1693787034633792888 177.789773 0.000000
1693787034709615352 176.814419 0.000000
1693787034714890944 176.832240 0.000000
1693787034723827280 177.049150 0.000000
1693787034725921572 176.605268 0.000000
1693787034810722685 176.924113 0.000000
1693787034882192155 176.938973 0.000000
1693787034887629688 176.980521 0.000000
1693787034901521395 176.832135 0.000000
1693787034987752410 177.025034 0.000000
1693787035255655123 177.001840 0.000000
1693787035646433787 178.913992 0.000000
1693787035647408945 178.521610 0.000000
1693787035648806446 179.119470 0.000000
1693787035648906669 179.047027 0.000000
1693787035649563617 178.885576 0.000000
1693787035649713731 179.082851 0.000000
1693787035650388055 179.620270 0.000000
1693787035651145176 179.798870 0.000000
1693787035651498628 180.192065 0.000000
1693787035651854240 179.688288 0.000000
1693787035652063301 178.755649 0.000000
1693787035652357406 178.559147 0.000000
1693787035652376244 178.406537 0.000000
1693787035652955707 178.188114 0.000000
1693787035653169475 177.713836 0.000000
1693787035656364361 177.433523 0.000000
1693787035656647490 176.843331 0.000000
1693787035657061899 176.943369 0.000000
1693787035657555396 177.362875 0.000000
1693787035658056582 177.183944 0.000000
1693787035659116162 177.350962 0.000000
1693787035660244677 178.229119 0.000000
1693787035660497645 178.562545 0.000000
1693787035661122694 178.921140 0.000000
1693787035661812850 178.061129 0.000000
1693787035662540637 178.695525 0.000000
1693787035662598081 177.680824 0.000000
1693787035663074649 177.083330 0.000000
1693787035664933738 178.870536 0.000000
1693787035665733528 179.685041 0.000000
1693787035665946759 178.760145 0.000000
1693787035665970755 179.085586 0.000000
1693787035666420346 178.182290 0.000000
1693787035668262531 177.175484 0.000000
1693787035668675467 176.824016 0.000000
1693787035736866129 177.914924 0.000000
1693787035742126580 176.825725 0.000000
1693787035746703442 176.730068 0.000000
1693787035751982220 177.061975 0.000000
1693787035755992959 176.774716 0.000000
1693787035827995338 177.598954 0.000000
1693787035829494946 177.113549 0.000000
1693787035830230612 177.054492 0.000000
1693787035841692784 178.071904 0.000000
1693787035843017570 177.044188 0.000000
1693787035932896249 176.898455 0.000000
1693787036042638476 177.013306 0.000000
1693787036624455279 177.996365 0.000000
1693787036624531987 177.576900 0.000000
1693787036626705027 179.577057 0.000000
1693787036626712484 179.234541 0.000000
1693787036627585545 179.455505 0.000000
1693787036628579512 179.237141 0.000000
1693787036629254001 179.813538 0.000000
1693787036629422949 179.683129 0.000000
1693787036630717540 180.514949 0.000000
1693787036631939718 180.531137 0.000000
1693787036632323857 179.677767 0.000000
1693787036632936121 180.136433 0.000000
1693787036634644404 180.119940 0.000000
1693787036634825476 178.994021 0.000000
1693787036635727062 179.067332 0.000000
1693787036638619134 177.112990 0.000000
1693787036642189720 177.116799 0.000000
1693787036642290950 176.996324 0.000000
1693787036642865010 176.985208 0.000000
1693787036643286892 176.989823 0.000000
1693787036643565104 177.116443 0.000000
1693787036644059033 176.967552 0.000000
1693787036646425051 177.359233 0.000000
1693787036646493997 177.476986 0.000000
1693787036648141469 177.107883 0.000000
1693787036648515714 177.190536 0.000000
1693787036649130098 176.869383 0.000000
1693787036649377860 176.793752 0.000000
1693787036649756250 177.076755 0.000000
1693787036649824564 177.156596 0.000000
1693787036650550352 177.921656 0.000000
1693787036651157394 178.438152 0.000000
1693787036652179421 179.349471 0.000000
1693787036652275334 178.401617 0.000000
1693787036713616369 177.185768 0.000000
1693787036715887617 177.001414 0.000000
1693787036725374343 176.881119 0.000000
1693787036737597104 177.292641 0.000000
1693787036805329446 176.747588 0.000000
1693787036806303371 176.876503 0.000000
1693787036815986740 177.282432 0.000000
1693787036823321586 176.821881 0.000000
1693787036825804356 177.280167 0.000000
1693787036827305924 176.750595 0.000000
1693787036829042844 176.764202 0.000000
1693787036913530975 176.805127 0.000000
1693787036963390143 177.119267 0.000000
1693787036983228793 176.920771 0.000000
1693787036990935279 177.001950 0.000000
1693787037002697929 176.889147 0.000000
1693787037652267361 177.776633 0.000000
1693787037652342781 177.934645 0.000000
1693787037652408198 177.819838 0.000000
1693787037652476943 177.876906 0.000000
1693787037653161465 177.261350 0.000000
1693787037654892622 177.197346 0.000000
1693787037655736831 177.233424 0.000000
1693787037655795302 177.249376 0.000000
1693787037656547617 177.836011 0.000000
1693787037657028260 176.855620 0.000000
1693787037657081930 177.005664 0.000000
1693787037657699662 177.101001 0.000000
1693787037658425936 177.180842 0.000000
1693787037659302820 177.483706 0.000000
1693787037659379103 176.908002 0.000000
1693787037659403324 177.195340 0.000000
1693787037659689274 177.257349 0.000000
1693787037660533021 177.296586 0.000000
1693787037660861526 177.119002 0.000000
1693787037660969582 177.200953 0.000000
1693787037661287095 177.378231 0.000000
1693787037662021088 177.768979 0.000000
1693787037662053989 177.645040 0.000000
1693787037662167453 177.447822 0.000000
1693787037662511203 177.838706 0.000000
1693787037662615976 177.259229 0.000000
1693787037662980775 177.471913 0.000000
1693787037663994047 178.032878 0.000000
1693787037664025174 178.318221 0.000000
1693787037664417993 178.023075 0.000000
1693787037664830643 178.190459 0.000000
1693787037665287120 178.669699 0.000000
1693787037665753083 178.790831 0.000000
1693787037665860684 178.678269 0.000000
1693787037666441054 179.165793 0.000000
1693787037667253253 179.741737 0.000000
1693787037667272413 179.446887 0.000000
1693787037668109299 180.097184 0.000000
1693787037668181211 179.221703 0.000000
1693787037668301882 179.221478 0.000000
1693787037668799249 179.564415 0.000000
1693787037748893445 177.830156 0.000000
1693787037749000529 177.760770 0.000000
1693787037749048215 177.100244 0.000000
1693787037751433082 177.265789 0.000000
1693787037829753006 177.482608 0.000000
1693787037832665435 176.865137 0.000000
1693787037839820403 177.305291 0.000000
1693787037841318056 176.896785 0.000000
1693787037844326138 177.062556 0.000000
1693787037845067106 176.953197 0.000000
1693787037845659630 176.836766 0.000000
1693787037994099409 176.836700 0.000000
1693787038006125928 177.206326 0.000000
1693787038041430086 176.928469 0.000000
1693787038140407063 176.938717 0.000000
1693787038317588349 177.174670 0.000000
1693787038728145794 178.542003 0.000000
1693787038730367056 179.130156 0.000000
1693787038731119416 178.670437 0.000000
1693787038731128953 178.577165 0.000000
1693787038732579843 178.522432 0.000000
1693787038732879279 178.630444 0.000000
1693787038732941208 178.731233 0.000000
1693787038733370356 178.832304 0.000000
1693787038734062431 178.584713 0.000000
1693787038734414781 178.737112 0.000000
1693787038735987399 180.339439 0.000000
1693787038736091401 178.620536 0.000000
1693787038736671996 177.590325 0.000000
1693787038737360112 178.234984 0.000000
1693787038737608179 177.061138 0.000000
1693787038738479867 177.879758 0.000000
1693787038738592499 177.922973 0.000000
1693787038738723223 177.962460 0.000000
1693787038738778767 177.908981 0.000000
1693787038738913721 177.031725 0.000000
1693787038739013077 176.848353 0.000000
1693787038740782222 178.034202 0.000000
1693787038740831206 178.021447 0.000000
1693787038741747522 178.009440 0.000000
1693787038742072187 178.533894 0.000000
1693787038743517469 179.731620 0.000000
1693787038744216815 180.211531 0.000000
1693787038744536910 180.633362 0.000000
1693787038744943917 180.579146 0.000000
1693787038745149480 180.039135 0.000000
1693787038745271473 179.881989 0.000000
1693787038746560161 180.521561 0.000000
1693787038747201783 181.288085 0.000000
1693787038748488947 181.025284 0.000000
1693787038748556459 181.179878 0.000000
1693787038749695028 181.417060 0.000000
1693787038825878818 177.353532 0.000000
1693787038826331361 176.987391 0.000000
1693787038828967217 177.836211 0.000000
1693787038829249178 178.062211 0.000000
1693787038830677114 177.987122 0.000000
1693787038831715654 177.098194 0.000000
1693787038831934328 177.153442 0.000000
1693787038834388707 177.612450 0.000000
1693787038907590175 177.218032 0.000000
1693787038908429096 177.294551 0.000000
1693787038913812979 177.137866 0.000000
1693787038915716748 176.798551 0.000000
1693787038918486155 177.652197 0.000000
1693787038919214183 178.425135 0.000000
1693787038922137012 176.861554 0.000000
1693787038925323488 176.830802 0.000000
1693787039007546305 176.858547 0.000000
1693787039027349974 176.851710 0.000000
1693787039095437873 176.916581 0.000000
1693787039709933640 177.485203 0.000000
1693787039711636431 179.251231 0.000000
1693787039711840606 177.295232 0.000000
1693787039712141736 177.393200 0.000000
1693787039714345622 176.789221 0.000000
1693787039715380324 177.897518 0.000000
1693787039715578941 177.803926 0.000000
1693787039716003097 176.817010 0.000000
1693787039716774737 177.541931 0.000000
1693787039717849311 176.649691 0.000000
1693787039717959001 176.656807 0.000000
1693787039719035901 177.203429 0.000000
1693787039719367974 177.053690 0.000000
1693787039721183863 177.167620 0.000000
1693787039721634601 177.109901 0.000000
1693787039721634606 177.274920 0.000000
1693787039721742863 177.755287 0.000000
1693787039721742858 176.783521 0.000000
1693787039722479476 177.117955 0.000000
1693787039722614831 177.061133 0.000000
1693787039722659250 176.834220 0.000000
1693787039723123028 176.840825 0.000000
1693787039723517817 177.182129 0.000000
1693787039723991168 176.927817 0.000000
1693787039724687979 177.091889 0.000000
1693787039725227955 177.668826 0.000000
1693787039725283409 177.364974 0.000000
1693787039725836014 176.842138 0.000000
1693787039726498580 177.105114 0.000000
1693787039727002086 177.384786 0.000000
1693787039727183393 177.025940 0.000000
1693787039800321824 179.315476 0.000000
1693787039808960543 177.476624 0.000000
1693787039812270507 177.046944 0.000000
1693787039812762116 177.590474 0.000000
1693787039898986725 177.240580 0.000000
1693787039900856404 176.840509 0.000000
1693787039906070723 176.905816 0.000000
1693787040568145010 177.244234 0.000000
1693787040569881219 177.969350 0.000000
1693787040571293579 178.558585 0.000000
1693787040571431786 178.582301 0.000000
1693787040572165272 179.326632 0.000000
1693787040573594241 179.181540 0.000000
1693787040573798826 178.767246 0.000000
1693787040574233367 179.229331 0.000000
1693787040575494706 179.727580 0.000000
1693787040576464592 177.441216 0.000000
1693787040578402430 178.468486 0.000000
1693787040578558688 178.695048 0.000000
1693787040579568552 178.621868 0.000000
1693787040579817280 178.090067 0.000000
1693787040580499056 177.856267 0.000000
1693787040580536924 177.781503 0.000000
1693787040581189056 178.096155 0.000000
1693787040581244264 178.088062 0.000000
1693787040581348928 177.065598 0.000000
1693787040581912503 177.060842 0.000000
1693787040582660784 177.169093 0.000000
1693787040583403953 177.620133 0.000000
1693787040583481779 177.562028 0.000000
1693787040583526132 177.278292 0.000000
1693787040585647196 178.866477 0.000000
1693787040585777013 178.817844 0.000000
1693787040587043213 179.961403 0.000000
1693787040587886655 180.369312 0.000000
1693787040588724549 180.819715 0.000000
1693787040589218974 181.152088 0.000000
1693787040590133742 182.014610 0.000000
1693787040591294151 182.063979 0.000000
1693787040592540560 183.352246 0.000000
1693787040592910355 183.050695 0.000000
1693787040593244107 182.829320 0.000000
1693787040659217938 177.954275 0.000000
1693787040752521323 177.021450 0.000000
1693787040755550414 177.142833 0.000000
1693787040759761880 177.092701 0.000000
1693787040760434514 176.949919 0.000000
1693787040765812063 177.920802 0.000000
1693787040770326579 177.079139 0.000000
1693787040839442859 176.845286 0.000000
1693787040851830518 177.030852 0.000000
1693787040937327045 176.887765 0.000000
1693787041028890363 177.054768 0.000000
