1693787017294285816 381.743665 0.000000
1693787017360394945 316.141421 0.000000
1693787017360429181 317.126345 0.000000
1693787017361236507 335.318807 0.000000
1693787017361301013 335.699562 0.000000
1693787017361319781 335.630244 0.000000
1693787017361362123 335.690203 0.000000
1693787017361579031 300.996796 0.000000
1693787017380909687 328.719593 0.000000
1693787017396080767 292.229785 0.000000
1693787017396498923 388.047606 0.000000
1693787017396693210 380.834499 0.000000
1693787017415088181 389.775534 0.000000
1693787017509035231 315.442054 0.000000
1693787018149320488 863.981086 0.000000
1693787018480904977 1164.681221 0.000000
1693787018543476614 1208.735401 0.000000
1693787018695460072 1339.586491 0.000000
1693787018695778502 1345.469471 0.000000
1693787018695812021 1335.381382 0.000000
1693787018695837617 1334.535254 0.000000
1693787018695864486 1334.500624 0.000000
1693787018697120757 1305.636864 0.000000
1693787018697160282 1310.942348 0.000000
1693787018704234310 1289.182470 0.000000
1693787018714599615 1230.091837 0.000000
1693787018746197038 1237.158934 0.000000
1693787019626440404 1477.111644 0.000000
1693787019690229426 1234.098220 0.000000
1693787019692192380 1211.285675 0.000000
1693787019828138846 1651.332885 0.000000
1693787019838727471 1627.736330 0.000000
1693787019885528061 1261.160561 0.000000
1693787019892296883 1188.060701 0.000000
1693787019892767415 1146.568843 0.000000
1693787020117881546 805.182297 0.000000
1693787020117994426 809.131174 0.000000
1693787020118023284 809.555046 0.000000
1693787020118187637 797.452414 0.000000
1693787020118247110 800.486356 0.000000
1693787020118303297 802.288121 0.000000
1693787020118330354 803.322027 0.000000
1693787020118484549 776.661975 0.000000
1693787020120698596 760.784941 0.000000
1693787020120874953 752.600162 0.000000
1693787020120904128 752.980662 0.000000
1693787020120929982 754.059394 0.000000
1693787020120957647 754.705966 0.000000
1693787020120977144 755.652639 0.000000
1693787020121013710 755.668806 0.000000
1693787020121041044 755.885100 0.000000
1693787020121068553 756.188845 0.000000
1693787020121095691 756.562904 0.000000
1693787020199322266 772.724488 0.000000
1693787020234250707 743.789675 0.000000
1693787020437048428 810.606272 0.000000
1693787020487730029 1167.259743 0.000000
1693787020524306911 834.075642 0.000000
1693787020568170587 740.028785 0.000000
1693787020660135840 774.606028 0.000000
1693787020680327103 788.062823 0.000000
1693787020680362481 788.064117 0.000000
1693787020711968731 774.579973 0.000000
1693787020887169861 319.784655 0.000000
1693787020887201534 320.136590 0.000000
1693787020887284328 298.316057 0.000000
1693787020887312973 298.516736 0.000000
1693787020887337373 298.707659 0.000000
1693787020887355912 299.111101 0.000000
1693787020887391213 299.856937 0.000000
1693787020887436482 300.084626 0.000000
1693787020887455888 300.415353 0.000000
1693787020887485435 300.584372 0.000000
1693787020887510881 300.637092 0.000000
1693787020887535906 300.765445 0.000000
1693787020887561121 301.298206 0.000000
1693787020887585339 301.409992 0.000000
1693787020887603461 301.409922 0.000000
1693787020887625631 301.647328 0.000000
1693787020887651084 301.821095 0.000000
1693787020887673338 302.275391 0.000000
1693787020887729920 302.457764 0.000000
1693787020889695323 256.271021 0.000000
1693787020889718900 256.503168 0.000000
1693787020903372883 785.183295 0.000000
1693787020903446037 785.197671 0.000000
1693787020911415123 758.596274 0.000000
1693787020911462581 758.883294 0.000000
1693787020964793187 266.823325 0.000000
1693787021018271658 240.725992 0.000000
1693787021032123857 242.488675 0.000000
1693787021128010354 240.724212 0.000000
1693787021128038828 243.175016 0.000000
1693787021128378848 241.063790 0.000000
1693787021128880940 241.542417 0.000000
1693787021129720954 242.282847 0.000000
1693787021130267101 242.662139 0.000000
1693787021177115622 253.246961 0.000000
1693787021250414665 241.214459 0.000000
1693787021368912497 240.871899 0.000000
1693787021418411222 241.293276 0.000000
1693787021609830803 240.916513 0.000000
1693787021863998162 252.091345 0.000000
1693787021869981730 241.392735 0.000000
1693787021870012278 242.574135 0.000000
1693787021870598479 242.027615 0.000000
1693787021871726387 242.933818 0.000000
1693787021873258189 243.938931 0.000000
1693787021874150151 242.580273 0.000000
1693787021875095679 242.739755 0.000000
1693787021875215873 242.746496 0.000000
1693787021877683908 245.260905 0.000000
1693787021878582793 245.891695 0.000000
1693787021880252080 247.156571 0.000000
1693787021881283691 248.071743 0.000000
1693787021886810352 251.806877 0.000000
1693787021886832591 251.863293 0.000000
1693787021886883701 252.042872 0.000000
1693787021886973395 252.621488 0.000000
1693787021887004715 253.078833 0.000000
1693787021887030177 253.084571 0.000000
1693787021887053821 253.208365 0.000000
1693787021887072332 253.598155 0.000000
1693787021887104674 253.541560 0.000000
1693787021888591934 253.367531 0.000000
1693787021888755218 253.396957 0.000000
1693787021889756251 252.511580 0.000000
1693787021890566354 252.451387 0.000000
1693787021890822806 251.632779 0.000000
1693787021891705556 252.457896 0.000000
1693787021891729435 252.052998 0.000000
1693787021891774948 251.504427 0.000000
1693787021991275828 242.347241 0.000000
1693787021993092470 240.529851 0.000000
1693787021996138865 241.677701 0.000000
1693787022001592124 241.745631 0.000000
1693787022119883480 242.197906 0.000000
1693787022119945443 248.217479 0.000000
1693787022119995559 249.981721 0.000000
1693787022127726121 240.776614 0.000000
1693787022128462056 241.406627 0.000000
1693787022131395399 240.570584 0.000000
1693787022132275802 240.568291 0.000000
1693787022502857274 241.116120 0.000000
1693787022743993111 241.132852 0.000000
1693787022850798447 241.248703 0.000000
1693787022852042095 242.008085 0.000000
1693787022852543636 241.153101 0.000000
1693787022853278536 241.791757 0.000000
1693787022854725757 243.289827 0.000000
1693787022855261669 242.880068 0.000000
1693787022856121223 243.631943 0.000000
1693787022856315851 243.546613 0.000000
1693787022856541115 243.217318 0.000000
1693787022856707462 242.517756 0.000000
1693787022857793182 243.550663 0.000000
1693787022858768982 244.000775 0.000000
1693787022858909203 244.182388 0.000000
1693787022858998616 244.139122 0.000000
1693787022859332142 244.431713 0.000000
1693787022859492936 244.328898 0.000000
1693787022860356344 245.290541 0.000000
1693787022860428462 242.181599 0.000000
1693787022860445662 244.516570 0.000000
1693787022861265389 242.732210 0.000000
1693787022861642697 243.182508 0.000000
1693787022861968269 242.744228 0.000000
1693787022862170775 241.374086 0.000000
1693787022862204413 241.871553 0.000000
1693787022863114620 240.893393 0.000000
1693787022863748455 241.000232 0.000000
1693787022864721002 240.985282 0.000000
1693787022865056267 240.678303 0.000000
1693787022866043257 241.497123 0.000000
1693787022867045248 242.122933 0.000000
1693787022867744143 241.039082 0.000000
1693787022869126323 241.450278 0.000000
1693787022869558754 241.747945 0.000000
1693787022870111470 241.765160 0.000000
1693787022982585040 240.935506 0.000000
1693787022984044205 240.827841 0.000000
1693787022985081938 241.062662 0.000000
1693787022985780634 240.987306 0.000000
1693787023096595120 241.327839 0.000000
1693787023100788759 241.452819 0.000000
1693787023103279352 241.104513 0.000000
1693787023105817917 240.752510 0.000000
1693787023344237516 240.952946 0.000000
1693787023344311924 241.162328 0.000000
1693787023467610854 241.154599 0.000000
1693787023708944230 241.331307 0.000000
1693787023711341937 241.199129 0.000000
1693787023711949395 241.201349 0.000000
1693787023712844261 242.045933 0.000000
1693787023714867016 241.578426 0.000000
1693787023714882212 241.795300 0.000000
1693787023716077632 241.338342 0.000000
1693787023716780026 241.613092 0.000000
1693787023717806023 241.770076 0.000000
1693787023718020737 242.022228 0.000000
1693787023718599213 242.442325 0.000000
1693787023718762954 242.278349 0.000000
1693787023720272345 243.724438 0.000000
1693787023720482503 242.179975 0.000000
1693787023721712986 242.660227 0.000000
1693787023721732331 241.551774 0.000000
1693787023722569834 242.256383 0.000000
1693787023722736436 241.416159 0.000000
1693787023723328233 241.220223 0.000000
1693787023724188018 240.845757 0.000000
1693787023724512517 240.810119 0.000000
1693787023726939007 241.290928 0.000000
1693787023727640052 240.888262 0.000000
1693787023727859563 240.968447 0.000000
1693787023728407026 240.816775 0.000000
1693787023729903703 241.549023 0.000000
1693787023730539426 242.103473 0.000000
1693787023730595166 241.479817 0.000000
1693787023731761388 242.503413 0.000000
1693787023731839866 242.463480 0.000000
1693787023731929279 242.294737 0.000000
1693787023731959995 241.109466 0.000000
1693787023836637352 241.408592 0.000000
1693787023842528089 241.767510 0.000000
1693787023845629889 241.068084 0.000000
1693787023848751399 241.308183 0.000000
1693787023850107624 241.541937 0.000000
1693787023952695230 241.347830 0.000000
1693787023956248745 241.357277 0.000000
1693787023959426347 240.821872 0.000000
1693787023961374313 240.886041 0.000000
1693787023969811843 241.399659 0.000000
1693787024083659966 241.127172 0.000000
1693787024199371241 240.967122 0.000000
1693787024202601750 241.222246 0.000000
1693787024202677481 241.395128 0.000000
1693787024676615809 241.169756 0.000000
1693787024677404093 241.712307 0.000000
1693787024677899210 240.636430 0.000000
1693787024679161501 240.962133 0.000000
1693787024685332354 242.500174 0.000000
1693787024686669429 243.277467 0.000000
1693787024688016948 241.635524 0.000000
1693787024688080541 241.065092 0.000000
1693787024690388139 243.467033 0.000000
1693787024690641072 242.775646 0.000000
1693787024692229527 241.877081 0.000000
1693787024693058014 242.588536 0.000000
1693787024693132778 241.796568 0.000000
1693787024695071267 241.337737 0.000000
1693787024695381439 241.111651 0.000000
1693787024697199312 241.000893 0.000000
1693787024698958895 241.768538 0.000000
1693787024699116772 241.862222 0.000000
1693787024699369375 241.934981 0.000000
1693787024699424007 241.662737 0.000000
1693787024701610503 240.866365 0.000000
1693787024702145091 240.804050 0.000000
1693787024702641045 241.094937 0.000000
1693787024800274392 241.031083 0.000000
1693787024802984310 242.033950 0.000000
1693787024804950990 242.059109 0.000000
1693787024805584363 241.658167 0.000000
1693787024806810580 240.707777 0.000000
1693787024918354398 240.944828 0.000000
1693787024926105728 240.764774 0.000000
1693787024927454044 240.775168 0.000000
1693787024928748906 240.665808 0.000000
1693787024935942629 240.865979 0.000000
1693787024939726540 240.606009 0.000000
1693787024939791746 240.829328 0.000000
1693787024942913728 240.763965 0.000000
1693787025058559005 240.777237 0.000000
1693787025080534622 241.084316 0.000000
1693787025159362823 241.003489 0.000000
1693787025169847426 241.089810 0.000000
1693787025411802602 241.950531 0.000000
1693787025517810188 241.308778 0.000000
1693787025519070815 241.034506 0.000000
1693787025522279910 241.579128 0.000000
1693787025522726158 242.113957 0.000000
1693787025523355853 241.254663 0.000000
1693787025524207834 242.015824 0.000000
1693787025524801049 242.539267 0.000000
1693787025524897619 242.661260 0.000000
1693787025524954516 241.983639 0.000000
1693787025524968153 242.134480 0.000000
1693787025526100747 242.492593 0.000000
1693787025526185409 241.829285 0.000000
1693787025526655633 241.628678 0.000000
1693787025527090139 241.569481 0.000000
1693787025530766881 241.391115 0.000000
1693787025530834403 241.361802 0.000000
1693787025530978904 240.833819 0.000000
1693787025532497346 241.023465 0.000000
1693787025532897296 241.400161 0.000000
1693787025535312263 240.799939 0.000000
1693787025537238905 241.825400 0.000000
1693787025537363805 241.639342 0.000000
1693787025537696810 241.307656 0.000000
1693787025539531928 241.784862 0.000000
1693787025540057090 242.264457 0.000000
1693787025540160956 241.164639 0.000000
1693787025540917677 241.824173 0.000000
1693787025542498754 243.224390 0.000000
1693787025542607708 242.430574 0.000000
1693787025545368384 240.731016 0.000000
1693787025652410892 240.603304 0.000000
1693787025683409776 240.709640 0.000000
1693787025759638992 241.818470 0.000000
1693787025765871017 240.969680 0.000000
1693787025768179281 241.520371 0.000000
1693787025776037455 240.719849 0.000000
1693787025777972371 240.728324 0.000000
1693787025783379493 240.875947 0.000000
1693787025888056140 240.821162 0.000000
1693787025901501986 241.067947 0.000000
1693787026471942068 241.744562 0.000000
1693787026472029406 241.778231 0.000000
1693787026472581651 241.177107 0.000000
1693787026472666232 241.063794 0.000000
1693787026473114630 241.401560 0.000000
1693787026476053146 241.234206 0.000000
1693787026477548835 241.095282 0.000000
1693787026479432346 242.024444 0.000000
1693787026480188811 241.067353 0.000000
1693787026481989860 240.896179 0.000000
1693787026482684205 241.543625 0.000000
1693787026482781641 241.281576 0.000000
1693787026483540481 241.243417 0.000000
1693787026483682081 241.152260 0.000000
1693787026483769890 241.196142 0.000000
1693787026484364117 240.827729 0.000000
1693787026484480217 240.830140 0.000000
1693787026484483114 240.810214 0.000000
1693787026484678639 241.051756 0.000000
1693787026484701401 240.515819 0.000000
1693787026485434938 241.040730 0.000000
1693787026485539796 240.878668 0.000000
1693787026486108890 241.493197 0.000000
1693787026486196574 241.410134 0.000000
1693787026486845263 240.947082 0.000000
1693787026488184238 241.640255 0.000000
1693787026489013902 242.091955 0.000000
1693787026489539169 242.582295 0.000000
1693787026490271733 242.593426 0.000000
1693787026490428423 241.133736 0.000000
1693787026493804280 242.583650 0.000000
1693787026493935064 241.979434 0.000000
1693787026494681430 242.680239 0.000000
1693787026495048164 242.225121 0.000000
1693787026495918974 243.195903 0.000000
1693787026497051153 240.894516 0.000000
1693787026638969322 241.077957 0.000000
1693787026639060790 241.112693 0.000000
1693787026714747068 242.712865 0.000000
1693787026720503081 241.063934 0.000000
1693787026720509726 241.005709 0.000000
1693787026722844342 240.850568 0.000000
1693787026730813889 241.271483 0.000000
1693787026731525825 241.251576 0.000000
1693787026963901981 241.053339 0.000000
1693787027394153033 241.589091 0.000000
1693787027394890403 240.849952 0.000000
1693787027396002320 241.107942 0.000000
1693787027396317583 241.137727 0.000000
1693787027397171905 242.205911 0.000000
1693787027398904661 240.885119 0.000000
1693787027399343176 241.282794 0.000000
1693787027399877088 240.933596 0.000000
1693787027400036388 241.133457 0.000000
1693787027400569148 241.711697 0.000000
1693787027401720250 240.988039 0.000000
1693787027404414978 240.937690 0.000000
1693787027405259883 241.695503 0.000000
1693787027405809842 242.167180 0.000000
1693787027406457017 242.296697 0.000000
1693787027406905756 241.330123 0.000000
1693787027407455289 241.057590 0.000000
1693787027409014035 241.728154 0.000000
1693787027409388907 241.583247 0.000000
1693787027410056751 241.483024 0.000000
1693787027411150680 242.608246 0.000000
1693787027411535796 242.675363 0.000000
1693787027411780249 242.124707 0.000000
1693787027412307441 242.452665 0.000000
1693787027414020475 243.535674 0.000000
1693787027414249288 243.717437 0.000000
1693787027415022291 244.296514 0.000000
1693787027416556048 244.863428 0.000000
1693787027417157352 245.282898 0.000000
1693787027417385828 245.470209 0.000000
1693787027417730991 245.363070 0.000000
1693787027417795156 245.389531 0.000000
1693787027417873257 245.251400 0.000000
1693787027417895128 244.704538 0.000000
1693787027522802254 241.011948 0.000000
1693787027561949867 240.986991 0.000000
1693787027562771679 240.962203 0.000000
1693787027573758148 240.569980 0.000000
1693787027575616646 241.132429 0.000000
1693787027575744023 240.716131 0.000000
1693787027640944134 241.058571 0.000000
1693787027645544059 240.720541 0.000000
1693787027650374625 241.425671 0.000000
1693787027650865998 241.473733 0.000000
1693787027651648352 241.588545 0.000000
1693787027651796211 241.589947 0.000000
1693787027655808824 241.785001 0.000000
1693787027891452771 241.072133 0.000000
1693787027892716771 240.916134 0.000000
1693787028254816478 240.925222 0.000000
1693787028255709710 240.883911 0.000000
1693787028257801150 240.859364 0.000000
1693787028258830319 241.327142 0.000000
1693787028259795504 240.982450 0.000000
1693787028261608867 241.582581 0.000000
1693787028264627433 241.755658 0.000000
1693787028264890690 241.969721 0.000000
1693787028265471456 242.497378 0.000000
1693787028267233981 243.265986 0.000000
1693787028267818571 243.644411 0.000000
1693787028267835500 243.488052 0.000000
1693787028267982712 243.284083 0.000000
1693787028268815174 243.594350 0.000000
1693787028270984725 245.451836 0.000000
1693787028271014224 245.214218 0.000000
1693787028271106178 245.135199 0.000000
1693787028271137155 244.833201 0.000000
1693787028272522342 245.832551 0.000000
1693787028272548397 246.076158 0.000000
1693787028273165448 246.159121 0.000000
1693787028273194776 245.521487 0.000000
1693787028273422305 245.740322 0.000000
1693787028273783611 246.050889 0.000000
1693787028274078888 245.951508 0.000000
1693787028274272468 245.940357 0.000000
1693787028274413220 245.814564 0.000000
1693787028275012239 245.596667 0.000000
1693787028275024497 245.249670 0.000000
1693787028275841898 245.960404 0.000000
1693787028276269147 246.130379 0.000000
1693787028276372382 242.265059 0.000000
1693787028320251135 240.837206 0.000000
1693787028375703754 242.737782 0.000000
1693787028384094997 240.851947 0.000000
1693787028385180833 240.804746 0.000000
1693787028385496728 241.031665 0.000000
1693787028389643719 242.069869 0.000000
1693787028390607210 242.544368 0.000000
1693787028390745466 241.736394 0.000000
1693787028494315653 242.990120 0.000000
1693787028497227456 241.512202 0.000000
1693787028506231073 240.752280 0.000000
1693787028512026318 241.037362 0.000000
1693787028513864870 240.659740 0.000000
1693787028514229423 240.803980 0.000000
1693787028515051780 240.635152 0.000000
1693787028516637889 240.792448 0.000000
1693787028561021847 240.765676 0.000000
1693787028753083019 241.047018 0.000000
1693787028757551603 240.908902 0.000000
1693787029123423444 240.976457 0.000000
1693787029125492552 240.936474 0.000000
1693787029128081153 241.293864 0.000000
1693787029128160051 241.229480 0.000000
1693787029128656065 241.455670 0.000000
1693787029131154075 242.556596 0.000000
1693787029131842637 242.052734 0.000000
1693787029133001923 242.926095 0.000000
1693787029133813406 242.868396 0.000000
1693787029134925733 242.964735 0.000000
1693787029136631947 241.373304 0.000000
1693787029137576965 242.296406 0.000000
1693787029137710396 242.143009 0.000000
1693787029137775733 241.620138 0.000000
1693787029138661643 241.576713 0.000000
1693787029138721863 242.138725 0.000000
1693787029138807192 241.678895 0.000000
1693787029139289855 241.642070 0.000000
1693787029139670420 241.962595 0.000000
1693787029141524202 242.901268 0.000000
1693787029141847193 243.349211 0.000000
1693787029142003356 242.993453 0.000000
1693787029142818001 243.689582 0.000000
1693787029142927065 243.160917 0.000000
1693787029143074162 242.153258 0.000000
1693787029143087779 242.796274 0.000000
1693787029229522242 241.144762 0.000000
1693787029239322657 240.773133 0.000000
1693787029244500722 240.965846 0.000000
1693787029250747011 240.641723 0.000000
1693787029251095732 240.609693 0.000000
1693787029259428344 241.514226 0.000000
1693787029262174186 242.624950 0.000000
1693787029262802167 241.170392 0.000000
1693787029365398147 241.969315 0.000000
1693787029366411023 241.385762 0.000000
1693787029368784954 240.698149 0.000000
1693787029369343053 240.681796 0.000000
1693787029379672484 240.862797 0.000000
1693787029383813822 240.723562 0.000000
1693787029500458857 240.953118 0.000000
1693787029500551592 241.120813 0.000000
1693787029511137139 241.399751 0.000000
1693787029600905933 240.937015 0.000000
1693787029607728729 241.241213 0.000000
1693787029624870641 241.052123 0.000000
1693787030089471230 241.016264 0.000000
1693787030093433477 241.413949 0.000000
1693787030093504542 241.588355 0.000000
1693787030097010888 242.103042 0.000000
1693787030097065570 241.989688 0.000000
1693787030097154678 242.087766 0.000000
1693787030097571442 241.786370 0.000000
1693787030098212999 241.122451 0.000000
1693787030098589360 241.413768 0.000000
1693787030099492240 240.922335 0.000000
1693787030100721318 240.726199 0.000000
1693787030102424119 241.494375 0.000000
1693787030103084911 241.325823 0.000000
1693787030103996406 241.116236 0.000000
1693787030104587190 241.164323 0.000000
1693787030104856256 241.316701 0.000000
1693787030105047837 240.902844 0.000000
1693787030105402983 241.042368 0.000000
1693787030106918253 241.416103 0.000000
1693787030106937412 241.517573 0.000000
1693787030107465561 240.711068 0.000000
1693787030107768751 240.780705 0.000000
1693787030108462730 240.785281 0.000000
1693787030108916681 240.778385 0.000000
1693787030108930779 240.793906 0.000000
1693787030109058531 240.819350 0.000000
1693787030109063994 240.784725 0.000000
1693787030212821390 241.213988 0.000000
1693787030233211859 240.690285 0.000000
1693787030256378806 241.151829 0.000000
1693787030262040961 240.753718 0.000000
1693787030266630887 241.237432 0.000000
1693787030338398380 240.823469 0.000000
1693787030338889036 241.126995 0.000000
1693787030339391545 240.687002 0.000000
1693787030340319809 240.822016 0.000000
1693787030346070551 240.658838 0.000000
1693787030349804245 240.742973 0.000000
1693787030349829454 240.893303 0.000000
1693787030350518412 241.452468 0.000000
1693787030503068034 241.022632 0.000000
1693787030589731509 240.975783 0.000000
1693787030955069567 240.876865 0.000000
1693787030955131015 240.917885 0.000000
1693787030957226830 241.291484 0.000000
1693787030957774549 241.297052 0.000000
1693787030958896303 241.917635 0.000000
1693787030959443150 242.140869 0.000000
1693787030960426638 242.441254 0.000000
1693787030962131248 243.192371 0.000000
1693787030963477689 242.264623 0.000000
1693787030964574505 243.052801 0.000000
1693787030966214911 242.888232 0.000000
1693787030967183168 242.582481 0.000000
1693787030967238973 242.508719 0.000000
1693787030967260117 241.705972 0.000000
1693787030967361032 241.661424 0.000000
1693787030968080535 241.756004 0.000000
1693787030968852606 242.571335 0.000000
1693787030969024726 242.322191 0.000000
1693787030969458586 242.395972 0.000000
1693787030969542812 241.703562 0.000000
1693787030969543954 242.260563 0.000000
1693787030970153472 241.803429 0.000000
1693787030970158253 241.729191 0.000000
1693787030970241321 241.404421 0.000000
1693787030970956094 241.725868 0.000000
1693787030971205193 241.802276 0.000000
1693787030971227290 241.617702 0.000000
1693787030971535687 240.857519 0.000000
1693787030971997887 240.786313 0.000000
1693787030972149009 240.857689 0.000000
1693787030972684113 241.356109 0.000000
1693787030972892513 241.480875 0.000000
1693787030973062358 241.613107 0.000000
1693787030973331194 241.770919 0.000000
1693787030997348333 241.952347 0.000000
1693787031089105888 242.327284 0.000000
1693787031089717596 240.827389 0.000000
1693787031090815860 241.020769 0.000000
1693787031114799196 240.877605 0.000000
1693787031191212740 241.281561 0.000000
1693787031200771795 241.323042 0.000000
1693787031201475642 241.043837 0.000000
1693787031211021697 240.860898 0.000000
1693787031329995704 240.885201 0.000000
1693787031432437051 241.219484 0.000000
1693787031442635193 241.154870 0.000000
1693787031451988163 240.961716 0.000000
1693787031812858013 241.270281 0.000000
1693787031813468012 241.184947 0.000000
1693787031814463608 241.225592 0.000000
1693787031814569409 241.312238 0.000000
1693787031815365095 241.011564 0.000000
1693787031816702481 241.044205 0.000000
1693787031816882309 240.818870 0.000000
1693787031817193087 240.992460 0.000000
1693787031817972981 240.698651 0.000000
1693787031818535439 241.084373 0.000000
1693787031821418525 241.550137 0.000000
1693787031823393304 241.991207 0.000000
1693787031824142086 241.937864 0.000000
1693787031825747420 243.449324 0.000000
1693787031826709212 242.054645 0.000000
1693787031826766224 244.036961 0.000000
1693787031827264563 241.269088 0.000000
1693787031828107554 241.105597 0.000000
1693787031828368421 241.129733 0.000000
1693787031829502899 241.642391 0.000000
1693787031829570421 241.974744 0.000000
1693787031829582479 241.655732 0.000000
1693787031829627905 241.787021 0.000000
1693787031829648523 241.664070 0.000000
1693787031830418203 240.973119 0.000000
1693787031831570293 241.123975 0.000000
1693787031832531825 240.988579 0.000000
1693787031832814387 241.309866 0.000000
1693787031833112170 240.981037 0.000000
1693787031933421336 241.138614 0.000000
1693787031935032433 240.826121 0.000000
1693787031938768233 240.944326 0.000000
1693787031939878435 240.903400 0.000000
1693787031941387816 241.111720 0.000000
1693787031947229058 241.273181 0.000000
1693787032056191091 240.820468 0.000000
1693787032058796261 240.818990 0.000000
1693787032069212178 240.837938 0.000000
1693787032179609770 240.836721 0.000000
1693787032297323053 241.126890 0.000000
1693787032309105179 241.021898 0.000000
1693787032539646953 242.319596 0.000000
1693787032646144263 241.084592 0.000000
1693787032646864493 241.505552 0.000000
1693787032646929820 241.756902 0.000000
1693787032647953020 241.116923 0.000000
1693787032649053646 241.659806 0.000000
1693787032649136929 241.381909 0.000000
1693787032649645257 241.630643 0.000000
1693787032649812030 241.377604 0.000000
1693787032649840596 241.594914 0.000000
1693787032650903027 242.184737 0.000000
1693787032651009846 241.310092 0.000000
1693787032651082470 241.601630 0.000000
1693787032651081222 241.530434 0.000000
1693787032651125946 242.318337 0.000000
1693787032651344389 240.935446 0.000000
1693787032653828713 241.496907 0.000000
1693787032653906448 241.018840 0.000000
1693787032654461354 241.504328 0.000000
1693787032656635060 242.516773 0.000000
1693787032659997646 241.418358 0.000000
1693787032660847212 241.864095 0.000000
1693787032660923154 241.388363 0.000000
1693787032660973040 241.467853 0.000000
1693787032661962010 241.291353 0.000000
1693787032662652672 242.018875 0.000000
1693787032663680443 241.749970 0.000000
1693787032665054915 243.191031 0.000000
1693787032666363388 244.280406 0.000000
1693787032667026040 244.812859 0.000000
1693787032667453384 244.459287 0.000000
1693787032668184615 243.912455 0.000000
1693787032668824603 244.629643 0.000000
1693787032811101307 240.891744 0.000000
1693787032824264344 240.868399 0.000000
1693787032887964236 241.028887 0.000000
1693787032891841019 240.755417 0.000000
1693787032891863706 240.955497 0.000000
1693787032901744488 240.891789 0.000000
1693787032903602731 240.945869 0.000000
1693787033051992327 240.886230 0.000000
1693787033054055561 241.182173 0.000000
1693787033065265817 240.996187 0.000000
1693787033622322194 241.220965 0.000000
1693787033623755458 241.135115 0.000000
1693787033623832316 241.283686 0.000000
1693787033628066314 241.612616 0.000000
1693787033629047832 241.395641 0.000000
1693787033629329983 241.557146 0.000000
1693787033629713751 241.839523 0.000000
1693787033629996890 242.008696 0.000000
1693787033631220977 241.130934 0.000000
1693787033632440323 241.319474 0.000000
1693787033633745143 241.320581 0.000000
1693787033633731998 241.128825 0.000000
1693787033636200600 242.376742 0.000000
1693787033636325591 242.110629 0.000000
1693787033636562412 242.238677 0.000000
1693787033637462144 242.599827 0.000000
1693787033637875902 241.829610 0.000000
1693787033639290582 242.516468 0.000000
1693787033639796163 242.034994 0.000000
1693787033640058228 242.125544 0.000000
1693787033640241169 242.311637 0.000000
1693787033640292272 242.233395 0.000000
1693787033640448135 242.216490 0.000000
1693787033748188105 241.752286 0.000000
1693787033794434911 241.225921 0.000000
1693787033868657724 240.741488 0.000000
1693787033869443056 241.391952 0.000000
1693787033877614062 241.150776 0.000000
1693787033878466910 241.001398 0.000000
1693787033991391966 240.788151 0.000000
1693787034604855644 241.554396 0.000000
1693787034607981821 241.495473 0.000000
1693787034609239351 241.868502 0.000000
1693787034611590776 244.034625 0.000000
1693787034613107093 242.283727 0.000000
1693787034613175552 242.496778 0.000000
1693787034613359891 241.650644 0.000000
1693787034613816267 242.145145 0.000000
1693787034614120831 242.213058 0.000000
1693787034618241220 242.063605 0.000000
1693787034619307390 243.168770 0.000000
1693787034620539445 243.231612 0.000000
1693787034620642605 243.431978 0.000000
1693787034621393502 242.342874 0.000000
1693787034621436417 242.461735 0.000000
1693787034621492913 243.606874 0.000000
1693787034621947656 242.780617 0.000000
1693787034622349866 243.127254 0.000000
1693787034623257066 242.884674 0.000000
1693787034623313919 243.029857 0.000000
1693787034624459929 244.115557 0.000000
1693787034625125643 244.186161 0.000000
1693787034625610831 243.452295 0.000000
1693787034625716883 243.167402 0.000000
1693787034625903297 242.863024 0.000000
1693787034626270461 243.186426 0.000000
1693787034626557609 243.422626 0.000000
1693787034626627592 242.999602 0.000000
1693787034626748277 243.144223 0.000000
1693787034626868256 243.314485 0.000000
1693787034627418952 243.669135 0.000000
1693787034734781805 241.762836 0.000000
1693787034739855151 243.216893 0.000000
1693787034743783388 241.960685 0.000000
1693787034855129737 240.986970 0.000000
1693787034862293961 240.970793 0.000000
1693787034863088755 241.691950 0.000000
1693787034863192466 241.241343 0.000000
1693787034864714888 242.042682 0.000000
1693787034865835534 240.705071 0.000000
1693787035104510562 241.313455 0.000000
1693787035345827139 241.311716 0.000000
1693787035727159742 241.457385 0.000000
1693787035728969342 241.637013 0.000000
1693787035732317675 242.956322 0.000000
1693787035732872636 242.055095 0.000000
1693787035734152062 242.675037 0.000000
1693787035734345712 242.872512 0.000000
1693787035736558559 244.959356 0.000000
1693787035737275416 243.142820 0.000000
1693787035737338769 243.770855 0.000000
1693787035737541911 242.146712 0.000000
1693787035737884874 242.425401 0.000000
1693787035738421673 242.303678 0.000000
1693787035738600749 242.225550 0.000000
1693787035739804604 241.631891 0.000000
1693787035740427363 242.144778 0.000000
1693787035742747580 241.810356 0.000000
1693787035742971330 241.829721 0.000000
1693787035742996143 241.539060 0.000000
1693787035743042541 241.573239 0.000000
1693787035744917948 242.221994 0.000000
1693787035745149512 240.857880 0.000000
1693787035745714100 240.977349 0.000000
1693787035745991791 241.083801 0.000000
1693787035746770422 241.817042 0.000000
1693787035747264206 241.860883 0.000000
1693787035747323083 241.952752 0.000000
1693787035747533998 241.963493 0.000000
1693787035747570584 241.256037 0.000000
1693787035748126928 241.674485 0.000000
1693787035748328552 241.764625 0.000000
1693787035748544569 241.102640 0.000000
1693787035748780222 241.193787 0.000000
1693787035748894849 241.318717 0.000000
1693787035749519522 241.133927 0.000000
1693787035749531906 241.904575 0.000000
1693787035868144786 241.439483 0.000000
1693787035902323000 240.682521 0.000000
1693787035966313714 240.966578 0.000000
1693787035969901935 241.007146 0.000000
1693787035970039650 241.067813 0.000000
1693787035972450152 241.695548 0.000000
1693787035976188082 241.580124 0.000000
1693787035978361417 241.078890 0.000000
1693787036110034350 240.940296 0.000000
1693787036111387583 240.950975 0.000000
1693787036211074488 241.167727 0.000000
1693787036213442561 240.987412 0.000000
1693787036702544657 242.450472 0.000000
1693787036702608961 240.740129 0.000000
1693787036702613627 242.363309 0.000000
1693787036703165160 241.147866 0.000000
1693787036703915099 240.987128 0.000000
1693787036704350898 241.223353 0.000000
1693787036705241249 241.492083 0.000000
1693787036705396866 240.735081 0.000000
1693787036707320746 241.606488 0.000000
1693787036708267142 241.257571 0.000000
1693787036711581225 243.311514 0.000000
1693787036711924554 243.378063 0.000000
1693787036712453249 242.368330 0.000000
1693787036713061849 241.645388 0.000000
1693787036713386805 241.160581 0.000000
1693787036715107884 241.640797 0.000000
1693787036716388683 241.057049 0.000000
1693787036717087664 241.790846 0.000000
1693787036717306478 241.706966 0.000000
1693787036718038906 240.740053 0.000000
1693787036719493079 241.555575 0.000000
1693787036719662819 240.704910 0.000000
1693787036720869636 240.802171 0.000000
1693787036721804516 241.630694 0.000000
1693787036721856867 241.364064 0.000000
1693787036722172000 241.496141 0.000000
1693787036722468329 241.897450 0.000000
1693787036724340910 240.917665 0.000000
1693787036739793649 240.779648 0.000000
1693787036816533842 240.775689 0.000000
1693787036816585112 240.723277 0.000000
1693787036839165334 240.940001 0.000000
1693787036943630707 241.014709 0.000000
1693787036945883487 241.524520 0.000000
1693787036947698684 240.856392 0.000000
1693787036950770449 242.055341 0.000000
1693787036952772551 241.127533 0.000000
1693787036953034300 241.101091 0.000000
1693787036965401546 241.051947 0.000000
1693787037064111086 240.857930 0.000000
1693787037066732404 240.940291 0.000000
1693787037120500810 240.952300 0.000000
1693787037191843639 241.068273 0.000000
1693787037428707664 241.217071 0.000000
1693787037554375161 241.567982 0.000000
1693787037728956446 240.933346 0.000000
1693787037729162886 240.974667 0.000000
1693787037729804669 240.987117 0.000000
1693787037733698055 241.470189 0.000000
1693787037734253071 241.271868 0.000000
1693787037735448627 242.145009 0.000000
1693787037736196937 241.820092 0.000000
1693787037736527541 242.113415 0.000000
1693787037739336530 244.060208 0.000000
1693787037739448611 244.105338 0.000000
1693787037740733910 245.352174 0.000000
1693787037742450198 245.828887 0.000000
1693787037743086052 246.512362 0.000000
1693787037743335141 246.517759 0.000000
1693787037743395602 245.609377 0.000000
1693787037743537868 245.509394 0.000000
1693787037743986406 245.466399 0.000000
1693787037745518595 246.035303 0.000000
1693787037745538191 246.973941 0.000000
1693787037746123783 246.045111 0.000000
1693787037746298294 245.548967 0.000000
1693787037746899602 245.540959 0.000000
1693787037747052613 245.532449 0.000000
1693787037747181924 245.383698 0.000000
1693787037747664948 245.438155 0.000000
1693787037747789743 245.226592 0.000000
1693787037747959282 245.147869 0.000000
1693787037748162560 244.847470 0.000000
1693787037748195943 245.228968 0.000000
1693787037748220600 245.372001 0.000000
1693787037748250896 244.770276 0.000000
1693787037748277938 244.268955 0.000000
1693787037748377655 244.331260 0.000000
1693787037748428619 244.223895 0.000000
1693787037749009074 244.729756 0.000000
1693787037749106922 243.314986 0.000000
1693787037749165137 242.567146 0.000000
1693787037750317041 240.924195 0.000000
1693787037750337960 240.746285 0.000000
1693787037863072081 240.998036 0.000000
1693787037866135938 241.925463 0.000000
1693787037866662037 242.374237 0.000000
1693787037866716097 242.252995 0.000000
1693787037866858669 241.398934 0.000000
1693787037866941256 241.332494 0.000000
1693787037975406894 241.148506 0.000000
1693787037983359908 240.902058 0.000000
1693787037984241995 240.901065 0.000000
1693787037984835611 240.843622 0.000000
1693787037988175926 241.292997 0.000000
1693787037989783284 241.502104 0.000000
1693787037989788928 241.405854 0.000000
1693787038107097074 240.958745 0.000000
1693787038107787690 240.841221 0.000000
1693787038149946216 240.819570 0.000000
1693787038224529669 241.164624 0.000000
1693787038348376789 241.238900 0.000000
1693787038469807164 241.305606 0.000000
1693787038805192396 241.318712 0.000000
1693787038806059227 241.965080 0.000000
1693787038806928504 242.451919 0.000000
1693787038807558144 242.071067 0.000000
1693787038810764502 244.909038 0.000000
1693787038810997068 245.152490 0.000000
1693787038811913204 243.792080 0.000000
1693787038813523309 244.350530 0.000000
1693787038815087252 245.121007 0.000000
1693787038815133960 245.051275 0.000000
1693787038815942882 244.471761 0.000000
1693787038816151983 242.193241 0.000000
1693787038816553903 242.360184 0.000000
1693787038817997726 241.192548 0.000000
1693787038818608001 241.821767 0.000000
1693787038818952893 241.433624 0.000000
1693787038819042561 241.130614 0.000000
1693787038819863852 240.781051 0.000000
1693787038820001046 240.821104 0.000000
1693787038820894925 241.316942 0.000000
1693787038821487273 241.663233 0.000000
1693787038822617622 241.634903 0.000000
1693787038822956621 241.409218 0.000000
1693787038924576796 241.457345 0.000000
1693787038928317758 241.866711 0.000000
1693787038929052812 241.674485 0.000000
1693787038942614617 241.531943 0.000000
1693787038945817958 240.914321 0.000000
1693787038981741232 241.076899 0.000000
1693787039041581998 240.811192 0.000000
1693787039047675351 241.640174 0.000000
1693787039048695113 241.040279 0.000000
1693787039051892620 240.891087 0.000000
1693787039056000971 240.910949 0.000000
1693787039057279871 241.124130 0.000000
1693787039062266786 240.774642 0.000000
1693787039063809790 240.850724 0.000000
1693787039222912732 241.166735 0.000000
1693787039297280423 240.929131 0.000000
1693787039786394374 240.763796 0.000000
1693787039787888163 241.067227 0.000000
1693787039789392838 241.579478 0.000000
1693787039791773721 240.987767 0.000000
1693787039791833665 242.252378 0.000000
1693787039796754512 244.090655 0.000000
1693787039796869018 244.056199 0.000000
1693787039796946608 243.407702 0.000000
1693787039797803717 241.359192 0.000000
1693787039797825608 243.562942 0.000000
1693787039800481777 242.935268 0.000000
1693787039800613017 241.438326 0.000000
1693787039800623075 241.271869 0.000000
1693787039801036191 241.644305 0.000000
1693787039801308911 241.536183 0.000000
1693787039801479502 241.581614 0.000000
1693787039802061270 241.846565 0.000000
1693787039802712425 241.861118 0.000000
1693787039802809185 241.430787 0.000000
1693787039802817444 240.845311 0.000000
1693787039803453138 241.516251 0.000000
1693787039804351653 242.208953 0.000000
1693787039804655925 242.401421 0.000000
1693787039805579468 242.136800 0.000000
1693787039805636847 242.521985 0.000000
1693787039806543125 242.951905 0.000000
1693787039806737191 241.986841 0.000000
1693787039806759288 242.433044 0.000000
1693787039806954286 242.217066 0.000000
1693787039808041731 243.252605 0.000000
1693787039809093337 244.233336 0.000000
1693787039809195735 244.196816 0.000000
1693787039809461754 244.199212 0.000000
1693787039821951937 240.904108 0.000000
1693787039908429530 241.048209 0.000000
1693787039911667461 242.072195 0.000000
1693787039921519377 240.944155 0.000000
1693787040022488372 241.056918 0.000000
1693787040024346474 240.865427 0.000000
1693787040027461205 241.061213 0.000000
1693787040037168254 241.196362 0.000000
1693787040037876055 240.925518 0.000000
1693787040042340649 240.852617 0.000000
1693787040043733259 240.913148 0.000000
1693787040044445846 240.987666 0.000000
1693787040047855748 240.897487 0.000000
1693787040162730504 241.122104 0.000000
1693787040172975072 240.971528 0.000000
1693787040268640370 241.183420 0.000000
1693787040403820628 241.085609 0.000000
1693787040645814782 240.981042 0.000000
1693787040649638296 242.640196 0.000000
1693787040649909737 240.881284 0.000000
1693787040650395141 241.202276 0.000000
1693787040654203328 243.137873 0.000000
1693787040654737506 243.539116 0.000000
1693787040655368985 242.373405 0.000000
1693787040655464447 242.371224 0.000000
1693787040655707412 242.021571 0.000000
1693787040655733598 241.538833 0.000000
1693787040656778979 241.202853 0.000000
1693787040657551612 241.227776 0.000000
1693787040659803109 241.498967 0.000000
1693787040659879642 241.152631 0.000000
1693787040660594580 241.697368 0.000000
1693787040660972188 242.100752 0.000000
1693787040661896032 241.317003 0.000000
1693787040663034450 242.052409 0.000000
1693787040663122149 241.206050 0.000000
1693787040664010340 241.458287 0.000000
1693787040666478426 243.341597 0.000000
1693787040667834174 243.866328 0.000000
1693787040668436144 244.428144 0.000000
1693787040669179538 244.787881 0.000000
1693787040763011228 240.668133 0.000000
1693787040773426484 241.301407 0.000000
1693787040779363714 241.028386 0.000000
1693787040785863583 242.583007 0.000000
1693787040787821587 242.062012 0.000000
1693787040789624361 242.690062 0.000000
1693787040789754699 242.492057 0.000000
1693787040886967683 241.147383 0.000000
1693787040891421182 241.505586 0.000000
1693787040894969089 240.760690 0.000000
1693787040895579925 240.837228 0.000000
1693787040896488659 241.033619 0.000000
1693787040896619734 240.908212 0.000000
1693787040897542826 240.761040 0.000000
1693787040897606404 240.921698 0.000000
1693787040909521539 241.037919 0.000000
1693787040909841829 240.659669 0.000000
1693787041150409965 240.883715 0.000000
