1693787017361941209 350.427316 0.000000
1693787017364872650 358.441057 0.000000
1693787017364895246 358.685997 0.000000
1693787017383548475 367.649577 0.000000
1693787017394829752 368.063819 0.000000
1693787017394852926 368.182737 0.000000
1693787017394873829 368.232396 0.000000
1693787017394894636 368.310228 0.000000
1693787017394915787 368.575173 0.000000
1693787017394948043 368.581972 0.000000
1693787017394986701 368.910218 0.000000
1693787017395015635 369.696468 0.000000
1693787017395086407 360.817458 0.000000
1693787017395107590 361.088384 0.000000
1693787017395174424 344.548230 0.000000
1693787017395250055 347.025333 0.000000
1693787017395305166 347.878620 0.000000
1693787017396052210 338.504595 0.000000
1693787017424883222 354.820388 0.000000
1693787017475244911 338.951692 0.000000
1693787018025983197 822.802936 0.000000
1693787018080386769 851.770721 0.000000
1693787018543728373 1258.174556 0.000000
1693787018696669015 1388.241793 0.000000
1693787018700152935 1344.432071 0.000000
1693787018704344410 1344.673546 0.000000
1693787018704876657 1321.326189 0.000000
1693787018705028809 1324.138316 0.000000
1693787018705354656 1308.909019 0.000000
1693787018705546600 1310.579418 0.000000
1693787018713759453 1308.026108 0.000000
1693787018834502390 1558.050385 0.000000
1693787018874958073 1598.619833 0.000000
1693787019263981434 1560.862454 0.000000
1693787019358468126 1773.633203 0.000000
1693787019892652519 1187.296337 0.000000
1693787019892681533 1188.335799 0.000000
1693787020129568769 1066.485923 0.000000
1693787020197484881 1006.610825 0.000000
1693787020198707787 834.201465 0.000000
1693787020198729328 834.303536 0.000000
1693787020198758540 834.791920 0.000000
1693787020198783685 835.501875 0.000000
1693787020198808119 835.933074 0.000000
1693787020198832154 836.337008 0.000000
1693787020198855767 836.664989 0.000000
1693787020198879595 836.835641 0.000000
1693787020199056883 825.851507 0.000000
1693787020199091899 826.441465 0.000000
1693787020199119333 826.882249 0.000000
1693787020199145123 827.003861 0.000000
1693787020199177787 827.128345 0.000000
1693787020199220852 829.338798 0.000000
1693787020199254426 816.703189 0.000000
1693787020199295557 817.479235 0.000000
1693787020386459275 818.251342 0.000000
1693787020437074501 865.714448 0.000000
1693787020589465450 900.822736 0.000000
1693787020712007525 810.339356 0.000000
1693787020731078902 532.020629 0.000000
1693787020731216877 792.781714 0.000000
1693787020731247251 792.885619 0.000000
1693787020731252126 532.542745 0.000000
1693787020731277583 793.006615 0.000000
1693787020731332995 793.146112 0.000000
1693787020893381091 776.063899 0.000000
1693787020944080176 312.271889 0.000000
1693787020944157072 312.421670 0.000000
1693787020944186839 312.491762 0.000000
1693787020944233523 312.656303 0.000000
1693787020944261005 312.658174 0.000000
1693787020944329250 312.855019 0.000000
1693787020944385636 313.249524 0.000000
1693787020944405067 312.476517 0.000000
1693787020944435402 313.342784 0.000000
1693787020944464981 314.100254 0.000000
1693787020944491696 314.399661 0.000000
1693787020944519440 314.538997 0.000000
1693787020944548540 314.836861 0.000000
1693787020964339635 320.343809 0.000000
1693787020964371454 320.529179 0.000000
1693787020964553812 331.394608 0.000000
1693787020964584121 331.708241 0.000000
1693787020964635083 332.213770 0.000000
1693787020964670960 332.424655 0.000000
1693787020964707210 332.380670 0.000000
1693787020964734733 332.544039 0.000000
1693787021115436066 288.702655 0.000000
1693787021177152868 291.172914 0.000000
1693787021177182018 291.385700 0.000000
1693787021178355327 288.677056 0.000000
1693787021233200746 288.938091 0.000000
1693787021233371026 288.964695 0.000000
1693787021253354437 288.981214 0.000000
1693787021254252008 288.801293 0.000000
1693787021467331322 288.973953 0.000000
1693787021925001225 288.793916 0.000000
1693787021925625743 289.131511 0.000000
1693787021925840306 289.198449 0.000000
1693787021926752407 289.996153 0.000000
1693787021927826014 291.124402 0.000000
1693787021928017670 291.121548 0.000000
1693787021928411108 291.571579 0.000000
1693787021928487042 290.841171 0.000000
1693787021929907179 288.718924 0.000000
1693787021931383218 288.881710 0.000000
1693787021933144002 288.783188 0.000000
1693787021933870782 288.745181 0.000000
1693787021934808153 288.840128 0.000000
1693787021935214608 289.074305 0.000000
1693787021935739600 289.000839 0.000000
1693787021935998182 289.101963 0.000000
1693787021936368801 288.808004 0.000000
1693787021936457013 288.832839 0.000000
1693787021938036348 289.872983 0.000000
1693787021938217715 289.368846 0.000000
1693787021957721423 308.353204 0.000000
1693787021957744420 307.167139 0.000000
1693787021957782991 305.866179 0.000000
1693787021957832107 307.283996 0.000000
1693787021957852335 307.321716 0.000000
1693787021957878983 306.330299 0.000000
1693787022057607509 294.519653 0.000000
1693787022072945147 289.713262 0.000000
1693787022073335486 288.963853 0.000000
1693787022076340839 289.047510 0.000000
1693787022083267658 289.089146 0.000000
1693787022216937950 289.110143 0.000000
1693787022217609511 289.120710 0.000000
1693787022218737700 288.824037 0.000000
1693787022222606772 288.734290 0.000000
1693787022225740043 289.369743 0.000000
1693787022247048877 289.244427 0.000000
1693787022247357321 289.633818 0.000000
1693787022910248048 288.863457 0.000000
1693787022915389452 288.848432 0.000000
1693787022917238228 289.087353 0.000000
1693787022920005915 289.311103 0.000000
1693787022921699700 289.249370 0.000000
1693787022921756747 289.120580 0.000000
1693787022922268157 289.689799 0.000000
1693787022923482086 290.573745 0.000000
1693787022923702503 290.311907 0.000000
1693787022923773769 289.735866 0.000000
1693787022924535716 290.151674 0.000000
1693787022924752235 289.784133 0.000000
1693787022924927337 290.029931 0.000000
1693787022925457856 290.390835 0.000000
1693787022926147235 290.887009 0.000000
1693787022926518478 291.124376 0.000000
1693787022928035116 291.927895 0.000000
1693787022928208805 291.846080 0.000000
1693787022928585231 292.134546 0.000000
1693787022928646213 292.059005 0.000000
1693787022928654868 291.880389 0.000000
1693787022928698394 291.229310 0.000000
1693787022928720626 292.037440 0.000000
1693787022928741875 290.260431 0.000000
1693787022928805598 292.315442 0.000000
1693787023057788500 290.940774 0.000000
1693787023066993867 288.736677 0.000000
1693787023070505204 290.148476 0.000000
1693787023071058416 290.570794 0.000000
1693787023071702304 291.251963 0.000000
1693787023072564695 291.013122 0.000000
1693787023165290928 294.740362 0.000000
1693787023202037105 291.783920 0.000000
1693787023211985400 290.282382 0.000000
1693787023213870139 288.939609 0.000000
1693787023217775573 289.074818 0.000000
1693787023361746697 289.178931 0.000000
1693787023599288088 289.269495 0.000000
1693787023771043820 288.755360 0.000000
1693787023771726192 288.883167 0.000000
1693787023772287458 289.228070 0.000000
1693787023772411757 289.121517 0.000000
1693787023773010860 289.241151 0.000000
1693787023773916482 289.219791 0.000000
1693787023774235138 289.382589 0.000000
1693787023775012441 288.827850 0.000000
1693787023778889805 289.165560 0.000000
1693787023779097588 289.283169 0.000000
1693787023780020235 289.832541 0.000000
1693787023780069835 290.217797 0.000000
1693787023780169792 289.795831 0.000000
1693787023781183631 290.843423 0.000000
1693787023781400290 290.522256 0.000000
1693787023781865346 289.330895 0.000000
1693787023782429313 289.874569 0.000000
1693787023784260101 288.724534 0.000000
1693787023786856621 288.997715 0.000000
1693787023787216894 288.543778 0.000000
1693787023788370783 289.561380 0.000000
1693787023789249316 289.810700 0.000000
1693787023789487500 289.955116 0.000000
1693787023789793803 289.145864 0.000000
1693787023789940775 289.210069 0.000000
1693787023790928231 289.149904 0.000000
1693787023791026069 289.144486 0.000000
1693787023791694203 289.764889 0.000000
1693787023917472351 288.806199 0.000000
1693787023926339386 289.690901 0.000000
1693787023927515130 288.923161 0.000000
1693787023934547899 288.958012 0.000000
1693787024063813673 288.796025 0.000000
1693787024069183203 289.110181 0.000000
1693787024069555910 289.381327 0.000000
1693787024070160151 288.973849 0.000000
1693787024070667987 288.799132 0.000000
1693787024078199089 288.708496 0.000000
1693787024080334461 288.634725 0.000000
1693787024177155253 288.906126 0.000000
1693787024220542727 289.113097 0.000000
1693787024223511297 288.958202 0.000000
1693787024358223016 289.034450 0.000000
1693787024743520526 288.799333 0.000000
1693787024743881641 288.678933 0.000000
1693787024746742636 289.238384 0.000000
1693787024746829077 288.925672 0.000000
1693787024747335139 289.284506 0.000000
1693787024748725388 288.700277 0.000000
1693787024748783934 288.664825 0.000000
1693787024750786843 288.808278 0.000000
1693787024751478652 289.142641 0.000000
1693787024753325964 289.558604 0.000000
1693787024754154682 289.191816 0.000000
1693787024754751244 289.826171 0.000000
1693787024756405647 288.952614 0.000000
1693787024756507694 288.831748 0.000000
1693787024757081850 289.356995 0.000000
1693787024757613221 288.793384 0.000000
1693787024759373280 289.106096 0.000000
1693787024760629406 289.257374 0.000000
1693787024762406886 289.254842 0.000000
1693787024763417492 288.966346 0.000000
1693787024764728175 289.795555 0.000000
1693787024764882585 288.810138 0.000000
1693787024765796751 289.325496 0.000000
1693787024765850536 288.875666 0.000000
1693787024766358643 288.857247 0.000000
1693787024766395028 289.031132 0.000000
1693787024807921239 291.271814 0.000000
1693787024902541587 289.067932 0.000000
1693787025045392499 288.981279 0.000000
1693787025049292731 289.069425 0.000000
1693787025052362507 288.940114 0.000000
1693787025055025681 289.169372 0.000000
1693787025578546708 288.779667 0.000000
1693787025578750732 288.862220 0.000000
1693787025579229781 288.642669 0.000000
1693787025579362906 288.681214 0.000000
1693787025580004744 289.104086 0.000000
1693787025580257823 288.928423 0.000000
1693787025580970405 289.038249 0.000000
1693787025582254718 289.062625 0.000000
1693787025582984515 289.208579 0.000000
1693787025584432327 290.031313 0.000000
1693787025584531844 290.062210 0.000000
1693787025584929007 289.804406 0.000000
1693787025587912282 289.469066 0.000000
1693787025590139197 288.898474 0.000000
1693787025591245184 288.732262 0.000000
1693787025591533590 289.103260 0.000000
1693787025591585295 288.990047 0.000000
1693787025592011161 289.458501 0.000000
1693787025593209122 289.471807 0.000000
1693787025593315680 289.165214 0.000000
1693787025593485160 289.042955 0.000000
1693787025593727182 289.341655 0.000000
1693787025594269950 288.996466 0.000000
1693787025594359323 288.987666 0.000000
1693787025595320789 288.857318 0.000000
1693787025595843054 289.471747 0.000000
1693787025595893005 289.466365 0.000000
1693787025596094223 289.558644 0.000000
1693787025596240388 289.709345 0.000000
1693787025596483820 289.632546 0.000000
1693787025596579517 289.778289 0.000000
1693787025596713464 288.813190 0.000000
1693787025596989481 288.963003 0.000000
1693787025597587833 288.975082 0.000000
1693787025597610365 289.392121 0.000000
1693787025598410581 289.119628 0.000000
1693787025598904034 289.126840 0.000000
1693787025743239772 288.876007 0.000000
1693787025744532244 288.699862 0.000000
1693787025749810019 288.897772 0.000000
1693787025867476243 288.924458 0.000000
1693787025884151563 288.828438 0.000000
1693787025891249844 288.826719 0.000000
1693787025980343164 288.866238 0.000000
1693787026012956714 288.975654 0.000000
1693787026021719696 289.151011 0.000000
1693787026302292886 289.331477 0.000000
1693787026532732237 288.843441 0.000000
1693787026533800227 288.787666 0.000000
1693787026534347625 289.272884 0.000000
1693787026534949269 289.956876 0.000000
1693787026535567077 288.697526 0.000000
1693787026535713377 288.740852 0.000000
1693787026535981280 288.857312 0.000000
1693787026536042883 288.880557 0.000000
1693787026537514406 289.150529 0.000000
1693787026538698821 289.194276 0.000000
1693787026538860928 288.866478 0.000000
1693787026541284445 289.116801 0.000000
1693787026541361669 289.309189 0.000000
1693787026543264565 289.567505 0.000000
1693787026544229776 288.833442 0.000000
1693787026544376988 288.769032 0.000000
1693787026544410551 288.705264 0.000000
1693787026545250134 289.188352 0.000000
1693787026545898076 288.766065 0.000000
1693787026545929189 288.845415 0.000000
1693787026547646558 289.222522 0.000000
1693787026547832376 289.223695 0.000000
1693787026548292621 289.202966 0.000000
1693787026548858588 288.722675 0.000000
1693787026549290628 289.112862 0.000000
1693787026549682825 289.003252 0.000000
1693787026550118303 288.573342 0.000000
1693787026551125400 288.827063 0.000000
1693787026553233895 289.030014 0.000000
1693787026553701848 289.368462 0.000000
1693787026554658248 288.916530 0.000000
1693787026554806312 288.609115 0.000000
1693787026556641420 288.754920 0.000000
1693787026556849630 288.796561 0.000000
1693787026557804891 289.486596 0.000000
1693787026558403399 289.580450 0.000000
1693787026699718365 289.037076 0.000000
1693787026703735379 288.821399 0.000000
1693787026774878975 289.374641 0.000000
1693787026790432322 294.795740 0.000000
1693787026791688178 295.007894 0.000000
1693787026821763217 289.020456 0.000000
1693787026832326764 289.056254 0.000000
1693787026833403373 289.021709 0.000000
1693787026839024764 288.904672 0.000000
1693787026843429760 288.766861 0.000000
1693787026848555417 288.916821 0.000000
1693787026927351676 288.814520 0.000000
1693787026969912793 289.141573 0.000000
1693787026989219095 288.986995 0.000000
1693787027079447877 289.002400 0.000000
1693787027278158633 288.929790 0.000000
1693787027456465889 289.039536 0.000000
1693787027457100480 289.265436 0.000000
1693787027457174743 289.618774 0.000000
1693787027457989022 288.680862 0.000000
1693787027458243453 288.850627 0.000000
1693787027458722463 289.095201 0.000000
1693787027458745441 288.934963 0.000000
1693787027460144992 289.098048 0.000000
1693787027461548436 289.021474 0.000000
1693787027463015273 289.471982 0.000000
1693787027463423417 289.978701 0.000000
1693787027464961495 289.097195 0.000000
1693787027470036380 289.032099 0.000000
1693787027470867001 288.765504 0.000000
1693787027471067964 288.753411 0.000000
1693787027471275301 288.743577 0.000000
1693787027471886107 288.947803 0.000000
1693787027472795151 289.030124 0.000000
1693787027473010126 288.701845 0.000000
1693787027474063902 288.843544 0.000000
1693787027474815736 288.925861 0.000000
1693787027475026862 288.817008 0.000000
1693787027475050672 289.121932 0.000000
1693787027475117257 288.743321 0.000000
1693787027608793150 289.249801 0.000000
1693787027612417406 288.904212 0.000000
1693787027708105468 294.767461 0.000000
1693787027762863712 288.796097 0.000000
1693787028314573619 288.658581 0.000000
1693787028315375900 289.276278 0.000000
1693787028316373681 288.634605 0.000000
1693787028320364749 289.639020 0.000000
1693787028320395015 289.456185 0.000000
1693787028321474565 289.810164 0.000000
1693787028321980121 290.200758 0.000000
1693787028323047183 291.221397 0.000000
1693787028324011837 291.833946 0.000000
1693787028324443557 291.992395 0.000000
1693787028324507119 292.246787 0.000000
1693787028325256036 291.875915 0.000000
1693787028325654453 292.223658 0.000000
1693787028325904244 291.496873 0.000000
1693787028326567332 291.750142 0.000000
1693787028326635676 291.622179 0.000000
1693787028327437150 291.705207 0.000000
1693787028328044868 290.850178 0.000000
1693787028328119367 290.608601 0.000000
1693787028329712312 290.875973 0.000000
1693787028330632843 290.762134 0.000000
1693787028331751074 289.359697 0.000000
1693787028331771612 289.045260 0.000000
1693787028331977952 289.055709 0.000000
1693787028467678549 289.559165 0.000000
1693787028467924711 289.644303 0.000000
1693787028475643351 288.885248 0.000000
1693787028478088298 288.626350 0.000000
1693787028532923069 288.952780 0.000000
1693787028609197906 288.830440 0.000000
1693787028616882450 288.832290 0.000000
1693787029182627299 288.860300 0.000000
1693787029184018685 288.661236 0.000000
1693787029184915400 288.656050 0.000000
1693787029186594907 289.062685 0.000000
1693787029186832114 288.875435 0.000000
1693787029187235397 289.290671 0.000000
1693787029187454135 289.347293 0.000000
1693787029188443401 290.417637 0.000000
1693787029188540808 290.152094 0.000000
1693787029188543088 290.191983 0.000000
1693787029188612460 289.196452 0.000000
1693787029188618749 289.058631 0.000000
1693787029189252524 289.472975 0.000000
1693787029189332319 289.298373 0.000000
1693787029189438185 289.727532 0.000000
1693787029189631124 289.298052 0.000000
1693787029190195707 289.628727 0.000000
1693787029191483613 288.911354 0.000000
1693787029192651159 288.699726 0.000000
1693787029194377244 289.432054 0.000000
1693787029195295560 288.927326 0.000000
1693787029195358662 289.043711 0.000000
1693787029195830309 288.657267 0.000000
1693787029196054771 288.736732 0.000000
1693787029196632866 289.156148 0.000000
1693787029197937475 289.032766 0.000000
1693787029198479090 289.090655 0.000000
1693787029198499117 289.285889 0.000000
1693787029198568423 289.567950 0.000000
1693787029200596009 289.392918 0.000000
1693787029200653583 289.379151 0.000000
1693787029332447573 289.198065 0.000000
1693787029338300136 289.653039 0.000000
1693787029431804089 288.769839 0.000000
1693787029434000197 288.799969 0.000000
1693787029472876008 288.852036 0.000000
1693787029485117868 289.060416 0.000000
1693787029486711871 288.769639 0.000000
1693787029566208155 288.812518 0.000000
1693787029621475418 289.022969 0.000000
1693787029763750212 289.405442 0.000000
1693787030152954544 288.737735 0.000000
1693787030153808696 288.884592 0.000000
1693787030154479431 288.725226 0.000000
1693787030154638165 288.751176 0.000000
1693787030154992068 288.781271 0.000000
1693787030157401512 288.853614 0.000000
1693787030157554573 288.993028 0.000000
1693787030158005222 289.406891 0.000000
1693787030159169545 289.345368 0.000000
1693787030160213107 289.101085 0.000000
1693787030161004543 289.234105 0.000000
1693787030164375514 289.999410 0.000000
1693787030164482744 290.087775 0.000000
1693787030165017974 290.243522 0.000000
1693787030165119410 289.715073 0.000000
1693787030165489120 288.807417 0.000000
1693787030168400747 290.334785 0.000000
1693787030168505862 290.077706 0.000000
1693787030168620995 290.085444 0.000000
1693787030168668615 290.066841 0.000000
1693787030170136495 291.053115 0.000000
1693787030170253697 291.115977 0.000000
1693787030170397537 288.995940 0.000000
1693787030170588847 289.126544 0.000000
1693787030171746765 288.880877 0.000000
1693787030172065957 289.055328 0.000000
1693787030172452662 289.360919 0.000000
1693787030172500714 288.869857 0.000000
1693787030173212153 288.738251 0.000000
1693787030173826627 288.649950 0.000000
1693787030251898359 289.158307 0.000000
1693787030297477045 288.919556 0.000000
1693787030304651448 288.766160 0.000000
1693787030307695478 288.747632 0.000000
1693787030307823035 288.627297 0.000000
1693787030318892288 289.539785 0.000000
1693787030442821246 289.006751 0.000000
1693787030453334683 288.953837 0.000000
1693787030454475281 288.982328 0.000000
1693787030454633329 288.825503 0.000000
1693787030459098826 288.957591 0.000000
1693787030459330841 289.074372 0.000000
1693787030583740344 289.196428 0.000000
1693787030593658589 289.002184 0.000000
1693787030602207760 288.993133 0.000000
1693787030610478562 289.240192 0.000000
1693787030699572445 289.154637 0.000000
1693787030872678820 288.932501 0.000000
1693787030988518725 288.944195 0.000000
1693787031013505179 288.855639 0.000000
1693787031015638266 288.899771 0.000000
1693787031018054075 289.039211 0.000000
1693787031019701747 288.804314 0.000000
1693787031020481311 288.938762 0.000000
1693787031020567576 288.961189 0.000000
1693787031020592835 288.948349 0.000000
1693787031022301314 289.630466 0.000000
1693787031022927420 288.893257 0.000000
1693787031023922836 289.336162 0.000000
1693787031025415578 289.021875 0.000000
1693787031025516924 288.980865 0.000000
1693787031025837790 289.118991 0.000000
1693787031026416481 289.029869 0.000000
1693787031027025909 289.424477 0.000000
1693787031027370691 289.348230 0.000000
1693787031027989710 288.831663 0.000000
1693787031028054190 289.624047 0.000000
1693787031028054175 289.291518 0.000000
1693787031028246037 289.134668 0.000000
1693787031029941115 290.359597 0.000000
1693787031030495524 290.357302 0.000000
1693787031030729203 290.449662 0.000000
1693787031031035360 290.196292 0.000000
1693787031031096086 290.169089 0.000000
1693787031031173912 290.193591 0.000000
1693787031031379946 289.273225 0.000000
1693787031031638287 288.729435 0.000000
1693787031032023278 288.879945 0.000000
1693787031032484992 289.234931 0.000000
1693787031158106986 289.011080 0.000000
1693787031173372574 289.468058 0.000000
1693787031184248907 288.701680 0.000000
1693787031263279389 288.718119 0.000000
1693787031279179988 289.216873 0.000000
1693787031304687584 289.042883 0.000000
1693787031313293792 289.368751 0.000000
1693787031314462239 288.939999 0.000000
1693787031317446240 289.451609 0.000000
1693787031320957047 288.927168 0.000000
1693787031569585911 290.401648 0.000000
1693787031599790514 292.186206 0.000000
1693787031607563389 288.982720 0.000000
1693787031872321116 288.811237 0.000000
1693787031875430233 288.743955 0.000000
1693787031875499248 289.180882 0.000000
1693787031878500805 289.094174 0.000000
1693787031879097824 289.484252 0.000000
1693787031879262472 288.972672 0.000000
1693787031880056920 289.686347 0.000000
1693787031880556807 290.102961 0.000000
1693787031880949295 290.463535 0.000000
1693787031881393183 290.449677 0.000000
1693787031881467982 290.152260 0.000000
1693787031881562582 289.609132 0.000000
1693787031882281664 289.544392 0.000000
1693787031882761781 289.946086 0.000000
1693787031883057459 288.621299 0.000000
1693787031883181738 288.672859 0.000000
1693787031883425901 288.888521 0.000000
1693787031883800271 289.211928 0.000000
1693787031884103231 289.521608 0.000000
1693787031886733404 288.917498 0.000000
1693787031887141142 289.509555 0.000000
1693787031887401382 289.039462 0.000000
1693787031887838980 289.773750 0.000000
1693787031888705115 291.158074 0.000000
1693787031888940558 293.399704 0.000000
1693787031890260859 294.781879 0.000000
1693787031890772840 295.428889 0.000000
1693787031993202904 288.976033 0.000000
1693787031993930175 288.661417 0.000000
1693787032025381472 290.080578 0.000000
1693787032028928943 289.625480 0.000000
1693787032033050290 288.834224 0.000000
1693787032161235426 288.908822 0.000000
1693787032169451602 288.889663 0.000000
1693787032169531152 288.578339 0.000000
1693787032170274186 288.801197 0.000000
1693787032178016629 289.306438 0.000000
1693787032178136313 289.192036 0.000000
1693787032179454318 288.676347 0.000000
1693787032314559937 289.173549 0.000000
1693787032315048995 289.103134 0.000000
1693787032468482343 289.023384 0.000000
1693787032706945974 289.386860 0.000000
1693787032707023735 289.179893 0.000000
1693787032707779478 288.896710 0.000000
1693787032707835273 289.058621 0.000000
1693787032709204002 289.036524 0.000000
1693787032710065024 288.678241 0.000000
1693787032710512836 289.021489 0.000000
1693787032711637266 289.078422 0.000000
1693787032713072660 289.513413 0.000000
1693787032713768568 289.652372 0.000000
1693787032713932520 289.577763 0.000000
1693787032714422830 290.135747 0.000000
1693787032714594244 290.118050 0.000000
1693787032714697955 289.121206 0.000000
1693787032715597312 289.521011 0.000000
1693787032715741167 289.434916 0.000000
1693787032719376393 289.143794 0.000000
1693787032719444316 288.690941 0.000000
1693787032720321491 289.303240 0.000000
1693787032720401763 289.381728 0.000000
1693787032720503409 288.989901 0.000000
1693787032722239197 288.695336 0.000000
1693787032722293393 288.984959 0.000000
1693787032723181363 289.057449 0.000000
1693787032723749545 289.366281 0.000000
1693787032723812521 288.841286 0.000000
1693787032723821402 288.993484 0.000000
1693787032724705233 289.323231 0.000000
1693787032725403908 289.629724 0.000000
1693787032725442879 289.590979 0.000000
1693787032725530081 288.948089 0.000000
1693787032725886781 289.235226 0.000000
1693787032726006329 289.322504 0.000000
1693787032726758834 289.238284 0.000000
1693787032841013552 288.791965 0.000000
1693787032851345289 288.790071 0.000000
1693787032858582483 289.018667 0.000000
1693787032867853508 289.091898 0.000000
1693787032874160397 288.943323 0.000000
1693787032996768585 288.927999 0.000000
1693787032996833230 289.048424 0.000000
1693787033003320089 288.892146 0.000000
1693787033003486411 288.887321 0.000000
1693787033003542927 288.840110 0.000000
1693787033009208030 288.803465 0.000000
1693787033012748209 288.993082 0.000000
1693787033014266832 288.819402 0.000000
1693787033144465446 289.229091 0.000000
1693787033298194978 288.981587 0.000000
1693787033447938699 288.984095 0.000000
1693787033682041347 289.010734 0.000000
1693787033682940363 288.888765 0.000000
1693787033683923279 289.339504 0.000000
1693787033684190455 289.452868 0.000000
1693787033684294417 288.855498 0.000000
1693787033684454144 289.051304 0.000000
1693787033684896031 288.884712 0.000000
1693787033686197609 288.758523 0.000000
1693787033687941956 289.204681 0.000000
1693787033689173581 289.102914 0.000000
1693787033689440126 288.896824 0.000000
1693787033690788633 288.964442 0.000000
1693787033691555923 289.774762 0.000000
1693787033691656151 289.748295 0.000000
1693787033692165641 290.113064 0.000000
1693787033692838566 288.941369 0.000000
1693787033693838953 289.778470 0.000000
1693787033693900606 289.697963 0.000000
1693787033694664699 289.277610 0.000000
1693787033694739277 289.310663 0.000000
1693787033694819494 289.295236 0.000000
1693787033694828976 289.246728 0.000000
1693787033695947969 289.657258 0.000000
1693787033695995404 289.875426 0.000000
1693787033696003207 289.775935 0.000000
1693787033696133535 289.390338 0.000000
1693787033696690265 289.985602 0.000000
1693787033696745108 289.918256 0.000000
1693787033697299242 289.645005 0.000000
1693787033698511968 289.417982 0.000000
1693787033698738530 288.993484 0.000000
1693787033700379551 289.021430 0.000000
1693787033700644307 289.160197 0.000000
1693787033702296741 288.721587 0.000000
1693787033702903532 288.965639 0.000000
1693787033852242392 288.869791 0.000000
1693787033853454285 288.689712 0.000000
1693787033928528610 288.799738 0.000000
1693787033973849181 288.926437 0.000000
1693787033976921768 288.974910 0.000000
1693787033980623027 289.062274 0.000000
1693787033981984565 289.141418 0.000000
1693787033985250266 289.113593 0.000000
1693787033985483343 288.787840 0.000000
1693787033986122038 288.817810 0.000000
1693787033987486337 288.969102 0.000000
1693787034071239994 288.836563 0.000000
1693787034141407770 289.160702 0.000000
1693787034142464212 289.005146 0.000000
1693787034263371404 289.516355 0.000000
1693787034576097723 289.772948 0.000000
1693787034664223150 288.825579 0.000000
1693787034664727518 288.734417 0.000000
1693787034667002479 288.821480 0.000000
1693787034670534385 289.592513 0.000000
1693787034670639920 289.644810 0.000000
1693787034670703488 289.325571 0.000000
1693787034670716077 289.736894 0.000000
1693787034670781515 289.534147 0.000000
1693787034671886705 290.356163 0.000000
1693787034672382568 288.970661 0.000000
1693787034672550168 289.175734 0.000000
1693787034673693197 288.835627 0.000000
1693787034674593997 288.857753 0.000000
1693787034674919629 289.210244 0.000000
1693787034675041889 289.350410 0.000000
1693787034675101086 289.268033 0.000000
1693787034675789663 288.975217 0.000000
1693787034675845729 289.442960 0.000000
1693787034676779225 289.343904 0.000000
1693787034676955550 289.874224 0.000000
1693787034677233221 288.589555 0.000000
1693787034677767930 288.549051 0.000000
1693787034679373966 289.078873 0.000000
1693787034679449872 289.194421 0.000000
1693787034679890577 289.707942 0.000000
1693787034681106310 289.196496 0.000000
1693787034682026440 288.742832 0.000000
1693787034682320499 288.999048 0.000000
1693787034683063312 289.550816 0.000000
1693787034683664405 289.689960 0.000000
1693787034697023434 288.818899 0.000000
1693787034727446779 288.806223 0.000000
1693787034821044038 288.852341 0.000000
1693787034823445474 288.716595 0.000000
1693787034825370878 289.260972 0.000000
1693787034825769941 289.337660 0.000000
1693787034826407714 289.126264 0.000000
1693787034911595568 288.895823 0.000000
1693787034912604961 288.741188 0.000000
1693787034959438131 288.898158 0.000000
1693787035104488270 289.002877 0.000000
1693787035110194392 289.145713 0.000000
1693787035201727700 289.112932 0.000000
1693787035790359847 288.940185 0.000000
1693787035790833939 288.844238 0.000000
1693787035791919930 288.976786 0.000000
1693787035792510198 289.074383 0.000000
1693787035792681963 289.188257 0.000000
1693787035793527896 288.883413 0.000000
1693787035794047785 288.803943 0.000000
1693787035794937520 289.572496 0.000000
1693787035795563345 290.013132 0.000000
1693787035796355683 289.268404 0.000000
1693787035796555212 289.014819 0.000000
1693787035797353083 289.248002 0.000000
1693787035797830634 289.562138 0.000000
1693787035798706672 288.595839 0.000000
1693787035802128521 289.691348 0.000000
1693787035802380503 289.572356 0.000000
1693787035803000640 289.279645 0.000000
1693787035804217826 289.859354 0.000000
1693787035804552329 289.370908 0.000000
1693787035804579057 289.359827 0.000000
1693787035805129868 289.987838 0.000000
1693787035805950381 288.773423 0.000000
1693787035807145436 288.654355 0.000000
1693787035807861802 289.225043 0.000000
1693787035808004479 288.937504 0.000000
1693787035947123743 288.959209 0.000000
1693787035956185651 288.800175 0.000000
1693787035956740521 288.855323 0.000000
1693787036083941133 288.992924 0.000000
1693787036085365687 289.004791 0.000000
1693787036085468942 288.911239 0.000000
1693787036092036439 289.030927 0.000000
1693787036094592294 288.887183 0.000000
1693787036096842397 288.832826 0.000000
1693787036245271088 288.919848 0.000000
1693787036373373177 289.404445 0.000000
1693787036662546721 289.166973 0.000000
1693787036767961622 289.051671 0.000000
1693787036768141666 288.790233 0.000000
1693787036769157860 288.770166 0.000000
1693787036769873429 289.141214 0.000000
1693787036770902238 289.120320 0.000000
1693787036774569884 289.095908 0.000000
1693787036774653598 288.885444 0.000000
1693787036775677525 288.678353 0.000000
1693787036776808381 289.191927 0.000000
1693787036777250599 289.010305 0.000000
1693787036777643608 288.852788 0.000000
1693787036780700874 288.895943 0.000000
1693787036781248919 288.730387 0.000000
1693787036782917996 289.174545 0.000000
1693787036784815685 288.997073 0.000000
1693787036785012032 289.120710 0.000000
1693787036785446097 288.574846 0.000000
1693787036786326715 289.410098 0.000000
1693787036787397842 289.519874 0.000000
1693787036787858839 289.211216 0.000000
1693787036787915275 289.367134 0.000000
1693787036788435771 289.451785 0.000000
1693787036789593088 289.608720 0.000000
1693787036790192181 290.188129 0.000000
1693787036790738096 288.908357 0.000000
1693787036792280729 289.233207 0.000000
1693787036872315186 289.258195 0.000000
1693787036917534457 289.105550 0.000000
1693787036923023575 288.836905 0.000000
1693787036925735918 288.938707 0.000000
1693787036931855919 289.046272 0.000000
1693787036938177638 288.941478 0.000000
1693787037066626497 288.978133 0.000000
1693787037070031583 288.777522 0.000000
1693787037073643730 288.821755 0.000000
1693787037077261841 288.820762 0.000000
1693787037078528126 288.930107 0.000000
1693787037201738019 289.163504 0.000000
1693787037212176935 289.146640 0.000000
1693787037366578297 289.386099 0.000000
1693787037490993159 289.250634 0.000000
1693787037789183034 288.696308 0.000000
1693787037791179287 288.868289 0.000000
1693787037792670792 288.782915 0.000000
1693787037793292914 288.847695 0.000000
1693787037793717617 289.065161 0.000000
1693787037794292494 288.934778 0.000000
1693787037795234996 288.904161 0.000000
1693787037796368197 289.942782 0.000000
1693787037796413066 289.794267 0.000000
1693787037797096050 289.345513 0.000000
1693787037797163241 290.498350 0.000000
1693787037797482459 289.472068 0.000000
1693787037797768975 289.534694 0.000000
1693787037799242653 290.830779 0.000000
1693787037799570561 290.811503 0.000000
1693787037800015787 290.627836 0.000000
1693787037800368647 290.939115 0.000000
1693787037802655887 290.380756 0.000000
1693787037803645474 289.939038 0.000000
1693787037803710901 291.060257 0.000000
1693787037803728272 291.257535 0.000000
1693787037804863592 289.298113 0.000000
1693787037804964767 289.098920 0.000000
1693787037805809557 289.184048 0.000000
1693787037805835217 289.090009 0.000000
1693787037806633379 288.737760 0.000000
1693787037806704865 288.897847 0.000000
1693787037807992781 289.120169 0.000000
1693787037808057110 289.279826 0.000000
1693787037808059937 289.238549 0.000000
1693787037948496961 288.945814 0.000000
1693787037953357031 289.208364 0.000000
1693787038041552851 288.736061 0.000000
1693787038081768639 289.092721 0.000000
1693787038084331421 289.088040 0.000000
1693787038088941143 288.916380 0.000000
1693787038091545230 288.847366 0.000000
1693787038092624937 288.975188 0.000000
1693787038093161259 289.424282 0.000000
1693787038094802216 288.986028 0.000000
1693787038095571891 288.861854 0.000000
1693787038186021037 289.056556 0.000000
1693787038226894725 288.973303 0.000000
1693787038242435443 289.060140 0.000000
1693787038378116960 289.169752 0.000000
1693787038381969320 289.333068 0.000000
1693787038382193301 288.924703 0.000000
1693787038472325877 289.209441 0.000000
1693787038531754517 289.314463 0.000000
1693787038815699721 288.919916 0.000000
1693787038865977323 289.087663 0.000000
1693787038866072885 289.104162 0.000000
1693787038866904765 288.961410 0.000000
1693787038866977364 289.190993 0.000000
1693787038867517295 289.013501 0.000000
1693787038868217198 288.835707 0.000000
1693787038868842472 288.805116 0.000000
1693787038869309999 288.832901 0.000000
1693787038873860143 288.946210 0.000000
1693787038874722840 288.961856 0.000000
1693787038875958529 289.159386 0.000000
1693787038876485670 289.689253 0.000000
1693787038876643152 289.234736 0.000000
1693787038878317627 288.969554 0.000000
1693787038878386066 289.084366 0.000000
1693787038878905644 288.913138 0.000000
1693787038883493090 289.589401 0.000000
1693787038884125135 290.231194 0.000000
1693787038884185526 290.135465 0.000000
1693787038885757532 289.898475 0.000000
1693787038886262938 290.233759 0.000000
1693787038887635099 289.509480 0.000000
1693787038888720439 290.485685 0.000000
1693787038889223012 290.840285 0.000000
1693787038889357515 289.950606 0.000000
1693787039020180272 288.981617 0.000000
1693787039026765264 288.901520 0.000000
1693787039030872222 289.529245 0.000000
1693787039101530936 288.793264 0.000000
1693787039102453416 288.822526 0.000000
1693787039163558852 288.831135 0.000000
1693787039301587801 289.167103 0.000000
1693787039847534913 288.792482 0.000000
1693787039849621822 288.963790 0.000000
1693787039849708764 289.149713 0.000000
1693787039850282203 289.106246 0.000000
1693787039850968364 289.221525 0.000000
1693787039852414503 289.247575 0.000000
1693787039852517392 289.122971 0.000000
1693787039853544010 288.979232 0.000000
1693787039854368383 289.097486 0.000000
1693787039854895985 289.587601 0.000000
1693787039856857498 289.290866 0.000000
1693787039860386401 289.007557 0.000000
1693787039863047691 290.045973 0.000000
1693787039864611248 291.307041 0.000000
1693787039864673578 291.622605 0.000000
1693787039866037761 292.030233 0.000000
1693787039866819419 292.673133 0.000000
1693787039866919181 292.460008 0.000000
1693787039867042588 292.508525 0.000000
1693787039867223734 292.277729 0.000000
1693787039868070810 291.711226 0.000000
1693787039868239993 291.259566 0.000000
1693787039868609713 291.073998 0.000000
1693787039868638646 290.916222 0.000000
1693787039869144001 291.238802 0.000000
1693787039992075236 288.796826 0.000000
1693787040009775046 288.777257 0.000000
1693787040139874280 288.900929 0.000000
1693787040142512577 288.962031 0.000000
1693787040145682315 288.820186 0.000000
1693787040156796326 288.716495 0.000000
1693787040157452908 288.782408 0.000000
1693787040249623342 288.933539 0.000000
1693787040281324599 289.244457 0.000000
1693787040434934335 289.247324 0.000000
1693787040542204292 288.864966 0.000000
1693787040573616978 289.029189 0.000000
1693787040706576544 288.737675 0.000000
1693787040706639832 288.762182 0.000000
1693787040707246062 288.895948 0.000000
1693787040708803429 288.762623 0.000000
1693787040710777010 288.627909 0.000000
1693787040713399495 289.610640 0.000000
1693787040713507075 289.565104 0.000000
1693787040714217392 289.864090 0.000000
1693787040716835542 291.409119 0.000000
1693787040716984198 291.514218 0.000000
1693787040718366714 288.594486 0.000000
1693787040718574347 288.712791 0.000000
1693787040722102243 288.617149 0.000000
1693787040722247336 288.604915 0.000000
1693787040722395701 288.618577 0.000000
1693787040724002458 289.625223 0.000000
1693787040724212606 289.874669 0.000000
1693787040724264467 289.848909 0.000000
1693787040724384912 289.931231 0.000000
1693787040724592530 289.745173 0.000000
1693787040724754482 289.198030 0.000000
1693787040725228274 289.598336 0.000000
1693787040725251884 289.443912 0.000000
1693787040809516395 289.188553 0.000000
1693787040851723704 288.842869 0.000000
1693787040867071655 289.244488 0.000000
1693787040869586118 289.551707 0.000000
1693787040869734433 289.400626 0.000000
1693787040997986845 289.178515 0.000000
1693787040998100344 289.005583 0.000000
1693787041007464471 289.092750 0.000000
1693787041013153328 289.146169 0.000000
1693787041013626919 289.358147 0.000000
1693787041098425843 288.904732 0.000000
1693787041164319462 288.873468 0.000000
1693787041302341446 289.183612 0.000000
