1693787017169115782 145.134978 0.000000
1693787017172927071 149.713370 0.000000
1693787017176401563 150.306673 0.000000
1693787017176433259 150.527922 0.000000
1693787017270168465 203.329653 0.000000
1693787017388371347 268.388364 0.000000
1693787017394757158 168.732903 0.000000
1693787017396374527 308.757298 0.000000
1693787017396477606 315.918282 0.000000
1693787017434147499 164.267522 0.000000
1693787017435142334 140.403525 0.000000
1693787017435173717 140.792826 0.000000
1693787017435863603 182.339712 0.000000
1693787017442296399 138.925297 0.000000
1693787017493196318 163.516261 0.000000
1693787017562621360 203.095413 0.000000
1693787017564780319 205.512670 0.000000
1693787017564994001 205.449612 0.000000
1693787018026131994 629.755700 0.000000
1693787018080202380 651.597622 0.000000
1693787018148615185 712.749636 0.000000
1693787018148799798 713.624767 0.000000
1693787018176535532 788.159521 0.000000
1693787018695175957 1295.283528 0.000000
1693787018695313428 1267.562259 0.000000
1693787019691803643 996.625061 0.000000
1693787019829577222 1489.098094 0.000000
1693787019937528132 988.910786 0.000000
1693787019938128457 972.417895 0.000000
1693787020112570893 746.569893 0.000000
1693787020129228551 886.588151 0.000000
1693787020129256459 886.642337 0.000000
1693787020151730174 842.568595 0.000000
1693787020152739681 809.282673 0.000000
1693787020153718963 845.551987 0.000000
1693787020153738350 852.660955 0.000000
1693787020196962002 828.102160 0.000000
1693787020197057886 830.318130 0.000000
1693787020197108920 884.584772 0.000000
1693787020197219385 835.421022 0.000000
1693787020197304307 888.619233 0.000000
1693787020197432494 876.102674 0.000000
1693787020198191543 793.360679 0.000000
1693787020198287282 833.564787 0.000000
1693787020198390483 832.262010 0.000000
1693787020198545149 879.379641 0.000000
1693787020234215545 608.470711 0.000000
1693787020284937589 625.400453 0.000000
1693787020304459651 612.144219 0.000000
1693787020589183362 702.964939 0.000000
1693787020589319133 703.325610 0.000000
1693787020589432300 703.930915 0.000000
1693787020589720685 751.519790 0.000000
1693787020640112166 702.456746 0.000000
1693787020640137799 702.909232 0.000000
1693787020640183775 703.124413 0.000000
1693787020713818083 596.272064 0.000000
1693787020731578678 597.599831 0.000000
1693787020777566067 623.845934 0.000000
1693787020777596814 659.505216 0.000000
1693787020822463237 624.337064 0.000000
1693787020822485617 624.561981 0.000000
1693787020842768645 253.775052 0.000000
1693787020842801989 254.250444 0.000000
1693787020842845400 254.523135 0.000000
1693787020842872912 254.755350 0.000000
1693787020847062937 278.909892 0.000000
1693787020847104699 279.001653 0.000000
1693787020847235972 287.356174 0.000000
1693787020847264762 287.465947 0.000000
1693787020865906272 668.472654 0.000000
1693787020883286934 294.098390 0.000000
1693787020883315987 317.367430 0.000000
1693787020883531560 323.097248 0.000000
1693787020883701244 324.607694 0.000000
1693787020884603209 314.589108 0.000000
1693787020884626168 314.758337 0.000000
1693787020884680299 314.917355 0.000000
1693787020884798265 315.707611 0.000000
1693787020884826331 316.600484 0.000000
1693787020884980639 317.728297 0.000000
1693787020885025275 317.791412 0.000000
1693787020885929020 245.789760 0.000000
1693787020887227640 227.161951 0.000000
1693787020944299731 166.701452 0.000000
1693787020944583099 118.952475 0.000000
1693787020944611301 122.146348 0.000000
1693787020976174200 92.471235 0.000000
1693787021032091849 184.825813 0.000000
1693787021032740262 144.547913 0.000000
1693787021036181242 151.179001 0.000000
1693787021125181614 92.439782 0.000000
1693787021180628518 144.445388 0.000000
1693787021723519921 92.638855 0.000000
1693787021724488290 92.313340 0.000000
1693787021725145691 92.871152 0.000000
1693787021725726021 92.862635 0.000000
1693787021725756914 92.716031 0.000000
1693787021726138360 92.498549 0.000000
1693787021726161351 92.427852 0.000000
1693787021728602877 92.644753 0.000000
1693787021728874683 92.758487 0.000000
1693787021729167581 92.972048 0.000000
1693787021729237421 92.734521 0.000000
1693787021729480939 92.464665 0.000000
1693787021729510951 92.750682 0.000000
1693787021730146326 92.657601 0.000000
1693787021730343386 92.664843 0.000000
1693787021730782003 93.031556 0.000000
1693787021731355195 92.491578 0.000000
1693787021732367480 92.603133 0.000000
1693787021732871144 92.883444 0.000000
1693787021733032146 92.865754 0.000000
1693787021734357796 92.564544 0.000000
1693787021734794280 92.981016 0.000000
1693787021735236567 93.201483 0.000000
1693787021735569331 93.150906 0.000000
1693787021736339201 93.950462 0.000000
1693787021736770157 94.188122 0.000000
1693787021736780347 93.939337 0.000000
1693787021736885601 94.026374 0.000000
1693787021737454309 93.568501 0.000000
1693787021737615244 93.314602 0.000000
1693787021737698983 92.559522 0.000000
1693787021737830985 92.608648 0.000000
1693787021738627342 93.028548 0.000000
1693787021738959631 93.391065 0.000000
1693787021739331871 93.492804 0.000000
1693787021821992633 95.829389 0.000000
1693787021826750536 93.716528 0.000000
1693787021828517710 92.946306 0.000000
1693787021829160606 92.378363 0.000000
1693787021831110646 93.277768 0.000000
1693787022008787126 182.149460 0.000000
1693787022008825849 183.959475 0.000000
1693787022012392923 92.331552 0.000000
1693787022101504512 92.682568 0.000000
1693787022121152755 92.479382 0.000000
1693787022708137069 92.598069 0.000000
1693787022708213351 92.569524 0.000000
1693787022710462854 93.538647 0.000000
1693787022711205456 92.558092 0.000000
1693787022712083945 93.110457 0.000000
1693787022712186383 92.892560 0.000000
1693787022713647822 93.168703 0.000000
1693787022715321851 92.662505 0.000000
1693787022718879056 92.772511 0.000000
1693787022719055180 92.934984 0.000000
1693787022720260800 92.906077 0.000000
1693787022720833858 93.341053 0.000000
1693787022720961800 93.447926 0.000000
1693787022721045254 93.474028 0.000000
1693787022721419174 92.656030 0.000000
1693787022721902939 92.984369 0.000000
1693787022722171489 92.583837 0.000000
1693787022723120175 93.245361 0.000000
1693787022723707341 93.195429 0.000000
1693787022723806321 92.596226 0.000000
1693787022723997300 92.722866 0.000000
1693787022724467208 92.927040 0.000000
1693787022724545861 92.575733 0.000000
1693787022724562650 92.540361 0.000000
1693787022725766721 92.958708 0.000000
1693787022725786522 93.112225 0.000000
1693787022727203638 93.269086 0.000000
1693787022727399138 93.240644 0.000000
1693787022727422537 93.233198 0.000000
1693787022805948601 93.859800 0.000000
1693787022805996492 93.804617 0.000000
1693787022812485896 93.426201 0.000000
1693787022815023178 92.846512 0.000000
1693787022910615097 92.530182 0.000000
1693787022957620813 151.165964 0.000000
1693787022958470334 152.069847 0.000000
1693787022994173029 177.885359 0.000000
1693787023086545574 92.591355 0.000000
1693787023089148228 92.632395 0.000000
1693787023155444936 150.996019 0.000000
1693787023155474946 151.093220 0.000000
1693787023572002030 93.387170 0.000000
1693787023572108808 93.360532 0.000000
1693787023572996067 93.171308 0.000000
1693787023574581590 93.479039 0.000000
1693787023575737529 94.456287 0.000000
1693787023576380429 92.957230 0.000000
1693787023577052573 93.216479 0.000000
1693787023577408701 92.603788 0.000000
1693787023577817116 92.884536 0.000000
1693787023578276144 92.541754 0.000000
1693787023579837987 93.334769 0.000000
1693787023580835457 92.889257 0.000000
1693787023580940601 92.871561 0.000000
1693787023581423364 92.626085 0.000000
1693787023581504373 92.549843 0.000000
1693787023581914637 92.429793 0.000000
1693787023585239526 92.853323 0.000000
1693787023587216274 93.363791 0.000000
1693787023587672841 92.661457 0.000000
1693787023587895589 92.944085 0.000000
1693787023588857441 92.786152 0.000000
1693787023589899850 92.565845 0.000000
1693787023590340039 92.577062 0.000000
1693787023624019569 144.410973 0.000000
1693787023625265782 144.532260 0.000000
1693787023626997285 144.748904 0.000000
1693787023628422465 144.826349 0.000000
1693787023629061902 144.891686 0.000000
1693787023629924203 144.816761 0.000000
1693787023634159795 144.425381 0.000000
1693787023635348756 144.701568 0.000000
1693787023638650546 144.772954 0.000000
1693787023641504278 144.646691 0.000000
1693787023667327614 92.740907 0.000000
1693787023674247430 92.740661 0.000000
1693787023721622340 92.557646 0.000000
1693787023753950205 92.699115 0.000000
1693787023755067058 92.582213 0.000000
1693787023760676992 92.685799 0.000000
1693787023769054197 93.046052 0.000000
1693787023774225310 93.612905 0.000000
1693787023775642351 93.651641 0.000000
1693787023786482225 144.975225 0.000000
1693787023807642564 134.737552 0.000000
1693787023853236447 92.550624 0.000000
1693787024135417519 92.868393 0.000000
1693787024497559717 92.692456 0.000000
1693787024498915721 92.769414 0.000000
1693787024499212326 92.933582 0.000000
1693787024502797510 92.753923 0.000000
1693787024504052875 93.109585 0.000000
1693787024505315551 92.990684 0.000000
1693787024505366234 92.748079 0.000000
1693787024506404594 92.438068 0.000000
1693787024506478251 93.044323 0.000000
1693787024506935825 92.862009 0.000000
1693787024507022321 93.013973 0.000000
1693787024507301355 93.248428 0.000000
1693787024507563600 93.126224 0.000000
1693787024508352836 92.909520 0.000000
1693787024508840977 92.858787 0.000000
1693787024508896255 92.806840 0.000000
1693787024510328156 93.817200 0.000000
1693787024510429151 93.544196 0.000000
1693787024510575842 93.498820 0.000000
1693787024510705819 92.708542 0.000000
1693787024510902687 92.846258 0.000000
1693787024511635296 92.574070 0.000000
1693787024650454868 145.136120 0.000000
1693787024654657273 145.812488 0.000000
1693787024693758033 92.557015 0.000000
1693787024733202431 145.106225 0.000000
1693787024776438769 92.626772 0.000000
1693787024785392827 184.720924 0.000000
1693787024838605947 144.502145 0.000000
1693787025342347173 92.545697 0.000000
1693787025342405223 92.647895 0.000000
1693787025342419220 92.876888 0.000000
1693787025344136786 92.704312 0.000000
1693787025344473374 92.436018 0.000000
1693787025346478633 92.586648 0.000000
1693787025347254924 92.744145 0.000000
1693787025349530006 92.830551 0.000000
1693787025349805927 93.000391 0.000000
1693787025350995499 94.224858 0.000000
1693787025351012454 93.048357 0.000000
1693787025352902414 92.510913 0.000000
1693787025353620264 93.045155 0.000000
1693787025353950662 93.290576 0.000000
1693787025354299935 93.438805 0.000000
1693787025358475808 93.474419 0.000000
1693787025358730856 93.545729 0.000000
1693787025359831216 94.419647 0.000000
1693787025360540797 95.252079 0.000000
1693787025360574214 95.001906 0.000000
1693787025360619119 94.931478 0.000000
1693787025360649785 94.671453 0.000000
1693787025360661557 94.916418 0.000000
1693787025360834089 94.762525 0.000000
1693787025361089232 94.845392 0.000000
1693787025361162307 94.501978 0.000000
1693787025361269983 94.547069 0.000000
1693787025361520225 94.671969 0.000000
1693787025361735400 94.847011 0.000000
1693787025362245141 94.889024 0.000000
1693787025362321990 94.167927 0.000000
1693787025362337982 92.543829 0.000000
1693787025363237780 92.668884 0.000000
1693787025364129344 92.730618 0.000000
1693787025364487106 92.862094 0.000000
1693787025365840674 92.876012 0.000000
1693787025366315348 92.737164 0.000000
1693787025366649881 92.614984 0.000000
1693787025434883885 92.525746 0.000000
1693787025439042493 92.559044 0.000000
1693787025442836482 93.301375 0.000000
1693787025445969320 93.061999 0.000000
1693787025446256919 92.633342 0.000000
1693787025455198327 94.545946 0.000000
1693787025455857460 95.236336 0.000000
1693787025526427868 92.416853 0.000000
1693787025533658581 92.508622 0.000000
1693787025606589911 150.729354 0.000000
1693787025640055122 184.866228 0.000000
1693787025693893937 144.504119 0.000000
1693787025914534997 92.716765 0.000000
1693787026296923772 92.662346 0.000000
1693787026300147000 93.302765 0.000000
1693787026300737899 92.680533 0.000000
1693787026300966486 92.848237 0.000000
1693787026302483645 92.553101 0.000000
1693787026303197961 93.041833 0.000000
1693787026303300389 92.866235 0.000000
1693787026306720033 93.171559 0.000000
1693787026306817841 93.464856 0.000000
1693787026306886115 93.457214 0.000000
1693787026306897000 93.138071 0.000000
1693787026307400817 92.795820 0.000000
1693787026307473932 92.357676 0.000000
1693787026307721608 92.550519 0.000000
1693787026308488958 93.150710 0.000000
1693787026309312834 93.135580 0.000000
1693787026309454744 92.346049 0.000000
1693787026309455241 92.424511 0.000000
1693787026310738335 93.502333 0.000000
1693787026311256561 92.641351 0.000000
1693787026311339193 92.599143 0.000000
1693787026311950615 93.033608 0.000000
1693787026312337520 93.368302 0.000000
1693787026312871472 93.139905 0.000000
1693787026312973148 93.103907 0.000000
1693787026313384365 92.497090 0.000000
1693787026313840902 92.959511 0.000000
1693787026347773635 144.750974 0.000000
1693787026395183080 92.694905 0.000000
1693787026399940381 93.050347 0.000000
1693787026400222938 93.323297 0.000000
1693787026400549397 93.143414 0.000000
1693787026403719687 92.453880 0.000000
1693787026406014114 92.627323 0.000000
1693787026406213071 92.368266 0.000000
1693787026495241974 92.397123 0.000000
1693787026531823093 131.270433 0.000000
1693787026549556561 150.627056 0.000000
1693787026551222511 144.869213 0.000000
1693787026624806168 92.978921 0.000000
1693787026638256569 144.498401 0.000000
1693787026643737278 92.511794 0.000000
1693787027218634960 92.710978 0.000000
1693787027219774766 92.619732 0.000000
1693787027221771325 92.465232 0.000000
1693787027222215945 92.506779 0.000000
1693787027222910189 92.710823 0.000000
1693787027223436734 92.499737 0.000000
1693787027224619690 92.778781 0.000000
1693787027224723647 92.567358 0.000000
1693787027226164318 92.789044 0.000000
1693787027226243111 92.396771 0.000000
1693787027226712899 92.559224 0.000000
1693787027227932070 92.515412 0.000000
1693787027228097414 92.549342 0.000000
1693787027229488059 92.719723 0.000000
1693787027229582058 92.482311 0.000000
1693787027231539060 92.787420 0.000000
1693787027231734490 92.899331 0.000000
1693787027232297705 93.273977 0.000000
1693787027232853508 93.514492 0.000000
1693787027233020305 93.463809 0.000000
1693787027234658316 92.855304 0.000000
1693787027235134939 93.276017 0.000000
1693787027235422388 93.625540 0.000000
1693787027235483615 93.335175 0.000000
1693787027235945289 93.360348 0.000000
1693787027288121878 144.723880 0.000000
1693787027311293130 185.251389 0.000000
1693787027328828778 92.881058 0.000000
1693787027328853816 105.405992 0.000000
1693787027363204857 144.564320 0.000000
1693787027376208765 144.664783 0.000000
1693787027404952829 92.665326 0.000000
1693787027473460483 144.628669 0.000000
1693787027497545817 92.589740 0.000000
1693787027499103886 92.496283 0.000000
1693787027590103889 92.553451 0.000000
1693787027593269537 92.714256 0.000000
1693787027675850662 92.732232 0.000000
1693787027682868185 92.760066 0.000000
1693787028115201731 92.799038 0.000000
1693787028116348759 92.420317 0.000000
1693787028117475871 92.767680 0.000000
1693787028117531375 93.266235 0.000000
1693787028118188925 92.616062 0.000000
1693787028122827143 92.541272 0.000000
1693787028122919167 92.454140 0.000000
1693787028123353091 92.667120 0.000000
1693787028123525472 92.760843 0.000000
1693787028124379143 93.486376 0.000000
1693787028124752085 93.306938 0.000000
1693787028126134877 92.929917 0.000000
1693787028127304613 92.811226 0.000000
1693787028127360242 93.183060 0.000000
1693787028128017786 92.849946 0.000000
1693787028128569926 92.730332 0.000000
1693787028128724295 92.772601 0.000000
1693787028129399871 92.598120 0.000000
1693787028130257466 92.789334 0.000000
1693787028130584958 92.566386 0.000000
1693787028130674296 92.713764 0.000000
1693787028131025583 92.865702 0.000000
1693787028131170510 92.811085 0.000000
1693787028131883178 93.222783 0.000000
1693787028133441948 92.648207 0.000000
1693787028221945780 92.539950 0.000000
1693787028311824525 92.369468 0.000000
1693787028318190678 92.378203 0.000000
1693787028393566859 92.442739 0.000000
1693787028403780596 184.958688 0.000000
1693787028404304746 92.477991 0.000000
1693787028404909387 181.199498 0.000000
1693787028408809583 92.599413 0.000000
1693787028545215512 144.526030 0.000000
1693787028686466193 92.752694 0.000000
1693787028779306299 92.816852 0.000000
1693787028980271961 92.500719 0.000000
1693787028982777815 92.916320 0.000000
1693787028983133021 92.699044 0.000000
1693787028983795842 92.551812 0.000000
1693787028983922868 92.573497 0.000000
1693787028984972033 92.692012 0.000000
1693787028985885387 92.654120 0.000000
1693787028986532332 92.535815 0.000000
1693787028987032280 92.627323 0.000000
1693787028987102413 92.979597 0.000000
1693787028988310168 92.639120 0.000000
1693787028988564604 92.612328 0.000000
1693787028989384156 93.042012 0.000000
1693787028990490895 92.954054 0.000000
1693787028993289089 92.471470 0.000000
1693787028993595642 92.844007 0.000000
1693787028995058575 92.428746 0.000000
1693787028995219274 92.516195 0.000000
1693787028995226080 92.583807 0.000000
1693787028995479830 92.313508 0.000000
1693787028996453880 92.921939 0.000000
1693787028996465107 92.459563 0.000000
1693787028997026923 92.616273 0.000000
1693787028997275226 92.521848 0.000000
1693787028997343204 92.460289 0.000000
1693787028997468616 92.371568 0.000000
1693787028997491664 92.479941 0.000000
1693787028998452384 93.035929 0.000000
1693787028999077769 92.618908 0.000000
1693787028999178157 92.635658 0.000000
1693787029077992871 93.015837 0.000000
1693787029079757516 92.650071 0.000000
1693787029088588974 93.100083 0.000000
1693787029088941639 92.480416 0.000000
1693787029090104809 92.826963 0.000000
1693787029115313109 151.155357 0.000000
1693787029173157827 93.207668 0.000000
1693787029181093586 92.499942 0.000000
1693787029184688447 92.651169 0.000000
1693787029207825785 92.508241 0.000000
1693787029264769443 185.007526 0.000000
1693787029277278644 92.585656 0.000000
1693787029277373870 105.568655 0.000000
1693787029460022149 92.702693 0.000000
1693787029552696547 92.670149 0.000000
1693787029904506740 92.469867 0.000000
1693787029904771580 92.553552 0.000000
1693787029904911451 92.738847 0.000000
1693787029905973055 92.364146 0.000000
1693787029906324046 92.475886 0.000000
1693787029906651037 92.477940 0.000000
1693787029907515292 92.537114 0.000000
1693787029908268524 92.618819 0.000000
1693787029909695749 92.574771 0.000000
1693787029910842336 92.601839 0.000000
1693787029911792201 92.519402 0.000000
1693787029912745964 92.492179 0.000000
1693787029913037467 92.542892 0.000000
1693787029915624505 93.695813 0.000000
1693787029915928236 93.705772 0.000000
1693787029916001707 93.026707 0.000000
1693787029916042352 92.783842 0.000000
1693787029916604204 92.882697 0.000000
1693787029917857699 93.129652 0.000000
1693787029917909154 92.633532 0.000000
1693787029918617236 92.896975 0.000000
1693787029921123350 92.422801 0.000000
1693787030049736116 144.960641 0.000000
1693787030053496939 145.224600 0.000000
1693787030054608700 144.907548 0.000000
1693787030059193108 144.558717 0.000000
1693787030063620010 150.868769 0.000000
1693787030066715735 151.086570 0.000000
1693787030068631406 150.769412 0.000000
1693787030087884319 92.755786 0.000000
1693787030103868468 92.940075 0.000000
1693787030134339891 120.691857 0.000000
1693787030146769387 150.712311 0.000000
1693787030196176659 142.675015 0.000000
1693787030196240172 92.367388 0.000000
1693787030416205561 184.801201 0.000000
1693787030812150013 92.581802 0.000000
1693787030814003986 92.856927 0.000000
1693787030815963168 92.647314 0.000000
1693787030816917733 92.718756 0.000000
1693787030820672150 92.649454 0.000000
1693787030821635030 92.508571 0.000000
1693787030821722293 93.196400 0.000000
1693787030824271342 92.609747 0.000000
1693787030824439228 92.815480 0.000000
1693787030824679557 92.812654 0.000000
1693787030824917991 93.002887 0.000000
1693787030825905273 93.274253 0.000000
1693787030826506241 93.420859 0.000000
1693787030826577622 93.365871 0.000000
1693787030826882737 92.934167 0.000000
1693787030827288425 92.908568 0.000000
1693787030828213552 93.784023 0.000000
1693787030828270830 93.778847 0.000000
1693787030829067779 92.829834 0.000000
1693787030829149063 92.773588 0.000000
1693787030829449126 92.809011 0.000000
1693787030829495103 92.490850 0.000000
1693787030829519099 92.759681 0.000000
1693787030829779730 92.650537 0.000000
1693787030830520498 93.307776 0.000000
1693787030872035889 144.897575 0.000000
1693787030874513883 144.423040 0.000000
1693787030875516520 144.506059 0.000000
1693787030875578173 144.323299 0.000000
1693787030879767954 144.414000 0.000000
1693787030879933955 144.410181 0.000000
1693787030881796256 144.716759 0.000000
1693787030882708554 145.048556 0.000000
1693787030882728014 144.967713 0.000000
1693787030919203316 92.623238 0.000000
1693787030919975171 92.681945 0.000000
1693787030922776813 93.322716 0.000000
1693787030922797341 93.645882 0.000000
1693787031014157923 93.654868 0.000000
1693787031016411665 92.914771 0.000000
1693787031018625389 93.754290 0.000000
1693787031069959789 151.371989 0.000000
1693787031091365454 92.604610 0.000000
1693787031162474545 92.510015 0.000000
1693787031167198337 150.782498 0.000000
1693787031197974699 92.606275 0.000000
1693787031291949822 92.721251 0.000000
1693787031384829324 92.875142 0.000000
1693787031440342264 92.840975 0.000000
1693787031666270583 92.537461 0.000000
1693787031671947498 92.741099 0.000000
1693787031672050227 92.897452 0.000000
1693787031672574296 93.210070 0.000000
1693787031673335526 93.074650 0.000000
1693787031674012195 92.719058 0.000000
1693787031677969465 92.554505 0.000000
1693787031678119700 92.507590 0.000000
1693787031679787354 92.605132 0.000000
1693787031682563887 92.604646 0.000000
1693787031683128620 92.874203 0.000000
1693787031683362800 92.625103 0.000000
1693787031685652936 92.919653 0.000000
1693787031685734757 93.196557 0.000000
1693787031685815024 92.699060 0.000000
1693787031686855624 93.394352 0.000000
1693787031687550150 93.929081 0.000000
1693787031687693282 93.669923 0.000000
1693787031687714762 93.308232 0.000000
1693787031688648254 92.820517 0.000000
1693787031689395923 93.294299 0.000000
1693787031690537338 93.683179 0.000000
1693787031690602114 93.255955 0.000000
1693787031690989089 92.853033 0.000000
1693787031691044633 93.596903 0.000000
1693787031691743579 92.512781 0.000000
1693787031692266345 92.949928 0.000000
1693787031780790674 93.093046 0.000000
1693787031859835880 92.952339 0.000000
1693787031874321083 92.837627 0.000000
1693787031876324202 92.436183 0.000000
1693787031878600296 92.584474 0.000000
1693787031965642353 184.933329 0.000000
1693787031966450237 92.629763 0.000000
1693787031968819202 92.492881 0.000000
1693787032058902428 92.447655 0.000000
1693787032463573705 92.587285 0.000000
1693787032470258680 92.404800 0.000000
1693787032471131335 92.739053 0.000000
1693787032471229253 92.667421 0.000000
1693787032471285869 92.429804 0.000000
1693787032471462706 92.560377 0.000000
1693787032472619572 92.861453 0.000000
1693787032472680153 92.581867 0.000000
1693787032473533568 92.676808 0.000000
1693787032473789708 92.893823 0.000000
1693787032474348433 93.370145 0.000000
1693787032474561228 93.006931 0.000000
1693787032475494554 93.214529 0.000000
1693787032475999999 92.908912 0.000000
1693787032476792938 93.418558 0.000000
1693787032477228040 93.891297 0.000000
1693787032477931000 92.631898 0.000000
1693787032478573931 93.235161 0.000000
1693787032479749370 93.589225 0.000000
1693787032480146915 93.630225 0.000000
1693787032480515993 93.277495 0.000000
1693787032482195059 94.071787 0.000000
1693787032483402698 94.053295 0.000000
1693787032484931519 93.143780 0.000000
1693787032487131131 92.565194 0.000000
1693787032487392494 92.639181 0.000000
1693787032490935931 92.962523 0.000000
1693787032566596739 92.801804 0.000000
1693787032620224358 144.725589 0.000000
1693787032666216617 92.715934 0.000000
1693787032716321271 145.052324 0.000000
1693787032716338872 145.291632 0.000000
1693787032727000968 144.517495 0.000000
1693787032808853217 92.527371 0.000000
1693787033445910727 92.763386 0.000000
1693787033445966247 92.918842 0.000000
1693787033446731832 92.628136 0.000000
1693787033446829444 92.350235 0.000000
1693787033448144037 93.045381 0.000000
1693787033449320222 92.826161 0.000000
1693787033450266864 92.766106 0.000000
1693787033450272016 92.665281 0.000000
1693787033450420522 92.652572 0.000000
1693787033454773682 92.607487 0.000000
1693787033456808921 92.804571 0.000000
1693787033457005058 92.815947 0.000000
1693787033457042570 92.782203 0.000000
1693787033457316116 92.337414 0.000000
1693787033457897393 92.835889 0.000000
1693787033458571602 92.945889 0.000000
1693787033459601567 92.938392 0.000000
1693787033460607106 93.520912 0.000000
1693787033460650653 93.643437 0.000000
1693787033461378175 94.019321 0.000000
1693787033462140879 94.622890 0.000000
1693787033462680790 94.068691 0.000000
1693787033462737356 95.123715 0.000000
1693787033462809043 93.757326 0.000000
1693787033462979044 93.816690 0.000000
1693787033463058523 93.449270 0.000000
1693787033463128040 92.611727 0.000000
1693787033464202209 92.782474 0.000000
1693787033465156283 92.655107 0.000000
1693787033550173734 93.163003 0.000000
1693787033555691825 93.006254 0.000000
1693787033556255932 93.444297 0.000000
1693787033556440010 93.378710 0.000000
1693787033557634158 92.472703 0.000000
1693787033591531900 144.793828 0.000000
1693787033609086262 151.766732 0.000000
1693787033611463190 150.852416 0.000000
1693787033637278643 92.530283 0.000000
1693787033700688435 144.729073 0.000000
1693787033729796035 92.512866 0.000000
1693787033742459886 184.821167 0.000000
1693787033823073224 92.638177 0.000000
1693787034458232746 92.610208 0.000000
1693787034460891772 92.650662 0.000000
1693787034463613016 94.056352 0.000000
1693787034463674680 93.810490 0.000000
1693787034463792469 93.873667 0.000000
1693787034464178552 92.927922 0.000000
1693787034464260147 94.039769 0.000000
1693787034468012700 92.874027 0.000000
1693787034469111526 93.398377 0.000000
1693787034469263790 92.981572 0.000000
1693787034469842757 92.500137 0.000000
1693787034470126452 92.688239 0.000000
1693787034470850586 92.566752 0.000000
1693787034474873409 92.552599 0.000000
1693787034475427427 92.882556 0.000000
1693787034475961219 92.603833 0.000000
1693787034476044502 92.589916 0.000000
1693787034476811627 92.616583 0.000000
1693787034476813681 92.861037 0.000000
1693787034477377102 92.580840 0.000000
1693787034477432070 92.846402 0.000000
1693787034477757752 92.581466 0.000000
1693787034477787712 92.515613 0.000000
1693787034479180236 92.825143 0.000000
1693787034550907139 92.669526 0.000000
1693787034562262918 92.994578 0.000000
1693787034571068370 93.276769 0.000000
1693787034571734043 92.549221 0.000000
1693787034662152027 92.429653 0.000000
1693787034752943745 92.751838 0.000000
1693787035540302614 92.738357 0.000000
1693787035544915459 92.716702 0.000000
1693787035548181631 93.358625 0.000000
1693787035552528417 92.699021 0.000000
1693787035552992361 92.677255 0.000000
1693787035553053994 92.657505 0.000000
1693787035556426188 92.750811 0.000000
1693787035556529152 92.516361 0.000000
1693787035556629009 92.527115 0.000000
1693787035557519245 93.234205 0.000000
1693787035558648201 92.595173 0.000000
1693787035559064003 92.949312 0.000000
1693787035560051570 93.765511 0.000000
1693787035560256106 93.932910 0.000000
1693787035560749834 94.107932 0.000000
1693787035560956625 94.103808 0.000000
1693787035561215533 93.735250 0.000000
1693787035561910289 93.476784 0.000000
1693787035561973060 93.041396 0.000000
1693787035562355008 93.066154 0.000000
1693787035563089351 93.731336 0.000000
1693787035563233000 93.768252 0.000000
1693787035563739534 94.179914 0.000000
1693787035563878111 94.266356 0.000000
1693787035652011215 93.357597 0.000000
1693787035655791819 92.553983 0.000000
1693787035704481913 151.424616 0.000000
1693787035761521027 120.583444 0.000000
1693787035786684764 150.711438 0.000000
1693787035801441609 144.767226 0.000000
1693787035801497183 145.053141 0.000000
1693787035840202983 92.796261 0.000000
1693787035879242174 92.552996 0.000000
1693787036518060899 92.894027 0.000000
1693787036518492337 92.730232 0.000000
1693787036519037555 92.989600 0.000000
1693787036519531660 93.266874 0.000000
1693787036519634023 93.078195 0.000000
1693787036520344345 93.071100 0.000000
1693787036522515816 93.212143 0.000000
1693787036523467169 94.055002 0.000000
1693787036523571402 93.977402 0.000000
1693787036523634634 93.338175 0.000000
1693787036524314184 93.271846 0.000000
1693787036526506764 94.398808 0.000000
1693787036527224965 94.322976 0.000000
1693787036528325995 93.149732 0.000000
1693787036528810753 93.581465 0.000000
1693787036528919436 93.333293 0.000000
1693787036529320448 93.680040 0.000000
1693787036529394501 93.539017 0.000000
1693787036530395900 94.357956 0.000000
1693787036530500428 94.503971 0.000000
1693787036532113239 94.523883 0.000000
1693787036532131291 95.395019 0.000000
1693787036532371044 94.502453 0.000000
1693787036532491108 93.485823 0.000000
1693787036532514287 94.313163 0.000000
1693787036532548026 92.643544 0.000000
1693787036533187709 92.542579 0.000000
1693787036533292723 92.544603 0.000000
1693787036535947107 92.802689 0.000000
1693787036538681803 93.198119 0.000000
1693787036539350439 92.357243 0.000000
1693787036611105873 93.040023 0.000000
1693787036670138915 151.096063 0.000000
1693787036671527590 151.177683 0.000000
1693787036676066132 152.486285 0.000000
1693787036683989522 151.437351 0.000000
1693787036719388796 92.460901 0.000000
1693787036761886171 144.573085 0.000000
1693787036768781485 92.711098 0.000000
1693787036770241882 150.672152 0.000000
1693787036810287048 92.637747 0.000000
1693787036854659333 92.766286 0.000000
1693787036902941924 92.650437 0.000000
1693787036995572801 92.626461 0.000000
1693787037582168374 92.619930 0.000000
1693787037584074398 92.547713 0.000000
1693787037584182594 92.624452 0.000000
1693787037584259167 92.660014 0.000000
1693787037587453773 92.681499 0.000000
1693787037588389244 92.775096 0.000000
1693787037589839246 93.119618 0.000000
1693787037590115624 92.751320 0.000000
1693787037590719704 92.625353 0.000000
1693787037590818925 92.647534 0.000000
1693787037591890688 92.530131 0.000000
1693787037593826922 92.648046 0.000000
1693787037594165995 92.422076 0.000000
1693787037595161551 92.456616 0.000000
1693787037597542294 92.940747 0.000000
1693787037599409798 92.635747 0.000000
1693787037599581803 92.769674 0.000000
1693787037600353378 93.147894 0.000000
1693787037600363035 93.194612 0.000000
1693787037600833219 93.181026 0.000000
1693787037600887004 92.598851 0.000000
1693787037601379219 92.953010 0.000000
1693787037601435079 92.694760 0.000000
1693787037683844605 94.000642 0.000000
1693787037686721562 92.549046 0.000000
1693787037690478771 92.931847 0.000000
1693787037692214819 92.623089 0.000000
1693787037786683926 92.443069 0.000000
1693787037788511988 92.891132 0.000000
1693787037822557424 144.621046 0.000000
1693787037823328106 144.564896 0.000000
1693787037865650333 185.122218 0.000000
1693787037868101996 92.740121 0.000000
1693787037869003934 173.278169 0.000000
1693787037869097838 176.878839 0.000000
1693787037869196883 92.606354 0.000000
1693787037879182940 92.494148 0.000000
1693787037965110275 92.708667 0.000000
1693787037971775592 92.588247 0.000000
1693787038628078626 92.529427 0.000000
1693787038629648964 92.510318 0.000000
1693787038630559878 92.538839 0.000000
1693787038632465310 93.006432 0.000000
1693787038634681008 93.238291 0.000000
1693787038636443488 93.176191 0.000000
1693787038638080255 93.135471 0.000000
1693787038638182277 93.136067 0.000000
1693787038639369333 92.514937 0.000000
1693787038639572596 92.759221 0.000000
1693787038640655455 93.719555 0.000000
1693787038642148798 95.114299 0.000000
1693787038642216586 95.066873 0.000000
1693787038643486851 96.097225 0.000000
1693787038643652501 96.213465 0.000000
1693787038644452878 96.686426 0.000000
1693787038645615703 97.786620 0.000000
1693787038646075016 97.421801 0.000000
1693787038646484097 97.413778 0.000000
1693787038646516272 97.497603 0.000000
1693787038646663951 96.954635 0.000000
1693787038647221899 97.344742 0.000000
1693787038647462443 97.410009 0.000000
1693787038647823703 97.710408 0.000000
1693787038648077820 97.270344 0.000000
1693787038648302622 97.533792 0.000000
1693787038649041256 98.111000 0.000000
1693787038649147132 98.297724 0.000000
1693787038649221044 97.356960 0.000000
1693787038649553302 97.228186 0.000000
1693787038649764307 97.263614 0.000000
1693787038650342953 97.562379 0.000000
1693787038650490176 96.421123 0.000000
1693787038740473173 93.005347 0.000000
1693787038742355521 92.587977 0.000000
1693787038743030627 92.531741 0.000000
1693787038792950361 144.869309 0.000000
1693787038800666463 151.110496 0.000000
1693787038820939930 92.478607 0.000000
1693787038972622998 144.655922 0.000000
1693787039005909829 184.965308 0.000000
1693787039642057860 92.516134 0.000000
1693787039644377384 92.811241 0.000000
1693787039645304160 93.187320 0.000000
1693787039645375872 92.610664 0.000000
1693787039645376558 93.339474 0.000000
1693787039646552874 92.716691 0.000000
1693787039647316070 93.370492 0.000000
1693787039648176626 93.492426 0.000000
1693787039648518532 92.821003 0.000000
1693787039649846120 93.123327 0.000000
1693787039650104992 92.883624 0.000000
1693787039652402185 92.429243 0.000000
1693787039652466575 92.531681 0.000000
1693787039653517054 92.625198 0.000000
1693787039654491285 93.517945 0.000000
1693787039654860955 93.882092 0.000000
1693787039655402364 93.265848 0.000000
1693787039655560737 93.362499 0.000000
1693787039655882766 93.378215 0.000000
1693787039656049935 93.017311 0.000000
1693787039656759335 93.448814 0.000000
1693787039656823685 92.965866 0.000000
1693787039657506599 92.837106 0.000000
1693787039658056422 92.549056 0.000000
1693787039658597977 93.128719 0.000000
1693787039658708098 93.120200 0.000000
1693787039660943938 92.837331 0.000000
1693787039665074170 92.658200 0.000000
1693787039666391379 92.991951 0.000000
1693787039738531594 93.222698 0.000000
1693787039747413609 92.917378 0.000000
1693787039749475610 94.066095 0.000000
1693787039750451961 93.685640 0.000000
1693787039838780139 92.920295 0.000000
1693787039839224047 92.549316 0.000000
1693787039845646691 92.488756 0.000000
1693787039847431021 92.473234 0.000000
1693787039923944653 134.648460 0.000000
1693787039924007289 170.399227 0.000000
1693787040108521242 92.816935 0.000000
1693787040504931831 92.655819 0.000000
1693787040505039887 92.547587 0.000000
1693787040505760162 92.479825 0.000000
1693787040506487634 93.176516 0.000000
1693787040508573400 93.315464 0.000000
1693787040508826404 92.987926 0.000000
1693787040509851819 92.767649 0.000000
1693787040511355251 92.495757 0.000000
1693787040512156034 93.036540 0.000000
1693787040512229850 93.005783 0.000000
1693787040512272409 92.507069 0.000000
1693787040515859809 93.812530 0.000000
1693787040516803258 94.100791 0.000000
1693787040517013427 94.195712 0.000000
1693787040517197395 94.109305 0.000000
1693787040518585018 95.005254 0.000000
1693787040518691395 94.969090 0.000000
1693787040519212513 93.635603 0.000000
1693787040519489958 93.620694 0.000000
1693787040519838038 93.333701 0.000000
1693787040520098403 93.553251 0.000000
1693787040520425464 93.712517 0.000000
1693787040521193385 93.263278 0.000000
1693787040522673007 93.102864 0.000000
1693787040522699258 92.796862 0.000000
1693787040523468923 93.094389 0.000000
1693787040524001732 92.994266 0.000000
1693787040571951053 144.863315 0.000000
1693787040572173060 145.094728 0.000000
1693787040574965570 144.649809 0.000000
1693787040586941291 150.734677 0.000000
1693787040612545151 92.444468 0.000000
1693787040612568671 93.351738 0.000000
1693787040613537515 92.339193 0.000000
1693787040704812622 92.554262 0.000000
1693787040709042230 92.991009 0.000000
1693787040709751920 93.637022 0.000000
1693787040801626377 92.581126 0.000000
1693787040884978756 92.702462 0.000000
1693787040894893023 95.801416 0.000000
1693787041484996637 92.599238 0.000000
1693787041485076097 92.492494 0.000000
1693787041485580906 93.163135 0.000000
1693787041485651756 93.136568 0.000000
1693787041486147344 92.801042 0.000000
1693787041486333342 92.884787 0.000000
1693787041487762897 93.771870 0.000000
1693787041488492915 92.669140 0.000000
1693787041488958037 92.618673 0.000000
1693787041489164277 92.556048 0.000000
1693787041490227966 92.586202 0.000000
1693787041490823541 93.128705 0.000000
1693787041491261249 93.162774 0.000000
1693787041492050385 92.961560 0.000000
1693787041493755867 92.581416 0.000000
1693787041494497131 92.998892 0.000000
1693787041494597269 92.575928 0.000000
