1695208361949544953 92.373828 177.800156 169 16 0.000000
1695208362977014223 91.520427 171.294673 176 16 0.000000
1695208363981777577 93.244026 173.175107 174 16 0.000000
1695208364977706765 93.468552 168.686665 168 16 0.000000
1695208365982743253 93.811217 172.133080 173 16 0.000000
1695208366987132096 94.563581 170.252788 171 16 0.000000
1695208367982756662 94.340679 167.733888 167 16 0.000000
1695208368987337343 92.739862 173.206617 174 16 0.000000
1695208369992323438 95.447312 165.176411 166 16 0.000000
1695208370987682598 95.113135 169.787934 169 16 0.000000
1695208371992984819 95.724287 166.119228 167 16 0.000000
1695208372997191730 95.461875 169.287820 170 16 0.000000
1695208374015628031 96.280033 162.994945 166 16 0.000000
1695208375021123050 95.200360 167.081889 168 16 0.000000
1695208376001155145 95.096463 172.443358 169 15 0.000000
1695208377020407367 92.764158 170.713358 174 16 0.000000
1695208378026964950 93.649065 170.879447 172 16 0.000000
1695208379006686746 94.564160 169.435844 166 16 0.000000
1695208380027582175 91.505573 174.356745 178 16 0.000000
1695208381031620179 93.030388 169.316303 170 16 0.000000
1695208382036513120 96.246031 170.167414 171 16 0.000000
1695208383038043138 93.639726 170.738764 171 16 0.000000
1695208384036707899 92.996559 170.227297 170 16 0.000000
1695208385039791719 94.480929 170.474288 171 16 0.000000
1695208386042657784 95.515821 166.522734 167 16 0.000000
1695208387041342522 95.715277 167.219925 167 16 0.000000
1695208388044118064 94.343971 169.529446 170 16 0.000000
1695208389047188466 92.925793 173.467390 174 16 0.000000
1695208390045729491 89.821257 179.261544 179 16 0.000000
1695208391047280893 91.739003 172.732045 173 16 0.000000
1695208392051906053 92.499640 171.208108 172 16 0.000000
1695208393050519386 98.198063 166.230532 166 16 0.000000
1695208394052222151 92.892969 168.712696 169 16 0.000000
1695208395056921362 96.106293 169.204865 170 16 0.000000
1695208396052178693 92.773306 172.819647 172 16 0.000000
1695208397051203256 91.963603 171.166948 171 16 0.000000
1695208398060654223 94.565557 172.370955 174 16 0.000000
1695208399056219955 93.737086 168.748264 168 16 0.000000
1695208400060785998 95.290051 168.231831 169 16 0.000000
1695208401065282645 91.492130 176.207656 177 16 0.000000
1695208402060011087 93.194856 169.895642 169 16 0.000000
1695208403065377875 100.162019 160.140559 161 16 0.000000
1695208404062826077 94.146153 168.429796 168 16 0.000000
1695208405064870186 93.595172 172.647094 173 16 0.000000
1695208406080936473 95.521540 165.343515 168 16 0.000000
1695208407065960836 94.425815 171.569391 169 16 0.000000
1695208408080561076 94.133231 169.524891 172 16 0.000000
1695208409073246628 93.727946 170.245246 169 16 0.000000
1695208410070159145 93.278441 173.535768 173 16 0.000000
1695208411086520328 93.869245 168.247277 171 16 0.000000
1695208412078029071 92.837348 172.464440 171 16 0.000000
1695208413087043800 93.287814 171.454384 173 16 0.000000
1695208414076993210 93.707877 171.725976 170 16 0.000000
1695208415082714017 93.482896 170.027278 171 16 0.000000
1695208416079029769 93.676398 171.632365 171 16 0.000000
1695208417082014384 92.702501 174.479247 175 16 0.000000
1695208418092801637 94.103985 166.207073 168 16 0.000000
1695208419103406142 93.827952 169.205664 171 16 0.000000
1695208420092510563 94.894877 172.883643 171 16 0.000000
1695208421084393100 93.174277 171.391278 170 16 0.000000
1695208422109298138 93.250237 169.771836 174 16 0.000000
1695208423095943628 91.408761 176.355110 174 16 0.000000
1695208424088471279 95.841998 166.242235 165 16 0.000000
1695208425114209954 95.541493 166.709113 171 16 0.000000
1695208426110197454 92.634074 172.692943 172 16 0.000000
1695208427115824925 93.354419 169.048682 170 16 0.000000
1695208428119769376 96.524027 167.339926 168 16 0.000000
1695208429114887909 94.842145 167.819238 167 16 0.000000
1695208430121251373 93.569319 172.899724 174 16 0.000000
1695208431103535886 91.950610 175.102012 172 16 0.000000
1695208432119821250 91.932838 170.227782 173 16 0.000000
1695208433125614246 95.162595 171.009362 172 16 0.000000
1695208434129440377 92.793413 170.348200 171 16 0.000000
1695208435125437765 91.727796 174.699261 174 16 0.000000
1695208436130458672 94.910745 169.150707 170 16 0.000000
1695208437134774607 91.847821 175.243664 176 16 0.000000
1695208438138020732 97.150654 166.459641 167 16 0.000000
1695208439135709555 93.210213 164.379921 164 16 0.000000
1695208440139509847 94.908891 173.341264 174 16 0.000000
1695208441142842542 93.295372 171.428690 172 16 0.000000
1695208442137648292 93.765685 168.877170 168 15 0.000000
1695208443145762041 94.492405 169.623734 171 16 0.000000
1695208444147804168 94.693212 170.651489 171 16 0.000000
1695208445142658090 94.099939 169.874186 169 16 0.000000
1695208446150349979 92.773687 170.687093 172 16 0.000000
1695208447152899150 93.021640 174.555058 175 16 0.000000
1695208448147844535 93.133897 171.868726 171 16 0.000000
1695208449154025874 93.308041 170.943334 172 16 0.000000
1695208450157224945 91.513206 174.441948 175 16 0.000000
1695208451153285160 93.755170 168.664503 168 16 0.000000
1695208452157895484 95.274867 169.219844 170 16 0.000000
1695208453152282934 94.584752 169.953882 169 16 0.000000
1695208454165592675 93.058500 170.727632 173 16 0.000000
1695208455162443447 93.683276 170.537087 170 16 0.000000
1695208456165355096 92.387626 174.491914 175 16 0.000000
1695208457160578156 95.217807 167.801604 167 16 0.000000
1695208458167044984 95.962213 167.914122 169 16 0.000000
1695208459169854763 91.584755 171.518075 172 16 0.000000
1695208460173676319 96.596357 169.352812 170 16 0.000000
1695208461172759824 92.534150 169.155027 169 16 0.000000
1695208462174501760 91.742045 173.697406 174 16 0.000000
1695208463178115334 94.567429 173.373523 174 16 0.000000
1695208464177869568 90.850249 175.043027 175 16 0.000000
1695208465172391069 94.605784 164.903397 164 16 0.000000
1695208466181543056 97.803399 165.485492 167 16 0.000000
1695208467182110298 96.626521 165.905904 166 16 0.000000
1695208468181362356 91.701186 175.130960 175 16 0.000000
1695208469180715382 92.561369 173.112027 173 16 0.000000
1695208470186958616 91.420393 171.926595 173 16 0.000000
1695208471181658242 93.557974 174.927195 174 16 0.000000
1695208472192308451 92.651757 168.208555 170 16 0.000000
1695208473185831272 95.123983 174.127857 173 16 0.000000
1695208474192869684 91.519003 173.776855 175 16 0.000000
1695208475198547141 92.729166 167.051561 168 16 0.000000
1695208476189513006 92.018129 178.613664 177 16 0.000000
1695208477198822069 94.054881 168.432025 170 16 0.000000
1695208478205451782 95.198749 165.900133 167 16 0.000000
1695208479207048677 94.874081 170.727364 171 16 0.000000
1695208480203590563 91.171596 176.610738 176 16 0.000000
1695208481216439926 91.915506 170.805265 173 16 0.000000
1695208482211745091 94.946049 168.792470 168 16 0.000000
1695208483217202409 94.999083 170.071857 171 16 0.000000
1695208484220751289 96.840450 164.416495 165 16 0.000000
1695208485216223977 95.078337 169.768596 169 16 0.000000
1695208486214059138 93.446756 171.370998 171 16 0.000000
1695208487224592461 94.848544 168.228018 170 16 0.000000
1695208488220509225 92.777038 172.705193 172 16 0.000000
1695208489219600459 98.263839 162.147357 162 16 0.000000
1695208490229369201 94.856307 170.336032 172 16 0.000000
1695208491225017476 92.264993 173.756136 173 16 0.000000
1695208492229131415 92.600638 170.299398 171 16 0.000000
1695208493233011236 96.652798 168.346820 169 16 0.000000
1695208494228870582 94.132357 168.698521 168 16 0.000000
1695208495233660892 92.845061 169.189532 170 16 0.000000
1695208496237215903 93.437694 173.383622 174 16 0.000000
1695208497233455803 92.029519 174.656752 174 16 0.000000
1695208498237348313 91.730891 172.329198 173 16 0.000000
1695208499241805425 93.985837 171.236786 172 16 0.000000
1695208500238420006 93.896059 169.574065 169 16 0.000000
1695208501242129837 96.283041 168.375358 169 16 0.000000
1695208502251186579 95.467542 167.483149 169 16 0.000000
1695208503241363530 92.639972 171.686469 170 16 0.000000
1695208504250912423 95.644268 166.410968 168 16 0.000000
1695208505255552468 93.635620 171.205617 172 16 0.000000
1695208506241398721 95.174674 169.397583 167 15 0.000000
1695208507255436412 94.649536 169.618933 172 16 0.000000
1695208508254068175 92.262535 173.237062 173 16 0.000000
1695208509264716832 91.286436 169.198270 171 16 0.000000
1695208510260450402 96.051991 171.732675 171 16 0.000000
1695208511259057147 93.136786 171.238562 171 16 0.000000
1695208512271666509 91.397789 171.833309 174 16 0.000000
1695208513265135112 93.276352 174.137360 173 16 0.000000
1695208514264823435 92.252572 173.053918 173 16 0.000000
1695208515276269731 93.846973 169.064853 171 16 0.000000
1695208516279744426 93.219514 174.394041 175 16 0.000000
1695208517251709234 95.237207 165.643833 161 16 0.000000
1695208518269541917 94.915142 170.951472 174 16 0.000000
1695208519284406660 90.841585 173.422119 176 16 0.000000
1695208520281113918 93.015800 171.564953 171 16 0.000000
1695208521273666642 95.173116 168.253002 167 16 0.000000
1695208522289138441 96.416553 167.409876 170 16 0.000000
1695208523280347284 95.454914 166.463424 165 16 0.000000
1695208524290157539 97.114912 165.377595 167 16 0.000000
1695208525294887968 96.174691 167.209011 168 16 0.000000
1695208526278389855 91.777495 174.885278 172 16 0.000000
1695208527298854980 93.439585 168.550618 172 16 0.000000
1695208528299544885 93.398945 172.880725 173 16 0.000000
1695208529294987736 91.229930 173.791973 173 16 0.000000
1695208530305129411 94.385036 172.253092 174 16 0.000000
