1693787061471428394 2542.495872 0.000000
1693787061617679515 2242.520773 0.000000
1693787061912461969 340.237436 0.000000
1693787061923677684 325.657695 0.000000
1693787061927014600 328.670520 0.000000
1693787061927034018 328.726124 0.000000
1693787061927052684 309.371058 0.000000
1693787061927110239 310.159958 0.000000
1693787061930605562 269.071050 0.000000
1693787061987956865 221.688743 0.000000
1693787063196721497 1269.609409 0.000000
1693787063733735100 357.163771 0.000000
1693787063733767141 339.500065 0.000000
1693787063734354373 325.329129 0.000000
1693787063784263603 422.691919 0.000000
1693787063784289300 423.462333 0.000000
1693787063784361351 424.587812 0.000000
1693787063784403627 425.570373 0.000000
1693787063925804419 192.067790 0.000000
1693787064049835833 176.771640 0.000000
1693787064493749552 176.943728 0.000000
1693787064498974798 177.553560 0.000000
1693787064502403983 178.304995 0.000000
1693787064504475800 176.811157 0.000000
1693787064504675994 176.727738 0.000000
1693787064506882979 176.744619 0.000000
1693787064508239426 177.184642 0.000000
1693787064509304821 177.071296 0.000000
1693787064514089160 177.063539 0.000000
1693787064678952573 176.547085 0.000000
1693787064680370884 176.541273 0.000000
1693787064685040969 176.796109 0.000000
1693787064868261159 189.306462 0.000000
1693787065045677162 177.412211 0.000000
1693787065248117707 176.796801 0.000000
1693787065248253831 176.732959 0.000000
1693787065249276815 176.653766 0.000000
1693787065254906086 176.885016 0.000000
1693787065268322039 182.540522 0.000000
1693787065269340300 176.642509 0.000000
1693787065270051179 176.981195 0.000000
1693787065275246891 177.359059 0.000000
1693787065275968566 177.717261 0.000000
1693787066125198023 182.724420 0.000000
1693787066125227512 177.256962 0.000000
1693787066125274784 180.628025 0.000000
1693787066126004377 178.013412 0.000000
1693787066127074992 177.788107 0.000000
1693787066128502034 177.518478 0.000000
1693787066133595066 176.786067 0.000000
1693787066134598861 176.725529 0.000000
1693787066134759305 176.825100 0.000000
1693787066230923467 176.671136 0.000000
1693787066302380062 177.103320 0.000000
1693787066871956862 176.907736 0.000000
1693787066875505661 176.754343 0.000000
1693787066875961911 176.892093 0.000000
1693787066881727245 177.667464 0.000000
1693787066882968235 177.532434 0.000000
1693787066884232420 176.975398 0.000000
1693787066887498543 176.828310 0.000000
1693787066889622382 176.690796 0.000000
1693787066890148138 176.816420 0.000000
1693787066891267331 176.751045 0.000000
1693787067052311226 176.803435 0.000000
1693787067610701722 177.569074 0.000000
1693787067612295905 177.396387 0.000000
1693787067613016656 177.947279 0.000000
1693787067614399683 177.102521 0.000000
1693787067616765005 179.044992 0.000000
1693787067617428609 178.349380 0.000000
1693787067617850916 178.062702 0.000000
1693787067618470708 178.320614 0.000000
1693787067618523365 178.539932 0.000000
1693787067618806790 176.557687 0.000000
1693787067620792453 176.833915 0.000000
1693787067621778347 177.051635 0.000000
1693787067623704868 177.022459 0.000000
1693787067623805482 176.935580 0.000000
1693787067789798148 176.776290 0.000000
1693787067794660699 176.786213 0.000000
1693787068382469574 177.038070 0.000000
1693787068385355887 176.968723 0.000000
1693787068385379402 177.613713 0.000000
1693787068395231889 177.868977 0.000000
1693787068395364267 177.491419 0.000000
1693787068395886627 177.710994 0.000000
1693787068397010291 176.893908 0.000000
1693787068397455176 177.226662 0.000000
1693787068398194110 177.774598 0.000000
1693787069081498930 176.752614 0.000000
1693787069082495212 177.337425 0.000000
1693787069082520942 177.107484 0.000000
1693787069083344989 177.027674 0.000000
1693787069086293487 176.869958 0.000000
1693787069091129902 177.079245 0.000000
1693787069092008025 177.366348 0.000000
1693787069092118542 176.793310 0.000000
1693787069094064964 177.002051 0.000000
1693787069097748813 176.989021 0.000000
1693787069099544370 177.505607 0.000000
1693787069274522828 176.769133 0.000000
1693787069465422209 177.056698 0.000000
1693787069782547950 178.092522 0.000000
1693787069782610590 179.859913 0.000000
1693787069784688263 177.169389 0.000000
1693787069785258930 176.932554 0.000000
1693787069785888445 176.758830 0.000000
1693787069790642413 176.923478 0.000000
1693787069790935870 177.162855 0.000000
1693787069791819916 177.038701 0.000000
1693787069791877109 176.583928 0.000000
1693787069795191839 176.911324 0.000000
1693787069795291636 176.918852 0.000000
1693787069795357890 176.869307 0.000000
1693787070631081685 176.783000 0.000000
1693787070638885762 176.954424 0.000000
1693787070645272372 178.117289 0.000000
1693787070648349610 177.179829 0.000000
1693787070649140209 176.864545 0.000000
1693787070649407115 176.715112 0.000000
1693787070650434390 176.591310 0.000000
1693787070822649886 176.899983 0.000000
1693787071408012962 176.902691 0.000000
1693787071412004687 177.191132 0.000000
1693787071412202142 177.403561 0.000000
1693787071412970183 177.095459 0.000000
1693787071413028073 178.262689 0.000000
1693787071418926277 177.032708 0.000000
1693787071420736683 176.761006 0.000000
1693787071584994535 176.963456 0.000000
1693787071761986106 176.987100 0.000000
1693787072119428418 177.158052 0.000000
1693787072119638512 177.138747 0.000000
1693787072122484016 176.957666 0.000000
1693787072123729503 177.291087 0.000000
1693787072124650660 177.050352 0.000000
1693787072129074636 177.161295 0.000000
1693787072129530837 176.708752 0.000000
1693787072132841618 176.940551 0.000000
1693787072132942658 176.505484 0.000000
1693787072133095990 176.478106 0.000000
1693787072133864868 176.707069 0.000000
1693787072134308039 177.136788 0.000000
1693787072134524367 177.212905 0.000000
1693787072224354619 177.170672 0.000000
1693787072310783464 176.914181 0.000000
1693787072861580809 177.464742 0.000000
1693787072861867511 177.084012 0.000000
1693787072864644255 177.120271 0.000000
1693787072866288480 177.449772 0.000000
1693787072875763679 176.816805 0.000000
1693787072875845926 176.630195 0.000000
1693787072876169799 176.705951 0.000000
1693787072961450624 176.606195 0.000000
1693787073604263845 177.252884 0.000000
1693787073609941511 176.917690 0.000000
1693787073610225502 177.002166 0.000000
1693787073610837069 177.558004 0.000000
1693787073611393198 176.805408 0.000000
1693787073611573983 176.720361 0.000000
1693787073613972803 176.755081 0.000000
1693787073616161098 176.833037 0.000000
1693787073618750847 176.793229 0.000000
1693787073622273646 176.734643 0.000000
1693787073622845531 177.350706 0.000000
1693787073654586115 176.860515 0.000000
1693787073704851438 177.107255 0.000000
1693787074296493683 177.027522 0.000000
1693787074296720536 177.149045 0.000000
1693787074297073221 177.463116 0.000000
1693787074308164671 177.086350 0.000000
1693787074309757882 176.676397 0.000000
1693787074310828697 176.962282 0.000000
1693787074487026989 177.263846 0.000000
1693787074487724427 176.892928 0.000000
1693787075043140029 178.119285 0.000000
1693787075044087248 177.290998 0.000000
1693787075044159405 177.427786 0.000000
1693787075044706368 177.107381 0.000000
1693787075046678214 178.233741 0.000000
1693787075051634323 177.498416 0.000000
1693787075054550085 177.289529 0.000000
1693787075062177917 176.949377 0.000000
1693787075787629577 177.583233 0.000000
1693787075787699595 177.529388 0.000000
1693787075792970766 178.370585 0.000000
1693787075792993289 178.638883 0.000000
1693787075793803949 179.153466 0.000000
1693787075794976211 179.907419 0.000000
1693787075795776272 178.270631 0.000000
1693787075795871308 178.282970 0.000000
1693787075795926105 176.931942 0.000000
1693787075799128388 177.163942 0.000000
1693787075799946286 177.482412 0.000000
1693787075801552031 176.974621 0.000000
1693787075803328789 177.173063 0.000000
1693787075806360917 177.016308 0.000000
1693787075875615013 176.961756 0.000000
1693787075896079739 176.850327 0.000000
1693787076524968205 177.051002 0.000000
1693787076525234334 177.091852 0.000000
1693787076528175531 178.058836 0.000000
1693787076530829770 177.227041 0.000000
1693787076532036366 177.313152 0.000000
1693787076534974721 176.908575 0.000000
1693787076535354780 177.040387 0.000000
1693787076535515248 176.748883 0.000000
1693787076535563325 176.729814 0.000000
1693787076537911326 176.786024 0.000000
1693787076538780292 176.924647 0.000000
1693787076539750484 176.833199 0.000000
1693787076543322598 176.708955 0.000000
1693787076620506063 176.823581 0.000000
1693787077224283035 177.719268 0.000000
1693787077229154140 178.699584 0.000000
1693787077229236818 177.929497 0.000000
1693787077229659185 178.039694 0.000000
1693787077231898048 177.656978 0.000000
1693787077233399611 177.394924 0.000000
1693787077235300467 177.462551 0.000000
1693787077235407000 177.368908 0.000000
1693787077236442829 177.245191 0.000000
1693787077237900009 177.045692 0.000000
1693787077238950893 177.926525 0.000000
1693787077239056844 177.694712 0.000000
1693787077239139196 177.396883 0.000000
1693787077240375090 177.590679 0.000000
1693787077241737359 177.304643 0.000000
1693787077409433278 177.529788 0.000000
1693787077999807940 177.402817 0.000000
1693787078000740109 177.101391 0.000000
1693787078003420238 176.952344 0.000000
1693787078007817697 176.605277 0.000000
1693787078008421922 176.949848 0.000000
1693787078011324739 177.265613 0.000000
1693787078013863991 176.795314 0.000000
1693787078014520012 176.960182 0.000000
1693787078017803394 176.788868 0.000000
1693787078018733718 176.587886 0.000000
1693787078105550085 176.863809 0.000000
1693787078184624514 176.801214 0.000000
1693787078191400175 176.875091 0.000000
1693787078695091064 177.479323 0.000000
1693787078696594186 176.896688 0.000000
1693787078697463107 178.073966 0.000000
1693787078699553399 177.014040 0.000000
1693787078700860163 177.064131 0.000000
1693787078701510716 177.433059 0.000000
1693787078702406545 177.353299 0.000000
1693787078704289354 176.840617 0.000000
1693787078709824384 177.799557 0.000000
1693787079441499679 177.310372 0.000000
1693787079444477456 176.924699 0.000000
1693787079444939651 177.240679 0.000000
1693787079447527205 179.105898 0.000000
1693787079449729994 177.059167 0.000000
1693787079451211094 177.443927 0.000000
1693787079452146565 177.103365 0.000000
1693787079455436482 177.315424 0.000000
1693787079458527537 177.030641 0.000000
1693787079459708845 176.923652 0.000000
1693787079460313872 176.958482 0.000000
1693787079461068567 176.923121 0.000000
1693787079461875599 176.994787 0.000000
1693787079541055925 176.705831 0.000000
1693787080137741172 177.037658 0.000000
1693787080140165090 176.851996 0.000000
1693787080141242035 177.158615 0.000000
1693787080143966953 176.899126 0.000000
1693787080151425687 177.250388 0.000000
1693787080151850951 177.419982 0.000000
1693787080154458115 177.018494 0.000000
1693787080314808829 177.063990 0.000000
1693787080843194058 177.303357 0.000000
1693787080843751179 177.804588 0.000000
1693787080845162266 177.247577 0.000000
1693787080847562549 177.533367 0.000000
1693787080852472750 177.326836 0.000000
1693787080852582636 177.474709 0.000000
1693787080853762646 177.197274 0.000000
1693787080857431269 177.040319 0.000000
1693787080859719011 176.834836 0.000000
1693787080860035732 176.779403 0.000000
1693787080864228450 177.089860 0.000000
1693787081671216780 177.223133 0.000000
1693787081673645715 177.390407 0.000000
1693787081677715065 177.510752 0.000000
1693787081679290254 177.889193 0.000000
1693787081683817119 177.321912 0.000000
1693787081684078652 177.742882 0.000000
1693787081685181387 178.238109 0.000000
1693787081685587497 178.581547 0.000000
1693787081685591521 178.580355 0.000000
1693787081685657274 178.188033 0.000000
1693787081776660510 176.925091 0.000000
1693787082375896083 177.165334 0.000000
1693787082378885902 177.036460 0.000000
1693787082382401810 177.080698 0.000000
1693787082385622883 177.318220 0.000000
1693787082388589934 180.339393 0.000000
1693787082389150839 178.274210 0.000000
1693787082389230946 177.457855 0.000000
1693787082391765030 178.938569 0.000000
1693787082393373772 180.272231 0.000000
1693787082394834996 178.480900 0.000000
1693787083082368862 177.114227 0.000000
1693787083091372755 177.009703 0.000000
1693787083093632993 177.275856 0.000000
1693787083096885684 177.339680 0.000000
1693787083098219236 176.990378 0.000000
1693787083100165653 177.025365 0.000000
1693787083101188568 177.084537 0.000000
1693787083278371569 177.175744 0.000000
1693787083779662530 177.340132 0.000000
1693787083779736161 177.184184 0.000000
1693787083780814675 176.855630 0.000000
1693787083788264994 176.833698 0.000000
1693787083790014117 177.667528 0.000000
1693787083790444559 177.845336 0.000000
1693787083790589766 177.546962 0.000000
1693787083791148286 177.160664 0.000000
1693787083791198061 178.029174 0.000000
1693787083799810199 176.992196 0.000000
1693787083799870063 177.379162 0.000000
1693787083800666265 176.785676 0.000000
1693787083965199868 176.930229 0.000000
1693787084661523139 177.225580 0.000000
1693787084666431576 177.335671 0.000000
1693787084666761769 177.147950 0.000000
1693787084671357619 177.603589 0.000000
1693787084672156577 178.301674 0.000000
1693787084672872944 177.428978 0.000000
1693787084672940837 178.793968 0.000000
1693787084677158612 177.632887 0.000000
1693787084678851545 176.785616 0.000000
1693787084758478749 177.165064 0.000000
1693787085070150028 177.257644 0.000000
