1693787061781375921 2566.977197 398.010355 398 554 0.000000
1693787062486788917 344.801744 117.661573 83 637 0.000000
1693787063784570629 1542.640174 754.364145 979 1617 0.000000
1693787064716279350 772.996851 1227.851567 1144 2761 0.000000
1693787065841510979 673.433974 996.239328 1121 3881 0.000000
1693787066855101857 743.224647 2127.090943 2156 6037 0.000000
1693787067855623495 624.200482 1195.376294 1196 7234 0.000000
1693787068775360897 695.877060 1212.302545 1115 8348 0.000000
1693787069879684972 626.539817 2012.090520 2222 10570 0.000000
1693787070878336979 739.593183 1148.548223 1147 11718 0.000000
1693787071761986106 701.689035 1255.023053 1109 12826 0.000000
1693787072895857177 662.650360 1933.200384 2192 15021 0.000000
1693787073941301390 647.156532 1115.315360 1166 16184 0.000000
1693787074957549359 664.906430 2097.913161 2132 18331 0.000000
1693787075954739162 633.048652 1209.398659 1206 19523 0.000000
1693787076966228706 655.180831 1127.050713 1140 20662 0.000000
1693787078000740109 677.847009 2072.475829 2144 22820 0.000000
1693787078926873890 602.286917 1249.279623 1157 23963 0.000000
1693787080031347603 676.338313 1915.844497 2116 26092 0.000000
1693787081000186125 588.112084 1279.883042 1240 27322 0.000000
1693787082015589362 722.919471 1133.539924 1151 28470 0.000000
1693787083068474039 639.779487 2053.406204 2162 30653 0.000000
1693787084040882082 600.003764 1224.794483 1191 31823 0.000000
1693787085091884324 781.549079 1071.358324 1126 32949 0.000000
