1695151417739943285 125.110168 130.710438 123 16 0.000000
1695151418788690423 122.041721 132.539093 139 16 0.000000
1695151419768616509 123.138536 126.540147 124 16 0.000000
1695151420791990996 125.416267 126.053569 129 16 0.000000
1695151421796892982 123.811166 131.356102 132 16 0.000000
1695151422751305000 128.364225 126.779614 121 16 0.000000
1695151423799309174 124.665725 126.907901 133 16 0.000000
1695151424778960464 125.418411 127.596420 125 16 0.000000
1695151425802715028 125.918480 123.076381 126 16 0.000000
1695151426806969853 125.514653 133.432269 134 16 0.000000
1695151427787019568 125.630702 123.463122 121 16 0.000000
1695151428810351098 126.513440 128.990447 132 16 0.000000
1695151429789555447 127.117985 124.590958 122 16 0.000000
1695151430812965266 130.816586 120.186452 123 16 0.000000
1695151431792661729 129.775650 123.507645 121 15 0.000000
1695151432797720770 124.001496 131.335568 132 16 0.000000
1695151433795883276 123.304364 126.231950 126 16 0.000000
1695151434801230317 122.982828 135.276672 136 16 0.000000
1695151435780723378 129.564155 123.533293 121 16 0.000000
1695151436803716192 129.383206 120.235449 123 16 0.000000
1695151437808314484 124.754406 130.400375 131 16 0.000000
1695151438813491202 131.957542 118.387142 119 16 0.000000
1695151439811489978 124.041362 131.262693 131 16 0.000000
1695151440814718032 126.178074 124.597789 125 16 0.000000
1695151441815531234 126.020059 127.895994 128 16 0.000000
1695151442818842047 121.971960 133.557816 134 16 0.000000
1695151443825053037 124.449317 125.222235 126 16 0.000000
1695151444822107989 126.760881 128.378089 128 16 0.000000
1695151445801899433 127.678414 125.536923 123 16 0.000000
1695151446831334410 125.105036 128.225676 132 16 0.000000
1695151447830377481 126.011275 128.122610 128 16 0.000000
1695151448835772219 126.629096 123.334630 124 16 0.000000
1695151449835123122 122.224696 131.085089 131 16 0.000000
1695151450813378229 123.198733 131.867453 129 16 0.000000
1695151451842923753 127.601886 123.355393 127 16 0.000000
1695151452842712721 125.993933 128.027023 128 16 0.000000
1695151453845473308 123.006703 127.647616 128 16 0.000000
1695151454844798491 127.015834 127.085753 127 16 0.000000
1695151455849359156 126.912243 124.432512 125 16 0.000000
1695151456853221542 125.841815 130.495978 131 16 0.000000
1695151457852793890 126.519534 126.053909 126 16 0.000000
1695151458855586223 123.884634 129.638003 130 16 0.000000
1695151459855295345 126.318847 126.036658 126 16 0.000000
1695151460860704324 126.163433 124.327517 125 16 0.000000
1695151461863761489 126.099142 129.603773 130 16 0.000000
1695151462863828546 130.636198 119.991959 120 16 0.000000
1695151463868057285 129.047401 124.473633 125 16 0.000000
1695151464870709538 130.109186 125.666703 126 16 0.000000
1695151465871525224 125.202977 124.898116 125 16 0.000000
1695151466875874117 126.138540 128.441431 129 16 0.000000
1695151467878637973 125.814685 127.647198 128 16 0.000000
1695151468876114568 127.254784 123.311165 123 16 0.000000
1695151469883921533 125.881017 129.985210 131 16 0.000000
1695151470881710604 123.176669 129.285839 129 16 0.000000
1695151471886588947 122.019117 130.364036 131 16 0.000000
1695151472886047728 127.318433 125.067697 125 16 0.000000
1695151473887046192 125.164649 125.874317 126 16 0.000000
1695151474886712243 127.000762 127.042423 127 16 0.000000
1695151475868624038 124.183588 129.339519 127 16 0.000000
1695151476851501673 126.254383 129.212425 127 16 0.000000
1695151477876419145 127.927965 123.912413 127 16 0.000000
1695151478879410738 123.840014 130.609272 131 16 0.000000
1695151479879752370 127.303625 121.958337 122 16 0.000000
1695151480880124119 125.221732 128.952065 129 16 0.000000
1695151481861649622 125.149416 129.390420 127 16 0.000000
1695151482885720607 128.402668 123.038344 126 16 0.000000
1695151483889913368 128.861543 126.469743 127 16 0.000000
1695151484894405523 126.334453 121.454409 122 16 0.000000
1695151485894167278 132.101331 125.029786 125 16 0.000000
1695151486872412915 124.139897 130.846482 128 16 0.000000
1695151487894352061 124.143348 125.252080 128 16 0.000000
1695151488900410227 124.011751 131.205142 132 16 0.000000
1695151489905936597 132.276391 119.340470 120 16 0.000000
1695151490905066919 125.526221 127.110547 127 16 0.000000
1695151491907939713 127.000168 126.636207 127 16 0.000000
1695151492888423353 132.824876 122.388575 120 16 0.000000
1695151493910597463 127.335616 125.223277 128 16 0.000000
1695151494913743947 124.621491 125.604797 126 16 0.000000
1695151495912492803 124.345254 128.160341 128 16 0.000000
1695151496915906031 128.759886 125.571401 126 16 0.000000
1695151497898780265 124.985066 128.195446 126 16 0.000000
1695151498916347427 125.809289 125.790219 128 16 0.000000
1695151499901633939 124.098477 130.926389 129 16 0.000000
1695151500906599856 121.092793 131.347738 132 16 0.000000
1695151501904031305 126.931290 128.329618 128 16 0.000000
1695151502907038895 122.048549 128.613183 129 16 0.000000
1695151503913272130 126.160109 128.200896 129 16 0.000000
1695151504912642847 124.940151 127.079966 127 16 0.000000
1695151505917510017 125.634603 124.394548 125 16 0.000000
1695151506920241433 126.819305 129.645889 130 16 0.000000
1695151507917511901 122.060886 129.353071 129 16 0.000000
1695151508924096597 125.815016 127.162676 128 16 0.000000
1695151509922359511 136.303414 118.205334 118 16 0.000000
1695151510927636095 126.003607 127.328136 128 16 0.000000
1695151511928096354 127.400949 126.941576 127 16 0.000000
1695151512930158572 130.750798 120.750987 121 16 0.000000
1695151513935511996 123.833077 131.297104 132 16 0.000000
1695151514936113919 129.557907 120.927211 121 16 0.000000
1695151515936760584 128.148035 126.917931 127 16 0.000000
1695151516935030881 124.219174 126.218318 126 16 0.000000
1695151517940556256 123.130988 130.280159 131 16 0.000000
1695151518939215333 125.868231 127.170521 127 16 0.000000
1695151519942974682 126.060934 126.524357 127 16 0.000000
1695151520925613533 121.142642 131.279151 129 16 0.000000
1695151521927805541 128.690385 126.722227 127 16 0.000000
1695151522931551706 130.763119 120.548409 121 16 0.000000
1695151523931919458 128.149430 126.953303 127 16 0.000000
1695151524937384703 122.960663 129.293385 130 16 0.000000
1695151525936622104 129.391914 123.093870 123 16 0.000000
1695151526939968282 129.269913 125.579794 126 16 0.000000
1695151527942077902 126.359774 124.736851 125 16 0.000000
1695151528944180675 126.286370 126.733508 127 16 0.000000
1695151529951708594 125.857255 130.021210 131 16 0.000000
1695151530947073760 127.525273 122.568086 122 16 0.000000
1695151531950300982 126.022949 127.588239 128 16 0.000000
1695151532953454724 126.744908 127.597592 128 16 0.000000
1695151533955183200 128.432350 122.787769 123 16 0.000000
1695151534958424697 128.275548 124.596117 125 16 0.000000
1695151535961307576 123.403185 127.632052 128 16 0.000000
1695151536961450376 127.998103 125.982014 126 16 0.000000
1695151537963679153 125.876356 126.717569 127 16 0.000000
1695151538963972555 127.000576 126.962751 127 16 0.000000
1695151539966356213 122.258080 129.690865 130 16 0.000000
1695151540967916665 127.192718 123.806803 124 16 0.000000
1695151541952544146 125.957515 131.014019 129 16 0.000000
1695151542952870252 126.996492 126.958598 127 16 0.000000
1695151543955820682 128.757702 123.635220 124 16 0.000000
1695151544955874376 125.184356 125.993234 126 16 0.000000
1695151545963599929 127.870289 127.018712 128 16 0.000000
1695151546963672051 130.283278 123.991061 124 16 0.000000
1695151547961188254 126.135748 122.303774 122 16 0.000000
1695151548967356369 125.072704 132.184671 133 16 0.000000
1695151549967171557 121.107536 131.024212 131 16 0.000000
1695151550974956216 127.067754 125.026715 126 16 0.000000
1695151551974703528 123.831635 131.033105 131 16 0.000000
1695151552975280612 126.425281 123.928487 124 16 0.000000
1695151553977424407 129.542833 125.730458 126 16 0.000000
1695151554958087500 124.397967 129.504214 127 16 0.000000
1695151555986060621 125.284341 124.516868 128 16 0.000000
1695151556985699103 129.015646 128.046292 128 16 0.000000
1695151557964987213 124.348690 125.601445 123 16 0.000000
1695151558988206874 124.804991 127.049944 130 16 0.000000
1695151559987106047 123.995319 132.145467 132 16 0.000000
1695151560990069418 125.431607 124.630671 125 16 0.000000
1695151561993392775 124.380145 126.579337 127 16 0.000000
1695151562995224459 126.482535 129.762313 130 16 0.000000
1695151563976409338 126.084812 125.358638 123 16 0.000000
1695151564997550269 126.108153 127.308578 130 16 0.000000
1695151565984390861 121.129345 131.733537 130 16 0.000000
1695151566989212946 125.871645 126.390528 127 16 0.000000
1695151567986853662 128.263902 128.302709 128 16 0.000000
1695151568991762152 124.929417 126.379670 127 16 0.000000
1695151569989126255 124.972999 126.332993 126 16 0.000000
1695151570988995128 124.755175 131.017188 131 16 0.000000
1695151572000548259 127.460212 124.560923 126 16 0.000000
1695151572997769018 124.083229 130.362317 130 16 0.000000
1695151573996893062 123.978261 127.111336 127 16 0.000000
1695151575007772602 126.267382 125.633176 127 16 0.000000
1695151576005569471 121.103480 133.293659 133 16 0.000000
1695151577003239603 122.019614 131.305926 131 16 0.000000
1695151578008285279 128.153317 123.377479 124 16 0.000000
1695151579013731061 125.957198 128.301301 129 16 0.000000
1695151579987333753 123.307467 128.389121 125 16 0.000000
1695151581016050199 126.062517 127.343151 131 16 0.000000
1695151582015249598 126.856953 126.100964 126 16 0.000000
1695151583018672559 128.207638 125.570182 126 16 0.000000
1695151584017445331 124.873075 128.157278 128 16 0.000000
1695151585000360326 126.171675 127.172742 125 16 0.000000
