1693967748566729877 214.858453 0.000000
1693967749019373422 301.024366 0.000000
1693967750482165155 214.247719 0.000000
1693967752094153487 272.759323 0.000000
1693967756345920130 213.367283 0.000000
1693967757511856007 213.550569 0.000000
1693967758396610004 271.838469 0.000000
1693967762985705790 214.444359 0.000000
1693967763419809092 213.631942 0.000000
1693967764713990959 214.257925 0.000000
1693967765960022055 214.301225 0.000000
1693967766007886593 213.960279 0.000000
1693967767455298593 214.358514 0.000000
1693967767597715814 213.685841 0.000000
1693967768356542152 214.280346 0.000000
1693967769266904618 214.376299 0.000000
1693967770012711996 213.778817 0.000000
1693967770035832559 213.620880 0.000000
1693967770280276757 214.056607 0.000000
1693967773605768516 213.364575 0.000000
1693967774736374983 213.996240 0.000000
1693967774933975994 214.316835 0.000000
1693967776289481831 213.844489 0.000000
1693967777954289183 213.971899 0.000000
1693967778220819955 240.857566 0.000000
1693967779337715658 271.651579 0.000000
1693967779387975989 214.271690 0.000000
1693967781295464083 213.668684 0.000000
1693967781437044699 213.600661 0.000000
1693967781450344230 213.735630 0.000000
1693967784121829348 271.980934 0.000000
1693967784798841070 213.339990 0.000000
1693967785576361291 213.746068 0.000000
1693967786161289025 214.171517 0.000000
1693967787112271550 213.241125 0.000000
1693967787167677611 213.611851 0.000000
1693967789399817529 214.177344 0.000000
1693967790383678613 214.542116 0.000000
1693967791935705484 213.982626 0.000000
1693967792132865708 272.520153 0.000000
1693967792382042321 213.663380 0.000000
1693967792874328477 213.744113 0.000000
1693967793859910675 213.375702 0.000000
1693967794489048900 213.669173 0.000000
1693967795400938193 213.913796 0.000000
1693967795857711461 272.044896 0.000000
1693967799300858440 213.877406 0.000000
1693967799945131606 273.772336 0.000000
1693967800316326026 213.164359 0.000000
1693967800822281759 214.028306 0.000000
1693967801841437063 213.837804 0.000000
1693967802055054841 213.614856 0.000000
1693967802715715982 213.515174 0.000000
1693967802966422516 272.785954 0.000000
1693967805088535820 271.889662 0.000000
1693967805701475241 272.757016 0.000000
1693967806567826687 214.473344 0.000000
1693967806993435353 214.478696 0.000000
1693967808038259738 272.290317 0.000000
1693967808392369706 214.474702 0.000000
1693967808530642522 214.041265 0.000000
1693967809656536274 214.103067 0.000000
1693967809836980070 214.185534 0.000000
1693967809875138656 214.619974 0.000000
1693967810051253514 214.267621 0.000000
1693967810558445364 272.855715 0.000000
1693967810740989327 213.928418 0.000000
1693967810879626229 272.180758 0.000000
1693967814303391948 213.616227 0.000000
1693967815627810795 272.899280 0.000000
1693967816030942354 213.944860 0.000000
1693967816976622103 213.744063 0.000000
1693967817552139236 214.151453 0.000000
1693967819116284618 214.418915 0.000000
1693967820668494072 213.450020 0.000000
1693967821599291351 213.590756 0.000000
1693967823782536295 213.892046 0.000000
1693967824598573284 272.926491 0.000000
1693967824857015775 213.486609 0.000000
1693967825335098775 213.548888 0.000000
1693967825505034827 272.496908 0.000000
1693967826067387611 272.005362 0.000000
1693967827172288215 213.679145 0.000000
1693967827850584753 214.373583 0.000000
1693967829050431334 300.044557 0.000000
1693967829834260409 213.743831 0.000000
1693967830522256901 213.723713 0.000000
1693967832015058110 213.780796 0.000000
1693967832917667310 271.790642 0.000000
1693967832979921317 214.127446 0.000000
1693967834539484944 213.412951 0.000000
1693967835606225874 214.150184 0.000000
1693967836209871202 272.613732 0.000000
1693967836407413707 272.190380 0.000000
1693967836846610082 214.174870 0.000000
1693967838520411608 213.837261 0.000000
1693967839762365393 236.813283 0.000000
1693967839762419794 272.267437 0.000000
1693967839797488394 214.487200 0.000000
1693967840696509867 271.988539 0.000000
1693967841523061178 272.225339 0.000000
1693967842323062497 272.098595 0.000000
1693967842450825749 214.354176 0.000000
1693967842482803035 213.235840 0.000000
1693967843590668169 213.726829 0.000000
1693967844009861154 272.051074 0.000000
1693967844132488394 213.581245 0.000000
1693967845060513714 214.519845 0.000000
1693967845537077930 213.763534 0.000000
1693967845623902876 214.509737 0.000000
1693967845932942769 272.805266 0.000000
1693967846477042550 213.970168 0.000000
1693967846722718543 272.394691 0.000000
1693967846737241138 214.527809 0.000000
1693967847493394076 213.704427 0.000000
1693967848414203682 213.794310 0.000000
1693967848716698530 213.886319 0.000000
1693967850092485352 214.077141 0.000000
1693967850253976338 272.848935 0.000000
1693967850299737449 214.339567 0.000000
1693967851665394561 214.677214 0.000000
1693967852488502974 213.930420 0.000000
1693967853779841737 213.512916 0.000000
1693967853889479035 272.385198 0.000000
1693967854837040857 214.009062 0.000000
1693967855242524937 213.594679 0.000000
1693967855565944762 214.294917 0.000000
1693967855779824744 213.876930 0.000000
1693967858501238708 272.065315 0.000000
1693967859584986688 213.939650 0.000000
1693967860502105904 213.913028 0.000000
1693967860589981489 272.499617 0.000000
1693967860986999969 213.604918 0.000000
1693967861149847230 214.017246 0.000000
1693967861469059525 214.093792 0.000000
1693967862366070730 214.229302 0.000000
1693967862707611468 272.746536 0.000000
1693967863517098794 214.438934 0.000000
1693967863529910506 214.611721 0.000000
1693967864078806950 213.509055 0.000000
1693967865151124476 272.527860 0.000000
1693967866198271334 213.470265 0.000000
1693967866646635153 238.200349 0.000000
1693967867183860787 213.510371 0.000000
1693967867802254566 214.214162 0.000000
1693967867924612057 213.694620 0.000000
1693967868103907784 272.553977 0.000000
1693967868386391685 213.672664 0.000000
1693967868970787356 214.170801 0.000000
1693967871279728160 213.489493 0.000000
1693967872415186421 213.668259 0.000000
1693967873162951415 214.282915 0.000000
1693967874298723557 213.872552 0.000000
1693967874971179002 214.385403 0.000000
1693967875394445776 272.546658 0.000000
1693967876338182937 272.198780 0.000000
1693967876518187784 213.872061 0.000000
1693967877466862581 213.412032 0.000000
1693967878335929165 271.935709 0.000000
1693967880300650941 214.486412 0.000000
1693967880700173549 214.222268 0.000000
1693967881162230357 213.618537 0.000000
1693967881725993418 213.271677 0.000000
1693967881878055254 272.330556 0.000000
1693967883302235640 213.942383 0.000000
1693967883669499745 214.689333 0.000000
1693967885233006535 214.218057 0.000000
1693967886861054349 272.420037 0.000000
1693967887353176199 214.007458 0.000000
1693967887774956923 214.715638 0.000000
1693967890286998315 213.596990 0.000000
1693967890884636514 213.620540 0.000000
1693967890948926551 271.556116 0.000000
1693967892081239696 272.606705 0.000000
1693967892775540968 213.490583 0.000000
1693967894258864618 213.807619 0.000000
1693967894397616179 213.661579 0.000000
1693967896080314217 213.700530 0.000000
1693967896177018128 272.587024 0.000000
1693967896741136246 214.024671 0.000000
1693967898706041716 214.355756 0.000000
1693967899136083902 213.442800 0.000000
1693967899450321232 213.634039 0.000000
1693967900562637005 214.089868 0.000000
1693967902157997248 213.475040 0.000000
1693967902381491976 272.144836 0.000000
1693967904292970453 242.459217 0.000000
1693967906198206375 214.139152 0.000000
1693967906290956779 213.778339 0.000000
1693967906897675636 213.845889 0.000000
1693967906934198622 213.667886 0.000000
1693967907704011137 214.421738 0.000000
1693967908190371930 213.816422 0.000000
1693967910091351689 213.741417 0.000000
1693967910839144458 213.942125 0.000000
1693967911795445661 214.081958 0.000000
1693967913026763887 282.031918 0.000000
1693967914229310897 272.444865 0.000000
1693967914633757966 213.728766 0.000000
1693967916795058085 214.474254 0.000000
1693967917131465895 214.151588 0.000000
