1693967749459384695 159.083357 511.055326 509 2679 0.000000
1693967750468070823 154.594959 515.522071 520 3201 0.000000
1693967751473372629 156.861729 514.273419 517 3719 0.000000
1693967752478703849 157.888921 498.343223 501 4219 0.000000
1693967753483678595 154.774163 517.425937 520 4740 0.000000
1693967754486799725 157.088840 514.394508 516 5253 0.000000
1693967755489882927 155.372087 514.413974 516 5774 0.000000
1693967756498053372 153.387556 521.737162 526 6298 0.000000
1693967757502869021 149.950043 531.440768 534 6831 0.000000
1693967758504123207 149.871597 537.326117 538 7368 0.000000
1693967759515145468 158.963897 499.494442 505 7874 0.000000
1693967760520614455 155.829989 513.193349 516 8391 0.000000
1693967761524210172 158.909355 500.201395 502 8895 0.000000
1693967762525410065 152.433518 524.370812 525 9417 0.000000
1693967763530908214 159.383551 503.233137 506 9924 0.000000
1693967764539303420 156.612398 515.670875 520 10443 0.000000
1693967765545146111 160.922840 496.101413 499 10942 0.000000
1693967766550339314 157.124517 508.359999 511 11451 0.000000
1693967767555483571 154.527056 514.354028 517 11969 0.000000
1693967768556174637 154.280195 518.641593 519 12490 0.000000
1693967769565511113 154.166115 526.088166 531 13021 0.000000
1693967770567140431 149.151952 535.128109 536 13557 0.000000
1693967771577498299 155.220725 511.699876 517 14075 0.000000
1693967772577003943 156.411608 513.253753 513 14586 0.000000
1693967773584171736 157.882309 506.370421 510 15097 0.000000
1693967774593332566 154.681449 514.288686 519 15619 0.000000
1693967775598138741 152.731277 533.436228 536 16150 0.000000
1693967776589524937 155.351923 510.396440 506 16659 0.000000
1693967777607456061 155.610015 508.875299 518 17177 0.000000
1693967778606899797 156.097374 515.286630 515 17692 0.000000
1693967779618732563 154.146797 522.813691 529 18219 0.000000
1693967780625195327 158.870240 502.750834 506 18726 0.000000
1693967781630345137 152.529196 525.294816 528 19253 0.000000
1693967782635259990 154.014644 517.456776 520 19772 0.000000
1693967783641085627 153.519501 523.947684 527 20298 0.000000
1693967784646281036 154.939835 511.343365 514 20813 0.000000
1693967785646621569 153.265792 515.824329 516 21332 0.000000
1693967786647951393 156.653467 521.306753 522 21857 0.000000
1693967787662060153 152.857634 515.723772 523 22377 0.000000
1693967788666992802 154.586601 521.427960 524 22903 0.000000
1693967789672028882 153.988013 521.374343 524 23423 0.000000
1693967790664585690 156.267261 512.817014 509 23933 0.000000
1693967791675024710 158.351784 504.731119 510 24443 0.000000
1693967792680433741 155.937022 514.218553 517 24963 0.000000
1693967793690643913 154.614109 513.754463 519 25480 0.000000
1693967794697471614 153.306843 524.419435 528 26006 0.000000
1693967795702198721 155.173625 515.562866 518 26522 0.000000
1693967796706923466 151.819127 523.526470 526 27052 0.000000
1693967797712605459 158.176268 505.129826 508 27561 0.000000
1693967798716789062 153.266622 515.841954 518 28081 0.000000
1693967799721631969 157.856183 514.508284 517 28592 0.000000
1693967800726465434 155.919779 513.517927 516 29110 0.000000
1693967801728217372 151.959011 521.087129 522 29634 0.000000
1693967802736193964 157.429995 514.892871 519 30153 0.000000
1693967803743325543 152.580078 523.268286 527 30678 0.000000
1693967804749352802 155.120131 507.938529 511 31187 0.000000
1693967805750899359 153.470254 529.181566 530 31720 0.000000
1693967806759948990 151.767885 521.282611 526 32242 0.000000
1693967807756480564 155.615599 518.799414 517 32760 0.000000
1693967808767697608 153.470533 515.220742 521 33287 0.000000
1693967809775503157 149.509444 539.786647 544 33825 0.000000
1693967810779220897 158.090115 503.129535 505 34329 0.000000
1693967811782770391 156.352006 510.189067 512 34842 0.000000
1693967812790540436 154.810159 519.959873 524 35368 0.000000
1693967813790544740 153.451563 522.997765 523 35890 0.000000
1693967814800273478 152.998528 518.951262 524 36414 0.000000
1693967815805163266 157.282150 511.498876 514 36932 0.000000
1693967816807732856 155.672591 514.677477 516 37446 0.000000
1693967817816920799 155.541918 511.302199 516 37963 0.000000
1693967818822390583 153.124365 523.138530 526 38488 0.000000
1693967819824749305 150.407235 528.752838 530 39016 0.000000
1693967820829828629 157.215279 524.336705 527 39545 0.000000
1693967821835973082 148.262675 526.763325 530 40073 0.000000
1693967822843241915 156.115388 507.312433 511 40585 0.000000
1693967823846706187 154.474132 529.166798 531 41114 0.000000
1693967824851707653 157.287897 505.471897 508 41622 0.000000
1693967825854620728 154.661481 517.492544 519 42143 0.000000
1693967826862772489 155.021371 512.819599 517 42659 0.000000
1693967827866839857 150.976680 525.861152 528 43188 0.000000
1693967828870349806 157.544307 512.202192 514 43700 0.000000
1693967829877791871 154.937683 520.129149 524 44225 0.000000
1693967830884035477 148.586700 537.643167 541 44771 0.000000
1693967831889981897 154.180922 518.914292 522 45288 0.000000
1693967832894510815 156.701380 504.714193 507 45793 0.000000
1693967833899925237 153.612140 524.161966 527 46323 0.000000
1693967834906548326 154.727165 521.545784 525 46847 0.000000
1693967835911785442 152.235906 525.249186 528 47373 0.000000
1693967836913595792 152.369049 519.060352 520 47895 0.000000
1693967837919083597 154.878266 522.134575 525 48422 0.000000
1693967838922430029 150.097432 530.225689 532 48954 0.000000
1693967839932615226 155.746225 510.797433 516 49466 0.000000
1693967840936971807 158.700472 507.787758 510 49984 0.000000
1693967841942494657 153.172104 518.138384 521 50499 0.000000
1693967842943096616 156.677519 510.692561 511 51014 0.000000
1693967843953549437 155.119525 517.589753 523 51532 0.000000
1693967844959371884 154.544806 522.955153 526 52058 0.000000
1693967845963617594 154.743261 511.826896 514 52571 0.000000
1693967846967667884 155.654836 520.890262 523 53094 0.000000
1693967847964541367 153.830569 513.605750 512 53610 0.000000
1693967848979491066 152.634179 525.149227 533 54145 0.000000
1693967849985269903 153.699193 520.989265 524 54666 0.000000
1693967850992029587 156.671407 508.562300 512 55179 0.000000
1693967851997130238 153.574178 525.320523 528 55706 0.000000
1693967852996855799 155.827001 508.139456 508 56215 0.000000
1693967854006136636 154.210351 519.181576 524 56739 0.000000
1693967855012861526 154.479732 518.513057 522 57262 0.000000
1693967856014164240 153.792481 521.320889 522 57785 0.000000
1693967857023018443 153.851984 523.365977 528 58309 0.000000
1693967858026535490 154.094099 510.205580 512 58825 0.000000
1693967859030413279 151.633983 526.956589 529 59356 0.000000
1693967860037360921 157.682045 514.425958 518 59869 0.000000
1693967861044098627 154.514855 517.513127 521 60388 0.000000
1693967862046264134 152.764424 524.863450 526 60913 0.000000
1693967863052160568 150.071376 531.863849 535 61450 0.000000
1693967864056900738 155.380018 509.584489 512 61965 0.000000
1693967865068495183 152.571668 526.891062 533 62493 0.000000
1693967866069642313 151.179666 526.396081 527 63021 0.000000
1693967867073802889 152.591376 525.812333 528 63549 0.000000
1693967868080692552 159.472422 502.537670 506 64059 0.000000
1693967869086295691 154.465741 514.119320 517 64581 0.000000
1693967870091060017 155.644131 519.524814 522 65094 0.000000
1693967871090100254 150.687207 535.513983 535 65629 0.000000
1693967872099198530 158.528519 501.437804 506 66135 0.000000
1693967873106444346 152.720309 526.187325 530 66666 0.000000
1693967874103591420 151.814883 523.493454 522 67193 0.000000
1693967875116407360 153.739391 517.369458 524 67724 0.000000
1693967876135164617 153.863450 518.278512 528 68238 0.000000
1693967877138605333 153.153414 523.199800 525 68763 0.000000
1693967878144572842 156.502700 514.927183 518 69282 0.000000
1693967879142794899 151.555341 524.933288 524 69807 0.000000
1693967880152977245 153.066885 525.647677 531 70336 0.000000
1693967881160957967 150.527720 533.740363 538 70875 0.000000
1693967882163887443 156.471591 508.510326 510 71385 0.000000
1693967883165880714 151.170873 526.949649 528 71919 0.000000
1693967884176837546 154.171335 521.288334 527 72440 0.000000
1693967885180724133 155.226391 512.010064 514 72959 0.000000
1693967886184154989 155.383472 522.208365 524 73479 0.000000
1693967887191682535 157.216295 502.219498 506 73986 0.000000
1693967888196519145 157.009562 520.482664 523 74508 0.000000
1693967889201651206 155.476947 496.452158 499 75008 0.000000
1693967890202733622 156.881461 511.446402 512 75525 0.000000
1693967891212141496 154.245989 527.041637 532 76051 0.000000
1693967892217595257 153.032289 523.146927 526 76576 0.000000
1693967893222051605 152.238662 518.688520 521 77099 0.000000
1693967894225428802 153.695898 527.219482 529 77627 0.000000
1693967895233119085 156.086644 513.054453 517 78145 0.000000
1693967896236885549 154.622765 509.082566 511 78656 0.000000
1693967897242155649 154.522176 522.247726 525 79181 0.000000
1693967898244190901 151.659448 535.909265 537 79720 0.000000
1693967899254133276 150.810516 521.811932 527 80248 0.000000
1693967900255751314 153.406741 525.150293 526 80775 0.000000
1693967901249789067 152.348205 528.148952 525 81298 0.000000
1693967902264967644 156.508302 497.449460 505 81803 0.000000
1693967903272577424 157.229082 511.110538 515 82318 0.000000
1693967904278221407 155.652057 513.104049 516 82831 0.000000
1693967905285604644 155.087294 516.188858 520 83349 0.000000
1693967906288998591 161.898746 499.305384 501 83853 0.000000
1693967907295020188 151.495163 528.815666 532 84385 0.000000
1693967908300220058 155.232267 521.289405 524 84909 0.000000
1693967909302538761 153.065504 513.808607 515 85427 0.000000
1693967910311137533 147.065384 542.336553 547 85970 0.000000
1693967911315257453 154.205790 526.829512 529 86498 0.000000
1693967912316077920 150.277529 529.565504 530 87028 0.000000
1693967913326402822 156.424756 506.767678 512 87547 0.000000
1693967914331439604 155.860320 518.388999 521 88064 0.000000
1693967915337552874 152.741767 519.822194 523 88585 0.000000
1693967916341966968 157.585810 513.732314 516 89099 0.000000
1693967917347244692 151.167264 530.201758 533 89634 0.000000
1693967918350259871 155.011173 510.460877 512 90148 0.000000
