1693995731094580016 216.611639 0.000000
1693995731263015101 216.745485 0.000000
1693995731312292246 216.647396 0.000000
1693995731416807494 216.667327 0.000000
1693995731479744003 216.699829 0.000000
1693995732301671337 216.692357 0.000000
1693995732331654952 216.715194 0.000000
1693995734018350558 216.689229 0.000000
1693995735107929324 216.764108 0.000000
1693995735522662180 216.671226 0.000000
1693995736296274313 216.653907 0.000000
1693995737200695254 216.798032 0.000000
1693995738124663566 216.594383 0.000000
1693995738606631012 216.784787 0.000000
1693995742838335838 216.592604 0.000000
1693995743651277503 216.740804 0.000000
1693995745167836021 216.633630 0.000000
1693995747115036356 216.663949 0.000000
1693995748349008279 216.854509 0.000000
1693995748565750010 216.716673 0.000000
1693995749069778974 216.716913 0.000000
1693995749625885573 216.741771 0.000000
1693995750316973594 216.640236 0.000000
1693995750469456473 216.581854 0.000000
1693995750598416111 216.971828 0.000000
1693995752617857736 216.862131 0.000000
1693995755232159041 216.721063 0.000000
1693995755437846342 216.686441 0.000000
1693995755511365517 216.585909 0.000000
1693995756189809041 216.570562 0.000000
1693995756342758377 216.716723 0.000000
1693995756851211801 216.698369 0.000000
1693995757466550916 216.616640 0.000000
1693995757598280146 216.841023 0.000000
1693995758099874363 216.612275 0.000000
1693995759534996134 216.786711 0.000000
1693995759637355949 216.820134 0.000000
1693995760004188275 216.665924 0.000000
1693995760976951665 216.608005 0.000000
1693995762051365317 216.680167 0.000000
1693995763741735933 216.699112 0.000000
1693995764197528181 216.746138 0.000000
1693995765625844568 216.670065 0.000000
1693995767493622175 216.737592 0.000000
1693995768900621464 216.706910 0.000000
1693995770620653625 216.636787 0.000000
1693995771292219384 216.720161 0.000000
1693995773428437570 216.647862 0.000000
1693995773664677838 216.606191 0.000000
1693995774411722804 216.943366 0.000000
1693995774596665759 216.710318 0.000000
1693995775402882164 216.769907 0.000000
1693995775668130949 216.562108 0.000000
1693995775819434214 216.674375 0.000000
1693995776369632851 216.581037 0.000000
1693995776493901359 216.649175 0.000000
1693995777188542135 216.643949 0.000000
1693995779461979998 216.673653 0.000000
1693995780924194722 216.740317 0.000000
1693995781140852863 216.634633 0.000000
1693995782972621954 216.763016 0.000000
1693995783349609611 216.611388 0.000000
1693995783630979850 216.727599 0.000000
1693995784802426190 216.666040 0.000000
1693995787647327328 216.649341 0.000000
1693995788871126354 216.665484 0.000000
1693995789744748407 216.616314 0.000000
1693995790097878529 216.701257 0.000000
1693995790526524800 216.670996 0.000000
1693995790720928039 216.765841 0.000000
1693995791021326920 216.674029 0.000000
1693995791202706194 216.665455 0.000000
1693995791419561290 216.824972 0.000000
1693995792002535125 216.600928 0.000000
1693995792758499159 216.753108 0.000000
1693995792925752839 216.702951 0.000000
1693995794120043234 216.763792 0.000000
1693995796192023893 216.742036 0.000000
1693995796225037208 216.660192 0.000000
1693995796853364759 216.737496 0.000000
1693995797939092025 216.771496 0.000000
1693995798439917031 216.714758 0.000000
1693995799060431283 216.591827 0.000000
1693995799578849290 216.724211 0.000000
1693995799645424389 216.631364 0.000000
1693995799645555354 216.635213 0.000000
1693995800423965888 216.625622 0.000000
1693995802133564737 216.743315 0.000000
1693995804294393746 216.789931 0.000000
1693995805375703077 216.630018 0.000000
1693995805422549994 216.740969 0.000000
1693995805637499554 216.627335 0.000000
1693995806616706093 216.720247 0.000000
1693995807669141271 216.780035 0.000000
1693995808857761005 216.548432 0.000000
1693995809830236094 217.002845 0.000000
1693995809927490569 216.665113 0.000000
1693995811067416727 216.602712 0.000000
1693995813315668929 216.637563 0.000000
1693995814351395079 216.700195 0.000000
1693995814465368710 216.765070 0.000000
1693995815495231999 216.667785 0.000000
1693995815799280283 216.631564 0.000000
1693995816361201028 217.173552 0.000000
1693995818795417623 216.549042 0.000000
1693995819325413699 216.724250 0.000000
1693995820032377773 216.579042 0.000000
1693995820833713857 216.773691 0.000000
1693995821107565362 216.684474 0.000000
1693995822555629228 216.656910 0.000000
1693995824193182793 216.599084 0.000000
1693995824490049683 216.606702 0.000000
1693995824673065256 216.807860 0.000000
1693995825501993555 216.776020 0.000000
1693995825829845515 216.819397 0.000000
1693995828078834914 216.610276 0.000000
1693995829872726498 216.764399 0.000000
1693995831615218751 216.657215 0.000000
1693995834034745254 216.689240 0.000000
1693995835094173376 216.783443 0.000000
1693995838323517402 216.581118 0.000000
1693995839958844785 216.810637 0.000000
1693995841109197651 216.836402 0.000000
1693995841197310169 216.635990 0.000000
1693995841325313170 216.658897 0.000000
1693995842197548565 216.739923 0.000000
1693995844766773334 216.747184 0.000000
1693995844947440390 216.768404 0.000000
1693995845309661913 216.674399 0.000000
1693995847683412781 216.707282 0.000000
1693995848522735236 216.683476 0.000000
1693995848525834341 216.718488 0.000000
1693995849229529645 216.642515 0.000000
1693995849317972893 216.669928 0.000000
1693995850810479740 216.878110 0.000000
1693995851221446756 216.655876 0.000000
1693995852453292925 216.639449 0.000000
1693995853201681194 216.784140 0.000000
1693995853422315186 216.552384 0.000000
1693995855002927394 216.677392 0.000000
1693995855572892290 216.683215 0.000000
1693995856823200890 216.727955 0.000000
1693995857262293756 216.725107 0.000000
1693995860041539005 216.685050 0.000000
1693995862232859603 216.636721 0.000000
1693995862878012199 216.675988 0.000000
1693995863019621314 216.660401 0.000000
1693995864640184878 216.758525 0.000000
1693995865529303306 216.618036 0.000000
1693995865847448756 216.670812 0.000000
1693995866904649212 216.692632 0.000000
1693995868402614226 216.715485 0.000000
1693995868973204513 216.750712 0.000000
1693995869805943140 216.727903 0.000000
1693995870641121468 216.671854 0.000000
1693995871276408486 216.734905 0.000000
1693995872994953477 216.708930 0.000000
1693995876926356154 216.756706 0.000000
1693995877386526673 216.617066 0.000000
1693995877505024180 216.844961 0.000000
1693995879665579565 216.791292 0.000000
1693995880312093448 216.943797 0.000000
1693995881119121303 216.667954 0.000000
1693995881314762022 216.606121 0.000000
1693995881592099222 216.711721 0.000000
1693995881897329340 216.834001 0.000000
1693995882845821703 216.566106 0.000000
1693995882909406131 216.760210 0.000000
1693995883014541647 216.638185 0.000000
1693995884063168174 216.758090 0.000000
1693995885153695844 216.791863 0.000000
1693995885660861602 216.890698 0.000000
1693995886519095110 216.648468 0.000000
1693995886837255706 216.558671 0.000000
1693995887705840674 216.745536 0.000000
1693995889159327263 216.693720 0.000000
1693995889866865305 216.626503 0.000000
1693995889994848981 216.689284 0.000000
1693995891368515974 216.714518 0.000000
1693995891762310302 216.826443 0.000000
1693995893931158566 216.684438 0.000000
1693995894866091112 216.636988 0.000000
1693995895039712712 216.566824 0.000000
1693995895156616409 216.744894 0.000000
1693995895891855491 216.820033 0.000000
1693995896385027461 216.683034 0.000000
1693995896574357671 216.674254 0.000000
1693995897409376336 216.679170 0.000000
1693995898164632634 216.722266 0.000000
1693995899401616080 216.678732 0.000000
