1693995732060015351 256.767727 0.000000
1693995732066861406 256.658407 0.000000
1693995732847638409 256.634597 0.000000
1693995733208514893 256.640927 0.000000
1693995734248844839 256.677972 0.000000
1693995736063020434 256.668405 0.000000
1693995737884273418 256.694210 0.000000
1693995738037271701 256.641252 0.000000
1693995738053223498 256.699819 0.000000
1693995738140949683 256.654002 0.000000
1693995738270959949 256.876161 0.000000
1693995738423442301 256.683311 0.000000
1693995739523285755 256.858001 0.000000
1693995740212610792 256.676314 0.000000
1693995740267155236 256.770457 0.000000
1693995742192343774 256.562158 0.000000
1693995742608929488 256.690713 0.000000
1693995743291525777 256.609128 0.000000
1693995743478029869 256.709602 0.000000
1693995743531786448 256.671674 0.000000
1693995745105037019 256.810416 0.000000
1693995745747968876 256.642220 0.000000
1693995745979438166 256.620579 0.000000
1693995746316028350 256.665098 0.000000
1693995746382166911 256.614004 0.000000
1693995747672047951 256.712293 0.000000
1693995749225255883 256.599666 0.000000
1693995751490661903 256.715741 0.000000
1693995753739543256 256.684017 0.000000
1693995754178152577 256.520777 0.000000
1693995755264382864 256.632137 0.000000
1693995757765164966 256.549099 0.000000
1693995757924776177 256.625887 0.000000
1693995759580267745 256.606156 0.000000
1693995759612845810 256.596359 0.000000
1693995760678856736 256.683095 0.000000
1693995761818987936 256.729588 0.000000
1693995765267565006 256.592791 0.000000
1693995765767195579 256.754331 0.000000
1693995766844363647 256.565087 0.000000
1693995766904807451 256.695239 0.000000
1693995767853555549 256.651407 0.000000
1693995768301658814 256.718834 0.000000
1693995768966565283 256.760630 0.000000
1693995769167795669 256.515876 0.000000
1693995769239543887 256.643834 0.000000
1693995772143415487 256.715784 0.000000
1693995772529208555 256.707928 0.000000
1693995776924721017 256.658684 0.000000
1693995777038677914 256.611916 0.000000
1693995777931887756 256.637691 0.000000
1693995779741714216 256.739160 0.000000
1693995781626377797 256.615784 0.000000
1693995782766230280 256.708348 0.000000
1693995784220197600 256.628178 0.000000
1693995785621766727 256.688042 0.000000
1693995787197096771 256.668080 0.000000
1693995787405089688 256.584351 0.000000
1693995788975441445 257.177205 0.000000
1693995790669875864 256.605705 0.000000
1693995791758984713 256.667357 0.000000
1693995791896232063 256.760765 0.000000
1693995800202052169 256.821556 0.000000
1693995800844283528 256.646179 0.000000
1693995801903296631 256.738453 0.000000
1693995802977790190 256.674022 0.000000
1693995803234378259 256.566122 0.000000
1693995803924204967 256.573963 0.000000
1693995806620340700 256.663269 0.000000
1693995806974018917 256.704489 0.000000
1693995806990844322 256.610877 0.000000
1693995807732930541 256.652694 0.000000
1693995814367631922 256.765566 0.000000
1693995814579447954 256.769643 0.000000
1693995815432376256 256.608903 0.000000
1693995816737867624 256.629946 0.000000
1693995818250016454 256.707879 0.000000
1693995819071351872 256.877221 0.000000
1693995819659666931 256.595652 0.000000
1693995820068855674 256.728055 0.000000
1693995820339541377 256.656483 0.000000
1693995820548739475 256.647252 0.000000
1693995821053784907 256.679301 0.000000
1693995821997040143 256.766784 0.000000
1693995822290234896 256.734855 0.000000
1693995822456647621 256.677558 0.000000
1693995823148592133 256.620299 0.000000
1693995827591583895 256.872701 0.000000
1693995829526715565 256.612516 0.000000
1693995829855628858 256.681256 0.000000
1693995831349961770 256.742503 0.000000
1693995834767018159 256.821571 0.000000
1693995834994593167 256.580492 0.000000
1693995835202940738 256.959758 0.000000
1693995839790328061 256.727127 0.000000
1693995840216144014 256.663390 0.000000
1693995840559212234 256.707617 0.000000
1693995842831730814 256.744613 0.000000
1693995844587165276 256.775168 0.000000
1693995845407182657 256.874870 0.000000
1693995847688809584 256.624689 0.000000
1693995849394463696 256.589348 0.000000
1693995850593812833 256.698105 0.000000
1693995851933634803 256.658227 0.000000
1693995854846942777 256.759969 0.000000
1693995858327243507 256.631269 0.000000
1693995859781619567 256.744758 0.000000
1693995861453875530 256.624960 0.000000
1693995863756541512 256.699774 0.000000
1693995868331649025 256.657636 0.000000
1693995868899204153 257.102109 0.000000
1693995870593310651 256.697942 0.000000
1693995871597083104 256.723456 0.000000
1693995872346133075 256.606086 0.000000
1693995872917970316 256.606071 0.000000
1693995875759740236 256.656703 0.000000
1693995876766080062 256.688838 0.000000
1693995877043209861 256.790289 0.000000
1693995877864833344 256.697118 0.000000
1693995878540632246 256.685444 0.000000
1693995879175457062 256.612847 0.000000
1693995880034042089 256.689510 0.000000
1693995881130724259 256.579610 0.000000
1693995883056288160 256.645031 0.000000
1693995885283096601 256.639068 0.000000
1693995885312768869 256.606467 0.000000
1693995886080994968 256.752080 0.000000
1693995889162572115 256.586235 0.000000
1693995889334181482 256.661746 0.000000
1693995890984075436 256.698632 0.000000
1693995896191312329 256.730781 0.000000
1693995896640585946 256.588521 0.000000
1693995900026748650 256.636101 0.000000
1693995900027739026 256.692446 0.000000
1693995900163256265 256.713902 0.000000
