1693775698865114968 145.291689 0.000000
1693775699010771414 145.823384 0.000000
1693775699010923367 145.825664 0.000000
1693775699156157351 145.274253 0.000000
1693775699156228291 145.303160 0.000000
1693775699229096892 145.389676 0.000000
1693775699374508053 145.360698 0.000000
1693775699456854547 145.091316 0.000000
1693775699811583088 145.470298 0.000000
1693775699820679763 145.301981 0.000000
1693775699884514119 145.301459 0.000000
1693775699965729699 145.083744 0.000000
1693775700102981419 145.086936 0.000000
1693775700111380453 144.990904 0.000000
1693775700175800156 144.703189 0.000000
1693775700256465720 145.080410 0.000000
1693775700256519510 145.238092 0.000000
1693775700321161537 145.336538 0.000000
1693775700366750600 145.170014 0.000000
1693775700466391665 144.831326 0.000000
1693775700539515420 145.626952 0.000000
1693775700548510132 145.120569 0.000000
1693775700584758573 145.341282 0.000000
1693775700611935603 145.244928 0.000000
1693775700612511297 145.334537 0.000000
1693775700684877741 145.356728 0.000000
1693775700757609074 145.301231 0.000000
1693775700839374862 145.302734 0.000000
1693775700903147767 145.361204 0.000000
1693775700976191773 145.319474 0.000000
1693775701121482444 145.347905 0.000000
1693775701129809113 144.916721 0.000000
1693775701412575375 144.991836 0.000000
1693775701449379493 145.225575 0.000000
1693775701711367331 145.055149 0.000000
1693775701711449387 145.154335 0.000000
1693775701922375433 145.399428 0.000000
1693775702359253181 145.264511 0.000000
1693775702365614773 144.991134 0.000000
1693775702504653504 144.947444 0.000000
1693775702694431169 145.106120 0.000000
1693775702796189680 145.552538 0.000000
1693775702905289208 145.318079 0.000000
1693775703014304396 144.977233 0.000000
1693775703159904292 144.953407 0.000000
1693775703232622814 144.918982 0.000000
1693775703456620247 144.947326 0.000000
1693775703487549669 145.417399 0.000000
1693775703523998808 145.197086 0.000000
1693775703524084708 145.432118 0.000000
1693775703529285341 144.870959 0.000000
1693775703601601383 144.978896 0.000000
1693775703602216920 145.263312 0.000000
1693775703742598310 145.317688 0.000000
1693775703815413970 145.249384 0.000000
1693775703960826951 145.224733 0.000000
1693775703966387926 145.175889 0.000000
1693775704110662127 145.031984 0.000000
1693775704111764777 145.114656 0.000000
1693775704148593372 145.132859 0.000000
1693775704470743646 145.143995 0.000000
1693775704470793858 145.298304 0.000000
1693775704473748139 145.090711 0.000000
1693775704546398550 145.075070 0.000000
1693775704615970387 145.222196 0.000000
1693775704616047597 144.928427 0.000000
1693775704907587761 145.015912 0.000000
1693775704907651329 145.513414 0.000000
1693775704948611088 145.177211 0.000000
1693775704983762497 144.934556 0.000000
1693775705053124983 145.532451 0.000000
1693775705199075913 144.881678 0.000000
1693775705271878989 145.703130 0.000000
1693775705417773194 145.341319 0.000000
1693775705822340849 145.305369 0.000000
1693775706000432783 145.025770 0.000000
1693775706146123178 145.018372 0.000000
1693775706254828348 145.229719 0.000000
1693775706291165570 145.297395 0.000000
1693775706363964110 145.032611 0.000000
1693775706364638975 144.749297 0.000000
1693775706510409212 144.866224 0.000000
1693775706728340489 145.443951 0.000000
1693775706728375435 145.391985 0.000000
1693775706728849257 145.072397 0.000000
1693775706767509574 144.943262 0.000000
1693775707019362985 145.143246 0.000000
1693775707057714649 144.885337 0.000000
1693775707383398726 145.232856 0.000000
1693775707383745974 145.213306 0.000000
1693775707456272785 145.001654 0.000000
1693775707528803524 145.399595 0.000000
1693775707675723063 144.722925 0.000000
1693775707893492615 145.291690 0.000000
1693775707965504409 145.215832 0.000000
1693775707966181600 145.014028 0.000000
1693775708111042921 145.320139 0.000000
1693775708256154485 145.131555 0.000000
1693775708365956292 144.997865 0.000000
1693775708474875148 145.390427 0.000000
1693775708475608339 145.280571 0.000000
1693775708620315312 145.413737 0.000000
1693775708621601769 145.319968 0.000000
1693775708839275607 144.978550 0.000000
1693775708911737910 145.083294 0.000000
1693775708984194493 145.249469 0.000000
1693775709166915976 145.656337 0.000000
1693775709275153154 145.153994 0.000000
1693775709275905554 145.262541 0.000000
1693775709276270142 145.163581 0.000000
1693775709276445936 145.295683 0.000000
1693775709348321143 145.274434 0.000000
1693775709603060807 145.245494 0.000000
1693775709640906148 145.289703 0.000000
1693775709713465131 144.859258 0.000000
1693775709785795776 145.329633 0.000000
1693775709858913884 145.116115 0.000000
1693775709930299692 145.140646 0.000000
1693775709931584260 144.972485 0.000000
1693775710149374339 144.973683 0.000000
1693775710294228571 145.154341 0.000000
1693775710439548505 145.241426 0.000000
1693775710512981860 144.846338 0.000000
1693775710584741624 145.185962 0.000000
1693775710767707099 144.995915 0.000000
1693775710803543137 145.115850 0.000000
1693775710876964194 145.279966 0.000000
1693775710913160293 145.166517 0.000000
1693775711022388741 144.674402 0.000000
1693775711058313725 145.104203 0.000000
1693775711240353422 145.144125 0.000000
1693775711314013130 145.135610 0.000000
1693775711459416818 144.711658 0.000000
1693775711494854298 145.135220 0.000000
1693775711677849186 145.010730 0.000000
1693775711822457614 145.288967 0.000000
1693775711822739906 145.390969 0.000000
1693775711895890384 145.039597 0.000000
1693775712040698402 145.297472 0.000000
1693775712076877487 144.815189 0.000000
1693775712114456323 145.875958 0.000000
1693775712333292291 145.260477 0.000000
1693775712550688688 145.091688 0.000000
1693775712550818520 145.360513 0.000000
1693775712697505057 145.078626 0.000000
1693775712768690506 145.145443 0.000000
1693775712841421568 144.990945 0.000000
1693775712915210059 144.853212 0.000000
1693775713279719961 144.981086 0.000000
1693775713423702509 144.862855 0.000000
1693775713861490420 145.141285 0.000000
1693775714005858749 144.909188 0.000000
1693775714006990622 144.782504 0.000000
1693775714042435644 145.065648 0.000000
1693775714224482653 144.943327 0.000000
1693775714226030197 145.799840 0.000000
1693775714297970912 145.098715 0.000000
1693775714370760941 144.959170 0.000000
1693775714371119475 145.270669 0.000000
1693775714443326523 144.962622 0.000000
1693775714443822953 145.050998 0.000000
1693775714915680841 145.074750 0.000000
1693775714953196678 145.397757 0.000000
1693775715171053234 144.889082 0.000000
1693775715207432470 145.817747 0.000000
1693775715244393237 144.776004 0.000000
1693775715389023075 145.045143 0.000000
1693775715462230014 145.042588 0.000000
1693775715607764532 145.381231 0.000000
1693775715754211314 145.488683 0.000000
1693775715825468342 145.204059 0.000000
1693775715898692225 144.814899 0.000000
1693775715898901327 144.943613 0.000000
1693775716044728808 144.888025 0.000000
1693775716116311689 145.283346 0.000000
1693775716335841105 145.125487 0.000000
1693775716662471490 145.101795 0.000000
1693775716699391944 145.027494 0.000000
1693775716918238585 145.308667 0.000000
1693775717172400241 145.183033 0.000000
1693775717428128658 144.836961 0.000000
1693775717463229349 144.995870 0.000000
1693775717536232229 145.315438 0.000000
1693775717791704555 145.731450 0.000000
1693775717937644751 145.621124 0.000000
1693775717938174859 145.059212 0.000000
1693775718011039727 145.206796 0.000000
1693775718264430602 145.045754 0.000000
1693775718301681614 145.200880 0.000000
1693775718373827426 145.011005 0.000000
1693775718446462100 145.069072 0.000000
1693775718737429692 145.276566 0.000000
1693775718737899285 144.795852 0.000000
1693775718992351399 145.262802 0.000000
1693775719137765738 145.306578 0.000000
1693775719247430013 144.896051 0.000000
1693775719465253883 145.286116 0.000000
1693775719466400586 145.046829 0.000000
1693775719538541661 145.036174 0.000000
1693775719683850608 144.693736 0.000000
1693775719757024096 145.657196 0.000000
1693775719828990269 145.277322 0.000000
1693775719829619433 145.285074 0.000000
1693775720047975902 145.191882 0.000000
1693775720120023202 145.358103 0.000000
1693775720193036626 145.477112 0.000000
1693775720484260215 145.375850 0.000000
1693775720484863303 145.007161 0.000000
1693775720557594917 145.551046 0.000000
1693775720995060953 145.220879 0.000000
1693775721067239220 145.121924 0.000000
1693775721067314991 145.134979 0.000000
1693775721140199645 144.959089 0.000000
1693775721286255679 144.728271 0.000000
1693775721358413144 145.292710 0.000000
1693775721358488685 145.488556 0.000000
1693775721359259092 144.994487 0.000000
1693775721431964606 144.795604 0.000000
1693775721504246902 144.985360 0.000000
1693775721649731651 145.480944 0.000000
1693775721832679538 145.816140 0.000000
1693775722305803703 145.385793 0.000000
1693775722523917330 145.021725 0.000000
1693775722669457928 145.153377 0.000000
1693775722742398908 145.456265 0.000000
1693775722888198732 144.865401 0.000000
1693775723033742116 145.394136 0.000000
1693775723143653133 145.304444 0.000000
1693775723178923001 145.176274 0.000000
1693775723179086707 145.201739 0.000000
1693775723397087861 145.253931 0.000000
1693775723398540385 144.747032 0.000000
1693775723615291342 145.246206 0.000000
1693775723689917266 145.095664 0.000000
1693775723761112873 145.215252 0.000000
1693775723835155697 144.774191 0.000000
1693775723906499623 145.255289 0.000000
1693775723908179251 145.203088 0.000000
1693775724089483184 145.413586 0.000000
1693775724198670783 145.357392 0.000000
1693775724417370156 145.517492 0.000000
1693775724562360849 145.203858 0.000000
1693775724853261376 145.336384 0.000000
1693775724853922033 144.855806 0.000000
1693775724854343448 145.103402 0.000000
1693775724926111707 145.050884 0.000000
1693775724927545392 145.489318 0.000000
1693775725145233840 145.380391 0.000000
1693775725291233872 145.997190 0.000000
1693775725362970800 145.094453 0.000000
1693775725436361757 144.893144 0.000000
1693775725509195931 144.612494 0.000000
1693775725546182163 145.116346 0.000000
1693775725582630945 145.464155 0.000000
1693775725655254286 144.836449 0.000000
1693775725727123546 145.792856 0.000000
1693775725946469818 145.210318 0.000000
1693775726018966594 145.170640 0.000000
1693775726054704964 145.302270 0.000000
1693775726382262012 145.151391 0.000000
1693775726418226635 145.269533 0.000000
1693775726674108858 144.828566 0.000000
1693775727037053563 145.334639 0.000000
1693775727073792535 145.438435 0.000000
1693775727073836818 145.117900 0.000000
1693775727328407291 145.034810 0.000000
1693775727328847575 144.752864 0.000000
1693775727473734793 145.400647 0.000000
1693775727728770915 144.963928 0.000000
1693775727911326065 145.615633 0.000000
1693775727911569326 145.317630 0.000000
1693775728056110643 145.092063 0.000000
1693775728057063825 144.940075 0.000000
1693775728130218714 145.172294 0.000000
1693775728202402068 145.381022 0.000000
1693775728348310596 145.249560 0.000000
1693775728565708339 145.555197 0.000000
1693775728602436370 145.316851 0.000000
1693775728783793360 145.021093 0.000000
1693775728784693554 145.081193 0.000000
1693775728856562304 144.959647 0.000000
1693775728929231206 145.268894 0.000000
1693775728929302597 144.716960 0.000000
1693775728929824897 145.064669 0.000000
1693775729038140080 145.228108 0.000000
1693775729038869496 144.981129 0.000000
1693775729075239080 145.100408 0.000000
1693775729402006413 145.386609 0.000000
1693775729402880752 145.268475 0.000000
1693775729438381909 144.978083 0.000000
1693775729439133834 144.922163 0.000000
1693775729475179895 144.968480 0.000000
1693775729657353302 144.921202 0.000000
1693775729802234282 145.172087 0.000000
1693775730021417978 145.508017 0.000000
1693775730021537000 145.581387 0.000000
1693775730021599450 145.371299 0.000000
1693775730094197944 144.943103 0.000000
1693775730385211974 144.949238 0.000000
1693775730458008730 145.036969 0.000000
1693775730530898234 145.060664 0.000000
1693775730639622589 145.070453 0.000000
1693775730748632425 145.126810 0.000000
1693775730822343427 145.065068 0.000000
1693775730894366064 144.976032 0.000000
1693775730967308239 144.769131 0.000000
1693775731112128420 145.206465 0.000000
1693775731404331228 145.521117 0.000000
1693775731585454081 145.138392 0.000000
1693775731694679944 145.033259 0.000000
1693775731730926145 145.061829 0.000000
1693775731840081713 145.101160 0.000000
1693775732130978255 145.246177 0.000000
1693775732131627710 145.212139 0.000000
1693775732203790476 144.956144 0.000000
1693775732276701516 144.983254 0.000000
1693775732277473131 144.954703 0.000000
1693775732421890700 145.178595 0.000000
1693775732459188939 145.013536 0.000000
1693775732567481398 145.022221 0.000000
1693775732641398839 145.054791 0.000000
1693775732712629256 145.142971 0.000000
1693775732858540907 145.234150 0.000000
1693775732895430660 145.105987 0.000000
1693775733003571517 145.088886 0.000000
1693775733077579935 145.535239 0.000000
1693775733296132222 144.883897 0.000000
1693775733477903080 145.164883 0.000000
1693775733804929171 145.216014 0.000000
1693775733805413091 145.088268 0.000000
1693775733878902464 145.419822 0.000000
1693775733950461376 145.147897 0.000000
1693775734023191977 145.154200 0.000000
1693775734459511636 145.002040 0.000000
1693775734460850510 144.934071 0.000000
1693775734569474161 145.187186 0.000000
1693775734677860313 145.121743 0.000000
1693775734679062950 145.193249 0.000000
1693775734750489378 145.370347 0.000000
1693775734968670955 145.024176 0.000000
1693775735042416792 145.312717 0.000000
1693775735186866686 145.067209 0.000000
1693775735186995581 145.119737 0.000000
1693775735259802144 145.392462 0.000000
1693775735369236083 144.905433 0.000000
1693775735478617954 145.460230 0.000000
1693775735623891144 145.131836 0.000000
1693775735841908128 145.149699 0.000000
1693775735914679488 145.251109 0.000000
1693775736205557901 145.143119 0.000000
1693775736206755602 145.236917 0.000000
1693775736279794615 144.920368 0.000000
1693775736571541770 145.920722 0.000000
1693775736642659610 145.104648 0.000000
1693775736642841247 145.120095 0.000000
1693775736642937536 144.677846 0.000000
1693775736716641241 145.096459 0.000000
1693775736789012670 144.734420 0.000000
1693775736970413448 145.198542 0.000000
1693775737188738370 145.161661 0.000000
1693775737479723661 145.213711 0.000000
1693775737516714545 145.362073 0.000000
1693775737517415396 144.996111 0.000000
1693775737588996844 145.009891 0.000000
1693775737734264340 145.262736 0.000000
1693775738244124117 145.291191 0.000000
1693775738244727977 145.052705 0.000000
1693775738462642509 145.096505 0.000000
1693775738463355763 145.627289 0.000000
1693775738463382795 145.221651 0.000000
1693775738535992316 144.933240 0.000000
1693775738572165513 145.560625 0.000000
1693775738681444809 145.048138 0.000000
1693775738753318873 145.108628 0.000000
1693775738898411866 145.090894 0.000000
1693775738899717002 144.937843 0.000000
1693775738972025295 145.161211 0.000000
1693775739118452551 144.801855 0.000000
1693775739300223585 145.289150 0.000000
1693775739336036840 145.013180 0.000000
1693775739481727342 145.286030 0.000000
1693775739554988392 144.943558 0.000000
1693775739627173610 145.251230 0.000000
1693775739627348602 145.498796 0.000000
1693775739845649454 145.379257 0.000000
1693775739845729580 145.534051 0.000000
1693775740063940989 145.275425 0.000000
1693775740138234822 145.167283 0.000000
1693775740209734110 145.365135 0.000000
1693775740283107331 144.789547 0.000000
1693775740355304387 145.477130 0.000000
1693775740500845911 145.163791 0.000000
1693775741192844887 144.928969 0.000000
1693775741411468524 145.721414 0.000000
1693775741811746835 145.336557 0.000000
1693775741920834746 145.102615 0.000000
1693775741957565775 145.103907 0.000000
1693775742103789597 144.722108 0.000000
1693775742175488403 145.122466 0.000000
1693775742175551425 145.144131 0.000000
1693775742211876986 145.231169 0.000000
1693775742613091056 145.295743 0.000000
1693775743122576157 145.003858 0.000000
1693775743195699417 144.804755 0.000000
1693775743631340272 144.715627 0.000000
1693775743667716866 145.332938 0.000000
1693775743922125557 145.488324 0.000000
1693775743994929544 145.341200 0.000000
1693775744068518161 145.170490 0.000000
1693775744467968403 145.219402 0.000000
1693775744504749882 145.078432 0.000000
1693775744505243471 145.075354 0.000000
1693775744723634104 144.841882 0.000000
1693775744760246963 145.649792 0.000000
1693775744941589164 144.858317 0.000000
1693775744942157301 144.885856 0.000000
1693775744942508889 145.080880 0.000000
1693775745123298400 145.127507 0.000000
1693775745305553988 145.398161 0.000000
1693775745341878933 145.338322 0.000000
1693775745596742176 145.103730 0.000000
1693775745596839573 145.141538 0.000000
1693775745888112545 145.131955 0.000000
1693775745888884039 145.227582 0.000000
1693775745924430657 145.530724 0.000000
1693775746033761889 145.013440 0.000000
1693775746069774062 145.341345 0.000000
1693775746142696995 145.263043 0.000000
1693775746179528837 145.118610 0.000000
1693775746325789894 145.738887 0.000000
1693775746470747709 145.262679 0.000000
1693775746652323568 145.209368 0.000000
1693775746761757517 145.158427 0.000000
1693775746835116566 144.741649 0.000000
1693775747161966997 145.043079 0.000000
1693775747271792294 144.944294 0.000000
1693775747344718639 145.008663 0.000000
1693775747416461415 145.262622 0.000000
1693775747416527659 145.248274 0.000000
1693775747417491151 144.836075 0.000000
1693775747525762488 145.387933 0.000000
1693775747562858141 145.342663 0.000000
1693775747708329572 144.909875 0.000000
1693775747853528491 145.414837 0.000000
1693775747853832980 145.481171 0.000000
1693775747925861446 145.317187 0.000000
1693775747998983813 145.030640 0.000000
1693775748071515337 144.998020 0.000000
1693775748072268724 145.206897 0.000000
1693775748144765775 144.833295 0.000000
1693775748181039422 145.349028 0.000000
1693775748217088945 144.974840 0.000000
1693775748290714118 144.988154 0.000000
1693775748363350109 144.871165 0.000000
1693775748435088487 145.109539 0.000000
1693775748435972874 144.799864 0.000000
1693775748472260044 145.067716 0.000000
1693775748509259964 145.215835 0.000000
1693775748616881860 144.980581 0.000000
1693775748654663825 145.075077 0.000000
1693775748799673365 145.194376 0.000000
1693775748800235653 145.027653 0.000000
1693775748946644885 145.382859 0.000000
1693775749018720459 144.754530 0.000000
1693775749091174598 144.650394 0.000000
1693775749308713574 145.207361 0.000000
1693775749672514671 145.156240 0.000000
1693775749782175080 145.082292 0.000000
1693775749891635037 145.125444 0.000000
1693775750109956636 145.380029 0.000000
1693775750218842783 145.225072 0.000000
1693775750255819333 144.966542 0.000000
1693775750291907833 145.111440 0.000000
1693775750328470450 144.797417 0.000000
1693775750582737207 145.270061 0.000000
1693775750765119030 145.254508 0.000000
1693775750765303695 145.400582 0.000000
1693775750838335903 145.218084 0.000000
1693775750910493315 145.369038 0.000000
1693775750983771286 144.896755 0.000000
1693775750984415515 145.380576 0.000000
1693775751056587289 145.215806 0.000000
1693775751275029816 144.906426 0.000000
1693775751456775810 145.105586 0.000000
1693775751493617993 145.197925 0.000000
1693775751602758890 145.060814 0.000000
1693775751638925325 145.304767 0.000000
1693775751639417876 145.020526 0.000000
1693775751857178158 145.338098 0.000000
1693775751930554215 145.049601 0.000000
1693775752075534514 145.071581 0.000000
1693775752148939324 144.929491 0.000000
1693775752221309797 145.229745 0.000000
1693775752222143015 145.822478 0.000000
1693775752330366480 145.469458 0.000000
1693775752512091988 145.289315 0.000000
1693775752513152029 144.879883 0.000000
1693775752621569815 145.335505 0.000000
1693775752694026344 144.993672 0.000000
1693775752731064542 145.089524 0.000000
1693775752839715577 145.289197 0.000000
1693775752876424108 145.354769 0.000000
1693775752876919295 145.313884 0.000000
1693775753022147131 144.921854 0.000000
1693775753240700951 145.580825 0.000000
1693775753459028049 145.375146 0.000000
1693775753604527411 145.022011 0.000000
1693775753678076185 144.843022 0.000000
1693775753860170560 145.488431 0.000000
1693775753968090356 145.196747 0.000000
1693775753968100906 145.322614 0.000000
1693775754150798989 145.330493 0.000000
1693775754259348492 145.284127 0.000000
1693775754260026484 145.201224 0.000000
1693775754331931165 145.070334 0.000000
1693775754478037071 145.118570 0.000000
1693775754478398387 144.952603 0.000000
1693775754550433525 145.349413 0.000000
1693775754551307147 144.964006 0.000000
1693775754587298491 145.490201 0.000000
1693775754915885066 145.250953 0.000000
1693775755024975464 145.413002 0.000000
1693775755061388929 144.788975 0.000000
1693775755061809858 145.227154 0.000000
1693775755206819359 145.006074 0.000000
1693775755316030671 145.125576 0.000000
1693775755498671462 144.897642 0.000000
1693775755534766150 145.260305 0.000000
1693775755572072853 145.494362 0.000000
1693775755716480484 145.115567 0.000000
1693775755934773980 145.415177 0.000000
1693775755971094623 145.539178 0.000000
1693775756007788987 145.323221 0.000000
1693775756081500957 145.427614 0.000000
1693775756117484442 145.602357 0.000000
1693775756153077177 145.286000 0.000000
1693775756153553871 145.573790 0.000000
1693775756153623669 145.392207 0.000000
1693775756299621649 144.864875 0.000000
1693775756371612003 145.395289 0.000000
1693775756445161691 145.535060 0.000000
1693775756553907756 144.952485 0.000000
1693775756625846334 144.953235 0.000000
1693775756662421978 145.089810 0.000000
1693775756662762565 144.948952 0.000000
1693775756734914123 144.931580 0.000000
1693775756808811028 145.535651 0.000000
1693775756808853597 145.152625 0.000000
1693775756989542763 145.269116 0.000000
1693775757063101434 145.296402 0.000000
1693775757098947601 144.983231 0.000000
1693775757244214380 145.264329 0.000000
1693775757244827902 145.050877 0.000000
1693775757463299850 145.006055 0.000000
1693775757753892923 145.344396 0.000000
1693775757754446987 145.852613 0.000000
1693775757972975788 144.991023 0.000000
1693775758045739097 145.209594 0.000000
1693775758154578905 145.215407 0.000000
1693775758264404557 145.138111 0.000000
1693775758555751048 144.894846 0.000000
1693775758555952407 144.938667 0.000000
1693775758701583623 144.970515 0.000000
1693775758919397233 145.226112 0.000000
1693775758956025566 145.409621 0.000000
1693775758992337056 145.293332 0.000000
1693775758992904952 144.842012 0.000000
1693775759283441308 145.251620 0.000000
1693775759355948509 145.187130 0.000000
1693775759574451181 145.294806 0.000000
1693775759829462762 145.104908 0.000000
1693775760157299560 144.821562 0.000000
1693775760303043612 145.159251 0.000000
1693775760303244805 144.790077 0.000000
1693775760812136244 145.210113 0.000000
1693775760813279163 145.162789 0.000000
1693775760884857404 145.041929 0.000000
1693775761030372371 145.037397 0.000000
1693775761104101811 144.998322 0.000000
1693775761175784349 145.123060 0.000000
1693775761177311562 145.305841 0.000000
1693775761248782938 145.299665 0.000000
1693775761430930448 144.919351 0.000000
1693775761467107708 145.633197 0.000000
1693775761467803336 145.051910 0.000000
1693775761794902561 145.384961 0.000000
1693775761831495845 144.844789 0.000000
1693775761904392948 144.985917 0.000000
1693775761977378542 144.952173 0.000000
1693775762050271586 144.912555 0.000000
1693775762051117639 145.424988 0.000000
1693775762123184672 144.961451 0.000000
1693775762268905373 144.794465 0.000000
1693775762341858988 144.950147 0.000000
1693775762778309359 145.102488 0.000000
1693775762851959003 144.979284 0.000000
1693775762924414902 144.850378 0.000000
1693775763106343135 145.139085 0.000000
1693775763287836214 145.220914 0.000000
1693775763360841003 145.191289 0.000000
1693775763506183931 144.959993 0.000000
1693775763507212489 144.946871 0.000000
1693775763725867465 144.797248 0.000000
1693775763761508246 145.195518 0.000000
1693775763797268647 145.366717 0.000000
1693775763798121867 145.327059 0.000000
1693775763870859284 145.129409 0.000000
1693775764052891137 145.356383 0.000000
1693775764162000418 145.624268 0.000000
1693775764162222239 145.111375 0.000000
1693775764416597493 145.150161 0.000000
1693775764453318645 145.464352 0.000000
1693775764453716355 145.099288 0.000000
1693775764526179567 145.269289 0.000000
1693775764526881745 145.245238 0.000000
1693775764599548088 145.166239 0.000000
1693775764744051453 145.112051 0.000000
1693775764889393845 145.335396 0.000000
1693775764962744238 144.914370 0.000000
1693775764962776102 144.970752 0.000000
1693775765217760564 145.328680 0.000000
1693775765253624465 145.552429 0.000000
1693775765253705539 145.737278 0.000000
1693775765254361685 145.389776 0.000000
1693775765545517603 145.905050 0.000000
1693775765654690436 145.556899 0.000000
1693775765691278772 145.373543 0.000000
1693775765764334095 145.021595 0.000000
1693775765836399468 145.169218 0.000000
1693775765837518285 145.187190 0.000000
1693775766163836848 145.160639 0.000000
1693775766200567666 145.066149 0.000000
1693775766200763266 145.203729 0.000000
1693775766381897560 145.208122 0.000000
1693775766419301383 144.759249 0.000000
1693775766564989809 144.840013 0.000000
1693775766673188854 145.117729 0.000000
1693775766928947582 145.055454 0.000000
1693775767147024318 144.971234 0.000000
1693775767147399320 145.154851 0.000000
1693775767219306386 145.153312 0.000000
1693775767365101069 145.353968 0.000000
1693775767438840259 145.776265 0.000000
1693775767656358848 144.830489 0.000000
1693775767875079748 145.109454 0.000000
1693775768528468693 144.944401 0.000000
1693775768529602740 144.899722 0.000000
1693775768601343394 145.259127 0.000000
1693775768746455291 145.138995 0.000000
1693775768783295473 145.073904 0.000000
1693775768820711249 144.789735 0.000000
1693775768929262984 144.811588 0.000000
1693775769111261615 145.032456 0.000000
1693775769256488812 145.272567 0.000000
1693775769292606611 145.324688 0.000000
1693775769329404301 145.089935 0.000000
1693775769583514667 145.258001 0.000000
1693775769728840790 144.971352 0.000000
1693775769838957118 144.812199 0.000000
1693775769983950341 145.060780 0.000000
1693775769985054269 145.122062 0.000000
1693775770276414745 145.277495 0.000000
1693775770311279698 145.060159 0.000000
1693775770349377430 145.258667 0.000000
1693775770639301960 145.173708 0.000000
1693775770747957470 145.334219 0.000000
1693775770857693499 145.255610 0.000000
1693775770929920303 145.108152 0.000000
1693775771076299993 145.060120 0.000000
1693775771548833517 145.255470 0.000000
1693775771585774279 145.114096 0.000000
1693775771585835837 145.699778 0.000000
1693775771804382355 145.088028 0.000000
1693775772022905440 144.985335 0.000000
1693775772241865305 145.516772 0.000000
1693775772678430259 144.887273 0.000000
1693775772859967448 145.300846 0.000000
1693775772896463340 145.900109 0.000000
1693775772969972201 144.980931 0.000000
1693775772970226793 145.266100 0.000000
1693775773005427573 145.337886 0.000000
1693775773114985717 145.280692 0.000000
1693775773115633874 144.802766 0.000000
1693775773150849484 145.443531 0.000000
1693775773151494555 145.159696 0.000000
1693775773260466876 144.765269 0.000000
1693775773405627068 145.322034 0.000000
1693775773514783934 145.375843 0.000000
1693775773696840351 144.974085 0.000000
1693775773769494267 145.345318 0.000000
1693775773843071858 145.056584 0.000000
1693775773915287131 145.680779 0.000000
1693775773988351580 145.180987 0.000000
1693775774133477292 145.122740 0.000000
1693775774133998294 144.937740 0.000000
1693775774206757441 145.034430 0.000000
1693775774207150094 145.380074 0.000000
1693775774243096920 145.217554 0.000000
1693775774315053945 145.129712 0.000000
1693775774643366440 145.465187 0.000000
1693775774861259540 144.757907 0.000000
1693775775006874285 144.886024 0.000000
1693775775079419831 144.843818 0.000000
1693775775297461242 145.169390 0.000000
1693775775298298299 145.020027 0.000000
1693775775371131677 144.743963 0.000000
1693775775407071781 145.114911 0.000000
1693775775515534032 145.057268 0.000000
1693775775516197766 145.062044 0.000000
1693775775589105714 145.105029 0.000000
1693775775625264748 145.068248 0.000000
1693775775734364576 145.389139 0.000000
1693775775843395159 145.093121 0.000000
1693775775953067555 144.806346 0.000000
1693775776098512538 145.189498 0.000000
1693775776171553349 145.770047 0.000000
1693775776244678858 145.123861 0.000000
1693775776425515161 145.285930 0.000000
1693775776680888006 144.923954 0.000000
1693775776753852591 145.385035 0.000000
1693775776754312055 145.429860 0.000000
1693775776899690547 144.917867 0.000000
1693775777007852451 145.054526 0.000000
1693775777044793473 145.233866 0.000000
1693775777045086119 144.987056 0.000000
1693775777190310742 144.792046 0.000000
1693775777262681170 144.918065 0.000000
1693775777444604210 145.424426 0.000000
1693775777626756910 145.065749 0.000000
1693775777626785557 145.404291 0.000000
1693775777808994046 145.801424 0.000000
1693775777845873205 145.583205 0.000000
1693775778136805710 144.903712 0.000000
1693775778281862907 145.314309 0.000000
1693775778282375730 145.044517 0.000000
1693775778282681641 145.094724 0.000000
1693775778427489474 145.210579 0.000000
1693775778718533578 144.964008 0.000000
1693775778718995693 144.903377 0.000000
1693775778755132142 145.142457 0.000000
1693775779009895209 145.051540 0.000000
1693775779300945350 145.220796 0.000000
1693775779519270830 145.322906 0.000000
1693775779556187709 145.312886 0.000000
1693775779593404369 145.332013 0.000000
1693775779883814940 145.109012 0.000000
1693775779884563937 145.336752 0.000000
1693775779884615572 145.254657 0.000000
1693775780029790715 145.224378 0.000000
1693775780176090769 145.054236 0.000000
1693775780248800907 145.007457 0.000000
1693775780320313270 145.254075 0.000000
1693775780394974943 145.456732 0.000000
1693775780538428363 145.296598 0.000000
1693775780976595093 145.165184 0.000000
1693775781121954547 145.082520 0.000000
1693775781122105904 145.039450 0.000000
1693775781195221216 145.320872 0.000000
1693775781340207666 145.030738 0.000000
1693775781413395430 145.429665 0.000000
1693775781667568464 145.280960 0.000000
1693775781922539463 145.338065 0.000000
1693775782068063372 145.187993 0.000000
1693775782069282072 144.997239 0.000000
1693775782286517508 145.304053 0.000000
1693775782286538075 145.329121 0.000000
1693775782287172917 144.887644 0.000000
1693775782577735133 145.490631 0.000000
1693775782614034473 145.292671 0.000000
1693775782651233024 145.008611 0.000000
1693775782796328457 145.072048 0.000000
1693775782796843390 144.785847 0.000000
1693775783014321989 145.218528 0.000000
1693775783014380551 145.228371 0.000000
1693775783161079538 145.026186 0.000000
1693775783306259487 145.038885 0.000000
1693775783342370403 145.536318 0.000000
1693775783342441839 145.464467 0.000000
1693775783380284033 145.819729 0.000000
1693775783487465615 145.021576 0.000000
1693775783525785365 145.290195 0.000000
1693775783597446518 145.086802 0.000000
1693775783670876095 145.069692 0.000000
1693775783670915236 145.127978 0.000000
1693775783705413616 145.087287 0.000000
1693775783742545236 145.305174 0.000000
1693775783815519652 145.247877 0.000000
1693775783888501888 145.466847 0.000000
1693775783961109462 145.005330 0.000000
1693775783961224319 145.762727 0.000000
1693775784106586586 145.360087 0.000000
1693775784179085805 145.202210 0.000000
1693775784470252428 145.270167 0.000000
1693775784616806538 145.175478 0.000000
1693775784688980053 145.242030 0.000000
1693775784725937640 145.319939 0.000000
1693775784908349637 145.250853 0.000000
1693775784980150621 144.973047 0.000000
1693775785053439051 145.171469 0.000000
1693775785235077238 145.330844 0.000000
1693775785271517340 145.023554 0.000000
1693775785343827042 145.133233 0.000000
1693775785344652101 145.161826 0.000000
1693775785417359433 145.369463 0.000000
1693775785563571783 145.467372 0.000000
1693775785707606702 145.175828 0.000000
1693775785962838323 145.280423 0.000000
1693775786327029022 145.501082 0.000000
1693775786363400144 145.101943 0.000000
1693775786364168546 145.313686 0.000000
1693775786435789222 145.290817 0.000000
1693775786436734772 144.922410 0.000000
1693775786582497846 145.058326 0.000000
1693775786727303869 145.088084 0.000000
1693775786727531543 145.030841 0.000000
1693775786945831139 145.542649 0.000000
1693775786945930420 145.570233 0.000000
1693775787128143419 145.411900 0.000000
1693775787237717987 145.279770 0.000000
1693775787237949831 144.862385 0.000000
1693775787419092605 145.323872 0.000000
1693775787528236055 144.966331 0.000000
1693775787564431704 145.096515 0.000000
1693775787674229686 144.948710 0.000000
1693775787747506021 145.359306 0.000000
1693775787819128886 145.102930 0.000000
1693775787892947083 145.223004 0.000000
1693775788038253304 145.296092 0.000000
1693775788111239124 145.422367 0.000000
1693775788184024281 145.071731 0.000000
1693775788402565448 145.709611 0.000000
1693775788475392759 145.884852 0.000000
1693775788475768538 145.197618 0.000000
1693775788548689081 145.142707 0.000000
1693775788620783046 145.387862 0.000000
1693775788765888452 145.068611 0.000000
1693775788765999551 145.213793 0.000000
1693775788838764778 145.195495 0.000000
1693775788912251469 145.127748 0.000000
1693775788983959772 145.123928 0.000000
1693775789421045408 145.119043 0.000000
1693775789421359398 145.042514 0.000000
1693775789530292881 144.898064 0.000000
1693775789567892349 146.444621 0.000000
1693775789858296008 145.162874 0.000000
1693775789930953404 144.711322 0.000000
1693775790003566667 145.326659 0.000000
1693775790221917605 145.261052 0.000000
1693775790222728677 145.422543 0.000000
1693775790222806954 145.075500 0.000000
1693775790295362176 144.842810 0.000000
1693775790295813416 145.166156 0.000000
1693775790403866879 145.126869 0.000000
1693775790513120237 145.544217 0.000000
1693775790658937187 145.070324 0.000000
1693775790659614157 145.422577 0.000000
1693775790767805052 145.483009 0.000000
1693775790767871125 145.118170 0.000000
1693775790804439040 145.339385 0.000000
1693775790985809454 145.081474 0.000000
1693775791095126343 145.352521 0.000000
1693775791168932125 145.085855 0.000000
1693775791241325517 145.625359 0.000000
1693775791387085180 144.930665 0.000000
1693775791459189865 145.344572 0.000000
1693775791459257177 145.056417 0.000000
1693775791459852948 144.997319 0.000000
1693775791496007587 144.962735 0.000000
1693775791604803575 145.495690 0.000000
1693775791750721834 145.472312 0.000000
1693775791896051208 145.273448 0.000000
1693775791968939198 145.425644 0.000000
1693775791969171348 145.098143 0.000000
1693775791969432731 145.293327 0.000000
1693775792042711432 145.439164 0.000000
1693775792187848382 145.196589 0.000000
1693775792333847030 144.947452 0.000000
1693775792405438282 144.888647 0.000000
1693775792514471674 145.205658 0.000000
1693775792770306949 145.148433 0.000000
1693775792915620669 145.082939 0.000000
1693775793169797382 145.236705 0.000000
1693775793351853212 144.936593 0.000000
1693775793352591079 144.855955 0.000000
1693775793387857952 145.144683 0.000000
1693775793460779428 145.225905 0.000000
1693775793571014266 145.587130 0.000000
1693775793642647555 145.338438 0.000000
1693775793788700796 144.932524 0.000000
1693775793788707000 144.916192 0.000000
1693775793897318574 145.207489 0.000000
1693775794007155240 144.879138 0.000000
1693775794007618528 145.262150 0.000000
1693775794115786495 145.101572 0.000000
1693775794152895577 145.000161 0.000000
1693775794226255639 145.041827 0.000000
1693775794371567910 144.671346 0.000000
1693775794662065546 145.493928 0.000000
1693775794881210324 145.142162 0.000000
1693775794953789182 144.814975 0.000000
1693775794953993272 144.935570 0.000000
1693775795098743761 144.952364 0.000000
1693775795172883412 145.760480 0.000000
1693775795244853098 145.200066 0.000000
1693775795280744523 145.240233 0.000000
1693775795317212165 145.389792 0.000000
1693775795390595601 145.262195 0.000000
1693775795608642223 145.575625 0.000000
1693775795681236843 145.205288 0.000000
1693775795681642171 144.996378 0.000000
1693775796227545033 145.507600 0.000000
1693775796555693803 145.771875 0.000000
1693775796628671951 145.136617 0.000000
1693775796701175184 145.155252 0.000000
1693775796919811381 145.170412 0.000000
1693775796955215824 145.138928 0.000000
1693775796992296487 145.343794 0.000000
1693775797101763856 145.362154 0.000000
1693775797137848647 145.092230 0.000000
1693775797210913040 144.950144 0.000000
1693775797283426947 144.995325 0.000000
1693775797283642133 144.915669 0.000000
1693775797428576740 145.212859 0.000000
1693775797429303631 145.260896 0.000000
1693775797501484674 144.816342 0.000000
1693775797574712126 144.957040 0.000000
1693775797720534955 145.315369 0.000000
1693775797792835021 145.376938 0.000000
1693775797865559236 145.021334 0.000000
1693775798011737586 145.440955 0.000000
1693775798119961503 145.075140 0.000000
1693775798156589447 144.958644 0.000000
1693775798230223782 145.070911 0.000000
1693775798375342071 144.970214 0.000000
1693775798410547745 145.296493 0.000000
1693775798555640502 145.126696 0.000000
1693775798665772055 145.291157 0.000000
1693775798846608217 145.102056 0.000000
1693775798846689486 145.358984 0.000000
1693775798884719747 145.001943 0.000000
1693775799102348953 145.230206 0.000000
1693775799247984974 144.800612 0.000000
1693775799321125297 145.360674 0.000000
1693775799392997180 145.370094 0.000000
1693775799466341536 144.942587 0.000000
1693775799611596232 144.930372 0.000000
1693775799903431403 145.205627 0.000000
1693775799975435729 145.427563 0.000000
1693775800230543995 145.538773 0.000000
1693775800412408674 144.958063 0.000000
1693775800521043997 145.207220 0.000000
1693775800557998502 144.867959 0.000000
1693775800703738358 145.418724 0.000000
1693775800812808964 145.113243 0.000000
1693775800849066196 145.560704 0.000000
1693775800921841767 145.072684 0.000000
1693775801067202301 145.088040 0.000000
1693775801103899802 145.314161 0.000000
1693775801322226545 145.350576 0.000000
1693775801359895246 145.034194 0.000000
1693775801432200598 145.014779 0.000000
1693775801540522594 145.309737 0.000000
1693775801723048061 145.355503 0.000000
1693775802232333593 144.973559 0.000000
1693775802305103099 145.414653 0.000000
1693775802378702362 145.262655 0.000000
1693775802523761271 145.377154 0.000000
1693775802523823029 145.520122 0.000000
1693775802524242225 145.249617 0.000000
1693775802524360605 145.238601 0.000000
1693775802560047490 145.416234 0.000000
1693775802560054331 145.481576 0.000000
1693775802741992883 145.353317 0.000000
1693775802742921072 145.074273 0.000000
1693775802815679472 145.529925 0.000000
1693775802960251338 145.031775 0.000000
1693775803033855236 145.309098 0.000000
1693775803106862266 145.048814 0.000000
1693775803179469073 144.736983 0.000000
1693775803215456863 145.085168 0.000000
1693775803252402611 144.939131 0.000000
1693775803543003484 145.140702 0.000000
1693775803616189370 145.358461 0.000000
1693775803688496587 145.395672 0.000000
1693775803688521410 145.433470 0.000000
1693775803797896442 145.110816 0.000000
1693775803835095635 145.453178 0.000000
1693775803835243289 145.418537 0.000000
1693775803979781869 145.114780 0.000000
1693775804016949354 145.210960 0.000000
1693775804125461620 145.286140 0.000000
1693775804125466476 144.954202 0.000000
1693775804126652771 144.937754 0.000000
1693775804198649813 144.871232 0.000000
1693775804235927628 145.019745 0.000000
1693775804343767320 145.377472 0.000000
1693775804562066454 145.326992 0.000000
1693775804599163715 145.306378 0.000000
1693775804634875287 144.944425 0.000000
1693775804781746213 144.977342 0.000000
1693775805071780297 144.978245 0.000000
1693775805144427935 145.456005 0.000000
1693775805217042342 145.255219 0.000000
1693775805289733288 145.255236 0.000000
1693775805435556244 145.411348 0.000000
1693775805436016670 144.973324 0.000000
1693775805508062187 145.166491 0.000000
1693775805727141860 145.182433 0.000000
1693775805799563524 145.208339 0.000000
1693775805872053091 145.156265 0.000000
1693775805873049394 145.130852 0.000000
1693775806017962645 145.098963 0.000000
1693775806018510915 145.309447 0.000000
1693775806236636372 145.160619 0.000000
1693775806454948550 145.456593 0.000000
1693775806674484015 145.439552 0.000000
1693775806855976108 145.053834 0.000000
1693775806965511861 145.262380 0.000000
1693775806966033730 145.038750 0.000000
1693775807074283992 145.324886 0.000000
1693775807219881392 145.329467 0.000000
1693775807292331134 145.252848 0.000000
1693775807583086876 145.198626 0.000000
1693775807620415870 145.291136 0.000000
1693775807620469605 145.048507 0.000000
1693775807694147391 145.309205 0.000000
1693775807839845174 145.694374 0.000000
1693775807984963333 144.962096 0.000000
1693775808058010450 145.122863 0.000000
1693775808058333471 145.408748 0.000000
1693775808058406085 144.923143 0.000000
1693775808238535459 145.232776 0.000000
1693775808275556111 144.984665 0.000000
1693775808421828976 144.964593 0.000000
1693775808422109449 144.854626 0.000000
1693775808566355211 145.310042 0.000000
1693775808566564472 145.287355 0.000000
1693775808712728028 144.866232 0.000000
1693775808784549690 145.277239 0.000000
1693775808785108696 144.900673 0.000000
1693775809185452261 145.052668 0.000000
1693775809295172506 145.024417 0.000000
1693775809295199625 145.119539 0.000000
1693775809330971267 145.397534 0.000000
1693775809732479221 145.206355 0.000000
1693775809805084871 144.897055 0.000000
1693775810023549645 144.829481 0.000000
1693775810168235629 145.180163 0.000000
1693775810241945439 145.054079 0.000000
1693775810459648084 145.128629 0.000000
1693775810641578337 144.960198 0.000000
1693775810677839137 145.177392 0.000000
1693775810823705462 145.112566 0.000000
1693775811260760993 144.909535 0.000000
1693775811297595894 145.120377 0.000000
1693775811479771938 146.021014 0.000000
1693775811661509917 145.169338 0.000000
1693775811771243960 145.085982 0.000000
1693775811844144823 144.840128 0.000000
1693775812062355887 145.322670 0.000000
1693775812135008141 144.840694 0.000000
1693775812207977207 145.167048 0.000000
1693775812243573385 145.299291 0.000000
1693775812280828303 144.825207 0.000000
1693775812498910658 145.500314 0.000000
1693775812499138658 145.231159 0.000000
1693775812716368765 145.227353 0.000000
1693775812716945551 145.479385 0.000000
1693775812862777467 144.715022 0.000000
1693775812898306049 145.307681 0.000000
1693775813007721124 145.218763 0.000000
1693775813008505524 145.036228 0.000000
1693775813153393231 145.078010 0.000000
1693775813299229470 145.134291 0.000000
1693775813299828730 145.066128 0.000000
1693775813408191160 145.612647 0.000000
1693775813553767067 145.573527 0.000000
1693775813590993925 145.606753 0.000000
1693775813591008524 144.836651 0.000000
1693775813664105622 145.644694 0.000000
1693775814318870615 144.961460 0.000000
1693775814427326471 145.349167 0.000000
1693775814537350861 145.375300 0.000000
1693775814610097053 145.088164 0.000000
1693775814645420738 145.209998 0.000000
1693775814681530683 145.101716 0.000000
1693775814754834538 144.846797 0.000000
1693775814790760170 144.983830 0.000000
1693775814827866625 144.923710 0.000000
1693775814828117404 144.725801 0.000000
1693775814972269176 145.101773 0.000000
1693775815263519828 145.446234 0.000000
1693775815336358617 145.141328 0.000000
1693775815409263004 145.035825 0.000000
1693775815481497306 145.121995 0.000000
1693775815524919425 145.028751 0.000000
1693775815554887761 144.911808 0.000000
1693775815597792322 145.034390 0.000000
1693775815627841895 145.204662 0.000000
1693775815700959736 145.299999 0.000000
1693775815772334457 145.169663 0.000000
1693775815773439032 145.146193 0.000000
1693775815845943999 144.753758 0.000000
1693775815917766985 145.027436 0.000000
1693775815918856755 144.997014 0.000000
1693775816209285621 145.118385 0.000000
1693775816427574430 145.185811 0.000000
1693775816500227095 145.415969 0.000000
1693775816572879791 145.205875 0.000000
1693775816718712640 144.898005 0.000000
1693775816719037286 144.919991 0.000000
1693775816835356386 145.101693 0.000000
1693775816863833229 145.118144 0.000000
1693775816908161821 145.117493 0.000000
1693775817009714723 145.145327 0.000000
1693775817009776863 145.251564 0.000000
1693775817155881349 145.450290 0.000000
1693775817272221539 145.144826 0.000000
1693775817301658561 145.320654 0.000000
1693775817446203260 144.834723 0.000000
1693775817490729402 145.290603 0.000000
1693775817519297098 144.694886 0.000000
1693775817664369653 145.232448 0.000000
1693775817781595128 145.277338 0.000000
1693775817810041491 145.126308 0.000000
1693775817810077359 145.239501 0.000000
1693775817883253652 145.184166 0.000000
1693775817955505121 145.177038 0.000000
1693775818028366210 145.175419 0.000000
1693775818174036770 145.196637 0.000000
1693775818174089016 145.629990 0.000000
1693775818319830593 145.030779 0.000000
1693775818464936329 145.140877 0.000000
1693775818537845562 144.873067 0.000000
1693775818683195297 145.344683 0.000000
1693775819047297132 145.259700 0.000000
1693775819120199852 145.115514 0.000000
1693775819120868918 145.099888 0.000000
1693775819165449969 145.374650 0.000000
1693775819338164287 144.918954 0.000000
1693775819556258992 145.301680 0.000000
1693775819629154291 145.225530 0.000000
1693775819629714925 144.930564 0.000000
1693775819674468230 144.985908 0.000000
1693775819701350729 145.085858 0.000000
1693775819701979652 144.892027 0.000000
1693775819747371592 145.130298 0.000000
1693775819774129635 144.970778 0.000000
1693775819892550709 145.164312 0.000000
1693775819992420756 145.289489 0.000000
1693775819993430094 145.008289 0.000000
1693775820110648710 145.116115 0.000000
1693775820329315199 145.204303 0.000000
1693775820502404710 145.515521 0.000000
1693775820693091176 145.330068 0.000000
1693775820866392341 145.066990 0.000000
1693775821011706425 144.991324 0.000000
1693775821057056349 145.374881 0.000000
1693775821157529011 145.207585 0.000000
1693775821521709799 145.225817 0.000000
1693775821666882822 145.168698 0.000000
1693775821812975228 145.347629 0.000000
1693775821813011753 144.984765 0.000000
1693775821885812272 145.095844 0.000000
1693775821886146775 145.107125 0.000000
1693775822104434048 145.157823 0.000000
1693775822467883252 145.202725 0.000000
1693775822541524173 145.231864 0.000000
1693775822613703010 145.256763 0.000000
1693775822659260611 145.067662 0.000000
1693775822659348425 145.217084 0.000000
1693775822686838176 145.035722 0.000000
1693775822832574991 144.881033 0.000000
1693775822904981916 145.026983 0.000000
1693775822950241648 145.248602 0.000000
1693775822977622046 145.042304 0.000000
1693775823123609659 145.129266 0.000000
1693775823314319299 145.231086 0.000000
1693775823342296324 145.200046 0.000000
1693775823415111189 145.243494 0.000000
1693775823532627193 145.282748 0.000000
1693775823778943412 145.189115 0.000000
1693775823823618736 145.164675 0.000000
1693775824143135857 145.222977 0.000000
1693775824143150957 145.404729 0.000000
1693775824215995353 145.794061 0.000000
1693775824288266461 145.226782 0.000000
1693775824288984251 145.144712 0.000000
1693775824434060600 144.992996 0.000000
1693775824434120625 145.203264 0.000000
1693775824579684530 145.167263 0.000000
1693775824725506943 145.077080 0.000000
1693775824770074401 145.065946 0.000000
1693775824798119646 144.852077 0.000000
1693775824943965119 144.926941 0.000000
1693775824944002997 145.294641 0.000000
1693775825016923886 145.100594 0.000000
1693775825016996405 145.312442 0.000000
1693775825090059184 145.324545 0.000000
1693775825161866523 145.026762 0.000000
1693775825161926893 145.178341 0.000000
1693775825307545782 145.026906 0.000000
1693775825380509159 144.864313 0.000000
1693775825716219890 145.149128 0.000000
1693775825890607247 145.155949 0.000000
1693775825962991283 145.477111 0.000000
1693775826035754011 144.963167 0.000000
1693775826108163749 145.168687 0.000000
1693775826152914813 145.427734 0.000000
1693775826254085870 145.156891 0.000000
1693775826399824202 145.122775 0.000000
1693775826691273363 145.407303 0.000000
1693775826909896039 145.204943 0.000000
1693775827026790329 145.021038 0.000000
1693775827099480726 145.035055 0.000000
1693775827564754185 145.284878 0.000000
1693775827564932936 144.841271 0.000000
1693775827637692178 145.543570 0.000000
1693775827637850160 145.137464 0.000000
1693775827855997006 145.156496 0.000000
1693775827929006581 144.809627 0.000000
1693775827929267623 145.076915 0.000000
1693775828001930843 144.773267 0.000000
1693775828045407879 145.224232 0.000000
1693775828074918947 145.133469 0.000000
1693775828147688661 145.029644 0.000000
1693775828366409175 145.714842 0.000000
1693775828483235239 145.154917 0.000000
1693775828657388193 145.178657 0.000000
1693775828729989198 144.963886 0.000000
1693775828772706948 145.035033 0.000000
1693775828802904774 145.106066 0.000000
1693775828875633834 144.743951 0.000000
1693775828947844840 144.887118 0.000000
1693775829093521034 145.282272 0.000000
1693775829094074436 145.064746 0.000000
1693775829094330136 145.045867 0.000000
1693775829209167042 145.089606 0.000000
1693775829240323399 145.448180 0.000000
1693775829311714949 144.980307 0.000000
1693775829312684455 145.134064 0.000000
1693775829457386059 145.205907 0.000000
1693775829529782950 145.117935 0.000000
1693775829572775084 145.059357 0.000000
1693775829602749074 145.259525 0.000000
1693775829749538602 145.127752 0.000000
1693775829822134269 145.311097 0.000000
1693775829894346491 145.407329 0.000000
1693775829938761198 145.205753 0.000000
1693775829966818635 145.087774 0.000000
1693775829966885606 145.200501 0.000000
1693775830112853193 144.946588 0.000000
1693775830258102043 145.243834 0.000000
1693775830300811793 144.953856 0.000000
1693775830520736569 145.117133 0.000000
1693775830768555153 145.607808 0.000000
1693775830841362081 145.053991 0.000000
1693775830986567068 145.199189 0.000000
1693775831059283539 145.077582 0.000000
1693775831059346636 145.353449 0.000000
1693775831132158423 145.357286 0.000000
1693775831246510555 145.325336 0.000000
1693775831350541461 145.033852 0.000000
1693775831423281596 145.062861 0.000000
1693775831423334624 145.112171 0.000000
1693775831496344348 145.082225 0.000000
1693775831714370639 145.424544 0.000000
1693775831860336060 145.273120 0.000000
1693775831933249863 145.283079 0.000000
1693775832005888937 145.546051 0.000000
1693775832006040569 144.772397 0.000000
1693775832119798906 145.225948 0.000000
1693775832224816028 145.383622 0.000000
1693775832224839132 145.341574 0.000000
1693775832297572591 144.904449 0.000000
1693775832370350753 145.590218 0.000000
1693775832442834092 145.257907 0.000000
1693775832589203670 145.377811 0.000000
1693775832661751019 144.833796 0.000000
1693775832734455076 145.247542 0.000000
1693775832952879565 145.020917 0.000000
1693775832952913022 145.060735 0.000000
1693775832992344776 145.116266 0.000000
1693775833025506827 145.370361 0.000000
1693775833244083053 144.647004 0.000000
1693775833390083890 145.296053 0.000000
1693775833462202811 145.108254 0.000000
1693775833607967758 145.040692 0.000000
1693775833754015722 145.163271 0.000000
1693775833754178907 145.369260 0.000000
1693775833869557892 145.323788 0.000000
1693775834044759568 145.284196 0.000000
1693775834082845678 144.955002 0.000000
1693775834481935290 145.034777 0.000000
1693775834518601142 145.011689 0.000000
1693775834700068350 145.224418 0.000000
1693775834773253928 145.221586 0.000000
1693775834956055492 145.081194 0.000000
1693775835064074948 145.404901 0.000000
1693775835137215035 145.138441 0.000000
1693775835246259036 144.832475 0.000000
1693775835252628998 145.251860 0.000000
1693775835282141161 145.063234 0.000000
1693775835500933305 144.968668 0.000000
1693775835573842752 144.981733 0.000000
1693775835762379382 145.408214 0.000000
1693775835792166458 145.434980 0.000000
1693775835792207283 145.615144 0.000000
1693775835792988405 146.279110 0.000000
1693775835938209637 145.219457 0.000000
1693775836010474579 144.954359 0.000000
1693775836411744227 145.310061 0.000000
1693775836447898039 145.313288 0.000000
1693775836520289338 145.255467 0.000000
1693775836521493810 145.614006 0.000000
1693775836630884890 145.655802 0.000000
1693775836666744110 145.321636 0.000000
1693775837031128704 145.207262 0.000000
1693775837175991065 145.520136 0.000000
1693775837248325569 145.313512 0.000000
1693775837436772811 145.100267 0.000000
1693775837800760616 145.195399 0.000000
1693775837940663178 145.324354 0.000000
1693775837977044068 145.326871 0.000000
1693775837977310232 145.081575 0.000000
1693775838122406159 145.216883 0.000000
1693775838195304053 145.177747 0.000000
1693775838268439487 145.551393 0.000000
1693775838341217121 145.098795 0.000000
1693775838559875154 145.091359 0.000000
1693775838923201023 145.094910 0.000000
1693775839360112312 145.453391 0.000000
1693775839506028639 145.018924 0.000000
1693775839579097394 146.002996 0.000000
1693775839694673444 145.279490 0.000000
1693775839724547189 145.484672 0.000000
1693775839760591169 145.208448 0.000000
1693775839833521083 145.111345 0.000000
1693775839869756289 145.206870 0.000000
1693775839870631586 144.907925 0.000000
1693775840233657659 144.972404 0.000000
1693775840233740577 145.240834 0.000000
1693775840234215652 145.150574 0.000000
1693775840379445610 145.295646 0.000000
1693775840379690129 145.007210 0.000000
1693775840561056805 145.460840 0.000000
1693775840597519278 145.070149 0.000000
1693775840597543063 145.211443 0.000000
1693775840743338609 144.672253 0.000000
1693775840815679673 145.287545 0.000000
1693775840961657928 145.019013 0.000000
1693775841035077437 145.352019 0.000000
1693775841106956528 145.056437 0.000000
1693775841179490928 145.076783 0.000000
1693775841252920049 144.924294 0.000000
1693775841471163383 144.936656 0.000000
1693775841689433755 145.269953 0.000000
1693775841762294618 145.188316 0.000000
1693775841762630930 145.363358 0.000000
1693775841981010856 145.297593 0.000000
1693775842017441731 145.047623 0.000000
1693775842053378065 145.355041 0.000000
1693775842198933446 145.151903 0.000000
1693775842236067166 145.853886 0.000000
1693775842344548596 144.942760 0.000000
1693775842344910247 145.021759 0.000000
1693775842490218657 144.856664 0.000000
1693775842562898397 145.490869 0.000000
1693775842709004968 145.144819 0.000000
1693775842780929857 145.216704 0.000000
1693775842818639217 145.173566 0.000000
1693775842926979656 144.934336 0.000000
1693775842999438362 145.652534 0.000000
1693775843116529809 145.220573 0.000000
1693775843436305167 145.079679 0.000000
1693775843873397159 145.454771 0.000000
1693775843873457840 145.609686 0.000000
1693775844019311242 145.257542 0.000000
1693775844092055213 145.691573 0.000000
1693775844092166968 145.478402 0.000000
1693775844310583707 145.471784 0.000000
1693775844354298111 145.151618 0.000000
1693775844492801417 145.109338 0.000000
1693775844529126264 145.163654 0.000000
1693775844674488604 145.171376 0.000000
1693775844819853269 144.965327 0.000000
1693775844892334465 144.958812 0.000000
1693775845038484902 145.119077 0.000000
1693775845184373613 145.068890 0.000000
1693775845257131388 145.400621 0.000000
1693775845329375124 145.321931 0.000000
1693775845372112566 145.040175 0.000000
1693775845402397449 145.264066 0.000000
1693775845402479876 144.767812 0.000000
1693775845402629494 144.641713 0.000000
1693775845620367413 145.350727 0.000000
1693775845839094345 144.966600 0.000000
1693775845985039893 145.245926 0.000000
1693775845985182605 145.760292 0.000000
1693775845985609703 145.439171 0.000000
1693775846130255811 145.212461 0.000000
1693775846130394519 145.141996 0.000000
1693775846130548768 145.252714 0.000000
1693775846130792134 144.843913 0.000000
1693775846276122181 145.723186 0.000000
1693775846276484408 144.996731 0.000000
1693775846348406139 144.889914 0.000000
1693775846421904202 144.812030 0.000000
1693775846640152604 144.999015 0.000000
1693775846858450456 145.038531 0.000000
1693775846858486265 145.252628 0.000000
1693775846931329842 144.856006 0.000000
1693775847077027776 145.257098 0.000000
1693775847190341079 145.030140 0.000000
1693775847223183064 145.337291 0.000000
1693775847223246397 144.833945 0.000000
1693775847513493242 145.121455 0.000000
1693775847804413287 145.204704 0.000000
1693775847877331011 144.954217 0.000000
1693775847877806106 144.690914 0.000000
1693775848241705766 145.290621 0.000000
1693775848241714952 145.166146 0.000000
1693775848387018576 145.156361 0.000000
1693775848533071774 145.047749 0.000000
1693775848605866180 145.561987 0.000000
1693775848605913104 144.872784 0.000000
1693775848605947935 145.001939 0.000000
1693775848678273413 145.114360 0.000000
1693775848751326374 145.265651 0.000000
1693775848790572784 145.005107 0.000000
1693775848824329063 144.691788 0.000000
1693775848896707204 145.376344 0.000000
1693775848970090631 145.108198 0.000000
1693775849042106561 145.195984 0.000000
1693775849152367198 145.180394 0.000000
1693775849479360928 144.828225 0.000000
1693775849698153806 144.906729 0.000000
1693775849770587011 145.314696 0.000000
1693775849770665714 145.311067 0.000000
1693775849843040980 144.884208 0.000000
1693775849843969836 145.235335 0.000000
1693775849880446093 145.541859 0.000000
1693775850098927730 145.482897 0.000000
1693775850134815448 145.087513 0.000000
1693775850134974623 144.992356 0.000000
1693775850280745745 145.204027 0.000000
1693775850389804893 145.123876 0.000000
1693775850426390731 145.567907 0.000000
1693775850644697695 145.398848 0.000000
1693775850644861988 144.883333 0.000000
1693775850645406153 144.913443 0.000000
1693775850972900685 145.375866 0.000000
1693775851082078327 144.838347 0.000000
1693775851118592443 145.093527 0.000000
1693775851227633411 145.689242 0.000000
1693775851264089715 145.494871 0.000000
1693775851373471615 144.949001 0.000000
1693775851373568000 145.003377 0.000000
1693775851627882619 145.144198 0.000000
1693775851737713622 145.031367 0.000000
1693775851882775789 145.020069 0.000000
1693775852028682242 145.165304 0.000000
1693775852101040408 145.153686 0.000000
1693775852101798567 145.099639 0.000000
1693775852247009222 145.023224 0.000000
1693775852284234864 145.726934 0.000000
1693775852319258622 145.307786 0.000000
1693775852393055335 145.205377 0.000000
1693775853048819122 145.134714 0.000000
1693775853194763240 145.400704 0.000000
1693775853268036639 145.291239 0.000000
1693775853412336257 145.062312 0.000000
1693775853886296286 145.037448 0.000000
1693775853994079548 145.174261 0.000000
1693775854214097159 144.870381 0.000000
1693775854358518757 144.863406 0.000000
1693775854649834369 145.143994 0.000000
1693775854795159521 145.242776 0.000000
1693775854868812862 144.839163 0.000000
1693775854868853556 144.911611 0.000000
1693775855013415943 145.196376 0.000000
1693775855123052611 144.867133 0.000000
1693775855158810387 145.164945 0.000000
1693775855304279506 145.344494 0.000000
1693775855304354279 145.539482 0.000000
1693775855813627053 144.884493 0.000000
1693775855886903189 145.061380 0.000000
1693775855959346298 145.251186 0.000000
1693775856250750701 145.049418 0.000000
1693775856323158649 145.033353 0.000000
1693775856324229640 145.819031 0.000000
1693775856395657982 145.073141 0.000000
1693775856433418496 145.061046 0.000000
1693775856686960494 145.477851 0.000000
1693775856759474273 145.086630 0.000000
1693775856760013623 145.144274 0.000000
1693775856904893560 145.198473 0.000000
1693775856978037502 144.991540 0.000000
1693775857050633395 145.063117 0.000000
1693775857087379998 145.661963 0.000000
1693775857233331259 145.372564 0.000000
1693775857269268488 145.241526 0.000000
1693775857269383395 145.216462 0.000000
1693775857270346395 145.811652 0.000000
1693775857342489303 145.116916 0.000000
1693775857560316915 144.922158 0.000000
1693775857560401161 145.206098 0.000000
1693775857633629518 145.214474 0.000000
1693775857633761791 144.975643 0.000000
1693775857705778671 145.453090 0.000000
1693775857852079865 145.291536 0.000000
1693775857925217042 145.531973 0.000000
1693775857925546208 145.801726 0.000000
1693775857997762429 144.899401 0.000000
1693775858178804669 144.867045 0.000000
1693775858433171575 144.935782 0.000000
1693775858433231755 145.239073 0.000000
1693775858433779028 145.181945 0.000000
1693775858506550076 145.448293 0.000000
1693775858651447776 145.040398 0.000000
1693775858724402131 145.459161 0.000000
1693775858725171962 145.673856 0.000000
1693775858797785479 144.885099 0.000000
1693775858798013018 145.078389 0.000000
1693775858942402409 145.117189 0.000000
1693775858942412493 145.078804 0.000000
1693775859087946792 145.530921 0.000000
1693775859270421470 144.786221 0.000000
1693775859379945313 145.459610 0.000000
1693775859488395323 145.241461 0.000000
1693775859561550962 145.417572 0.000000
1693775859888849281 145.403196 0.000000
1693775859925735022 145.518397 0.000000
1693775859961657600 144.989575 0.000000
1693775860034678392 144.933563 0.000000
1693775860035017736 144.887164 0.000000
1693775860106966621 145.349825 0.000000
1693775860543909066 144.910039 0.000000
1693775861053862997 145.070482 0.000000
1693775861126952781 145.458232 0.000000
1693775861127031624 145.415122 0.000000
1693775861127054603 145.440095 0.000000
1693775861198429860 145.237718 0.000000
1693775861272264444 144.724538 0.000000
1693775861563156707 145.026705 0.000000
1693775861781687026 144.777015 0.000000
1693775861853462687 145.203734 0.000000
1693775861853535040 145.351392 0.000000
1693775862000092260 145.423587 0.000000
1693775862145128851 144.854679 0.000000
1693775862327123991 145.012013 0.000000
1693775862363335999 145.277365 0.000000
1693775862508912464 145.169429 0.000000
1693775862653978148 145.063073 0.000000
1693775862799509120 145.107035 0.000000
1693775862800433234 145.139249 0.000000
1693775862945089517 145.596611 0.000000
1693775863163335647 145.134031 0.000000
1693775863163787382 144.721417 0.000000
1693775863236419661 144.849094 0.000000
1693775863454601948 145.239019 0.000000
1693775863455263987 145.373046 0.000000
1693775863527679137 144.972558 0.000000
1693775863673116664 145.500688 0.000000
1693775863746104741 145.136939 0.000000
1693775863891307228 145.123633 0.000000
1693775863891845901 145.531973 0.000000
1693775863892204786 144.991461 0.000000
1693775863965029348 145.114106 0.000000
1693775864183200051 144.889780 0.000000
1693775864328127484 145.341521 0.000000
1693775864473615504 145.137309 0.000000
1693775864546822621 145.261522 0.000000
1693775864619053811 145.258343 0.000000
1693775864620049246 145.061636 0.000000
1693775864691930918 145.105120 0.000000
1693775864764914394 144.701752 0.000000
1693775864837994453 144.766888 0.000000
1693775864874584861 145.020289 0.000000
1693775864983642266 145.383282 0.000000
1693775865056645968 145.405544 0.000000
1693775865129207877 145.586655 0.000000
1693775865129775773 145.986069 0.000000
1693775865348257510 145.075065 0.000000
1693775865348322115 145.150590 0.000000
1693775865457001692 145.141147 0.000000
1693775865639218608 145.193855 0.000000
1693775865857570112 145.515179 0.000000
1693775865857646089 145.432837 0.000000
1693775865967039684 145.176611 0.000000
1693775866294774761 145.274504 0.000000
1693775866403274527 145.167666 0.000000
1693775866659341989 145.036722 0.000000
1693775866803971030 145.024236 0.000000
1693775866804617494 145.074743 0.000000
1693775867204014705 145.094305 0.000000
1693775867459317980 144.816755 0.000000
1693775867750142346 144.994212 0.000000
1693775867823336004 145.175491 0.000000
1693775868150471831 145.259384 0.000000
1693775868187609158 145.134912 0.000000
1693775868187609684 145.009466 0.000000
1693775868368457848 145.148376 0.000000
1693775868405487159 145.029208 0.000000
