1693777185185769446 145.911510 0.000000
1693777186567073127 218.120121 0.000000
1693777187511058058 145.266296 0.000000
1693777188273195081 218.047969 0.000000
1693777188382700571 145.812677 0.000000
1693777190707232858 218.263381 0.000000
1693777190743311324 217.962100 0.000000
1693777191579339846 145.013287 0.000000
1693777191724556131 145.919580 0.000000
1693777191978742716 218.384694 0.000000
1693777192613169739 146.183926 0.000000
1693777193105389817 146.551275 0.000000
1693777193760913857 145.851803 0.000000
1693777194777154153 145.607885 0.000000
1693777194850366358 145.730163 0.000000
1693777195285897875 217.895465 0.000000
1693777195722035263 145.645467 0.000000
1693777197102444635 145.777800 0.000000
1693777197210938656 146.220114 0.000000
1693777198010253798 218.147076 0.000000
1693777198119594415 146.290073 0.000000
1693777198227619245 217.837165 0.000000
1693777199375411764 219.062258 0.000000
1693777199427335257 217.654715 0.000000
1693777199427482284 145.889747 0.000000
1693777199535802451 217.745746 0.000000
1693777199862867011 218.089550 0.000000
1693777200153543373 217.907187 0.000000
1693777200225360632 145.384004 0.000000
1693777200698286142 146.133659 0.000000
1693777200734341573 145.188841 0.000000
1693777200843328020 145.783333 0.000000
1693777202478876881 145.308514 0.000000
1693777202841432606 145.323735 0.000000
1693777203495858250 217.819784 0.000000
1693777203931758733 217.620489 0.000000
1693777204548621974 145.730561 0.000000
1693777204731205878 145.109255 0.000000
1693777208687274577 145.223536 0.000000
1693777210176358214 145.389903 0.000000
1693777210687183234 146.477838 0.000000
1693777212066076251 145.593798 0.000000
1693777212356758336 218.293099 0.000000
1693777212936761231 217.548937 0.000000
1693777213446398327 217.673825 0.000000
1693777215264368827 146.057497 0.000000
1693777215553646530 145.780692 0.000000
1693777215553686282 145.879317 0.000000
1693777215698940551 145.206718 0.000000
1693777216498211450 145.065101 0.000000
1693777217371062622 145.244352 0.000000
1693777217734422939 218.192696 0.000000
1693777217952275052 146.218505 0.000000
1693777218388611159 218.517918 0.000000
1693777218679746436 145.993227 0.000000
1693777219260388433 218.143726 0.000000
1693777220713626543 217.505758 0.000000
1693777221441156251 145.699955 0.000000
1693777221513452000 145.238447 0.000000
1693777222458840385 218.109749 0.000000
1693777223475288367 145.179126 0.000000
1693777223621283494 146.000044 0.000000
1693777224930292503 146.035750 0.000000
1693777225219517634 217.613369 0.000000
1693777226165763518 146.366459 0.000000
1693777226201415406 145.772714 0.000000
1693777226892759263 144.964604 0.000000
1693777226964964345 145.745170 0.000000
1693777228199843543 218.207675 0.000000
1693777228853989897 145.948687 0.000000
1693777229544426043 145.717200 0.000000
1693777234740926627 145.966512 0.000000
1693777235030798317 145.973802 0.000000
1693777235104313094 218.344308 0.000000
1693777235394562167 218.825063 0.000000
1693777236193376108 145.109076 0.000000
1693777236921189458 145.983699 0.000000
1693777238158038449 147.053044 0.000000
1693777238520486920 217.598002 0.000000
1693777239246191898 145.158610 0.000000
1693777239319276286 145.298371 0.000000
1693777239937061262 145.983448 0.000000
1693777242735915950 145.472251 0.000000
1693777242881192149 145.625221 0.000000
1693777243243665128 217.901495 0.000000
1693777243825621422 218.746519 0.000000
1693777244916800149 145.275046 0.000000
1693777245062569887 145.579927 0.000000
1693777245570509531 145.886469 0.000000
1693777245752627630 218.474155 0.000000
1693777245861371183 145.468992 0.000000
1693777245947142414 231.144786 0.000000
1693777247532678857 145.553996 0.000000
1693777249713322650 218.651629 0.000000
1693777250585474499 146.034637 0.000000
1693777250657549427 145.131811 0.000000
1693777251458113427 218.812464 0.000000
1693777251458126016 183.489555 0.000000
1693777251529988036 145.139035 0.000000
1693777252401650758 218.584163 0.000000
1693777252912184402 146.803371 0.000000
1693777253129936774 217.747892 0.000000
1693777253857342703 218.305159 0.000000
1693777253857451065 218.469406 0.000000
1693777254293029949 145.465731 0.000000
1693777254802460524 146.034003 0.000000
1693777255487345202 145.649687 0.000000
1693777255673463973 145.614174 0.000000
1693777257344475771 146.077683 0.000000
1693777257961160279 145.296176 0.000000
1693777258252913666 146.457116 0.000000
1693777260978710011 145.586591 0.000000
1693777261560771109 146.197594 0.000000
1693777261924775021 145.863730 0.000000
1693777262214512953 145.465663 0.000000
1693777263013160573 145.390445 0.000000
1693777263813794645 146.210862 0.000000
1693777266720639776 218.706246 0.000000
1693777267521742636 145.855843 0.000000
1693777267775747764 218.241211 0.000000
1693777268319864738 218.542353 0.000000
1693777269409827614 145.258824 0.000000
1693777269555469613 145.639768 0.000000
1693777270064023966 217.775471 0.000000
1693777270864720461 146.219888 0.000000
1693777271373523160 145.611991 0.000000
1693777272245951256 218.129979 0.000000
1693777272537082126 145.635155 0.000000
1693777272863694922 145.638423 0.000000
1693777273625860011 216.663784 0.000000
1693777273625926295 217.729348 0.000000
1693777273990828009 146.049633 0.000000
1693777274354528357 145.773907 0.000000
1693777275116355519 218.159508 0.000000
1693777275590232904 145.784777 0.000000
1693777275662457080 217.921825 0.000000
1693777275953509366 146.582697 0.000000
1693777276825296761 145.371631 0.000000
1693777279732945337 145.728570 0.000000
1693777279987996090 146.277448 0.000000
1693777280022768007 145.928309 0.000000
1693777280169130357 146.198032 0.000000
1693777282713228265 145.995452 0.000000
1693777285146571340 145.608522 0.000000
1693777285910199290 146.032821 0.000000
1693777286564188352 146.340387 0.000000
1693777286636317593 145.336559 0.000000
1693777289799632784 145.569321 0.000000
1693777289981745317 218.529313 0.000000
1693777292016769501 145.980152 0.000000
1693777293033653992 145.499011 0.000000
1693777293506191395 145.733431 0.000000
1693777295359218343 145.734250 0.000000
1693777295576601837 218.265566 0.000000
1693777296339674278 146.289812 0.000000
1693777297319966567 218.067521 0.000000
1693777297611548033 145.814635 0.000000
1693777297755642053 218.137880 0.000000
1693777297829999471 146.166044 0.000000
1693777299281310765 218.326603 0.000000
1693777302775585033 145.834484 0.000000
1693777303390617265 145.274851 0.000000
1693777304384956348 218.095682 0.000000
1693777304952871744 217.819298 0.000000
1693777304952900752 204.573838 0.000000
1693777305111674440 145.077714 0.000000
1693777306224667645 145.723583 0.000000
1693777307678494442 146.357218 0.000000
1693777308550244291 145.586983 0.000000
1693777310549452824 218.455428 0.000000
1693777310985006056 145.228422 0.000000
1693777311857419593 146.095517 0.000000
1693777314836920254 145.852762 0.000000
1693777315346354216 145.806622 0.000000
1693777315576310046 218.769108 0.000000
1693777315746069573 145.780839 0.000000
1693777316363946752 218.352172 0.000000
1693777316581575316 145.017965 0.000000
1693777316666090794 145.314094 0.000000
1693777317054332853 146.162977 0.000000
1693777317562752022 145.972504 0.000000
1693777318470394306 145.409589 0.000000
1693777318688348036 145.259650 0.000000
1693777320724204504 218.152917 0.000000
1693777320954693494 145.389824 0.000000
1693777321232588540 145.877630 0.000000
1693777321777400406 145.831796 0.000000
1693777322044442290 157.531282 0.000000
1693777322044443127 217.697409 0.000000
1693777323086545921 145.892640 0.000000
1693777323304244784 146.013118 0.000000
1693777323354142491 146.343478 0.000000
1693777323571358334 218.154938 0.000000
1693777325322182056 146.543208 0.000000
1693777325814901846 145.665133 0.000000
1693777325903184283 145.444225 0.000000
1693777326032830605 218.050882 0.000000
1693777326702766371 145.911652 0.000000
1693777327356197520 146.060123 0.000000
1693777327647834578 217.798405 0.000000
1693777327996512658 146.188868 0.000000
1693777328954192807 218.903310 0.000000
1693777329534935116 218.068362 0.000000
1693777329594071842 217.857641 0.000000
1693777331411058289 145.940983 0.000000
1693777332098644107 218.576325 0.000000
1693777332098727230 145.624199 0.000000
1693777333516984833 145.365957 0.000000
1693777333953079544 145.555296 0.000000
1693777334911751106 145.514209 0.000000
1693777335441737529 146.027330 0.000000
1693777337367674598 146.366264 0.000000
1693777338493126140 145.407154 0.000000
1693777339780259489 145.383744 0.000000
1693777344213247053 146.118588 0.000000
1693777344345158272 146.061689 0.000000
1693777344707005365 145.760220 0.000000
1693777344780221849 145.817795 0.000000
1693777344888738684 145.221047 0.000000
1693777345012632389 218.613000 0.000000
1693777345651871829 217.513722 0.000000
1693777345665718168 217.795211 0.000000
1693777347265149388 218.369732 0.000000
1693777347337217957 145.256167 0.000000
1693777347869332205 145.516896 0.000000
1693777348559789752 146.149951 0.000000
1693777348886773487 145.360697 0.000000
1693777349250815512 146.281783 0.000000
1693777349520533858 145.659166 0.000000
1693777349868908311 146.233019 0.000000
1693777350304365477 145.237376 0.000000
1693777351502815170 146.080967 0.000000
1693777352642236932 145.708164 0.000000
1693777352775474117 146.168391 0.000000
1693777352956412257 218.781381 0.000000
1693777353175142564 145.948343 0.000000
1693777353441356346 145.346318 0.000000
1693777353949527732 217.889506 0.000000
1693777354040001335 146.278090 0.000000
