1694226449481092714 205.117656 76.947979 75 16 0.000000
1694226450481721305 205.133671 74.952899 75 16 0.000000
1694226451487453875 205.177056 78.549693 79 16 0.000000
1694226452485090523 203.498591 80.189523 80 16 0.000000
1694226453492742849 201.302625 80.384872 81 16 0.000000
1694226454491490084 202.190884 80.100349 80 16 0.000000
1694226455501088655 203.613557 76.267925 77 16 0.000000
1694226456503702301 202.550110 78.794062 79 16 0.000000
1694226457512127934 201.740406 78.339938 79 15 0.000000
1694226458509316232 202.377966 78.219940 78 16 0.000000
1694226459503165885 208.129046 76.470315 76 16 0.000000
1694226460511485494 206.765509 78.348176 79 16 0.000000
1694226461482377986 204.571226 80.338452 78 16 0.000000
1694226462491357998 205.802281 79.287986 80 16 0.000000
1694226463516037404 204.824489 75.145460 77 16 0.000000
1694226464494887533 207.091359 78.663720 77 16 0.000000
1694226465515109474 203.101989 79.394489 81 16 0.000000
1694226466520842949 203.674459 77.555337 78 16 0.000000
1694226467520754596 205.028065 79.006981 79 16 0.000000
1694226468519851317 205.298500 78.070518 78 16 0.000000
1694226469491865761 203.824155 78.188141 76 16 0.000000
1694226470521479151 204.393898 77.699077 80 16 0.000000
1694226471521796991 203.195951 76.975524 77 16 0.000000
1694226472515244046 208.005934 77.507912 77 16 0.000000
1694226473515502472 203.471405 77.979841 78 16 0.000000
1694226474500748221 206.437848 80.183053 79 16 0.000000
1694226475504287940 203.053110 79.717809 80 16 0.000000
1694226476528526675 202.810693 78.106791 80 16 0.000000
1694226477502352859 210.368312 74.962050 73 16 0.000000
1694226478515453797 206.737155 77.978401 79 16 0.000000
1694226479520889598 201.838380 79.567490 80 16 0.000000
1694226480534412461 204.092978 78.932604 80 16 0.000000
1694226481529638771 207.626425 75.359758 75 16 0.000000
1694226482511121750 201.012503 80.490428 79 16 0.000000
1694226483519053228 204.658324 76.394082 77 16 0.000000
1694226484539048260 206.511261 77.451360 79 16 0.000000
1694226485534551745 209.041068 76.343276 76 16 0.000000
1694226486535867081 202.325756 80.893599 81 16 0.000000
1694226487531675011 202.455910 78.328355 78 16 0.000000
1694226488514432228 201.906675 81.403635 80 16 0.000000
1694226489519869460 205.456258 78.572776 79 16 0.000000
1694226490543804762 205.781824 73.246814 75 16 0.000000
1694226491535840670 208.262966 78.626185 78 16 0.000000
1694226492526569215 204.969233 79.739313 79 16 0.000000
1694226493537068510 204.477888 76.199955 77 16 0.000000
1694226494540609255 201.251949 78.721255 79 16 0.000000
1694226495548601679 205.167606 79.365678 80 16 0.000000
1694226496535471471 204.787987 80.051096 79 16 0.000000
1694226497549264650 205.711872 76.938759 78 16 0.000000
1694226498534702683 204.569385 78.137853 77 16 0.000000
1694226499548517550 205.268745 76.937120 78 16 0.000000
1694226500544532977 204.102215 76.304031 76 16 0.000000
1694226501540590762 203.204800 80.316626 80 16 0.000000
1694226502553631251 200.820932 77.983072 79 16 0.000000
1694226503554520987 205.712451 80.927990 81 16 0.000000
1694226504539359245 202.697099 78.185434 77 16 0.000000
1694226505551959517 204.844949 78.016955 79 16 0.000000
1694226506557896190 205.240957 76.545573 77 16 0.000000
1694226507551999421 201.670244 79.468609 79 16 0.000000
1694226508558189715 200.740082 79.507835 80 16 0.000000
1694226509559362706 204.019206 78.907431 79 16 0.000000
1694226510547830268 205.193410 78.910037 78 16 0.000000
1694226511537847217 204.669775 78.786520 78 16 0.000000
1694226512544207594 205.629906 76.513345 77 16 0.000000
1694226513519141748 204.288210 81.031115 79 16 0.000000
1694226514563859649 201.121469 76.575693 80 16 0.000000
1694226515533125083 206.563289 78.409893 76 16 0.000000
1694226516561468144 203.287313 77.795053 80 16 0.000000
1694226517564055783 207.031381 77.798684 78 16 0.000000
1694226518559873096 203.771592 78.327630 78 16 0.000000
1694226519561059375 202.865124 79.905200 80 16 0.000000
1694226520565068977 205.330119 76.692494 77 16 0.000000
1694226521564609519 207.447885 77.035393 77 16 0.000000
1694226522567674082 207.642007 79.755596 80 16 0.000000
1694226523555977376 206.624975 75.887633 75 16 0.000000
1694226524570244252 206.492093 79.860643 81 16 0.000000
1694226525546947338 202.861664 75.765081 74 16 0.000000
1694226526563098767 205.860739 78.728422 80 16 0.000000
1694226527562868691 202.696278 77.017729 77 16 0.000000
1694226528559217726 207.092391 79.289487 79 16 0.000000
1694226529566266927 206.662871 78.446998 79 16 0.000000
1694226530575215922 204.537895 78.299302 79 16 0.000000
1694226531566864469 203.754293 79.665321 79 16 0.000000
1694226532582093453 200.262136 77.814953 79 16 0.000000
1694226533566878769 206.909390 77.174185 76 16 0.000000
1694226534580856260 201.711133 78.897216 80 16 0.000000
1694226535577355113 203.315041 76.267024 76 16 0.000000
1694226536519697114 201.731432 83.833679 79 16 0.000000
1694226537582524573 201.995371 75.270909 80 16 0.000000
1694226538578003232 202.362323 81.367915 81 16 0.000000
1694226539586503527 205.004089 79.325708 80 16 0.000000
1694226540583787290 205.780129 75.204263 75 16 0.000000
1694226541545135619 206.390176 81.136039 78 16 0.000000
1694226542588229153 205.385644 77.653641 81 16 0.000000
1694226543592659264 205.910760 75.664798 76 16 0.000000
1694226544577340840 207.375845 77.182300 76 16 0.000000
1694226545586755708 204.708607 76.281816 77 16 0.000000
1694226546592896436 210.434126 75.536161 76 16 0.000000
1694226547580590580 206.169427 78.971806 78 16 0.000000
1694226548582142360 206.191525 78.877605 79 16 0.000000
1694226549595785481 204.120137 78.923236 80 16 0.000000
1694226550590961706 206.056237 76.368395 76 16 0.000000
1694226551583903851 202.679696 79.561535 79 16 0.000000
1694226552555833124 206.190905 76.137217 74 16 0.000000
1694226553588455505 203.163105 79.409473 82 16 0.000000
1694226554591756731 204.372493 80.733491 81 16 0.000000
1694226555601861699 204.703749 76.229691 77 16 0.000000
1694226556601355358 203.779134 78.039515 78 16 0.000000
1694226557597169050 203.748188 80.336316 80 16 0.000000
1694226558585496971 201.494191 77.909368 77 16 0.000000
1694226559578898226 204.735796 78.518122 78 16 0.000000
1694226560602908576 202.274206 78.124205 80 16 0.000000
1694226561588573336 211.213602 76.090780 75 16 0.000000
1694226562592101546 204.794305 77.725771 78 16 0.000000
1694226563602034435 205.961479 78.223024 79 16 0.000000
1694226564610807623 207.055154 78.312937 79 16 0.000000
1694226565592556350 202.500263 79.450068 78 16 0.000000
1694226566613438190 205.174649 76.404523 78 16 0.000000
1694226567610720472 201.890950 78.212568 78 16 0.000000
1694226568603978932 205.075098 79.536206 79 16 0.000000
1694226569584072221 205.266753 75.503005 74 16 0.000000
1694226570602759940 211.199158 78.532410 80 16 0.000000
1694226571615660875 199.474919 79.968336 81 16 0.000000
1694226572608478982 204.680726 78.564237 78 16 0.000000
1694226573612336395 206.283637 76.704133 77 16 0.000000
1694226574576637806 203.767347 80.887573 78 16 0.000000
1694226575616210388 206.093951 76.954691 80 16 0.000000
1694226576622414462 204.548577 77.519066 78 16 0.000000
1694226577623322386 204.114496 76.930153 77 16 0.000000
1694226578607916768 202.417589 78.204793 77 16 0.000000
1694226579621496745 204.480146 77.941557 79 16 0.000000
1694226580614996330 203.875032 78.510351 78 16 0.000000
1694226581611655844 202.683900 81.271496 81 16 0.000000
1694226582627863930 203.316522 76.755923 78 16 0.000000
1694226583627446039 203.645081 80.033459 80 16 0.000000
1694226584609545630 204.468690 77.385215 76 16 0.000000
1694226585629947927 204.586814 79.380455 81 16 0.000000
1694226586606829716 205.468553 76.774899 75 16 0.000000
1694226587629186211 205.999729 79.228723 81 16 0.000000
1694226588611434784 202.191666 80.427710 79 16 0.000000
1694226589628250421 205.904394 75.726610 77 16 0.000000
1694226590612843953 208.318924 76.173562 75 16 0.000000
1694226591608790136 204.710374 78.317491 78 16 0.000000
1694226592624671146 204.753196 77.765018 79 16 0.000000
1694226593619377443 202.839463 80.425736 80 16 0.000000
1694226594631272242 207.338619 77.083126 78 16 0.000000
1694226595634443361 204.961975 73.766065 74 16 0.000000
1694226596633649453 206.137847 79.062769 79 16 0.000000
1694226597622039070 203.072185 79.928002 79 16 0.000000
1694226598615240464 203.626436 79.540752 79 16 0.000000
1694226599625905661 206.108674 79.155801 80 16 0.000000
1694226600643654483 203.797157 77.622304 79 16 0.000000
1694226601636378742 204.153862 76.556997 76 16 0.000000
1694226602639383743 202.287655 78.763316 79 16 0.000000
1694226603645123679 205.541755 79.543420 80 16 0.000000
1694226604644761997 205.470559 76.027502 76 16 0.000000
1694226605632014633 202.001877 80.020047 79 16 0.000000
1694226606647884666 207.385474 76.781473 78 16 0.000000
1694226607628881697 203.991946 78.491576 77 16 0.000000
1694226608647755473 207.165450 76.555125 78 16 0.000000
1694226609648017356 204.505418 77.979564 78 16 0.000000
1694226610633032385 203.150174 79.186625 78 16 0.000000
1694226611623114264 205.822864 78.781348 78 16 0.000000
1694226612649936021 202.127896 77.910311 80 16 0.000000
1694226613642857632 207.187827 79.563183 79 16 0.000000
1694226614641288806 204.814295 77.120988 77 16 0.000000
1694226615653876109 205.628287 75.055258 76 16 0.000000
1694226616652355861 203.591045 80.121803 80 16 0.000000
1694226617647342877 205.260377 79.398026 79 16 0.000000
