1693775282746985957 176.569623 0.000000
1693775282757015808 176.584141 0.000000
1693775282838222091 176.615976 0.000000
1693775282978973342 176.542655 0.000000
1693775283030981902 176.500513 0.000000
1693775283135387646 176.429121 0.000000
1693775283173600641 176.641546 0.000000
1693775283381963558 176.509152 0.000000
1693775283703944671 176.537431 0.000000
1693775283905964706 176.544144 0.000000
1693775284268880610 176.556428 0.000000
1693775284392543093 176.528738 0.000000
1693775284436221881 176.579431 0.000000
1693775284745713938 176.466643 0.000000
1693775284893766760 176.524186 0.000000
1693775284988393460 176.556974 0.000000
1693775285096306581 176.486983 0.000000
1693775285160512183 176.497530 0.000000
1693775285328635762 176.439194 0.000000
1693775285486485237 176.557966 0.000000
1693775285537953796 176.607551 0.000000
1693775285735425205 176.560532 0.000000
1693775285928313422 176.615930 0.000000
1693775285953936583 176.490564 0.000000
1693775285960530426 176.449519 0.000000
1693775286385995675 176.553320 0.000000
1693775286389232584 176.654571 0.000000
1693775286483679672 176.540690 0.000000
1693775286667098342 176.500602 0.000000
1693775286734203507 176.739604 0.000000
1693775286748582306 176.524974 0.000000
1693775286767691540 176.535304 0.000000
1693775286827662981 176.433831 0.000000
1693775286834788547 176.597522 0.000000
1693775286843873899 176.485733 0.000000
1693775287087603430 176.633232 0.000000
1693775287184615057 176.598064 0.000000
1693775287285565587 176.591975 0.000000
1693775287342484758 176.587901 0.000000
1693775287474425808 176.525715 0.000000
1693775287503754940 176.550514 0.000000
1693775287620320847 176.645134 0.000000
1693775287680325105 176.546208 0.000000
1693775287706198941 176.595970 0.000000
1693775288033580807 176.504722 0.000000
1693775288059669719 176.542138 0.000000
1693775288412938625 176.523771 0.000000
1693775288425530970 176.550198 0.000000
1693775288497018912 176.448661 0.000000
1693775288509939326 176.532502 0.000000
1693775288673677452 176.633578 0.000000
1693775288678022621 176.634730 0.000000
1693775288728913125 176.520899 0.000000
1693775288775154899 176.565448 0.000000
1693775288783311740 176.573391 0.000000
1693775289191547224 176.618236 0.000000
1693775289422985425 176.452646 0.000000
1693775289456532426 176.597688 0.000000
1693775289580978847 176.487874 0.000000
1693775289645681970 176.546650 0.000000
1693775289889125400 176.569232 0.000000
1693775290192949595 176.516616 0.000000
1693775290319758768 176.511989 0.000000
1693775290419267387 176.577717 0.000000
1693775290491946818 176.470929 0.000000
1693775290552958205 176.536310 0.000000
1693775290622468859 176.564662 0.000000
1693775290755500843 177.002557 0.000000
1693775290949461962 176.655859 0.000000
1693775291127978432 176.572369 0.000000
1693775291161335815 176.664229 0.000000
1693775291253944218 176.562472 0.000000
1693775291304520180 176.510841 0.000000
1693775291785957605 176.551481 0.000000
1693775292339939147 176.524507 0.000000
1693775292346287975 176.524915 0.000000
1693775292440968797 176.480696 0.000000
1693775292752100685 176.571598 0.000000
1693775292983666324 176.475544 0.000000
1693775293046762087 176.487885 0.000000
1693775293147826186 176.569523 0.000000
1693775293464442951 176.425478 0.000000
1693775293729359789 176.463762 0.000000
1693775293954607050 176.550514 0.000000
1693775294043666763 176.510306 0.000000
1693775294169269364 176.495700 0.000000
1693775294250698985 176.475492 0.000000
1693775294484686457 176.558592 0.000000
1693775294522524439 176.481077 0.000000
1693775294556008804 176.438843 0.000000
1693775294661847667 176.452320 0.000000
1693775294726008269 176.500883 0.000000
1693775294820268105 176.488128 0.000000
1693775294875992431 176.547202 0.000000
1693775294964174978 176.590542 0.000000
1693775295045622597 176.469651 0.000000
1693775295108762026 176.439164 0.000000
1693775295220116072 176.511884 0.000000
1693775295503128302 176.483847 0.000000
1693775295582554213 176.506872 0.000000
1693775295678956235 176.648923 0.000000
1693775295697679140 176.475834 0.000000
1693775295847512160 176.552619 0.000000
1693775296112345478 176.485317 0.000000
1693775296322427896 176.418882 0.000000
1693775296569755888 176.509076 0.000000
1693775296586998052 176.527630 0.000000
1693775296587198970 176.439009 0.000000
1693775296651177473 176.443314 0.000000
1693775296730712160 176.622226 0.000000
1693775296812798496 176.479598 0.000000
1693775296875709584 176.508641 0.000000
1693775297223990497 176.569443 0.000000
1693775297388914761 176.474609 0.000000
1693775297607610265 176.420817 0.000000
1693775297799388403 176.523381 0.000000
1693775297806916411 176.531334 0.000000
1693775297842272652 176.512601 0.000000
1693775298056112997 176.443699 0.000000
1693775298177638112 176.594651 0.000000
1693775298235993983 176.505789 0.000000
1693775298313544912 176.754533 0.000000
1693775298329239193 176.495737 0.000000
1693775298354207740 176.527204 0.000000
1693775298402854371 176.633050 0.000000
1693775298524763655 176.543527 0.000000
1693775298682505820 176.522529 0.000000
1693775298756154782 176.520258 0.000000
1693775298795870376 176.468818 0.000000
1693775298979049974 176.519298 0.000000
1693775299295945162 176.526578 0.000000
1693775299388910982 176.514991 0.000000
1693775299609164390 176.438874 0.000000
1693775299653749462 176.491431 0.000000
1693775300050765046 176.436538 0.000000
1693775300176431876 176.539052 0.000000
1693775300267733508 176.556267 0.000000
1693775300441581310 176.529270 0.000000
1693775300487451198 176.493259 0.000000
1693775300592371022 176.527726 0.000000
1693775300802349318 176.446767 0.000000
1693775300851731136 176.426816 0.000000
1693775300978839667 176.473384 0.000000
1693775301022677565 176.551817 0.000000
1693775301142780309 176.700256 0.000000
1693775301319588442 176.604349 0.000000
1693775301365023729 176.466854 0.000000
1693775301407662376 176.565694 0.000000
1693775301469925441 176.446451 0.000000
1693775301558353483 176.562276 0.000000
1693775301584283468 176.592877 0.000000
1693775301590158915 176.559901 0.000000
1693775301849685964 176.647768 0.000000
1693775301917541508 176.556096 0.000000
1693775302114758761 176.578935 0.000000
1693775302137001505 176.523120 0.000000
1693775302331191110 176.534868 0.000000
1693775302353557937 176.543181 0.000000
1693775302392379188 176.540651 0.000000
1693775302473556068 176.524658 0.000000
1693775302578835960 176.654536 0.000000
1693775302645487219 176.760181 0.000000
1693775302741643565 176.500582 0.000000
1693775302822169370 176.627466 0.000000
1693775302939912466 176.507278 0.000000
1693775303092223960 176.544009 0.000000
1693775303109029738 176.470472 0.000000
1693775303178691404 176.545216 0.000000
1693775303250682963 176.571242 0.000000
1693775303533738340 176.484024 0.000000
1693775303692401158 176.483898 0.000000
1693775303805843775 176.454239 0.000000
1693775304000076276 176.513634 0.000000
1693775304181834942 176.519507 0.000000
1693775304353780727 176.522909 0.000000
1693775304391885712 176.589309 0.000000
1693775304530309646 176.513924 0.000000
1693775304618750192 176.480370 0.000000
1693775304710325320 176.489076 0.000000
1693775304765939509 176.530337 0.000000
1693775304947948332 176.637516 0.000000
1693775305106644227 176.565569 0.000000
1693775305485599113 176.554828 0.000000
1693775305591212161 176.551326 0.000000
1693775305750496400 176.548168 0.000000
1693775305809248838 176.552894 0.000000
1693775306015628358 176.672196 0.000000
1693775306041191374 176.554016 0.000000
1693775306121502348 176.718018 0.000000
1693775306212956344 176.553560 0.000000
1693775306255358595 176.463726 0.000000
1693775306415944223 176.591955 0.000000
1693775306426392739 176.579887 0.000000
1693775306427393618 176.483162 0.000000
1693775306715959241 176.718966 0.000000
1693775306946821242 176.552799 0.000000
1693775306956394660 176.524919 0.000000
1693775307005494987 176.580428 0.000000
1693775307076503809 176.522729 0.000000
1693775307182385298 176.608441 0.000000
1693775307216365872 176.498956 0.000000
1693775307221323821 176.524539 0.000000
1693775307359022738 176.616381 0.000000
1693775307359067306 176.739954 0.000000
1693775307574569916 176.479007 0.000000
1693775307757723098 176.518264 0.000000
1693775307772098073 176.880050 0.000000
1693775307830649308 176.477499 0.000000
1693775307977961215 176.871636 0.000000
1693775308011565478 176.554749 0.000000
1693775308016432927 176.632183 0.000000
1693775308048694330 176.533308 0.000000
1693775308095678346 176.620090 0.000000
1693775308324139048 176.537273 0.000000
1693775308402187746 176.626706 0.000000
1693775308507938163 176.505665 0.000000
1693775308861601043 176.642011 0.000000
1693775308900034617 176.523115 0.000000
1693775308958231713 176.575140 0.000000
1693775308988283007 176.482911 0.000000
1693775309568315635 176.486505 0.000000
1693775309606807836 176.547938 0.000000
1693775309960187712 176.629092 0.000000
1693775309967274247 176.539287 0.000000
1693775310048583875 176.598641 0.000000
1693775310190643913 176.670863 0.000000
1693775310195471049 176.715211 0.000000
1693775310313631773 176.663687 0.000000
1693775310363581052 176.460259 0.000000
1693775310585827338 176.508876 0.000000
1693775310666949044 176.534316 0.000000
1693775310717053919 176.498934 0.000000
1693775310893802729 176.613721 0.000000
1693775310982131330 176.729380 0.000000
1693775311158643093 176.486866 0.000000
1693775311167258627 176.561870 0.000000
1693775311288474026 176.496953 0.000000
1693775311399343795 176.529890 0.000000
1693775311515704620 176.440357 0.000000
1693775311600643671 176.578373 0.000000
1693775311639658849 176.979662 0.000000
1693775311777444026 176.504933 0.000000
1693775311841160023 176.597668 0.000000
1693775311868946735 176.546253 0.000000
1693775311904742180 176.561885 0.000000
1693775312132074929 176.506891 0.000000
1693775312176280603 176.533063 0.000000
1693775312194500458 176.570085 0.000000
1693775312291142875 176.498602 0.000000
1693775312459531089 176.502637 0.000000
1693775312484136221 176.435000 0.000000
1693775312487321530 176.553060 0.000000
1693775313017254020 176.558282 0.000000
1693775313086896738 176.571878 0.000000
1693775313193822932 176.539548 0.000000
1693775313351844136 176.486594 0.000000
1693775313375797059 176.472192 0.000000
1693775313833106901 176.549181 0.000000
1693775313937563928 176.561714 0.000000
1693775314165598543 176.604911 0.000000
1693775314556487365 176.616758 0.000000
1693775315047810858 176.512891 0.000000
1693775315582924683 176.563078 0.000000
1693775315666132670 176.509375 0.000000
1693775315793423916 176.519983 0.000000
1693775315847776965 176.504611 0.000000
1693775316108135606 176.559047 0.000000
1693775316114375899 176.501059 0.000000
1693775316377607512 176.504837 0.000000
1693775316816535749 176.463084 0.000000
1693775316942293230 176.500128 0.000000
1693775316956674549 176.496819 0.000000
1693775316977697894 176.766571 0.000000
1693775317257008374 176.559243 0.000000
1693775317260953542 176.566541 0.000000
1693775317287095862 176.540585 0.000000
1693775317345242505 176.511794 0.000000
1693775317442740930 176.467667 0.000000
1693775317586920556 176.525475 0.000000
1693775317611505797 176.490148 0.000000
1693775317861332730 176.535950 0.000000
1693775317929175133 176.712180 0.000000
1693775317964701039 176.540696 0.000000
1693775318524078555 176.517301 0.000000
1693775318700698120 176.595383 0.000000
1693775318765468020 176.597704 0.000000
1693775318824096144 176.492399 0.000000
1693775318847785629 176.554407 0.000000
1693775318877334638 176.610814 0.000000
1693775319032928037 176.592142 0.000000
1693775319054195785 176.492998 0.000000
1693775319095083697 176.517251 0.000000
1693775319166471857 176.509369 0.000000
1693775319269718712 176.465030 0.000000
1693775319407704211 176.507073 0.000000
1693775319466371055 176.574395 0.000000
1693775319534568062 176.477689 0.000000
1693775319554590613 176.585470 0.000000
1693775319628233085 176.507178 0.000000
1693775319696816526 176.656150 0.000000
1693775319711132012 176.547402 0.000000
1693775319712639371 176.513257 0.000000
1693775319796306692 176.501911 0.000000
1693775319942378513 176.500026 0.000000
1693775320026398866 176.582980 0.000000
1693775320158048096 176.464343 0.000000
1693775320861661360 176.432670 0.000000
1693775320887977785 176.475684 0.000000
1693775320945144663 176.488916 0.000000
1693775320998138613 176.598386 0.000000
1693775321210103162 176.515723 0.000000
1693775321302064849 176.510365 0.000000
1693775321479818739 176.507499 0.000000
1693775321568022289 176.578028 0.000000
1693775321881755322 176.546236 0.000000
1693775322034879980 176.471510 0.000000
1693775322390212085 176.598095 0.000000
1693775322470634794 176.478884 0.000000
1693775322624172728 176.597829 0.000000
1693775322707759988 176.698723 0.000000
1693775322853734757 176.515535 0.000000
1693775322884298288 176.515481 0.000000
1693775323000580615 176.512901 0.000000
1693775323066059360 176.646853 0.000000
1693775323069126359 176.505380 0.000000
1693775323069957263 176.595018 0.000000
1693775323422584011 176.602670 0.000000
1693775323503095181 176.626325 0.000000
1693775323603587450 176.531770 0.000000
1693775323625524421 176.574750 0.000000
1693775323649367977 176.633545 0.000000
1693775323780242317 176.631122 0.000000
1693775323826149421 176.686233 0.000000
1693775324002829972 176.650527 0.000000
1693775324500339329 176.616254 0.000000
1693775324622036829 176.613595 0.000000
1693775324686321851 176.504752 0.000000
1693775324834010400 176.645735 0.000000
1693775324891305131 176.666829 0.000000
1693775325033900379 176.617986 0.000000
1693775325570346881 176.535579 0.000000
1693775325718100351 176.582654 0.000000
1693775325740839870 176.465656 0.000000
1693775325746922348 176.534813 0.000000
1693775325894733763 176.617469 0.000000
1693775325925499319 176.564155 0.000000
1693775325986864519 176.588959 0.000000
1693775326255712316 176.684927 0.000000
1693775326356894169 176.608754 0.000000
1693775326690149108 176.518213 0.000000
1693775326785904941 176.605421 0.000000
1693775326798664822 176.516484 0.000000
1693775327073224680 176.484775 0.000000
1693775327227687236 176.528742 0.000000
1693775327312957543 176.696573 0.000000
1693775327338250902 176.625443 0.000000
1693775327693239137 176.624811 0.000000
1693775327725893429 176.577146 0.000000
1693775327859067062 176.548143 0.000000
1693775327894588713 176.640335 0.000000
1693775328071435662 176.494349 0.000000
1693775328133611464 176.627538 0.000000
1693775328162852762 176.469781 0.000000
1693775328197101912 176.445625 0.000000
1693775328223144990 176.454565 0.000000
1693775328310175139 176.539202 0.000000
1693775328336610069 176.631567 0.000000
1693775328513161926 176.535814 0.000000
1693775328604274743 176.510681 0.000000
1693775328654438991 176.503511 0.000000
1693775328811598369 176.562762 0.000000
1693775328834247649 176.492704 0.000000
1693775328906361433 176.525470 0.000000
1693775329007720809 176.547777 0.000000
1693775329045648220 176.526858 0.000000
1693775329192099068 176.552649 0.000000
1693775329227792880 176.603282 0.000000
1693775329361190545 176.594937 0.000000
1693775329404271035 176.451293 0.000000
1693775329541314176 176.496238 0.000000
1693775329603759230 176.527480 0.000000
1693775329611631503 176.427958 0.000000
1693775329722215386 176.539769 0.000000
1693775329813641968 176.471214 0.000000
1693775329898702247 176.463320 0.000000
1693775330255304796 176.543718 0.000000
1693775330274483595 176.480408 0.000000
1693775330585226379 176.565374 0.000000
1693775330716522231 176.662067 0.000000
1693775330724561514 176.639821 0.000000
1693775330813622576 176.485141 0.000000
1693775330901099568 176.514390 0.000000
1693775330937354632 176.561579 0.000000
1693775331198238652 176.508172 0.000000
1693775331519366268 176.475785 0.000000
1693775331607900467 176.410508 0.000000
1693775331728168476 176.487051 0.000000
1693775332016288081 176.556753 0.000000
1693775332085991800 176.469775 0.000000
1693775332432464835 176.496803 0.000000
1693775332697628412 176.664355 0.000000
1693775332753230011 176.706878 0.000000
1693775332818783395 176.662158 0.000000
1693775333325996628 176.616710 0.000000
1693775334117851627 176.458440 0.000000
1693775334164906372 176.614387 0.000000
1693775334259426646 176.547206 0.000000
1693775334320933125 176.514490 0.000000
1693775334324748795 176.554272 0.000000
1693775334554363784 176.510034 0.000000
1693775334612909832 176.485908 0.000000
1693775334678193518 176.736771 0.000000
1693775334824532380 176.511993 0.000000
1693775335050785228 176.501008 0.000000
1693775335207858841 176.635762 0.000000
1693775335410744488 176.544565 0.000000
1693775335667714394 176.704777 0.000000
1693775335882253285 176.572014 0.000000
1693775335915163036 176.508671 0.000000
1693775336021419351 176.791329 0.000000
1693775336023007759 176.504210 0.000000
1693775336180689183 177.008284 0.000000
1693775336204218976 176.528438 0.000000
1693775336268577915 176.621830 0.000000
1693775336287868290 176.446452 0.000000
1693775336470554265 176.575898 0.000000
1693775336500279981 176.598541 0.000000
1693775336613562565 176.620848 0.000000
1693775336676991028 176.701093 0.000000
1693775337206937315 176.470868 0.000000
1693775337560211090 176.607161 0.000000
1693775337674457312 176.641616 0.000000
1693775337796129791 176.514149 0.000000
1693775337914678462 176.474708 0.000000
1693775338355487832 176.609591 0.000000
1693775338474921344 176.571257 0.000000
1693775338651574196 176.631963 0.000000
1693775338704787346 176.754489 0.000000
1693775339093467559 176.597830 0.000000
1693775339121103750 176.587420 0.000000
1693775339380886893 176.579090 0.000000
1693775339681525764 176.556287 0.000000
1693775339796380809 176.642709 0.000000
1693775339946776468 176.628721 0.000000
1693775340119793101 176.676076 0.000000
1693775340242711053 176.640508 0.000000
1693775340271307530 176.988102 0.000000
1693775340300212951 176.628560 0.000000
1693775340389051925 176.640859 0.000000
1693775340389095552 176.766311 0.000000
1693775340565624962 176.522744 0.000000
1693775340618750383 176.552758 0.000000
1693775340659243486 176.641405 0.000000
1693775340691919428 176.770951 0.000000
1693775340769244933 176.663748 0.000000
1693775340778218530 176.517517 0.000000
1693775340868477785 176.536965 0.000000
1693775341214900538 176.600716 0.000000
1693775341398444104 176.508014 0.000000
1693775341420138821 176.500187 0.000000
1693775341538005711 176.620055 0.000000
1693775341862873422 176.505378 0.000000
1693775341896503049 176.657372 0.000000
1693775342032798464 176.524308 0.000000
1693775342338252367 176.599238 0.000000
1693775342514916009 176.638459 0.000000
1693775342569377159 176.564181 0.000000
1693775342776876956 176.780905 0.000000
1693775342780069652 176.533253 0.000000
1693775342900436943 176.488578 0.000000
1693775343895217060 176.600215 0.000000
1693775343895350115 176.540751 0.000000
1693775344039133258 176.630805 0.000000
1693775344072043962 176.811586 0.000000
1693775344160248018 176.560913 0.000000
1693775344401703496 176.478992 0.000000
1693775344544517504 176.537032 0.000000
1693775344544607634 176.647554 0.000000
1693775344602426490 176.623218 0.000000
1693775344684906312 176.660314 0.000000
1693775345162893102 176.550885 0.000000
1693775345285517466 176.506255 0.000000
1693775345480372345 176.566140 0.000000
1693775345486168727 176.436523 0.000000
1693775345757581760 176.490774 0.000000
1693775345983890949 176.544670 0.000000
1693775345987868883 176.548253 0.000000
1693775346104843481 176.554177 0.000000
1693775346369697466 176.491531 0.000000
1693775346399464123 176.583546 0.000000
1693775346399465185 176.610859 0.000000
1693775346576016958 176.536044 0.000000
1693775346756005523 176.501670 0.000000
1693775346841148194 176.684495 0.000000
1693775347019096100 176.584979 0.000000
1693775347427122403 176.577923 0.000000
1693775347494924511 176.481178 0.000000
1693775347751469082 176.597032 0.000000
1693775347955644676 176.606199 0.000000
1693775348170054097 176.553166 0.000000
1693775348433442155 176.503815 0.000000
1693775348551203826 176.546374 0.000000
1693775348609947574 176.488995 0.000000
1693775348732277263 176.511293 0.000000
1693775349057136137 176.596305 0.000000
1693775349077520219 176.581897 0.000000
1693775349375442206 176.552253 0.000000
1693775349493180572 176.692845 0.000000
1693775349702324801 176.586818 0.000000
1693775349728997675 176.560978 0.000000
1693775349792884575 176.462323 0.000000
1693775349878903786 176.554553 0.000000
1693775349879124745 176.570004 0.000000
1693775349994026524 176.606054 0.000000
1693775350018851115 176.566611 0.000000
1693775350082588653 176.524855 0.000000
1693775350171686195 176.534461 0.000000
1693775350200152122 176.576695 0.000000
1693775350289463973 176.618072 0.000000
1693775350642789427 176.515737 0.000000
1693775350850921341 176.524533 0.000000
1693775350941389136 176.507860 0.000000
1693775351054503835 176.568585 0.000000
1693775351084360871 176.447654 0.000000
1693775351114551368 176.549727 0.000000
1693775351444022895 176.585610 0.000000
1693775351526235079 176.498497 0.000000
1693775351557750170 176.584063 0.000000
1693775351936443055 176.596576 0.000000
1693775351938374215 176.509573 0.000000
1693775351939207024 176.590958 0.000000
1693775352176156444 176.516039 0.000000
1693775352176189892 176.453177 0.000000
1693775352232759103 176.498533 0.000000
1693775352534082076 176.606675 0.000000
1693775352793992706 176.540361 0.000000
1693775352971810720 176.612208 0.000000
1693775353147257164 176.557058 0.000000
1693775353264810920 176.589404 0.000000
1693775353293682157 176.612273 0.000000
1693775353329556980 176.713824 0.000000
1693775353353277918 176.653654 0.000000
1693775353411945590 176.513658 0.000000
1693775353501953726 176.613671 0.000000
1693775353530080058 176.703756 0.000000
1693775353558664632 176.587725 0.000000
1693775353588540648 176.568209 0.000000
1693775353706710242 176.613505 0.000000
1693775354060048688 176.520133 0.000000
1693775354506517170 176.497772 0.000000
1693775354590396018 176.636404 0.000000
1693775354743730519 176.523466 0.000000
1693775354767200839 176.711769 0.000000
1693775354767272271 176.787676 0.000000
1693775354825292214 176.522063 0.000000
1693775355061068233 176.496823 0.000000
1693775355148957391 176.468904 0.000000
1693775355237523415 176.432970 0.000000
1693775355414040691 176.500147 0.000000
1693775355562974729 176.505885 0.000000
1693775355566665139 176.514155 0.000000
1693775356005093752 176.681699 0.000000
1693775356069281137 176.544720 0.000000
1693775356297928061 176.558372 0.000000
1693775356327925540 176.679594 0.000000
1693775356386215567 176.497621 0.000000
1693775356447107450 176.713393 0.000000
1693775356505982089 176.550002 0.000000
1693775356713030891 176.525521 0.000000
1693775356889237284 176.581185 0.000000
1693775356892429329 176.573041 0.000000
1693775357331361254 176.569794 0.000000
1693775357394926661 176.615771 0.000000
1693775357977584887 176.646678 0.000000
1693775358007217951 176.501876 0.000000
1693775358101738966 176.535509 0.000000
1693775358215186550 176.569342 0.000000
1693775358272259920 176.575032 0.000000
1693775358301954995 176.458635 0.000000
1693775358478508435 176.523331 0.000000
1693775358596538415 176.781792 0.000000
1693775358632151023 176.659227 0.000000
1693775358808829083 176.654400 0.000000
1693775358834079437 176.525074 0.000000
1693775358866476350 176.482210 0.000000
1693775358979303235 176.560330 0.000000
1693775359126915491 176.586060 0.000000
1693775359215293526 176.636739 0.000000
1693775359303647797 176.537254 0.000000
1693775359689067305 176.452195 0.000000
1693775359718578225 176.619805 0.000000
1693775360337311826 176.613485 0.000000
1693775360395979493 176.573573 0.000000
1693775360453706049 176.627368 0.000000
1693775360457390801 176.596771 0.000000
1693775360600538981 176.596130 0.000000
1693775360749301895 176.550323 0.000000
1693775360779746625 176.451678 0.000000
1693775361013643194 176.761088 0.000000
1693775361044544235 176.477224 0.000000
1693775361219186467 176.620136 0.000000
1693775361486454056 176.652516 0.000000
1693775361632881269 176.772961 0.000000
1693775361662867521 176.542741 0.000000
1693775361839706647 176.572054 0.000000
1693775361868739765 176.607081 0.000000
1693775362104768041 176.535113 0.000000
1693775362368468683 176.517076 0.000000
1693775362403054861 176.605367 0.000000
1693775362610033967 176.538841 0.000000
1693775362782443326 176.690590 0.000000
1693775362875014142 176.591143 0.000000
1693775363018479331 176.476046 0.000000
1693775363076719066 176.428605 0.000000
1693775363109814309 176.562194 0.000000
1693775363139942632 176.589079 0.000000
1693775363253584573 176.843350 0.000000
1693775363286373525 176.538637 0.000000
1693775363401226398 176.593418 0.000000
1693775363404847211 176.519466 0.000000
1693775363605956328 176.551435 0.000000
1693775363606976984 176.473309 0.000000
1693775363667338778 176.487227 0.000000
1693775363754926815 176.591790 0.000000
1693775363755005789 176.527048 0.000000
1693775363902715746 176.578740 0.000000
1693775363993116543 176.570506 0.000000
1693775364048819919 176.513918 0.000000
1693775364285390888 176.695220 0.000000
1693775364402300185 176.666238 0.000000
1693775364667212797 176.428851 0.000000
1693775364698436485 176.648141 0.000000
1693775364992443854 176.582889 0.000000
1693775364992476024 176.587885 0.000000
1693775365081009291 176.671871 0.000000
1693775365109153200 176.569978 0.000000
1693775365257543197 176.521552 0.000000
1693775365317206526 176.506521 0.000000
1693775365611328823 176.441645 0.000000
1693775365759408768 176.606861 0.000000
1693775365759459115 176.769649 0.000000
1693775365936190745 176.713378 0.000000
1693775366053175552 176.644382 0.000000
1693775366053295687 176.736026 0.000000
1693775366056258188 176.654071 0.000000
1693775366406820321 176.701786 0.000000
1693775366406825543 176.620572 0.000000
1693775366435386913 176.573968 0.000000
1693775366523983247 176.738135 0.000000
1693775366612287848 176.644888 0.000000
1693775366760761880 176.906502 0.000000
1693775366761252712 176.587219 0.000000
1693775367202654100 176.619855 0.000000
1693775367231131059 176.552839 0.000000
1693775367761676752 176.677094 0.000000
1693775368086745120 176.460795 0.000000
1693775368706032044 176.696394 0.000000
1693775368822407202 176.591239 0.000000
1693775369118129253 176.531839 0.000000
1693775369175768110 176.546865 0.000000
1693775369325038331 176.587696 0.000000
1693775369413601252 176.774620 0.000000
1693775369560828817 176.564767 0.000000
1693775369590178708 176.636053 0.000000
1693775369591616685 176.552479 0.000000
1693775369706282304 176.696664 0.000000
1693775369735802832 176.533961 0.000000
1693775370032258596 176.627308 0.000000
1693775370179665489 176.877139 0.000000
1693775370236501808 176.632634 0.000000
1693775370620426296 176.515292 0.000000
1693775370651222628 176.508040 0.000000
1693775370885591823 176.842278 0.000000
1693775370916598028 176.638659 0.000000
1693775370943831778 176.622906 0.000000
1693775370945759951 176.538160 0.000000
1693775371091553450 176.664640 0.000000
1693775371120626476 176.620011 0.000000
1693775371270409294 176.933971 0.000000
1693775371297550489 176.907229 0.000000
1693775371739650032 176.559485 0.000000
1693775371800478348 176.695085 0.000000
1693775371975250647 176.622882 0.000000
1693775372181660017 176.631332 0.000000
1693775372358920874 176.483763 0.000000
1693775372623823624 176.505473 0.000000
1693775372682787505 176.496278 0.000000
1693775372831006644 176.522694 0.000000
1693775372861470452 176.467116 0.000000
1693775372890415100 176.500393 0.000000
1693775372977327429 176.731881 0.000000
1693775373007333778 176.612423 0.000000
1693775373449148548 176.560146 0.000000
1693775373508012396 176.860000 0.000000
1693775373566397971 176.655302 0.000000
1693775373625823537 176.649810 0.000000
1693775373744886210 176.463245 0.000000
1693775373744933630 176.572008 0.000000
1693775373921533564 176.638166 0.000000
1693775374008183303 176.509618 0.000000
1693775374098308460 176.590233 0.000000
1693775374156808767 176.589114 0.000000
1693775374333325698 176.493277 0.000000
1693775374687121643 176.476076 0.000000
1693775374775095825 176.737434 0.000000
1693775374952035183 176.548213 0.000000
1693775374980697509 176.631047 0.000000
1693775375040521121 176.434198 0.000000
1693775375216904391 176.547472 0.000000
1693775375335712917 176.519006 0.000000
1693775375542546253 177.036155 0.000000
1693775375719527239 176.689302 0.000000
1693775376484672052 176.503685 0.000000
1693775376603516557 176.506737 0.000000
1693775376603579940 176.583185 0.000000
1693775376632099337 176.546028 0.000000
1693775376721659765 176.618151 0.000000
1693775377014809399 176.626035 0.000000
1693775377074839238 176.450371 0.000000
1693775377103097601 176.552213 0.000000
1693775377134099607 176.584683 0.000000
1693775377222445929 176.491848 0.000000
1693775377456874357 176.760834 0.000000
1693775377604328830 176.534471 0.000000
1693775377693241095 176.478395 0.000000
1693775377751936612 176.529620 0.000000
1693775377810304059 176.546895 0.000000
1693775378018408809 176.740506 0.000000
1693775378047225173 176.594737 0.000000
1693775378252313332 176.649995 0.000000
1693775378488721092 176.579552 0.000000
1693775378576969932 176.619575 0.000000
1693775378606184823 176.862506 0.000000
1693775378636912190 176.543011 0.000000
1693775378665518966 176.744252 0.000000
1693775378723931995 176.629418 0.000000
1693775378723957299 176.681589 0.000000
1693775378842471877 176.739394 0.000000
1693775379018934516 176.493943 0.000000
1693775379136602062 176.573558 0.000000
1693775379372466778 176.609452 0.000000
1693775379431004667 176.617795 0.000000
1693775379490074064 176.716405 0.000000
1693775379667019918 176.553866 0.000000
1693775379786118049 176.506386 0.000000
1693775379786186017 176.553346 0.000000
1693775380051227104 176.613546 0.000000
1693775380080259200 176.572365 0.000000
1693775380108899785 176.613370 0.000000
1693775380168821730 176.714145 0.000000
1693775380257200363 176.713648 0.000000
1693775380316107487 176.499164 0.000000
1693775380434072811 176.727336 0.000000
1693775380727858455 176.662975 0.000000
1693775380727909438 176.604820 0.000000
1693775380846365169 176.509779 0.000000
1693775380904805997 176.593078 0.000000
1693775381111066009 176.502367 0.000000
1693775381170521450 176.482120 0.000000
1693775381230037846 176.634129 0.000000
1693775381435445369 176.635967 0.000000
1693775382114314067 176.557290 0.000000
1693775382379362977 176.480466 0.000000
1693775382585306027 176.587856 0.000000
1693775382614118321 176.490093 0.000000
1693775382790649234 176.509975 0.000000
1693775382967883865 176.534196 0.000000
1693775383115702086 176.508011 0.000000
1693775383232489088 176.514189 0.000000
1693775383439980405 176.582810 0.000000
1693775383645968058 176.469515 0.000000
1693775383762885783 176.718337 0.000000
1693775383793450502 176.439967 0.000000
1693775383852010718 176.468022 0.000000
1693775384028668988 176.426064 0.000000
1693775384058402146 176.560968 0.000000
1693775384176651040 176.622262 0.000000
1693775384352829503 176.571612 0.000000
1693775384500296542 176.547667 0.000000
1693775384735678979 176.588908 0.000000
1693775384913118703 176.393944 0.000000
1693775385000837825 176.519621 0.000000
1693775385089237277 176.723211 0.000000
1693775385177410444 176.537896 0.000000
1693775385531077005 176.562436 0.000000
1693775385561181878 176.514665 0.000000
1693775385619316128 176.602490 0.000000
1693775386002930208 176.687678 0.000000
1693775386091422836 176.580519 0.000000
1693775386239174237 176.664695 0.000000
1693775386504100225 176.729962 0.000000
1693775386680889425 176.623454 0.000000
1693775386857832252 176.705464 0.000000
1693775386946448062 176.639431 0.000000
1693775387448151992 176.642092 0.000000
1693775387477086256 176.569263 0.000000
1693775387565389046 176.557436 0.000000
1693775387742341786 176.612287 0.000000
1693775387742375816 176.810244 0.000000
1693775388096430303 176.871022 0.000000
1693775388184628470 176.893868 0.000000
1693775388243468648 176.504466 0.000000
1693775388478805831 176.579637 0.000000
1693775388538538772 176.598746 0.000000
1693775389304510053 176.579938 0.000000
1693775389334351057 176.569604 0.000000
1693775389334442505 176.583856 0.000000
1693775389451569959 176.686640 0.000000
1693775389540157934 176.641747 0.000000
1693775389599269434 176.477522 0.000000
1693775389628689237 176.673375 0.000000
1693775389717413213 176.478962 0.000000
1693775389953733438 176.670754 0.000000
1693775390513091210 176.651063 0.000000
1693775390955296981 176.627208 0.000000
1693775391043530491 176.574355 0.000000
1693775391102464888 176.524529 0.000000
1693775391220331131 176.681915 0.000000
1693775391278932995 176.612934 0.000000
1693775391278996739 176.488023 0.000000
1693775391544428179 176.473449 0.000000
1693775391603457457 176.680071 0.000000
1693775391603464714 176.743894 0.000000
1693775391750614289 176.519918 0.000000
1693775391868452151 176.545227 0.000000
1693775391868741369 176.773171 0.000000
1693775392074986677 176.877806 0.000000
1693775392163071616 176.571427 0.000000
1693775392280970817 176.478913 0.000000
1693775392281212113 176.559370 0.000000
1693775392607132033 177.656423 0.000000
1693775392872605056 176.686310 0.000000
1693775392960909320 176.516765 0.000000
1693775393049216622 176.633207 0.000000
1693775393049230865 176.619074 0.000000
1693775393302250491 176.550339 0.000000
1693775393345239653 176.650296 0.000000
1693775393390738914 176.642363 0.000000
1693775393522124641 176.771829 0.000000
1693775393567236033 176.480722 0.000000
1693775393756514007 176.565113 0.000000
1693775393844979241 176.631648 0.000000
1693775393963066399 176.640298 0.000000
1693775394022099256 176.772300 0.000000
1693775394110151554 176.585520 0.000000
1693775394229206855 176.616704 0.000000
1693775394287085154 176.575086 0.000000
1693775394362782825 176.576174 0.000000
1693775394526707842 176.564327 0.000000
1693775394640549618 176.438693 0.000000
1693775394909469353 176.529164 0.000000
1693775395158070494 176.611164 0.000000
1693775395171027854 176.715573 0.000000
1693775395496597880 176.438362 0.000000
1693775395674314548 176.568595 0.000000
1693775396395844492 176.510791 0.000000
1693775396438169594 176.592727 0.000000
1693775396441281989 176.523692 0.000000
1693775396484279486 176.534382 0.000000
1693775396703872065 176.484766 0.000000
1693775397469702268 176.669877 0.000000
1693775397646558098 176.459817 0.000000
1693775398075907258 176.713929 0.000000
1693775398148007300 176.440247 0.000000
1693775398265026109 176.538200 0.000000
1693775398429503548 176.703920 0.000000
1693775398501583789 176.542921 0.000000
1693775398590186745 176.754524 0.000000
1693775398606196825 176.507309 0.000000
1693775398648254810 176.496719 0.000000
1693775398737457481 176.570961 0.000000
1693775398767075536 176.746425 0.000000
1693775398825881048 176.627228 0.000000
1693775399120575162 176.625744 0.000000
1693775399208915425 176.566094 0.000000
1693775399502540339 176.551191 0.000000
1693775399590785577 176.463727 0.000000
1693775399622695907 176.564471 0.000000
1693775399679218415 176.432755 0.000000
1693775399767320635 176.444186 0.000000
1693775399885707991 176.567959 0.000000
1693775399944013961 176.497085 0.000000
1693775400004675508 176.605607 0.000000
1693775400004802489 176.684596 0.000000
1693775400004839480 176.635416 0.000000
1693775400181617454 176.574987 0.000000
1693775400181698598 176.587992 0.000000
1693775400227355249 176.601176 0.000000
1693775400297420285 176.526879 0.000000
1693775400329576021 176.564501 0.000000
1693775400385970933 176.652326 0.000000
1693775400474386336 176.624667 0.000000
1693775400505061115 176.509544 0.000000
1693775400712197627 176.599257 0.000000
1693775400977569775 176.686531 0.000000
1693775401022630990 176.576956 0.000000
1693775401065582050 176.556227 0.000000
1693775401123510678 176.473057 0.000000
1693775401183745189 176.520348 0.000000
1693775401242451716 176.536857 0.000000
1693775401358077638 176.548030 0.000000
1693775401566435866 176.600029 0.000000
1693775401623283511 176.640353 0.000000
1693775401625639505 176.575678 0.000000
1693775401684612998 176.600726 0.000000
1693775401829940457 176.422816 0.000000
1693775402171857026 176.603312 0.000000
1693775402244198029 176.638273 0.000000
1693775402506911463 176.557155 0.000000
1693775402772075452 176.766196 0.000000
1693775402862783491 176.633868 0.000000
1693775402948804927 176.705354 0.000000
1693775403010138706 176.586688 0.000000
1693775403010776113 176.621389 0.000000
1693775403056420862 176.970301 0.000000
1693775403304639678 176.492775 0.000000
1693775403362112083 176.584664 0.000000
1693775403629370671 176.699531 0.000000
1693775403717575354 176.472998 0.000000
1693775403892489469 176.572706 0.000000
1693775403923248529 176.587826 0.000000
1693775403951008324 176.669206 0.000000
1693775404070934843 176.517933 0.000000
1693775404718907322 176.546575 0.000000
1693775405160814303 176.459719 0.000000
1693775405207712454 176.695858 0.000000
1693775405394920189 176.484541 0.000000
1693775405396129640 176.502212 0.000000
1693775405718335550 176.460108 0.000000
1693775405748203061 176.475509 0.000000
1693775405779856493 176.651995 0.000000
1693775405894842828 176.481774 0.000000
1693775406013197910 176.532202 0.000000
1693775406310188248 176.582218 0.000000
1693775406487025264 176.632960 0.000000
1693775406680475755 176.598160 0.000000
1693775406840552965 176.575728 0.000000
1693775407162250547 176.540797 0.000000
1693775407387802018 176.699841 0.000000
1693775407397886591 176.577031 0.000000
1693775407418054399 176.429828 0.000000
1693775407487670920 176.552018 0.000000
1693775407516482924 176.544721 0.000000
1693775407574693511 176.530678 0.000000
1693775407780845175 176.677454 0.000000
1693775407928030368 176.489261 0.000000
1693775408016243771 176.475088 0.000000
1693775408078042877 176.445088 0.000000
1693775408254944864 176.520800 0.000000
1693775408369312855 176.488176 0.000000
1693775408520032367 176.636154 0.000000
1693775408608316682 176.576615 0.000000
1693775408784881744 176.554368 0.000000
1693775408801458033 176.514100 0.000000
1693775408899872375 176.568531 0.000000
1693775408899907968 176.602781 0.000000
1693775409253331196 176.515262 0.000000
1693775409518320553 176.526633 0.000000
1693775409518354762 176.545964 0.000000
1693775409580141820 176.568646 0.000000
1693775409695121896 176.647094 0.000000
1693775410225454613 176.796622 0.000000
1693775410313867004 176.539741 0.000000
1693775410375597836 176.577697 0.000000
1693775410432670324 176.518805 0.000000
1693775410873347216 176.614859 0.000000
1693775411020835906 176.529831 0.000000
1693775411082931130 176.601279 0.000000
1693775411111613436 176.565093 0.000000
1693775411249231876 176.591924 0.000000
1693775411286027342 176.564736 0.000000
1693775411580329739 176.611933 0.000000
1693775411846447212 176.454566 0.000000
1693775412169712979 176.507740 0.000000
1693775412232130569 176.435989 0.000000
1693775412611831898 176.434148 0.000000
1693775412703260104 176.527590 0.000000
1693775412730472128 176.460208 0.000000
1693775412817816924 176.538676 0.000000
1693775412877159467 177.023154 0.000000
1693775413055423905 176.467881 0.000000
1693775413318862316 176.509853 0.000000
1693775413724198549 176.630455 0.000000
1693775413760645664 176.460224 0.000000
1693775413851313169 176.502883 0.000000
1693775413878296446 176.576053 0.000000
1693775413989142771 176.548770 0.000000
1693775414530628187 176.507173 0.000000
1693775414644466536 176.681359 0.000000
1693775414703453641 176.508456 0.000000
1693775414850662418 176.607106 0.000000
1693775414850710044 176.484199 0.000000
1693775414880008982 176.529676 0.000000
1693775415027474566 176.743954 0.000000
1693775415237198330 176.531154 0.000000
1693775415253466371 176.547377 0.000000
1693775415793762871 176.509895 0.000000
1693775415944178773 176.539674 0.000000
1693775416059936494 176.627799 0.000000
1693775416205805287 176.511418 0.000000
1693775416209267602 176.511087 0.000000
1693775416297425029 176.474922 0.000000
1693775416474149433 176.481453 0.000000
1693775416530530172 176.487192 0.000000
1693775416912701048 176.551697 0.000000
1693775416914056974 176.506651 0.000000
1693775416915808100 176.495541 0.000000
1693775416943859188 176.567458 0.000000
1693775416962570115 176.739324 0.000000
1693775417089420871 176.694159 0.000000
1693775417089454099 176.487112 0.000000
1693775417297264760 176.552438 0.000000
1693775417299740077 176.615952 0.000000
1693775417437028694 176.538962 0.000000
1693775417473109000 176.550068 0.000000
1693775417679505269 176.577862 0.000000
1693775417797467696 176.540992 0.000000
1693775417827288603 176.440503 0.000000
1693775417856090604 176.561575 0.000000
1693775418033580630 176.588071 0.000000
1693775418199861900 176.509308 0.000000
1693775418326814965 176.543798 0.000000
1693775418329596174 176.463466 0.000000
1693775418418007552 176.477975 0.000000
1693775418586419528 176.632144 0.000000
1693775418591959383 176.533870 0.000000
1693775418713374031 176.546495 0.000000
1693775419116691549 176.555575 0.000000
1693775419122257460 176.528623 0.000000
1693775419122708655 176.481448 0.000000
1693775419182367564 176.569878 0.000000
1693775419614434280 176.594116 0.000000
1693775419860480845 176.702292 0.000000
1693775419967870728 176.491582 0.000000
1693775420273252349 176.525826 0.000000
1693775420481075499 176.497531 0.000000
1693775420708340522 176.628200 0.000000
1693775420831752790 176.550073 0.000000
1693775420862030947 176.531816 0.000000
1693775421098157872 176.531841 0.000000
1693775421155693403 176.546845 0.000000
1693775421187981418 176.564292 0.000000
1693775421238488640 176.596226 0.000000
1693775421392035941 176.512135 0.000000
1693775421568673363 176.454416 0.000000
1693775421628085442 176.540004 0.000000
1693775421687438759 176.433332 0.000000
1693775421745347094 176.505885 0.000000
1693775421952355167 176.496894 0.000000
1693775422159719925 176.442302 0.000000
1693775422246407125 176.477043 0.000000
1693775422299257857 176.663035 0.000000
1693775422394206307 176.626095 0.000000
1693775422511431574 176.479108 0.000000
1693775422531407395 176.536502 0.000000
1693775422924136655 176.455296 0.000000
1693775423006094415 176.549797 0.000000
1693775423041718500 176.594086 0.000000
1693775423100629929 176.536592 0.000000
1693775423130097614 176.619244 0.000000
1693775423247759402 176.491091 0.000000
1693775423365580285 176.513775 0.000000
1693775423424488151 176.533434 0.000000
1693775423542320841 176.629563 0.000000
1693775423542400943 176.486114 0.000000
1693775423624520492 176.551176 0.000000
1693775423660668942 176.683238 0.000000
1693775423660832367 176.823520 0.000000
1693775423749959752 176.488403 0.000000
1693775423777822913 176.590376 0.000000
1693775423801078002 176.542832 0.000000
1693775423984145214 176.545346 0.000000
1693775424014915757 176.572961 0.000000
1693775424191197525 176.649635 0.000000
1693775424210718032 176.682772 0.000000
1693775424368287881 176.726980 0.000000
1693775424514552386 176.632079 0.000000
1693775424575011431 176.455558 0.000000
1693775424810309103 176.754134 0.000000
1693775424928337138 176.477905 0.000000
1693775425015673269 176.489682 0.000000
1693775425044807688 176.599514 0.000000
1693775425044901356 176.682712 0.000000
1693775425164080240 176.784603 0.000000
1693775425341110346 176.820498 0.000000
1693775425398274873 176.549016 0.000000
1693775425458347564 176.550745 0.000000
1693775425694655753 176.688220 0.000000
1693775425811554805 176.430490 0.000000
1693775426184949545 176.555676 0.000000
1693775426225234463 176.666244 0.000000
1693775426607418792 176.520949 0.000000
1693775426785152229 176.679358 0.000000
1693775426803590784 176.623022 0.000000
1693775426900473635 176.482313 0.000000
1693775426932495314 176.525065 0.000000
1693775427775799932 176.501931 0.000000
1693775428198638315 176.610175 0.000000
1693775428375679982 176.642609 0.000000
1693775428464101259 176.598416 0.000000
1693775428552510943 176.674617 0.000000
1693775428580134090 176.660349 0.000000
1693775428700103535 176.559409 0.000000
1693775428994544038 176.559877 0.000000
1693775429190292683 176.748369 0.000000
1693775429347998704 176.665135 0.000000
1693775429366942754 176.624957 0.000000
1693775429464059220 176.535484 0.000000
1693775429701668957 176.649154 0.000000
1693775429817460878 176.536225 0.000000
1693775430966665835 176.555957 0.000000
1693775431028280506 176.423920 0.000000
1693775431134423433 176.654030 0.000000
1693775431205071260 176.489622 0.000000
1693775431469365694 176.477525 0.000000
1693775431558382146 176.572080 0.000000
1693775431585257838 176.500437 0.000000
1693775432027153302 176.542761 0.000000
1693775432115678846 176.623468 0.000000
1693775432264485357 176.558708 0.000000
1693775432292122432 176.510813 0.000000
1693775432321744064 176.519913 0.000000
1693775432558964698 176.456628 0.000000
1693775432617995909 176.540696 0.000000
1693775432618610876 176.458529 0.000000
1693775432941652346 176.573958 0.000000
1693775432971414406 176.556006 0.000000
1693775433263845933 176.535148 0.000000
1693775433413312596 176.678096 0.000000
1693775433520790710 176.574871 0.000000
1693775433705685642 176.481719 0.000000
1693775433885457258 176.481995 0.000000
1693775434050815466 176.509176 0.000000
1693775434120838694 176.437660 0.000000
1693775434209399345 176.663593 0.000000
1693775434413823725 176.472513 0.000000
1693775434677269378 176.485248 0.000000
1693775435113761680 176.607502 0.000000
1693775435180906314 176.514185 0.000000
1693775435207504720 176.552303 0.000000
1693775435269319872 176.556668 0.000000
1693775435560886236 176.550023 0.000000
1693775435622882981 176.585360 0.000000
1693775435820468582 176.448105 0.000000
1693775435976481517 176.649815 0.000000
1693775435976483938 176.643675 0.000000
1693775436064811622 176.576445 0.000000
1693775436948753821 176.526773 0.000000
1693775437007627803 176.538356 0.000000
1693775437066954198 176.722940 0.000000
1693775437235101147 176.518575 0.000000
1693775437770185469 176.550684 0.000000
1693775437774071129 176.613977 0.000000
1693775438009277833 176.527967 0.000000
1693775438066627316 176.524944 0.000000
1693775438118872057 176.613276 0.000000
1693775438480704624 176.495877 0.000000
1693775438598616695 176.502547 0.000000
1693775438914426107 176.592562 0.000000
1693775439095747075 176.579512 0.000000
1693775439247466822 176.535955 0.000000
1693775439356105473 176.499831 0.000000
1693775439424118767 176.634139 0.000000
1693775439482154819 176.497273 0.000000
1693775439482196536 176.529856 0.000000
1693775439621071019 176.577162 0.000000
1693775439944621414 176.544645 0.000000
1693775439982587155 176.461777 0.000000
1693775440042498135 176.456335 0.000000
1693775440068172646 176.596968 0.000000
1693775440365264736 176.496027 0.000000
1693775440451072535 176.545047 0.000000
1693775440453842643 176.435742 0.000000
1693775440512393778 176.538983 0.000000
1693775440514585048 176.628240 0.000000
1693775440563134123 176.552328 0.000000
1693775440602825575 176.728784 0.000000
1693775440660882565 176.441626 0.000000
1693775440770368938 176.586999 0.000000
1693775440807220310 176.458184 0.000000
1693775440837692979 176.448271 0.000000
1693775440895522700 176.651269 0.000000
1693775441014219156 176.509294 0.000000
1693775441040316190 176.588031 0.000000
1693775441190730304 176.496257 0.000000
1693775441249036905 176.616718 0.000000
1693775441305556657 176.814775 0.000000
1693775441367457384 176.488640 0.000000
1693775441661010181 176.523086 0.000000
1693775441779391449 176.752319 0.000000
1693775441781452331 176.652351 0.000000
1693775441897351060 176.570055 0.000000
1693775442044643226 176.697561 0.000000
1693775442370223852 176.609191 0.000000
1693775442508000936 176.519126 0.000000
1693775442572532522 176.532422 0.000000
1693775442987881224 176.482942 0.000000
1693775443046750881 176.574661 0.000000
1693775443164408911 176.509980 0.000000
1693775443400131405 176.569759 0.000000
1693775443517768300 176.564456 0.000000
1693775443723433708 176.552112 0.000000
1693775443841041911 176.601233 0.000000
1693775443871084093 176.587977 0.000000
1693775443928000904 176.576841 0.000000
1693775444018613642 176.766651 0.000000
1693775444430682280 176.444533 0.000000
1693775444546363251 176.560099 0.000000
1693775444784305759 176.641661 0.000000
1693775444811254436 176.488445 0.000000
1693775444895106342 176.619184 0.000000
1693775444960774343 176.548795 0.000000
1693775444987833492 176.553821 0.000000
1693775445020731746 176.572690 0.000000
1693775445285143774 176.609591 0.000000
1693775445343500437 176.617305 0.000000
1693775445667825872 176.601427 0.000000
1693775445785494851 176.731104 0.000000
1693775445932901063 176.586378 0.000000
1693775446021794153 176.635297 0.000000
1693775446050424685 176.505148 0.000000
1693775446050538515 176.557385 0.000000
1693775446168282118 176.543109 0.000000
1693775446227192806 176.526223 0.000000
1693775446286683292 176.509017 0.000000
1693775446287106111 176.457353 0.000000
1693775446374593545 176.543984 0.000000
1693775446521831485 176.455152 0.000000
1693775446551591779 176.535370 0.000000
1693775446786703013 176.527671 0.000000
1693775446841534746 176.447104 0.000000
1693775447142679716 176.521539 0.000000
1693775447170477728 176.938011 0.000000
1693775447198805199 176.486615 0.000000
1693775447258651789 176.694087 0.000000
1693775447287161515 176.435286 0.000000
1693775447375255490 176.434419 0.000000
1693775447435418266 176.475530 0.000000
1693775447989364543 176.651810 0.000000
1693775448083589043 176.438884 0.000000
1693775448166870280 176.496523 0.000000
1693775448170326505 176.558272 0.000000
1693775448199104585 176.562918 0.000000
1693775448288910635 176.602641 0.000000
1693775448319271243 176.560192 0.000000
1693775448496324001 176.784820 0.000000
1693775448673129479 176.787361 0.000000
1693775448761334027 176.707475 0.000000
1693775448819449313 176.532312 0.000000
1693775448938171203 176.596447 0.000000
1693775449026452504 176.680207 0.000000
1693775449055532136 176.508662 0.000000
1693775449202247294 176.544816 0.000000
1693775449226846928 176.622788 0.000000
1693775449291556448 176.544455 0.000000
1693775449404236400 176.591073 0.000000
1693775449526271146 176.516039 0.000000
1693775449557061014 176.716236 0.000000
1693775449645345723 176.626552 0.000000
1693775449732416216 176.559415 0.000000
1693775449733545284 176.495772 0.000000
1693775449845387867 176.551644 0.000000
1693775449849462536 176.813602 0.000000
1693775449998350553 176.454541 0.000000
1693775450086800015 176.474688 0.000000
1693775450110270149 176.465416 0.000000
1693775450734689051 176.395689 0.000000
1693775450793642737 176.566436 0.000000
1693775450824143481 176.615275 0.000000
1693775450940377702 176.583460 0.000000
1693775451263432544 176.525762 0.000000
1693775451353168025 176.578906 0.000000
1693775451647509112 176.861093 0.000000
1693775452031263029 176.534998 0.000000
