1694223057964567980 144.404852 0.000000
1694223058760496995 144.393976 0.000000
1694223058761077068 144.388749 0.000000
1694223059990524417 144.472226 0.000000
1694223060135023075 144.373547 0.000000
1694223060352488167 144.500302 0.000000
1694223061074687282 144.396621 0.000000
1694223063535047285 144.599005 0.000000
1694223063824613917 144.597589 0.000000
1694223063969233445 144.458012 0.000000
1694223063969703479 144.571466 0.000000
1694223064331832368 144.416926 0.000000
1694223064910693665 144.414174 0.000000
1694223065416646466 144.335977 0.000000
1694223065489543181 144.423621 0.000000
1694223065923775915 144.303162 0.000000
1694223066720241137 144.546339 0.000000
1694223066936207757 144.495528 0.000000
1694223067226172110 144.634626 0.000000
1694223067299039146 144.333057 0.000000
1694223067660353230 144.522126 0.000000
1694223067732238010 144.453035 0.000000
1694223068094346983 144.322106 0.000000
1694223068528224782 144.430386 0.000000
1694223068528255604 144.539021 0.000000
1694223069034722976 144.371933 0.000000
1694223069108552121 144.533738 0.000000
1694223069542204267 144.457126 0.000000
1694223069903728322 144.459130 0.000000
1694223070048260450 144.562576 0.000000
1694223070699616214 144.276351 0.000000
1694223071784211942 144.410973 0.000000
1694223072074583945 144.280765 0.000000
1694223073883503654 144.273120 0.000000
1694223074027830003 144.301572 0.000000
1694223074172794890 144.300882 0.000000
1694223074390047712 144.404293 0.000000
1694223075692728740 144.522970 0.000000
1694223076197540810 144.346158 0.000000
1694223076558205515 144.421360 0.000000
1694223078440752262 144.300579 0.000000
1694223078728293972 144.487221 0.000000
1694223078945346783 144.339823 0.000000
1694223079596794655 144.408683 0.000000
1694223079669025731 144.406596 0.000000
1694223079958505559 144.493140 0.000000
1694223080247596432 144.507684 0.000000
1694223080247918983 144.371757 0.000000
1694223080464683889 144.476847 0.000000
1694223080972204968 144.399803 0.000000
1694223081405573110 144.348354 0.000000
1694223081478252254 144.481443 0.000000
1694223081695102358 144.494515 0.000000
1694223082057632414 144.575165 0.000000
1694223082926234404 144.472768 0.000000
1694223083142964554 144.333107 0.000000
1694223083215046123 144.433320 0.000000
1694223084229083474 144.411171 0.000000
1694223084301283640 144.532400 0.000000
1694223084301465718 144.309783 0.000000
1694223085024526280 144.387747 0.000000
1694223085097029308 144.602835 0.000000
1694223085386160833 144.475901 0.000000
1694223085675471280 144.458311 0.000000
1694223086327364307 144.500106 0.000000
1694223086472015118 144.335772 0.000000
1694223086543791092 144.456820 0.000000
1694223086761998527 144.458081 0.000000
1694223087845986380 144.455270 0.000000
1694223088064347448 144.537998 0.000000
1694223088208722617 144.371807 0.000000
1694223088714322582 144.454261 0.000000
1694223089075777947 144.392593 0.000000
1694223089149811137 144.374467 0.000000
1694223089438760202 144.382616 0.000000
1694223090741012326 144.330472 0.000000
1694223090884423582 144.520024 0.000000
1694223091680549023 144.341712 0.000000
1694223091969154041 144.416488 0.000000
1694223092548160504 144.420487 0.000000
1694223093055403219 144.266781 0.000000
1694223093416562634 144.414194 0.000000
1694223093634108082 144.386733 0.000000
1694223093850462575 144.506162 0.000000
1694223093922589038 144.381153 0.000000
1694223094356803426 144.496368 0.000000
1694223094936242774 144.608385 0.000000
1694223095514652997 144.395448 0.000000
1694223095876284926 144.579113 0.000000
1694223097541065638 144.375843 0.000000
1694223097613148821 144.326319 0.000000
1694223097829944912 144.441230 0.000000
1694223098626973597 144.458385 0.000000
1694223099567498093 144.435854 0.000000
1694223100436051232 144.256965 0.000000
1694223102100576960 144.453745 0.000000
1694223102390162808 144.419731 0.000000
1694223102534752590 144.499621 0.000000
1694223103113865841 144.721638 0.000000
1694223103258294217 144.420142 0.000000
1694223105719877488 144.345719 0.000000
1694223106443863856 144.429141 0.000000
1694223106515475507 144.346644 0.000000
1694223106516410418 144.598778 0.000000
1694223107744304078 144.490203 0.000000
1694223107818054320 144.396582 0.000000
1694223108105847723 144.430156 0.000000
1694223108469482369 144.393352 0.000000
1694223108757122793 144.479390 0.000000
1694223109553442257 144.341478 0.000000
1694223110349698088 144.384148 0.000000
1694223111145680574 144.644349 0.000000
1694223111724731893 144.449136 0.000000
1694223111796315788 144.321972 0.000000
1694223113099351762 144.400463 0.000000
1694223113461171295 144.514076 0.000000
1694223113821854782 144.408219 0.000000
1694223113966261718 144.361778 0.000000
1694223113966961704 144.351590 0.000000
1694223115269273039 144.351357 0.000000
1694223115558418123 144.417048 0.000000
1694223115992712081 144.457382 0.000000
1694223116137110487 144.362674 0.000000
1694223116571131626 144.471352 0.000000
1694223117583012501 144.388946 0.000000
1694223118017475093 144.348655 0.000000
1694223118813524910 144.413915 0.000000
1694223119175603812 144.567594 0.000000
1694223119537096400 144.400452 0.000000
1694223120695156213 144.312804 0.000000
1694223121129224564 144.471964 0.000000
1694223121202542166 144.358294 0.000000
1694223121563532902 144.281672 0.000000
1694223121636216949 144.358970 0.000000
1694223121852487202 144.442730 0.000000
1694223121925675048 144.374367 0.000000
1694223123516820383 144.515059 0.000000
1694223123589514061 144.743540 0.000000
1694223124167868216 144.304680 0.000000
1694223124529987504 144.454058 0.000000
1694223124891996446 144.452755 0.000000
1694223125254261849 144.510038 0.000000
1694223125471218672 144.327443 0.000000
1694223125759847241 144.359693 0.000000
1694223126989772917 144.326567 0.000000
1694223128075141239 144.395575 0.000000
1694223128507766102 144.337959 0.000000
1694223128652906110 144.311485 0.000000
1694223130244319150 144.392295 0.000000
1694223131258074248 144.452066 0.000000
1694223131836391925 144.508627 0.000000
1694223132270356861 144.442134 0.000000
1694223132560124817 144.458380 0.000000
1694223132632222045 144.493590 0.000000
1694223132776787256 144.354424 0.000000
1694223133716941121 144.344490 0.000000
1694223133716953710 144.525437 0.000000
1694223134440264235 144.513366 0.000000
1694223134947883972 144.333745 0.000000
1694223135092627682 144.393407 0.000000
1694223135164161565 144.383078 0.000000
1694223135308796895 144.562181 0.000000
1694223136033009908 144.512250 0.000000
1694223136539540279 144.429124 0.000000
1694223136612307923 144.433841 0.000000
1694223137553322424 144.508684 0.000000
1694223137770699216 144.453133 0.000000
1694223138421905765 144.316329 0.000000
1694223138493962897 144.379160 0.000000
1694223138783446431 144.342220 0.000000
1694223138855808407 144.935180 0.000000
1694223139507282465 144.342822 0.000000
1694223139869122342 144.387740 0.000000
1694223140231510466 144.375277 0.000000
1694223140303285619 144.423702 0.000000
1694223140520955851 144.429302 0.000000
1694223140521191845 144.565369 0.000000
1694223141172994321 144.631494 0.000000
1694223141534809862 144.537454 0.000000
1694223141679083687 144.464504 0.000000
1694223142909856945 144.459333 0.000000
1694223142910835220 144.831698 0.000000
1694223142982908076 144.572871 0.000000
1694223144214203129 144.428885 0.000000
1694223144286363652 144.496008 0.000000
1694223144503320391 144.363093 0.000000
1694223144648583499 144.381496 0.000000
1694223145081780560 144.454030 0.000000
1694223145154834181 144.475890 0.000000
1694223145516864457 144.403081 0.000000
1694223146094776886 144.523456 0.000000
1694223146963736723 144.458257 0.000000
1694223147759482748 144.544015 0.000000
1694223148049919821 144.421299 0.000000
1694223148121946056 144.385666 0.000000
1694223148265796103 144.457358 0.000000
1694223148339304140 144.532019 0.000000
1694223148916926173 144.462510 0.000000
1694223149351311073 144.404976 0.000000
1694223149930833785 144.709178 0.000000
1694223150727460204 144.452985 0.000000
1694223151597179625 144.342872 0.000000
1694223152175942170 144.391331 0.000000
1694223152176214016 144.335766 0.000000
1694223152393272771 144.473272 0.000000
1694223152394104763 144.600195 0.000000
1694223153550727083 144.484662 0.000000
1694223153840882005 144.382101 0.000000
1694223154637121664 144.479675 0.000000
1694223155359788678 144.554674 0.000000
1694223155360221735 144.669342 0.000000
1694223155722311937 144.357518 0.000000
1694223155939147920 144.504919 0.000000
1694223156011654392 144.286134 0.000000
1694223156301335123 144.287989 0.000000
1694223156735712444 144.308694 0.000000
1694223157531743781 144.501927 0.000000
1694223157532478729 144.503661 0.000000
1694223157749293924 144.479104 0.000000
1694223158039104397 144.358881 0.000000
1694223159269229302 144.459969 0.000000
1694223159340494415 144.630449 0.000000
1694223160064500065 144.493432 0.000000
1694223160282372463 144.470375 0.000000
1694223160353661019 144.462500 0.000000
1694223161078309345 144.597378 0.000000
1694223161150652243 144.337530 0.000000
1694223161658148063 144.431047 0.000000
1694223162236575791 144.409128 0.000000
1694223163395458567 144.329923 0.000000
1694223163757384524 144.308828 0.000000
1694223163974604290 144.413900 0.000000
1694223164336695980 145.001179 0.000000
1694223164408793561 144.597594 0.000000
1694223164915359057 144.405568 0.000000
1694223165928759356 144.425496 0.000000
1694223166291066151 144.359289 0.000000
1694223166363678726 144.655660 0.000000
1694223166653265699 144.535424 0.000000
1694223167448683979 144.447457 0.000000
1694223168100829808 144.479233 0.000000
1694223169041308668 144.603293 0.000000
1694223169631522782 152.526011 0.000000
1694223169631556220 152.500681 0.000000
1694223170293575401 155.578461 0.000000
1694223170756774780 162.571883 0.000000
1694223171416294779 144.553902 0.000000
1694223171495651355 144.350569 0.000000
1694223171705929228 144.581181 0.000000
1694223171778206199 144.462235 0.000000
1694223173009318600 144.610677 0.000000
1694223173226819112 144.486401 0.000000
1694223173517087033 144.419119 0.000000
1694223173665196239 144.388204 0.000000
1694223173881996798 144.390932 0.000000
1694223175253459609 144.552008 0.000000
1694223175471232899 144.457730 0.000000
1694223175542863478 144.523868 0.000000
1694223176267296078 144.368387 0.000000
1694223176991420702 144.532733 0.000000
1694223177063073714 144.485689 0.000000
1694223177497990925 144.422136 0.000000
1694223177714570121 144.457964 0.000000
1694223177787581545 144.463616 0.000000
1694223178221363936 144.461475 0.000000
1694223179380246748 144.566983 0.000000
1694223180321230355 144.758107 0.000000
1694223180683649342 144.387445 0.000000
1694223180828731249 144.480459 0.000000
1694223181479665888 144.537511 0.000000
1694223182059607658 144.402145 0.000000
1694223182131904408 144.402395 0.000000
1694223182493506810 144.402512 0.000000
1694223183578788680 144.580781 0.000000
1694223183940643423 144.452266 0.000000
1694223184302341397 144.444103 0.000000
1694223184953515908 144.441321 0.000000
1694223185822942268 144.514294 0.000000
1694223185823251485 144.491226 0.000000
1694223186691023045 144.405731 0.000000
1694223187849307809 144.363748 0.000000
1694223188500765035 144.378633 0.000000
1694223188502771520 144.382006 0.000000
1694223189950873586 144.424583 0.000000
1694223190457244914 144.462002 0.000000
1694223190962415433 144.630230 0.000000
1694223191541662661 144.348354 0.000000
1694223191542073251 144.442521 0.000000
1694223191686056851 144.377234 0.000000
1694223191975291639 144.594689 0.000000
1694223193061609271 144.341990 0.000000
1694223193061834542 144.362865 0.000000
1694223194726403839 144.499363 0.000000
1694223195089515484 144.639924 0.000000
1694223195161665608 144.404597 0.000000
1694223195523504252 144.423544 0.000000
1694223195596202384 144.555353 0.000000
1694223195884838771 144.557918 0.000000
1694223196174540076 144.756327 0.000000
1694223196608797633 144.519441 0.000000
1694223197188081147 144.546742 0.000000
1694223197477035942 144.526841 0.000000
1694223197694377315 144.475884 0.000000
1694223197840260455 144.434322 0.000000
1694223199215419478 144.448021 0.000000
1694223199649621012 144.415915 0.000000
1694223199649627373 144.510118 0.000000
1694223199722496493 144.430940 0.000000
1694223200084590222 144.490064 0.000000
1694223200808290512 144.350480 0.000000
1694223200952721683 144.378771 0.000000
1694223201097490511 144.321276 0.000000
1694223201821647632 144.364018 0.000000
1694223202472908203 144.426582 0.000000
1694223202834802925 144.520784 0.000000
1694223202834852866 144.280519 0.000000
1694223203124166563 144.588337 0.000000
1694223203413881747 144.528845 0.000000
1694223203775180890 144.415750 0.000000
1694223204282634364 144.777339 0.000000
1694223205295475993 144.362467 0.000000
1694223205584942796 144.416158 0.000000
1694223205874442143 144.498469 0.000000
1694223206092223533 144.566817 0.000000
1694223206380714709 144.553177 0.000000
1694223206743014423 144.485296 0.000000
1694223207105098644 144.460489 0.000000
1694223207322667346 144.468922 0.000000
1694223208118799993 144.765656 0.000000
1694223210073514977 144.444809 0.000000
1694223210796652887 144.558810 0.000000
1694223210796854446 144.335064 0.000000
1694223211013852634 144.592102 0.000000
1694223212604903051 144.329901 0.000000
1694223212894256946 144.531371 0.000000
1694223213112756740 144.455037 0.000000
1694223214269607978 144.594303 0.000000
1694223214559338248 144.551503 0.000000
1694223215573106144 144.484989 0.000000
1694223215573182532 144.397023 0.000000
1694223215789695289 144.413391 0.000000
1694223215934113841 144.399888 0.000000
1694223215934334545 144.370665 0.000000
1694223216658749229 144.930385 0.000000
1694223217091443002 144.417636 0.000000
1694223217164618903 144.293232 0.000000
1694223217454013716 144.312568 0.000000
1694223217597930359 144.412803 0.000000
1694223217671231011 144.457459 0.000000
1694223218394112104 144.487093 0.000000
1694223218394746821 144.351573 0.000000
1694223218394962042 144.441311 0.000000
1694223218394995274 144.384619 0.000000
1694223218900411428 144.470314 0.000000
1694223218901197092 144.309555 0.000000
1694223218972661866 144.445734 0.000000
1694223219045215469 144.461901 0.000000
1694223219117796599 144.409204 0.000000
1694223220349121785 144.499163 0.000000
1694223220349180574 144.492428 0.000000
1694223220637631617 144.403335 0.000000
1694223220710179501 144.543496 0.000000
1694223221578786144 144.424493 0.000000
1694223221723690875 144.366573 0.000000
1694223221940314876 144.417926 0.000000
1694223222663692390 144.415173 0.000000
1694223223098906233 144.370734 0.000000
1694223223966489694 144.544355 0.000000
1694223224111131870 144.471648 0.000000
1694223224329469286 144.432431 0.000000
1694223224834883168 144.614129 0.000000
1694223225413536783 144.415877 0.000000
1694223225992202432 144.504729 0.000000
1694223226499931982 144.411177 0.000000
1694223226572183062 144.408277 0.000000
1694223227005896121 144.407435 0.000000
