1693776550844549722 78.389227 205.461199 205 16 0.000000
1693776551794949358 77.591787 205.176838 195 16 0.000000
1693776552799989178 79.929065 200.987063 202 16 0.000000
1693776553821294314 77.170618 208.556644 213 16 0.000000
1693776554834598660 78.415938 202.308418 205 16 0.000000
1693776555847979661 75.736825 211.174310 214 16 0.000000
1693776556855377460 75.845426 210.443186 212 16 0.000000
1693776557801214670 79.941451 202.994759 192 16 0.000000
1693776558814212198 77.678108 205.331204 208 16 0.000000
1693776559826818411 76.471624 208.373204 211 16 0.000000
1693776560839651556 79.436357 202.402535 205 16 0.000000
1693776561852320038 75.787845 211.322851 214 16 0.000000
1693776562867331274 76.606389 207.879486 211 16 0.000000
1693776563808630131 78.401709 205.035829 193 16 0.000000
1693776564822139701 79.040235 203.254132 206 16 0.000000
1693776565835583914 76.834189 207.214169 210 16 0.000000
1693776566849253734 76.531437 209.141087 212 16 0.000000
1693776567862952306 76.484984 209.135138 212 16 0.000000
1693776568877006329 75.099040 213.992543 217 16 0.000000
1693776569819152974 75.385495 209.096960 197 16 0.000000
1693776570833265497 77.561419 207.077614 210 16 0.000000
1693776571846695668 76.869192 208.203781 211 16 0.000000
1693776572860177959 77.197149 208.193087 211 16 0.000000
1693776573874610834 73.760511 217.855716 221 16 0.000000
1693776574888839969 76.604928 205.081855 208 16 0.000000
1693776575830815305 76.788867 212.319792 200 16 0.000000
1693776576844684272 76.194804 207.127348 210 16 0.000000
1693776577858717325 78.660083 205.121528 208 16 0.000000
1693776578872313352 75.112867 211.129470 214 16 0.000000
1693776579885860404 76.050708 213.112957 216 16 0.000000
1693776580899453659 77.325119 203.237342 206 16 0.000000
1693776581911899799 79.196238 198.529073 201 16 0.000000
1693776582853727591 75.894345 217.661878 205 16 0.000000
1693776583866780679 79.844389 200.384362 203 16 0.000000
1693776584881824981 74.768050 214.768949 218 16 0.000000
1693776585894422363 77.191488 206.399904 209 16 0.000000
1693776586907194622 79.037233 202.414710 205 16 0.000000
1693776587920603022 77.241805 204.261170 207 16 0.000000
1693776588860849206 78.400953 203.138314 191 16 0.000000
1693776589873875790 78.596754 205.325296 208 16 0.000000
1693776590887369267 79.353085 204.244023 207 16 0.000000
1693776591899705065 78.704017 201.514180 204 16 0.000000
1693776592913189006 77.223516 205.232655 208 16 0.000000
1693776593926905933 79.412913 204.198994 207 16 0.000000
1693776594868964549 78.941803 200.624487 189 16 0.000000
1693776595883904448 77.674035 206.908803 210 16 0.000000
1693776596898758488 76.186838 209.882394 213 16 0.000000
1693776597912858673 75.061822 214.968902 218 16 0.000000
1693776598926708680 76.132017 210.090250 213 16 0.000000
1693776599940145997 78.721030 203.268611 206 16 0.000000
1693776600881672510 76.082311 209.234673 197 16 0.000000
1693776601895730822 76.948476 205.116417 208 16 0.000000
1693776602910028146 79.911006 201.124460 204 16 0.000000
1693776603924518013 77.990699 206.014872 209 16 0.000000
1693776604939501153 74.829072 213.796648 217 16 0.000000
1693776605954131757 77.609297 206.971885 210 16 0.000000
1693776606895139497 76.399868 210.412719 198 16 0.000000
1693776607909194331 76.525914 208.075537 211 16 0.000000
1693776608923133727 74.763491 215.002986 218 16 0.000000
1693776609937969101 77.660604 204.959361 208 16 0.000000
1693776610951844496 76.548316 208.112340 211 16 0.000000
1693776611966558404 75.793181 212.867886 216 16 0.000000
1693776612909065649 75.392870 211.138955 199 16 0.000000
1693776613923102215 78.881393 199.203870 202 16 0.000000
1693776614937382856 78.269789 208.029209 211 16 0.000000
1693776615951928618 74.803871 212.903161 216 16 0.000000
1693776616966135777 76.204628 209.030232 212 16 0.000000
1693776617979961754 80.316819 198.258920 201 16 0.000000
1693776618922402133 77.590346 209.031787 197 16 0.000000
1693776619935949311 76.868507 208.179756 211 16 0.000000
1693776620950230172 77.686628 204.085483 207 16 0.000000
1693776621964262228 78.289162 207.094039 210 16 0.000000
1693776622979246009 77.690487 205.914625 209 16 0.000000
1693776623993910338 77.296408 206.964999 210 16 0.000000
1693776624936489295 76.142582 209.001044 197 16 0.000000
1693776625950819585 76.564979 209.004913 212 16 0.000000
1693776626966096685 74.800472 214.719706 218 16 0.000000
1693776627980119916 75.872123 208.082017 211 16 0.000000
1693776628995610653 76.543738 211.720297 215 16 0.000000
1693776630010509564 75.553662 209.873128 213 16 0.000000
1693776630951920576 77.203383 208.198109 196 16 0.000000
1693776631966014316 76.518439 209.053645 212 16 0.000000
1693776632979931409 77.609442 206.131259 209 16 0.000000
1693776633994572689 76.182520 210.911975 214 16 0.000000
1693776635009259285 73.796063 215.830191 219 16 0.000000
1693776636023817706 75.825264 210.929194 214 16 0.000000
1693776636966720512 75.422729 211.050392 199 16 0.000000
1693776637981241953 76.945246 206.994148 210 16 0.000000
1693776638995307562 75.386850 214.976186 218 16 0.000000
1693776640009678663 74.823736 210.968200 214 16 0.000000
1693776641023186297 80.275785 199.307830 202 16 0.000000
1693776642037164164 78.691332 204.146452 207 16 0.000000
1693776642979137332 78.117232 202.765836 191 16 0.000000
1693776643992993273 77.605302 207.130048 210 16 0.000000
1693776645007334905 76.874242 209.002563 212 16 0.000000
1693776646022148210 78.728994 203.978404 207 16 0.000000
1693776647035502585 78.380498 203.285247 206 16 0.000000
1693776648049670798 77.205870 209.038310 212 16 0.000000
1693776648990900074 75.726307 208.238317 196 16 0.000000
1693776650005084755 77.967429 206.076862 209 16 0.000000
1693776651019985499 75.813446 212.828688 216 16 0.000000
1693776652033774520 76.901003 207.143697 210 16 0.000000
1693776653048205480 75.470553 210.955706 214 16 0.000000
1693776654062849406 76.507815 209.925853 213 16 0.000000
1693776655005070270 75.726277 210.141800 198 16 0.000000
1693776656018896454 77.582724 206.149753 209 16 0.000000
1693776657031619452 78.334674 203.411992 206 16 0.000000
1693776658045286674 78.307797 206.182039 209 16 0.000000
1693776659058899390 77.966126 206.193176 209 16 0.000000
1693776660074104306 77.655328 205.869765 209 16 0.000000
1693776661015606247 77.643142 206.053743 194 16 0.000000
1693776662029746715 77.705717 203.127685 206 16 0.000000
1693776663044617971 76.170159 210.864181 214 16 0.000000
1693776664058308853 77.913614 207.163739 210 16 0.000000
1693776665072098722 78.419934 201.225142 204 16 0.000000
1693776666085546423 79.451728 201.293071 204 16 0.000000
1693776667026320434 79.161352 205.150196 193 16 0.000000
1693776668041522334 74.808040 213.750609 217 16 0.000000
1693776669055379528 77.284866 206.143435 209 16 0.000000
1693776670069977889 76.554466 208.949676 212 16 0.000000
1693776671084009013 76.140644 211.038871 214 16 0.000000
1693776672098741936 75.813429 210.892948 214 16 0.000000
1693776673039897179 75.662572 211.442266 199 16 0.000000
1693776674054259054 76.539882 208.998384 212 16 0.000000
1693776675067871429 75.113713 212.112634 215 16 0.000000
1693776676083150498 78.832521 201.914935 205 16 0.000000
1693776677097868797 76.894699 209.910486 213 16 0.000000
1693776678111502372 75.453526 211.121648 214 16 0.000000
1693776679053199166 78.406017 203.887278 192 16 0.000000
1693776680066429907 75.800288 212.192544 215 16 0.000000
1693776681082436027 76.644066 208.660173 212 16 0.000000
1693776682097947354 75.887345 210.731270 214 16 0.000000
1693776683111643103 77.239196 206.176255 209 16 0.000000
1693776684125776405 74.784237 212.989758 216 16 0.000000
1693776685068336464 78.857321 204.761489 193 16 0.000000
1693776686082171577 75.458803 211.079684 214 16 0.000000
1693776687095968271 77.950995 205.169340 208 16 0.000000
1693776688110648692 77.313551 205.976187 209 16 0.000000
1693776689124357096 77.620355 204.200737 207 16 0.000000
1693776690138099789 77.953583 206.166678 209 16 0.000000
1693776691079428095 78.756583 206.091779 194 16 0.000000
1693776692094257719 75.187298 210.872846 214 16 0.000000
1693776693109526262 78.026316 205.856861 209 16 0.000000
1693776694123473223 77.971217 206.125182 209 16 0.000000
1693776695138390591 78.878325 201.001581 204 16 0.000000
1693776696152200299 77.548091 208.125844 211 16 0.000000
1693776697094455528 76.497877 209.072868 197 16 0.000000
1693776698108627902 74.752035 213.967575 217 16 0.000000
1693776699122079704 75.836964 207.212616 210 16 0.000000
1693776700136492095 76.086952 212.931143 216 16 0.000000
1693776701150369638 75.126995 214.029803 217 16 0.000000
1693776702165050157 75.203121 208.932768 212 16 0.000000
1693776703106845132 80.005688 202.804217 191 16 0.000000
1693776704122080184 76.997379 206.848649 210 16 0.000000
1693776705135892003 76.844884 209.111772 212 16 0.000000
1693776706151440338 77.711614 204.815481 208 16 0.000000
1693776707165581535 77.697439 203.127523 206 16 0.000000
1693776708106678032 78.308507 208.267702 196 16 0.000000
1693776709121514552 77.687781 203.973707 207 16 0.000000
1693776710135111571 76.840274 210.142718 213 16 0.000000
1693776711150125195 76.548373 208.864190 212 16 0.000000
1693776712163026182 77.188586 207.325299 210 16 0.000000
1693776713178258949 78.054170 204.879125 208 16 0.000000
1693776714119282210 76.405700 210.409254 198 16 0.000000
1693776715133444897 76.942929 206.081332 209 16 0.000000
1693776716147672348 75.789656 212.969984 216 16 0.000000
1693776717161827522 76.546387 208.054945 211 16 0.000000
1693776718176083916 78.328826 205.076323 208 16 0.000000
1693776719190489027 79.561850 201.103112 204 16 0.000000
