1694833774865138579 203.832111 6619.016492 6615 200 0.000000
1694833775896481185 201.150309 981.245164 1012 200 0.000000
1694833776903810193 200.887897 1001.658922 1009 200 0.000000
1694833777910191037 200.745098 999.621451 1006 200 0.000000
1694833778918372474 200.055981 998.828267 1007 200 0.000000
1694833779926712065 200.724781 991.729356 1000 200 0.000000
1694833780930234444 201.380820 993.500454 997 200 0.000000
1694833781938579309 200.578635 1001.641328 1010 200 0.000000
1694833782945578436 199.781611 1003.973230 1011 200 0.000000
1694833783951789516 199.996760 999.790213 1006 200 0.000000
1694833784957952115 200.781607 992.881310 999 200 0.000000
1694833785966101769 200.647959 990.924298 999 200 0.000000
1694833786973759122 201.121166 993.393206 1001 200 0.000000
1694833787983289118 203.012642 996.503163 1006 200 0.000000
1694833788992418124 202.151097 986.989818 996 200 0.000000
1694833790000705545 201.074634 987.813667 996 200 0.000000
1694833791003469228 200.494755 998.241139 1001 200 0.000000
1694833792011861141 202.151045 1000.603125 1009 200 0.000000
1694833793021622845 201.382579 982.409922 992 200 0.000000
1694833794030056843 200.264054 999.569696 1008 200 0.000000
1694833795038643597 204.264569 977.605524 986 200 0.000000
1694833796043448794 206.118515 967.351553 972 200 0.000000
1694833797054740588 201.919211 994.767442 1006 200 0.000000
1694833798060177988 202.202195 991.608151 997 200 0.000000
1694833799071357395 201.617553 985.977462 997 200 0.000000
1694833800074771030 201.521476 1000.584350 1004 200 0.000000
1694833801080296302 201.695581 990.527064 996 200 0.000000
1694833802088138826 201.976143 985.272909 993 200 0.000000
1694833803092213618 200.976821 999.925623 1004 200 0.000000
1694833804092607383 202.710075 992.609153 993 199 0.000000
1694833805105900420 203.735924 937.537255 950 200 0.000000
1694833806113932727 205.317514 999.967911 1008 200 0.000000
1694833807120459228 200.672531 998.483337 1005 200 0.000000
1694833808128622438 205.303768 979.008244 987 199 0.000000
1694833809133679157 200.558901 1001.933466 1007 200 0.000000
1694833810139807897 203.613136 974.030361 980 200 0.000000
1694833811147077877 202.692910 991.789709 999 200 0.000000
1694833812152201223 201.534335 997.887487 1003 200 0.000000
1694833813158814801 201.011579 985.482395 992 200 0.000000
1694833814162418049 199.897700 1013.348747 1017 200 0.000000
1694833815170869544 202.157835 986.661270 995 200 0.000000
1694833816178201856 201.277193 993.713726 1001 200 0.000000
1694833817185497180 204.346288 965.953078 973 200 0.000000
1694833818191651733 200.985921 999.846378 1006 200 0.000000
1694833819197190147 201.055331 998.470113 1004 200 0.000000
1694833820204386363 201.302692 992.855159 1000 199 0.000000
1694833821209701792 200.045077 999.686278 1005 200 0.000000
1694833822213635820 201.289390 999.069639 1003 200 0.000000
1694833823221412814 201.605264 977.398709 985 199 0.000000
1694833824228298619 200.637232 998.127156 1005 200 0.000000
1694833825233935287 201.565038 1001.355704 1007 200 0.000000
1694833826244308193 200.406640 991.712970 1002 200 0.000000
1694833827253108347 200.350912 1007.137055 1016 200 0.000000
1694833828262732452 203.456260 967.686937 977 200 0.000000
1694833829269955786 205.589029 982.900184 990 200 0.000000
1694833830278777574 200.806324 994.229106 1003 200 0.000000
1694833831287624116 200.891673 1002.134595 1011 200 0.000000
1694833832296274143 201.701455 990.432705 999 200 0.000000
1694833833305080180 200.122451 1002.174802 1011 200 0.000000
1694833834313856491 201.397085 995.265278 1004 200 0.000000
1694833835322230108 201.555036 982.770627 991 200 0.000000
1694833836330611098 207.417114 957.971232 966 200 0.000000
1694833837338746063 200.914364 1000.858000 1009 200 0.000000
1694833838347683754 201.720463 986.185868 995 200 0.000000
1694833839354641005 203.516426 990.111493 997 200 0.000000
1694833840366459726 204.597063 980.412753 992 200 0.000000
1694833841376147078 201.130039 983.472673 993 200 0.000000
1694833842385946683 201.683711 997.227627 1007 200 0.000000
1694833843394116394 202.014597 991.896571 1000 200 0.000000
1694833844405176001 200.938209 983.126976 994 200 0.000000
1694833845414235728 201.701281 999.940815 1009 200 0.000000
1694833846423429981 201.079468 994.853067 1004 200 0.000000
1694833847432538248 201.351243 996.919657 1006 200 0.000000
1694833848438867202 204.629896 971.849327 978 200 0.000000
1694833849446644306 201.833374 987.321566 995 200 0.000000
1694833850457399095 201.078444 1001.231844 1012 200 0.000000
1694833851469078745 201.817874 987.466838 999 200 0.000000
1694833852474468850 200.684620 995.633336 1001 200 0.000000
1694833853485244646 202.151492 985.381775 996 200 0.000000
1694833854490298000 201.290978 988.007236 993 200 0.000000
1694833855498372251 200.926315 1009.846305 1018 199 0.000000
1694833856509469526 200.861846 991.991339 1003 200 0.000000
1694833857514707395 202.466989 989.815733 995 200 0.000000
1694833858527503280 201.906498 992.302621 1005 200 0.000000
1694833859537984911 201.779704 992.595856 1003 200 0.000000
1694833860548020706 201.625943 980.163374 990 200 0.000000
1694833861555922184 200.006619 1000.097645 1008 200 0.000000
1694833862561220536 201.465390 992.740207 998 200 0.000000
1694833863577271579 201.258337 998.965563 1015 200 0.000000
1694833864585246589 200.126717 1002.008889 1010 200 0.000000
1694833865592832055 201.395345 1000.411473 1008 200 0.000000
1694833866597159052 200.165328 988.721733 993 200 0.000000
1694833867605877825 201.402674 986.399775 995 200 0.000000
1694833868615126290 202.015455 999.753962 1009 200 0.000000
1694833869622087882 200.220723 995.072499 1002 200 0.000000
1694833870632188914 200.577573 1001.880105 1012 200 0.000000
1694833871640536950 200.174382 996.679665 1005 200 0.000000
1694833872650669550 200.265009 997.888805 1008 200 0.000000
1694833873654485815 201.305740 996.198195 1000 200 0.000000
1694833874664759932 201.019965 1005.667803 1016 200 0.000000
1694833875674495486 200.950133 985.406512 995 200 0.000000
1694833876681101961 201.618645 999.397378 1006 200 0.000000
1694833877693527234 200.384044 995.629183 1008 200 0.000000
1694833878699983060 200.486717 990.604798 997 200 0.000000
1694833879710593914 200.283228 1003.353547 1014 200 0.000000
1694833880715544466 201.021827 983.132684 988 200 0.000000
1694833881727553624 201.502096 990.109759 1002 200 0.000000
1694833882738509455 202.572119 995.098052 1006 200 0.000000
1694833883743598859 200.605876 1004.885657 1010 200 0.000000
1694833884752611583 201.306332 988.094574 997 200 0.000000
1694833885761069860 202.643955 986.654487 995 200 0.000000
1694833886770098720 201.722092 985.105772 994 200 0.000000
1694833887777964648 203.720796 984.257903 992 200 0.000000
1694833888785844953 199.786945 1006.071862 1014 199 0.000000
1694833889795067504 201.471166 983.925520 993 200 0.000000
1694833890802752137 201.660479 991.381775 999 200 0.000000
1694833891811706471 199.163729 1004.009739 1013 200 0.000000
1694833892824123287 200.426622 998.600526 1011 200 0.000000
1694833893830229286 201.347504 998.900734 1005 200 0.000000
1694833894838573707 200.826076 994.699805 1003 200 0.000000
1694833895843049147 201.328760 988.575689 993 200 0.000000
1694833896847350308 202.144778 993.725637 998 200 0.000000
1694833897856345025 200.483152 996.041126 1005 200 0.000000
1694833898861745438 200.149848 1008.553315 1014 200 0.000000
1694833899867315976 201.218825 980.537924 986 200 0.000000
1694833900877651833 200.727905 1001.647120 1012 200 0.000000
1694833901882731169 200.421114 1002.905778 1008 200 0.000000
1694833902892654537 201.379682 988.193897 998 200 0.000000
1694833903899665871 201.180731 989.065245 996 200 0.000000
1694833904905005333 201.071218 995.683616 1001 200 0.000000
1694833905913610665 201.760649 993.451043 1002 200 0.000000
1694833906919932594 200.620691 998.686335 1005 200 0.000000
1694833907932087555 199.981785 1000.834992 1013 200 0.000000
1694833908936298474 200.340478 996.802389 1001 200 0.000000
1694833909941021051 202.069477 990.323254 995 200 0.000000
1694833910946632035 201.368594 1002.375614 1008 200 0.000000
1694833911954457500 202.784818 982.312979 990 200 0.000000
1694833912963990104 200.499128 994.519534 1004 200 0.000000
1694833913972486908 200.877227 994.549665 1003 200 0.000000
1694833914977919184 201.256368 990.618587 996 200 0.000000
1694833915990708836 201.802754 993.296134 1006 200 0.000000
1694833916998494662 201.257057 988.305260 996 200 0.000000
1694833918005310561 200.445503 992.237010 999 200 0.000000
1694833919008761587 201.437455 1003.536709 1007 200 0.000000
1694833920020899962 200.793037 990.971353 1003 200 0.000000
1694833921030050312 201.862912 990.932462 1000 200 0.000000
1694833922034065724 201.920664 992.016769 996 200 0.000000
1694833923046188625 204.170672 975.177941 987 200 0.000000
1694833924050609518 201.395547 1005.554544 1010 200 0.000000
1694833925063724781 200.490165 991.002779 1004 200 0.000000
1694833926070926653 200.028035 1006.749577 1014 200 0.000000
1694833927079416058 199.900390 996.539876 1005 200 0.000000
1694833928082723383 200.044143 1000.690384 1004 200 0.000000
1694833929091666215 200.854694 995.101042 1004 200 0.000000
1694833930101204787 201.819986 984.608196 994 199 0.000000
1694833931110895571 200.378904 994.363889 1004 200 0.000000
1694833932121819875 201.103613 1001.064017 1012 200 0.000000
1694833933126896257 201.751621 1005.893744 1011 200 0.000000
1694833934135274610 201.677293 974.832441 983 200 0.000000
1694833935148272367 201.207795 997.040800 1010 200 0.000000
1694833936156356057 202.342406 975.117348 983 200 0.000000
