1695211420740305473 76.067632 215.118972 214 16 0.000000
1695211421715129378 75.646715 205.165235 200 16 0.000000
1695211422728672088 75.068692 213.113865 216 16 0.000000
1695211423742731181 75.079186 212.019205 215 16 0.000000
1695211424721820345 77.917923 212.442377 208 16 0.000000
1695211425734856122 76.468387 208.284833 211 16 0.000000
1695211426748530249 76.464688 210.126664 213 16 0.000000
1695211427726192234 74.867769 205.592546 201 15 0.000000
1695211428740031892 74.011558 216.996867 220 16 0.000000
1695211429753284334 75.818361 209.227223 212 16 0.000000
1695211430728457661 76.430076 216.371790 211 16 0.000000
1695211431741914043 76.759042 210.171853 213 16 0.000000
1695211432755730554 76.874753 207.138055 210 16 0.000000
1695211433768523308 76.101432 211.296946 214 16 0.000000
1695211434749087349 74.501938 207.023687 203 16 0.000000
1695211435762720385 76.157006 208.162118 211 16 0.000000
1695211436736213750 78.326092 211.609068 206 16 0.000000
1695211437749715036 77.160177 209.175860 212 16 0.000000
1695211438762715477 77.915017 205.330603 208 16 0.000000
1695211439776038428 76.101711 210.199525 213 16 0.000000
1695211440758806972 75.594466 202.489147 199 16 0.000000
1695211441772480909 73.690340 218.018825 221 16 0.000000
1695211442743145943 76.516585 216.346561 210 16 0.000000
1695211443757072070 75.765914 212.047004 215 16 0.000000
1695211444770225177 76.811003 208.260719 211 16 0.000000
1695211445783545209 76.104441 210.200134 213 16 0.000000
1695211446770290338 74.967480 204.713401 202 16 0.000000
1695211447784229155 75.064495 212.044378 215 16 0.000000
1695211448797950639 74.414553 216.035673 219 16 0.000000
1695211449767069675 75.096677 218.755392 212 16 0.000000
1695211450779901052 78.207936 207.339549 210 16 0.000000
1695211451793114128 74.721972 213.183196 216 16 0.000000
1695211452805827071 76.422600 209.338688 212 16 0.000000
1695211453796577142 77.943911 196.820535 195 16 0.000000
1695211454809988033 75.773654 210.181287 213 16 0.000000
1695211455772946318 78.327441 213.924157 206 16 0.000000
1695211456786834541 76.551317 206.137092 209 16 0.000000
1695211457800035102 76.382378 213.185857 216 16 0.000000
1695211458813075153 76.431842 209.271099 212 16 0.000000
1695211459805937612 74.521926 204.459325 203 16 0.000000
1695211460820474627 76.139244 207.976610 211 16 0.000000
1695211461780601424 75.757241 222.887268 214 16 0.000000
1695211462793247423 76.397834 210.340042 213 16 0.000000
1695211463806984613 74.740226 213.072975 216 16 0.000000
1695211464819938014 76.789273 208.301776 211 16 0.000000
1695211465832442014 75.382192 211.357195 214 16 0.000000
1695211466774035969 74.897456 215.591868 203 16 0.000000
1695211467787458259 76.477204 209.192174 212 16 0.000000
1695211468801258341 75.431028 210.100578 213 16 0.000000
1695211469814044165 77.136799 208.336256 211 16 0.000000
1695211470826534333 77.200946 205.434099 208 16 0.000000
1695211471839559930 76.745256 211.248359 214 16 0.000000
1695211472838942251 76.361379 198.122364 198 16 0.000000
1695211473793284603 76.478294 220.046834 210 15 0.000000
1695211474805660948 77.117715 208.420512 211 16 0.000000
1695211475818789960 75.382829 212.213844 215 16 0.000000
1695211476832240164 77.584615 206.226227 209 16 0.000000
1695211477845948808 76.122507 210.119542 213 16 0.000000
1695211478858999801 76.804114 208.281706 211 16 0.000000
1695211479861948124 74.128683 203.400292 204 16 0.000000
1695211480813763358 74.753295 226.934824 216 16 0.000000
1695211481827287273 75.720639 211.144508 214 16 0.000000
1695211482841669298 74.814509 212.937521 216 16 0.000000
1695211483855107783 76.434130 209.188830 212 16 0.000000
1695211484868289075 76.415294 210.228901 213 16 0.000000
1695211485808967022 76.423330 208.360365 196 16 0.000000
1695211486821541203 76.823137 208.379796 211 16 0.000000
1695211487834421976 76.798935 208.316719 211 16 0.000000
1695211488847032206 76.788617 208.372376 211 16 0.000000
1695211489860021125 77.169865 208.294485 211 16 0.000000
1695211490873488580 76.505872 207.209411 210 16 0.000000
1695211491815238502 76.012973 212.370604 200 16 0.000000
1695211492828571334 74.382092 215.131690 218 16 0.000000
1695211493842308450 75.809066 209.127187 212 16 0.000000
1695211494855221785 76.405089 211.271788 214 16 0.000000
1695211495869193192 75.833719 210.065089 213 16 0.000000
1695211496882492038 76.103545 210.204522 213 16 0.000000
1695211497824288581 76.926169 204.927488 193 15 0.000000
1695211498836949246 76.352062 213.299487 216 16 0.000000
1695211499850953591 75.426899 211.044466 214 16 0.000000
1695211500864592186 75.754870 212.107107 215 16 0.000000
1695211501878226127 77.619984 205.202294 208 16 0.000000
1695211502891746356 74.697034 215.091942 218 16 0.000000
1695211503904643418 74.058846 214.236974 217 16 0.000000
1695211504846195590 77.946153 207.104815 195 16 0.000000
1695211505860399641 75.067779 212.974904 216 16 0.000000
1695211506873381456 76.889738 205.334383 208 16 0.000000
1695211507887397103 76.792540 211.042109 214 16 0.000000
1695211508900481655 74.416305 214.197331 217 16 0.000000
1695211509914083619 75.062138 213.101403 216 16 0.000000
1695211510855406085 76.020529 211.404696 199 16 0.000000
1695211511868692619 74.381326 215.141403 218 16 0.000000
1695211512882970004 76.180876 209.015923 212 16 0.000000
1695211513896911788 76.496170 208.098725 211 16 0.000000
1695211514910041702 78.654911 205.304372 208 16 0.000000
1695211515924066408 78.737231 202.164659 205 16 0.000000
1695211516864813597 76.051384 210.471042 198 16 0.000000
1695211517878980618 76.511363 209.038550 212 16 0.000000
1695211518893319968 75.791813 210.974757 214 16 0.000000
1695211519907449383 76.146316 211.018436 214 16 0.000000
1695211520920792491 76.197172 208.221671 211 16 0.000000
1695211521934687693 78.272140 206.135704 209 16 0.000000
1695211522875521817 76.026200 209.388667 197 16 0.000000
1695211523889303465 76.133776 211.090812 214 16 0.000000
1695211524903411500 75.791281 211.022889 214 16 0.000000
1695211525916974614 75.791298 210.149719 213 16 0.000000
1695211526930747058 74.705383 214.051976 217 16 0.000000
1695211527944282592 75.409798 213.115379 216 16 0.000000
1695211528956267714 75.959437 199.607662 202 16 0.000000
1695211529898533574 75.457609 223.928309 211 16 0.000000
1695211530912097556 75.027756 213.109393 216 16 0.000000
1695211531924487069 76.783702 208.417809 211 16 0.000000
1695211532957150996 77.236729 207.231027 214 16 0.000000
1695211533899278836 76.478025 209.101124 197 16 0.000000
1695211534912619751 76.094880 209.208953 212 16 0.000000
1695211535925236371 78.615462 204.420907 207 16 0.000000
1695211536938767753 76.119040 210.156297 213 16 0.000000
1695211537951545573 79.084536 201.426211 204 16 0.000000
1695211538964602001 78.311412 204.332150 207 16 0.000000
1695211539978770386 74.381583 215.940472 219 16 0.000000
1695211540920417890 75.315021 212.393704 200 16 0.000000
1695211541934313586 76.858906 207.121902 210 16 0.000000
1695211542947831852 76.845345 207.199025 210 16 0.000000
1695211543960738330 76.450313 211.273165 214 16 0.000000
1695211544974261921 76.508127 208.184637 211 16 0.000000
1695211545988828983 77.294629 206.984836 210 16 0.000000
1695211546929706081 76.397584 209.379106 197 16 0.000000
1695211547943071252 75.421005 212.164383 215 16 0.000000
1695211548959146510 77.296057 206.677616 210 16 0.000000
1695211549972698330 78.318914 205.218900 208 16 0.000000
1695211550987268718 76.952074 206.984163 210 16 0.000000
1695211552000457556 77.164314 208.253351 211 16 0.000000
1695211552941003931 76.039454 209.452750 197 16 0.000000
1695211553954054539 76.434354 210.256034 213 16 0.000000
1695211554968012899 76.883682 207.109103 210 16 0.000000
1695211555981604374 75.805429 211.130418 214 16 0.000000
1695211556995309450 78.346733 203.214923 206 16 0.000000
1695211558008738350 75.022764 215.111281 218 16 0.000000
1695211558949148120 76.388521 209.483161 197 16 0.000000
1695211559963043919 77.282273 204.162990 207 16 0.000000
1695211560975937085 76.787321 210.288715 213 16 0.000000
1695211561990733888 77.255472 206.937978 210 16 0.000000
1695211563004442693 78.267815 205.187137 208 16 0.000000
1695211564016675630 77.236031 205.486300 208 16 0.000000
1695211565028018205 78.316559 191.824183 194 16 0.000000
1695211565971198329 75.088958 227.952254 215 16 0.000000
1695211566985524848 76.544405 209.005676 212 16 0.000000
1695211567999541828 76.459500 210.055655 213 16 0.000000
1695211569012079053 76.461199 208.387400 211 16 0.000000
1695211570025678998 75.785871 210.142081 213 16 0.000000
1695211571039074664 77.496027 208.210865 211 16 0.000000
1695211571979559356 76.779049 208.403143 196 16 0.000000
1695211572993199406 77.950153 205.201102 208 16 0.000000
1695211574006822648 76.157519 208.164118 211 16 0.000000
1695211575019684066 76.451196 209.308002 212 16 0.000000
1695211576033926033 74.072967 217.896731 221 16 0.000000
1695211577047686847 76.901321 206.163023 209 16 0.000000
1695211577989077638 76.414615 210.327103 198 16 0.000000
1695211579002026450 75.742891 211.264389 214 16 0.000000
1695211580015377312 77.207864 206.246421 209 16 0.000000
1695211581029391439 77.952010 206.111531 209 16 0.000000
1695211582042659484 77.940175 204.289474 207 16 0.000000
1695211583055884263 78.292597 204.298170 207 16 0.000000
1695211584069054421 77.541057 208.257260 211 16 0.000000
1695211585010844768 77.240156 205.990639 194 16 0.000000
1695211586023682222 76.075642 210.300283 213 16 0.000000
1695211587037097630 76.858851 208.206819 211 16 0.000000
1695211588051015749 75.099321 213.034950 216 16 0.000000
1695211589064417871 76.825730 208.209550 211 16 0.000000
