1694225493393855410 222.576966 0.000000
1694225495281321813 222.313153 0.000000
1694225497283187261 222.425088 0.000000
1694225497283298224 222.517447 0.000000
1694225497592280362 222.388062 0.000000
1694225498321217515 222.373320 0.000000
1694225498321221940 222.459107 0.000000
1694225499644131495 222.477425 0.000000
1694225501438526102 222.490847 0.000000
1694225502151809887 222.426687 0.000000
1694225502819026021 222.357133 0.000000
1694225502895240320 222.406665 0.000000
1694225503195976126 222.433583 0.000000
1694225505423605374 222.350143 0.000000
1694225506802245266 222.335545 0.000000
1694225508504741076 222.385196 0.000000
1694225512246416406 222.491127 0.000000
1694225514258018754 222.521284 0.000000
1694225516734246103 222.434125 0.000000
1694225517039420801 222.431322 0.000000
1694225517658891932 222.439552 0.000000
1694225519486498674 222.394321 0.000000
1694225520052332890 222.402000 0.000000
1694225520781102574 222.430285 0.000000
1694225523646123322 222.456985 0.000000
1694225523870532025 222.495733 0.000000
1694225523949675057 222.494174 0.000000
1694225525133339790 222.399890 0.000000
1694225525806118470 222.470985 0.000000
1694225526553952671 222.437776 0.000000
1694225527143559469 222.389940 0.000000
1694225527516165669 222.367586 0.000000
1694225527891565174 222.454561 0.000000
1694225528336742844 222.403926 0.000000
1694225529154804700 222.420219 0.000000
1694225529822343742 222.527411 0.000000
1694225533556306128 222.355588 0.000000
1694225534223853164 222.418607 0.000000
1694225534742852378 222.372736 0.000000
1694225536226252323 222.542030 0.000000
1694225538958794452 222.468491 0.000000
1694225539181395809 222.592861 0.000000
1694225541854935093 222.362296 0.000000
1694225542494250298 222.434384 0.000000
1694225543536223020 222.631453 0.000000
1694225543807935763 222.427445 0.000000
1694225545552163478 222.423664 0.000000
1694225546613143518 222.421063 0.000000
1694225547781356513 222.461393 0.000000
1694225548919636211 222.399217 0.000000
1694225549497538858 222.423363 0.000000
1694225550561135381 222.510115 0.000000
1694225550948846950 222.535150 0.000000
1694225551593677737 222.553401 0.000000
1694225554244185467 222.522353 0.000000
1694225554886394185 222.485618 0.000000
1694225557590778025 222.437380 0.000000
1694225559661239068 222.480983 0.000000
1694225561820023123 222.339130 0.000000
1694225563196346791 222.282465 0.000000
1694225563386601354 222.517483 0.000000
1694225565272973585 222.398179 0.000000
1694225565921546948 222.556032 0.000000
1694225567372087821 222.470591 0.000000
1694225567528541939 222.389470 0.000000
1694225568400879413 222.481453 0.000000
1694225569558553724 222.419658 0.000000
1694225570531474928 222.484009 0.000000
1694225570905790932 222.368616 0.000000
1694225571350873744 222.462700 0.000000
1694225573655603418 222.360073 0.000000
1694225575883942797 222.395730 0.000000
1694225578264283400 222.486715 0.000000
1694225578709094310 222.387432 0.000000
1694225579962648501 222.345960 0.000000
1694225585323160467 222.498651 0.000000
1694225585472824789 222.420115 0.000000
1694225585545722793 222.548699 0.000000
1694225586958368964 222.528292 0.000000
1694225589049444983 222.494764 0.000000
1694225590253023324 222.416392 0.000000
1694225594123130040 222.597889 0.000000
1694225594719934243 222.432092 0.000000
1694225594720013142 222.627425 0.000000
1694225594720127513 222.493070 0.000000
1694225595388299144 222.471941 0.000000
1694225597964000073 222.406048 0.000000
1694225598108335609 222.396591 0.000000
1694225598483637001 222.585972 0.000000
1694225599150901807 222.379415 0.000000
1694225600857102837 222.371894 0.000000
1694225603046226146 222.395092 0.000000
1694225603315550125 222.626230 0.000000
1694225604684468375 223.810449 0.000000
1694225607885181635 222.596260 0.000000
1694225610333494047 222.381590 0.000000
1694225611592919322 222.548689 0.000000
1694225612259723436 222.685472 0.000000
1694225616389782908 222.373240 0.000000
1694225617196759414 222.357510 0.000000
1694225619988143082 222.515897 0.000000
1694225621167272950 222.385910 0.000000
1694225625187283136 222.325125 0.000000
1694225625916616331 222.484129 0.000000
1694225628165251645 222.818618 0.000000
1694225628475704156 222.388727 0.000000
1694225630033392198 222.361192 0.000000
1694225633868411448 222.471080 0.000000
1694225637377184929 222.446566 0.000000
1694225638264435014 222.344238 0.000000
1694225645897304848 222.423917 0.000000
1694225647091839404 222.448525 0.000000
1694225647475659318 222.463380 0.000000
1694225649805806616 222.414865 0.000000
1694225650560088230 222.490332 0.000000
1694225650866562753 222.366379 0.000000
1694225651144106763 222.382310 0.000000
1694225651204863291 222.483839 0.000000
1694225651366457023 222.332288 0.000000
1694225651427366008 222.523082 0.000000
1694225652506035210 222.290197 0.000000
1694225653395954911 222.540428 0.000000
1694225654658830830 222.365666 0.000000
1694225656809611903 222.477514 0.000000
1694225656883962093 222.438254 0.000000
1694225658068991758 222.312958 0.000000
1694225658813366433 222.792313 0.000000
1694225661898089506 222.466788 0.000000
1694225662343274813 222.493894 0.000000
