1694225057929288435 144.501911 0.000000
1694225058003419812 144.767794 0.000000
1694225058436161730 144.658421 0.000000
1694225058438086755 144.556338 0.000000
1694225058581240057 144.693277 0.000000
1694225058653371961 144.725041 0.000000
1694225058725572665 144.719899 0.000000
1694225058798059313 144.670564 0.000000
1694225058870588975 144.857945 0.000000
1694225058942912950 144.583827 0.000000
1694225059017500318 144.973193 0.000000
1694225059017531822 145.021561 0.000000
1694225059160051746 144.627248 0.000000
1694225059379519506 144.597248 0.000000
1694225059450604378 144.664460 0.000000
1694225059451555943 144.555581 0.000000
1694225059741117124 144.515849 0.000000
1694225059812525739 144.629718 0.000000
1694225059813760959 144.528333 0.000000
1694225059884167416 144.608529 0.000000
1694225059885293392 144.561094 0.000000
1694225059886026253 144.416708 0.000000
1694225059957216921 144.556534 0.000000
1694225059958400386 144.405643 0.000000
1694225060029845190 144.488565 0.000000
1694225060392494861 144.781327 0.000000
1694225060537541796 144.791601 0.000000
1694225060537589131 144.715348 0.000000
1694225060682452699 144.812955 0.000000
1694225060971116049 144.629112 0.000000
1694225061044541755 144.634064 0.000000
1694225061406194635 144.738533 0.000000
1694225061406284880 144.706784 0.000000
1694225061478749193 144.724159 0.000000
1694225061551422286 144.625840 0.000000
1694225061623500584 144.727531 0.000000
1694225061624271017 144.522113 0.000000
1694225061768498335 144.673301 0.000000
1694225062058041834 144.716220 0.000000
1694225062203202615 144.677791 0.000000
1694225062276374834 144.611671 0.000000
1694225062420244259 144.699572 0.000000
1694225062420787438 144.422437 0.000000
1694225062782763821 144.676734 0.000000
1694225063000107819 144.849591 0.000000
1694225063289931039 144.521868 0.000000
1694225063362241278 144.813582 0.000000
1694225063578941603 144.554674 0.000000
1694225063724931978 144.500107 0.000000
1694225064014308583 144.587370 0.000000
1694225064158543724 144.744226 0.000000
1694225064158811899 144.484682 0.000000
1694225064231868039 144.906619 0.000000
1694225064304597112 144.811141 0.000000
1694225064449267756 144.707204 0.000000
1694225064520299284 144.571353 0.000000
1694225064594399022 144.640072 0.000000
1694225064738865316 144.715094 0.000000
1694225064882705682 144.546725 0.000000
1694225064956522608 144.521658 0.000000
1694225065680772220 144.784755 0.000000
1694225065680840042 144.861359 0.000000
1694225065752926340 144.622443 0.000000
1694225065825095921 144.791064 0.000000
1694225065897580681 144.700544 0.000000
1694225065969954242 144.760182 0.000000
1694225065970414648 144.782194 0.000000
1694225066332737437 144.722103 0.000000
1694225066695056072 145.101722 0.000000
1694225066695105402 145.042465 0.000000
1694225066695130179 145.049841 0.000000
1694225066840304501 145.040565 0.000000
1694225067057353198 144.674993 0.000000
1694225067202777319 144.553817 0.000000
1694225067275166857 144.664405 0.000000
1694225067492144016 145.083030 0.000000
1694225067492171580 145.023737 0.000000
1694225067709462014 144.845397 0.000000
1694225067854698524 144.672017 0.000000
1694225067926639955 144.668720 0.000000
1694225067927520264 144.707089 0.000000
1694225068289612900 144.477617 0.000000
1694225068506607707 144.556588 0.000000
1694225068723582600 144.701872 0.000000
1694225068723628106 144.698850 0.000000
1694225068723902360 144.579086 0.000000
1694225068941373378 144.435858 0.000000
1694225068941636094 144.449108 0.000000
1694225069014109803 144.547231 0.000000
1694225069158918122 144.831253 0.000000
1694225069231203082 145.124595 0.000000
1694225069303450149 144.869713 0.000000
1694225069376423716 144.718084 0.000000
1694225069448949897 144.908442 0.000000
1694225069810732038 144.594040 0.000000
1694225069810943505 144.535714 0.000000
1694225069955776396 144.812559 0.000000
1694225070100868266 144.888391 0.000000
1694225070172849388 144.710642 0.000000
1694225070245959474 144.677896 0.000000
1694225070317553525 144.712697 0.000000
1694225070318557817 144.716190 0.000000
1694225070462727901 144.699346 0.000000
1694225070751973557 144.474466 0.000000
1694225070752868805 144.753366 0.000000
1694225070825213554 144.687520 0.000000
1694225071187257900 144.485914 0.000000
1694225071404388806 144.815726 0.000000
1694225071404784607 144.677214 0.000000
1694225071621575433 144.777553 0.000000
1694225071621975399 144.651660 0.000000
1694225071622192028 144.846744 0.000000
1694225071840364028 144.684211 0.000000
1694225071984163078 144.590417 0.000000
1694225071985171610 144.575196 0.000000
1694225072128845739 144.609432 0.000000
1694225072129640720 144.729841 0.000000
1694225072419501020 144.568115 0.000000
1694225072419695317 144.654476 0.000000
1694225072563267640 144.678146 0.000000
1694225072636024328 144.562672 0.000000
1694225072708419062 144.635036 0.000000
1694225072853730949 144.843722 0.000000
1694225072998311694 144.779177 0.000000
1694225073143421911 144.624166 0.000000
1694225073577811963 144.663337 0.000000
1694225073939856116 144.676934 0.000000
1694225074085521887 144.664716 0.000000
1694225074230155850 144.626305 0.000000
1694225074446221462 144.598776 0.000000
1694225074448125042 144.682617 0.000000
1694225074519442701 144.846989 0.000000
1694225074592972728 144.763845 0.000000
1694225074954078785 144.589936 0.000000
1694225075460912610 144.534843 0.000000
1694225075750895120 144.730147 0.000000
1694225075823219942 144.641135 0.000000
1694225075969216702 144.793444 0.000000
1694225076039993396 144.700909 0.000000
1694225076040895401 144.541167 0.000000
1694225076113867750 144.569759 0.000000
1694225076114029712 144.623233 0.000000
1694225076184867945 144.560607 0.000000
1694225076258502926 144.507824 0.000000
1694225076330944141 144.667142 0.000000
1694225076402093104 144.634764 0.000000
1694225076475556989 144.608112 0.000000
1694225076620582874 144.595564 0.000000
1694225076764373074 144.795970 0.000000
1694225076765261993 144.571117 0.000000
1694225077054883202 144.473044 0.000000
1694225077055110721 144.517206 0.000000
1694225077126884024 144.626281 0.000000
1694225077344101618 144.660720 0.000000
1694225077345017069 144.892310 0.000000
1694225077489842642 144.662789 0.000000
1694225077634235750 144.623158 0.000000
1694225077707423792 144.601778 0.000000
1694225078068704810 144.576865 0.000000
1694225078213558535 144.610724 0.000000
1694225078286677450 144.507529 0.000000
1694225078286924610 144.708205 0.000000
1694225078431921012 144.590537 0.000000
1694225078503826794 144.473821 0.000000
1694225078504296347 144.523065 0.000000
1694225078793189195 144.605862 0.000000
1694225078793447677 144.594822 0.000000
1694225078865459245 144.779482 0.000000
1694225079227370205 144.684495 0.000000
1694225079372094047 144.790723 0.000000
1694225079445373170 144.522820 0.000000
1694225079590152828 144.562803 0.000000
1694225079734851376 144.689688 0.000000
1694225079735108941 144.663672 0.000000
1694225079807273144 144.945418 0.000000
1694225079807632250 144.875140 0.000000
1694225080025198058 144.837968 0.000000
1694225080097137303 144.774045 0.000000
1694225080314479796 144.590969 0.000000
1694225080387020671 144.500843 0.000000
1694225080459521624 144.494498 0.000000
1694225080460027657 144.473911 0.000000
1694225080604654529 144.515337 0.000000
1694225080749447548 144.801516 0.000000
1694225080749518738 145.122609 0.000000
1694225081111508214 144.643150 0.000000
1694225081112324298 144.683213 0.000000
1694225081184052357 144.628601 0.000000
1694225081474610351 144.496052 0.000000
1694225081474686112 144.464018 0.000000
1694225081545660556 144.442551 0.000000
1694225081835773164 144.973223 0.000000
1694225081909135515 144.708713 0.000000
1694225082053010061 144.859884 0.000000
1694225082053938547 144.556282 0.000000
1694225082416169476 144.652917 0.000000
1694225082560205457 144.777357 0.000000
1694225082560638761 144.540701 0.000000
1694225082705350379 144.521336 0.000000
1694225082778117782 145.037667 0.000000
1694225083140043139 144.535488 0.000000
1694225083140916913 144.827588 0.000000
1694225083213822802 145.017596 0.000000
1694225083285648954 144.473690 0.000000
1694225083286455281 144.471099 0.000000
1694225083357581678 144.998080 0.000000
1694225083429661676 144.823625 0.000000
1694225083864578713 144.740085 0.000000
1694225083864626514 144.510140 0.000000
1694225083938017613 144.549887 0.000000
1694225084009430437 144.872628 0.000000
1694225084081974866 144.711513 0.000000
1694225084154634894 144.719713 0.000000
1694225084154852270 144.491131 0.000000
1694225084227659990 144.579702 0.000000
1694225084662438435 144.504184 0.000000
1694225084806705143 144.672267 0.000000
1694225084806875083 144.557334 0.000000
1694225085024297988 144.826526 0.000000
1694225085313947062 144.594656 0.000000
1694225085459364062 144.552418 0.000000
1694225085531818010 144.506937 0.000000
1694225085748393883 144.811325 0.000000
1694225085748472296 144.821003 0.000000
1694225085749315213 144.954283 0.000000
1694225085820998467 144.776400 0.000000
1694225085821539947 144.908081 0.000000
1694225085821544754 144.806760 0.000000
1694225085821624379 144.802410 0.000000
1694225086183659356 144.828907 0.000000
1694225086184280702 144.879550 0.000000
1694225086256083138 144.428184 0.000000
1694225086400835462 144.675896 0.000000
1694225086473992070 144.707017 0.000000
1694225086546165991 144.976134 0.000000
1694225086618969938 144.927000 0.000000
1694225086619098688 144.710982 0.000000
1694225086763019210 144.504427 0.000000
1694225086907968017 144.465652 0.000000
1694225087271119302 145.128223 0.000000
1694225087343592900 144.975702 0.000000
1694225087633281785 144.684736 0.000000
1694225087634043789 144.794687 0.000000
1694225087706621900 144.593549 0.000000
1694225087923769871 144.650912 0.000000
1694225088141731841 145.362704 0.000000
1694225088214341656 144.766472 0.000000
1694225088214466191 144.774825 0.000000
1694225088358211476 144.704377 0.000000
1694225088430972193 144.548905 0.000000
1694225088648769509 144.550759 0.000000
1694225088865835323 144.831824 0.000000
1694225089010938397 144.613064 0.000000
1694225089011005138 144.669928 0.000000
1694225089228096451 144.735824 0.000000
1694225089300515623 144.891216 0.000000
1694225089373039804 144.757436 0.000000
1694225089445343933 144.635081 0.000000
1694225089445445991 144.697080 0.000000
1694225089518222554 144.825463 0.000000
1694225089590573863 144.708932 0.000000
1694225089662550570 144.609270 0.000000
1694225089734762971 144.678151 0.000000
1694225089734818295 144.676437 0.000000
1694225089880324472 144.595252 0.000000
1694225090387744885 144.876297 0.000000
1694225090387811260 144.873640 0.000000
1694225090605590094 145.255830 0.000000
1694225090821555496 144.692003 0.000000
1694225091038852233 144.792572 0.000000
1694225091256318735 144.790117 0.000000
1694225091256364817 144.633026 0.000000
1694225091328985713 144.868629 0.000000
1694225091329072184 144.941368 0.000000
1694225091546792035 144.975181 0.000000
1694225091546823473 145.057945 0.000000
1694225091618895687 144.824456 0.000000
1694225091619412425 144.581475 0.000000
1694225091619577294 144.705930 0.000000
1694225091691159889 144.716089 0.000000
1694225092053960377 144.582353 0.000000
1694225092199415992 144.857628 0.000000
1694225092415695701 144.606724 0.000000
1694225092487875490 144.789710 0.000000
1694225092633564183 144.789219 0.000000
1694225092706312626 144.466383 0.000000
1694225092777604619 144.702417 0.000000
1694225092922573872 144.862835 0.000000
1694225093068289156 144.764201 0.000000
1694225093359078628 144.750654 0.000000
1694225093502383176 144.729354 0.000000
1694225093719751440 144.832966 0.000000
1694225093793923992 144.806409 0.000000
1694225094009587236 144.771342 0.000000
1694225094011001102 144.823429 0.000000
1694225094083513295 144.682530 0.000000
1694225094445672120 144.622862 0.000000
1694225094446286164 145.072934 0.000000
1694225094517521260 144.781450 0.000000
1694225094661973935 144.562937 0.000000
1694225094663206008 144.398033 0.000000
1694225094734867596 144.521696 0.000000
1694225094807133697 144.735384 0.000000
1694225094951911399 144.819715 0.000000
1694225094952198508 144.657393 0.000000
1694225094952699684 144.460975 0.000000
1694225095024471770 144.725817 0.000000
1694225095024652325 144.797193 0.000000
1694225095241956909 144.612813 0.000000
1694225095242062705 144.533007 0.000000
1694225095531355779 144.517972 0.000000
1694225095531771917 144.593002 0.000000
1694225095748837661 144.812729 0.000000
1694225095748885522 144.470273 0.000000
1694225095893528035 144.679844 0.000000
1694225096256215344 144.708961 0.000000
1694225096328610228 144.811986 0.000000
1694225096472710424 144.837748 0.000000
1694225096545368688 144.681318 0.000000
1694225096617607966 144.736989 0.000000
1694225096690188533 144.522779 0.000000
1694225096835367730 144.892820 0.000000
1694225096907964032 144.568885 0.000000
1694225097052918587 144.822166 0.000000
1694225097270522322 144.762697 0.000000
1694225097342076745 144.495916 0.000000
1694225097342355559 144.525829 0.000000
1694225097342395352 144.449827 0.000000
1694225097343387235 144.651443 0.000000
1694225097487989149 144.473294 0.000000
1694225097560343339 144.572931 0.000000
1694225097560487976 144.632303 0.000000
1694225097632439139 144.592287 0.000000
1694225097632625242 144.627347 0.000000
1694225097849698493 144.391230 0.000000
1694225097921033500 144.440064 0.000000
1694225097993864947 144.534005 0.000000
1694225098066505118 144.468518 0.000000
1694225098210885956 144.486239 0.000000
1694225098282634180 144.599421 0.000000
1694225098500772010 144.902798 0.000000
1694225098645749346 144.522393 0.000000
1694225098718166674 144.729864 0.000000
1694225098935314172 144.855993 0.000000
1694225099080294711 144.745507 0.000000
1694225099152895155 144.849955 0.000000
1694225099153107749 144.752914 0.000000
1694225099225485931 144.697796 0.000000
1694225099225911777 144.670888 0.000000
1694225099370267602 144.799257 0.000000
1694225099443220876 144.728342 0.000000
1694225099515244733 144.841996 0.000000
1694225099587674815 144.617815 0.000000
1694225099659974729 144.701063 0.000000
1694225099661034145 144.670738 0.000000
1694225099732425604 144.931264 0.000000
1694225099804930260 144.830736 0.000000
1694225099805362686 144.365432 0.000000
1694225099877065305 144.706312 0.000000
1694225099878170718 144.714420 0.000000
1694225099949604030 144.632925 0.000000
1694225100022279593 144.486955 0.000000
1694225100167085200 144.644206 0.000000
1694225100167376398 144.592341 0.000000
1694225100239368631 144.687156 0.000000
1694225100601919793 144.896643 0.000000
1694225100602152289 144.645960 0.000000
1694225100746859837 144.863627 0.000000
1694225100747409216 144.732772 0.000000
1694225100892113883 144.894248 0.000000
1694225100965067248 144.788101 0.000000
1694225101036478323 144.651303 0.000000
1694225101109023333 144.703098 0.000000
1694225101109823400 144.535403 0.000000
1694225101326980972 144.713918 0.000000
1694225101398765150 144.695676 0.000000
1694225101399170494 144.549230 0.000000
1694225101399248736 144.583234 0.000000
1694225101471248887 144.726087 0.000000
1694225101471281302 144.811812 0.000000
1694225101471601508 144.598209 0.000000
1694225101834043787 144.609280 0.000000
1694225102051199700 144.464373 0.000000
1694225102196135907 144.714742 0.000000
1694225102268648870 144.832956 0.000000
1694225102413181452 144.558357 0.000000
1694225102413651541 144.674740 0.000000
1694225102413743991 144.478838 0.000000
1694225102558591224 144.586788 0.000000
1694225102630925167 144.570019 0.000000
1694225102702357312 144.632569 0.000000
1694225102702772418 144.717948 0.000000
1694225102775517498 144.514750 0.000000
1694225102847606847 144.604925 0.000000
1694225103065684370 144.606418 0.000000
1694225103138013727 144.880381 0.000000
1694225103138154425 144.860595 0.000000
1694225103210884399 145.057103 0.000000
1694225103355330144 144.746679 0.000000
1694225103356018541 144.720609 0.000000
1694225103428455489 145.028605 0.000000
1694225103501164896 144.794882 0.000000
1694225103790162987 144.920408 0.000000
1694225103936514517 144.669319 0.000000
1694225104007264248 144.647679 0.000000
1694225104080154876 144.553886 0.000000
1694225104152863784 144.613212 0.000000
1694225104224937510 144.773392 0.000000
1694225104370324084 145.126544 0.000000
1694225104371106781 144.623483 0.000000
1694225104441945854 144.703895 0.000000
1694225104444317384 145.651510 0.000000
1694225104586803698 144.850727 0.000000
1694225104877420010 144.655115 0.000000
1694225104877633437 144.727800 0.000000
1694225104950341801 144.645254 0.000000
1694225104951141352 144.699185 0.000000
1694225105167628043 144.573040 0.000000
1694225105311418099 144.649807 0.000000
1694225105457498437 144.656444 0.000000
1694225105457718340 144.774602 0.000000
1694225105674627016 144.469472 0.000000
1694225105746379904 144.593778 0.000000
1694225105818916669 145.046949 0.000000
1694225105963785789 144.853935 0.000000
1694225106036472087 144.833417 0.000000
1694225106328049993 145.394066 0.000000
1694225106328210175 145.283329 0.000000
1694225106543394715 144.498026 0.000000
1694225106616983394 144.646902 0.000000
1694225106690220428 144.769487 0.000000
1694225106834773704 144.537460 0.000000
1694225106906148890 144.550625 0.000000
1694225106907143890 144.483186 0.000000
1694225107559131849 144.571527 0.000000
1694225107704930156 144.666704 0.000000
1694225107922379416 144.629848 0.000000
1694225107992855681 144.490067 0.000000
1694225107992890226 144.547812 0.000000
1694225107994374120 144.453668 0.000000
1694225108065022771 144.568014 0.000000
1694225108138875068 144.452861 0.000000
1694225108283801310 144.482474 0.000000
1694225108356691106 144.897215 0.000000
1694225108427313035 144.821273 0.000000
1694225108499832324 144.712535 0.000000
1694225108645836245 144.639695 0.000000
1694225108646349073 144.489375 0.000000
1694225108862264348 144.502166 0.000000
1694225108936075705 144.705194 0.000000
1694225109006874936 144.850096 0.000000
1694225109006928576 144.648171 0.000000
1694225109151707575 144.400554 0.000000
1694225109153312270 144.650830 0.000000
1694225109368486160 144.645920 0.000000
1694225109585834099 144.907844 0.000000
1694225109587245554 144.739803 0.000000
1694225109659043460 144.657171 0.000000
1694225109731763066 144.575511 0.000000
1694225109733368753 144.530111 0.000000
1694225109805872561 144.623573 0.000000
1694225110021872288 144.478029 0.000000
1694225110456605093 144.788016 0.000000
1694225110456650218 144.541618 0.000000
1694225110529256620 144.592601 0.000000
1694225110673099927 144.662232 0.000000
1694225110964474334 144.808258 0.000000
1694225110964551002 144.831752 0.000000
1694225111109292950 144.700987 0.000000
1694225111326454135 144.679894 0.000000
1694225111543458635 144.637857 0.000000
1694225111686828916 144.695665 0.000000
1694225111687448678 144.502691 0.000000
1694225111759879181 144.455992 0.000000
1694225111831593281 144.746830 0.000000
1694225112123577748 145.205808 0.000000
1694225112268684846 145.099265 0.000000
1694225112340987471 144.622299 0.000000
1694225112558314993 144.755234 0.000000
1694225112701467015 144.459230 0.000000
1694225112775426387 144.602760 0.000000
1694225112775454106 144.709338 0.000000
1694225112919481942 144.506481 0.000000
1694225112992704523 144.996425 0.000000
1694225112993004952 144.716459 0.000000
1694225113064282567 144.554102 0.000000
1694225113065223016 144.734429 0.000000
1694225113282238521 144.369792 0.000000
1694225113354943648 144.879113 0.000000
1694225113716374713 144.952158 0.000000
1694225113860965523 144.766805 0.000000
1694225114150974758 144.820837 0.000000
1694225114151147741 144.708120 0.000000
1694225114441814530 144.660333 0.000000
1694225114874678149 144.583855 0.000000
1694225115020749016 144.440873 0.000000
1694225115021887831 144.806063 0.000000
1694225115309419609 144.696783 0.000000
1694225115310585487 144.726062 0.000000
1694225115526807321 144.756467 0.000000
1694225115527688732 144.599462 0.000000
1694225115527721819 144.585886 0.000000
1694225115744364791 144.730835 0.000000
1694225115817263073 144.735245 0.000000
1694225115817669785 144.688483 0.000000
1694225115889409991 144.837405 0.000000
1694225115962037051 144.623308 0.000000
1694225115963634284 144.856375 0.000000
1694225116179366107 144.730917 0.000000
1694225116396803278 144.572505 0.000000
1694225116540806873 144.665054 0.000000
1694225116541070817 144.584086 0.000000
1694225116615523662 144.690985 0.000000
1694225116760525941 144.833731 0.000000
1694225116905289144 144.598094 0.000000
1694225117048193991 144.765111 0.000000
1694225117339758238 144.960266 0.000000
1694225117411586319 144.555243 0.000000
1694225117484269385 144.792666 0.000000
1694225117845554298 144.907778 0.000000
1694225117845594527 144.821959 0.000000
1694225117845885574 144.630849 0.000000
1694225117917989161 144.717742 0.000000
1694225117991566761 144.482309 0.000000
1694225118063174040 144.746834 0.000000
1694225118135685674 144.664811 0.000000
1694225118208030364 144.736751 0.000000
1694225118208813989 144.540119 0.000000
1694225118570380001 144.966696 0.000000
1694225118571161437 145.264842 0.000000
1694225118860734007 144.564770 0.000000
1694225119005741428 144.545647 0.000000
1694225119005893567 144.501814 0.000000
1694225119076627150 144.738875 0.000000
1694225119077474021 144.568223 0.000000
1694225119077703084 144.588906 0.000000
1694225119150734060 144.559920 0.000000
1694225119222274069 144.683592 0.000000
1694225119512694019 144.846657 0.000000
1694225119728962325 144.696432 0.000000
1694225119802173931 144.538916 0.000000
1694225119874626525 144.788807 0.000000
1694225120018596681 144.722212 0.000000
1694225120164115713 144.639706 0.000000
1694225120165125659 144.485730 0.000000
1694225120380998198 144.737848 0.000000
1694225120454781600 144.741126 0.000000
1694225120671363606 144.760121 0.000000
1694225121178493415 144.846381 0.000000
1694225121250904863 144.576959 0.000000
1694225121250990853 144.506791 0.000000
1694225121395545004 144.632553 0.000000
1694225121468024410 144.842366 0.000000
1694225121614133931 144.793653 0.000000
1694225122048131128 145.269471 0.000000
1694225122048782995 145.416863 0.000000
1694225122120109569 144.642724 0.000000
1694225122265827062 144.548423 0.000000
1694225122265936832 144.489350 0.000000
1694225122338941150 144.525902 0.000000
1694225122409833322 144.676366 0.000000
1694225122627498665 144.567998 0.000000
1694225122628310184 144.761670 0.000000
1694225122629162783 144.633806 0.000000
1694225122918519959 144.993659 0.000000
1694225122990727467 144.529083 0.000000
1694225123062508748 144.603255 0.000000
1694225123063690975 144.908385 0.000000
1694225123208228722 144.797593 0.000000
1694225123352435159 144.746408 0.000000
1694225123570494589 145.144861 0.000000
1694225123570775428 145.231492 0.000000
1694225123642978586 144.771171 0.000000
1694225123643518357 145.065706 0.000000
1694225124004722587 144.618125 0.000000
1694225124294904392 144.559233 0.000000
1694225124368377296 144.592109 0.000000
1694225124368577738 144.570925 0.000000
1694225124439019456 144.447171 0.000000
1694225124513076605 144.481216 0.000000
1694225124585515983 144.774278 0.000000
1694225124729708081 144.755363 0.000000
1694225124730002827 144.538484 0.000000
1694225124800632904 144.651988 0.000000
1694225124946002507 144.814116 0.000000
1694225124947317523 144.569316 0.000000
1694225125235298561 144.791518 0.000000
1694225125235453586 144.660594 0.000000
1694225125236612348 144.740123 0.000000
1694225125381348608 144.719916 0.000000
1694225125381433150 144.490948 0.000000
1694225125453143537 144.806463 0.000000
1694225125525981372 144.550472 0.000000
1694225125598549901 144.546513 0.000000
1694225125670943331 144.571877 0.000000
1694225125742841801 144.603025 0.000000
1694225125815595340 144.625627 0.000000
1694225125888647394 144.657852 0.000000
1694225126034401292 145.527226 0.000000
1694225126178023419 144.990817 0.000000
1694225126250859645 144.578692 0.000000
1694225126323690009 144.496346 0.000000
1694225126468754277 144.743376 0.000000
1694225126830468323 144.726482 0.000000
1694225126830472182 144.683476 0.000000
1694225127264770865 144.551735 0.000000
1694225127265718656 144.683206 0.000000
1694225127336722713 144.617133 0.000000
1694225127482993169 144.667750 0.000000
1694225127626386006 144.494176 0.000000
1694225127845007364 144.778332 0.000000
1694225127845101072 144.482840 0.000000
1694225127845406257 144.663685 0.000000
1694225128062951675 144.685000 0.000000
1694225128135078090 144.651221 0.000000
1694225128278695405 144.527304 0.000000
1694225128350752759 144.867144 0.000000
1694225128351306593 144.461690 0.000000
1694225128497491128 144.532445 0.000000
1694225128640629468 144.862802 0.000000
1694225128642157545 144.652255 0.000000
1694225128785538209 144.785565 0.000000
1694225128787604363 144.535793 0.000000
1694225128930985514 144.815920 0.000000
1694225128931437385 144.528491 0.000000
1694225129075819035 144.877824 0.000000
1694225129220247387 144.655261 0.000000
1694225129293483068 144.747466 0.000000
1694225129439070000 144.625085 0.000000
1694225129655710870 144.791983 0.000000
1694225129729363823 144.946003 0.000000
1694225129800766864 144.807670 0.000000
1694225130018719335 144.615022 0.000000
1694225130235930420 144.562931 0.000000
1694225130381573284 144.747345 0.000000
1694225130525301613 144.540699 0.000000
1694225130597037027 144.690312 0.000000
1694225130598776927 144.677517 0.000000
1694225130671090913 144.545570 0.000000
1694225131033328102 144.537647 0.000000
1694225131176311391 144.786616 0.000000
1694225131467343605 144.642048 0.000000
1694225131611053691 144.845884 0.000000
1694225131683321880 144.772474 0.000000
1694225131828413878 144.722077 0.000000
1694225132046278869 144.600097 0.000000
1694225132263764032 144.586956 0.000000
1694225132335597811 144.641193 0.000000
1694225132336583826 145.051719 0.000000
1694225132336684415 145.174209 0.000000
1694225132407886017 144.585243 0.000000
1694225132409050572 145.065044 0.000000
1694225132480510005 144.569616 0.000000
1694225132552972737 144.766825 0.000000
1694225132627225159 144.970324 0.000000
1694225132697957204 144.913568 0.000000
1694225132771519801 144.873022 0.000000
1694225132772057918 144.436302 0.000000
1694225132915425607 144.907543 0.000000
1694225132915471439 144.816857 0.000000
1694225132989262022 144.869825 0.000000
1694225133060637805 144.385428 0.000000
1694225133132869103 144.875859 0.000000
1694225133133837863 144.546147 0.000000
1694225133133851866 144.576092 0.000000
1694225133134161503 144.527543 0.000000
1694225133350427195 144.824019 0.000000
1694225133423312671 144.693986 0.000000
1694225133568429542 145.102236 0.000000
1694225133641224447 144.605054 0.000000
1694225133713795978 145.092107 0.000000
1694225133932015159 144.443177 0.000000
1694225134148269472 144.674415 0.000000
1694225134149438728 144.753945 0.000000
1694225134293944315 144.537190 0.000000
1694225134367074215 144.672060 0.000000
1694225134439288539 144.630914 0.000000
1694225134583996769 144.559182 0.000000
1694225135090462906 144.867279 0.000000
1694225135091150476 144.968219 0.000000
1694225135236007446 144.719144 0.000000
1694225135236272673 144.808744 0.000000
1694225135308197974 144.867339 0.000000
1694225135380111750 144.764445 0.000000
1694225135453025647 144.644782 0.000000
1694225135525484525 144.563422 0.000000
1694225135888947602 144.609634 0.000000
1694225136104543873 144.772564 0.000000
1694225136104542555 144.682344 0.000000
1694225136107284797 144.552362 0.000000
1694225136323638617 144.700787 0.000000
1694225136395028687 145.051748 0.000000
1694225136539853838 144.815549 0.000000
1694225136684489288 144.709357 0.000000
1694225136686195439 144.710835 0.000000
1694225136686219841 144.783043 0.000000
1694225136829582187 144.655887 0.000000
1694225136831086909 144.684829 0.000000
1694225137047915584 144.450765 0.000000
1694225137118654995 144.752938 0.000000
1694225137119970256 144.643588 0.000000
1694225137191878779 144.546052 0.000000
1694225137263736332 144.786070 0.000000
1694225137264732756 144.740294 0.000000
1694225137337867277 144.670922 0.000000
1694225137338177524 144.933883 0.000000
1694225137553615096 144.744521 0.000000
1694225137626269028 144.670617 0.000000
1694225137627803991 144.571625 0.000000
1694225137772003441 144.440987 0.000000
1694225137917920814 144.900672 0.000000
1694225138061651302 144.607514 0.000000
1694225138134768245 144.833447 0.000000
1694225138423429837 144.532725 0.000000
1694225138641171048 145.074649 0.000000
1694225138932000958 144.605990 0.000000
1694225139002842148 144.499868 0.000000
1694225139003382459 144.537307 0.000000
1694225139149189971 144.539997 0.000000
1694225139294217183 144.620234 0.000000
1694225139439138036 144.881135 0.000000
1694225139510738582 144.666566 0.000000
1694225139655651512 144.564540 0.000000
1694225139728354939 144.965162 0.000000
1694225139799712695 144.698582 0.000000
1694225139801578377 144.729188 0.000000
1694225139945999102 144.949545 0.000000
1694225140308117132 144.769777 0.000000
1694225140379175987 144.879567 0.000000
1694225140523852873 144.654935 0.000000
1694225140524022889 144.586706 0.000000
1694225140526202196 144.570226 0.000000
1694225140598304750 144.497563 0.000000
1694225140741192854 144.616564 0.000000
1694225140813829790 144.532045 0.000000
1694225140815583011 144.532300 0.000000
1694225140886650395 144.739206 0.000000
1694225141104600881 144.792891 0.000000
1694225141106172268 145.114535 0.000000
1694225141250089520 144.590635 0.000000
1694225141395583834 144.624737 0.000000
1694225141465338162 144.706078 0.000000
1694225141466478802 144.634347 0.000000
1694225141611105371 144.616224 0.000000
1694225141612006628 144.964344 0.000000
1694225141829972469 144.550204 0.000000
1694225141830097455 144.692436 0.000000
1694225141973523385 144.626624 0.000000
1694225142047351986 144.774273 0.000000
1694225142190177525 144.774598 0.000000
1694225142190489784 144.567912 0.000000
1694225142262835720 144.830989 0.000000
1694225142336684007 144.588156 0.000000
1694225142407837357 144.871178 0.000000
1694225142479462173 144.546642 0.000000
1694225142481420125 144.757995 0.000000
1694225142552772759 144.785183 0.000000
1694225142771280887 144.714734 0.000000
1694225142986243373 144.545320 0.000000
1694225143204727946 144.467167 0.000000
1694225143349394964 144.560640 0.000000
1694225143349677010 144.659260 0.000000
1694225143349898190 144.453085 0.000000
1694225143494447419 145.001466 0.000000
1694225143929480532 144.476531 0.000000
1694225144001475928 145.143777 0.000000
1694225144073197635 144.681336 0.000000
1694225144074860706 144.952783 0.000000
1694225144147008200 145.032649 0.000000
1694225144219627652 144.799496 0.000000
1694225144290081824 144.461795 0.000000
1694225144291551209 144.684573 0.000000
1694225144363225060 144.532704 0.000000
1694225144363504826 144.548697 0.000000
1694225144437073302 144.659385 0.000000
1694225144581311170 144.769220 0.000000
1694225144652038474 144.681156 0.000000
1694225144797746735 144.561572 0.000000
1694225144870661429 144.585653 0.000000
1694225144871226309 144.651296 0.000000
1694225145160475574 144.625857 0.000000
1694225145232899063 144.434221 0.000000
1694225145305291406 144.809078 0.000000
1694225145377373963 144.520020 0.000000
1694225145378115218 144.625811 0.000000
1694225146101507881 144.562940 0.000000
1694225146175200150 144.732621 0.000000
1694225146319707491 144.560040 0.000000
1694225146391876760 144.431677 0.000000
1694225146537067064 144.407126 0.000000
1694225146680202438 144.726983 0.000000
1694225146970205195 144.832633 0.000000
1694225147115104764 144.702757 0.000000
1694225147261433168 144.625637 0.000000
1694225147333876706 144.565246 0.000000
1694225147477439458 144.557082 0.000000
1694225147477899524 144.767626 0.000000
1694225147622673315 144.747766 0.000000
1694225147623054312 144.623772 0.000000
1694225147623848019 144.863049 0.000000
1694225147694957451 144.907613 0.000000
1694225147768817912 144.799596 0.000000
1694225147912439957 144.619216 0.000000
1694225147914059412 144.947130 0.000000
1694225148202792648 144.532820 0.000000
1694225148275945421 144.523152 0.000000
1694225148276055818 144.631184 0.000000
1694225148347195330 144.784491 0.000000
1694225148492066991 144.786683 0.000000
1694225148492265031 144.515190 0.000000
1694225148564494334 144.766835 0.000000
1694225148565407600 144.526064 0.000000
1694225148636361746 144.646053 0.000000
1694225148636632166 144.611002 0.000000
1694225148854095180 144.751418 0.000000
1694225148927341100 144.596698 0.000000
1694225148927551510 144.551112 0.000000
1694225149071200092 144.721800 0.000000
1694225149071785149 144.919174 0.000000
1694225149144394457 144.678309 0.000000
1694225149144914778 144.696973 0.000000
1694225149216737160 144.746353 0.000000
1694225149216941967 144.972353 0.000000
1694225149217478986 144.675428 0.000000
1694225149578716367 144.822109 0.000000
1694225149796032064 144.721108 0.000000
1694225149941218927 144.848541 0.000000
1694225149941550704 144.812151 0.000000
1694225150013980815 144.669368 0.000000
1694225150015061746 145.011835 0.000000
1694225150158532960 144.764580 0.000000
1694225150158727192 144.757212 0.000000
1694225150303556377 144.532394 0.000000
1694225150304348566 144.463549 0.000000
1694225150521986303 144.486046 0.000000
1694225150593699806 144.489795 0.000000
1694225150594726841 144.525570 0.000000
1694225150595045773 144.642260 0.000000
1694225150811775231 144.737352 0.000000
1694225150956784912 144.587211 0.000000
1694225151028500103 144.594003 0.000000
1694225151246341545 144.634246 0.000000
1694225151246369625 144.640756 0.000000
1694225151318724947 144.574592 0.000000
1694225151318988846 144.561768 0.000000
1694225151391369608 144.762339 0.000000
1694225151463909795 144.998910 0.000000
1694225151608322500 144.977625 0.000000
1694225151752918447 144.432427 0.000000
1694225151825832951 144.816019 0.000000
1694225151970386369 144.842310 0.000000
1694225152044381447 144.892617 0.000000
1694225152261136003 145.020345 0.000000
1694225152332909817 144.610526 0.000000
1694225152624080807 144.751990 0.000000
1694225152841207760 144.613938 0.000000
1694225152913200145 144.537171 0.000000
1694225152913411273 144.499069 0.000000
1694225152913818502 144.801195 0.000000
1694225153058419370 144.583153 0.000000
1694225153202839498 144.725498 0.000000
1694225153419666182 144.614305 0.000000
1694225153493172733 144.559492 0.000000
1694225153636679020 144.683832 0.000000
1694225153710429418 144.669698 0.000000
1694225153927478407 144.577118 0.000000
1694225154000065226 144.419442 0.000000
1694225154072296634 144.627728 0.000000
1694225154143575862 144.690046 0.000000
1694225154144449856 144.617872 0.000000
1694225154144477731 144.655792 0.000000
1694225154289247232 144.774567 0.000000
1694225154433399351 144.720224 0.000000
1694225154650461197 144.571635 0.000000
1694225154723174893 144.624638 0.000000
1694225154723225922 144.557011 0.000000
1694225154867964997 144.780857 0.000000
1694225154869377198 144.700957 0.000000
1694225154940828321 144.671834 0.000000
1694225154941730681 144.705492 0.000000
1694225155085683697 144.868572 0.000000
1694225155158913810 144.865555 0.000000
1694225155304533705 144.836176 0.000000
1694225155521517414 144.593116 0.000000
1694225155521943371 144.548807 0.000000
1694225155592326066 144.528214 0.000000
1694225155811162147 144.655796 0.000000
1694225155811167600 144.739616 0.000000
1694225156101533416 144.700004 0.000000
1694225156245887575 144.543300 0.000000
1694225156389999992 144.854023 0.000000
1694225156462601317 144.610707 0.000000
1694225156534499429 144.614786 0.000000
1694225156606900027 144.505136 0.000000
1694225156680887758 144.646850 0.000000
1694225156752478169 144.827931 0.000000
1694225156752812738 145.066451 0.000000
1694225156753302823 144.585837 0.000000
1694225156895843747 144.609774 0.000000
1694225156896859757 144.613503 0.000000
1694225156897637728 144.436311 0.000000
1694225157042118968 144.530034 0.000000
1694225157259075594 144.789322 0.000000
1694225157259576540 144.745766 0.000000
1694225157331628220 144.641427 0.000000
1694225157331889198 144.689555 0.000000
1694225157403323842 144.512011 0.000000
1694225157548553008 144.639920 0.000000
1694225157548894447 144.646951 0.000000
1694225157622343330 144.782531 0.000000
1694225157839736261 144.635088 0.000000
1694225157910346722 144.582936 0.000000
1694225158055011243 144.814540 0.000000
1694225158057120542 144.533651 0.000000
1694225158202136196 144.828964 0.000000
1694225158272618950 144.632978 0.000000
1694225158346773950 144.623336 0.000000
1694225158491684770 144.607915 0.000000
1694225158853571712 145.113010 0.000000
1694225158997238747 145.159112 0.000000
1694225159358732903 144.495884 0.000000
1694225159360877720 144.883041 0.000000
1694225159504357058 144.550446 0.000000
1694225159577237603 144.628673 0.000000
1694225159578122833 144.499748 0.000000
1694225159793446087 144.619035 0.000000
1694225159795138346 144.452132 0.000000
1694225159867057463 144.569635 0.000000
1694225159939993947 144.635815 0.000000
1694225160155460320 144.549068 0.000000
1694225160157197087 144.642090 0.000000
1694225160228686208 144.841393 0.000000
1694225160302030507 144.623771 0.000000
1694225160372592680 144.674705 0.000000
1694225160374011262 145.015253 0.000000
1694225160375279904 145.306315 0.000000
1694225160447453348 144.945029 0.000000
1694225160663776881 144.833330 0.000000
1694225160808300670 144.708369 0.000000
1694225160808318617 144.531116 0.000000
1694225161097946499 144.476860 0.000000
1694225161099259104 144.452187 0.000000
1694225161244138656 144.633991 0.000000
1694225161316310546 144.667714 0.000000
1694225161460855605 144.558004 0.000000
1694225161531613278 144.671969 0.000000
1694225161533496942 144.608596 0.000000
1694225161678655413 144.758304 0.000000
1694225161822025672 144.539531 0.000000
1694225161823571751 144.820329 0.000000
1694225161896343517 144.745600 0.000000
1694225161967651842 144.581679 0.000000
1694225161968268206 144.680098 0.000000
1694225162041040373 144.530810 0.000000
1694225162257443817 144.529115 0.000000
1694225162257961211 144.474243 0.000000
1694225162258102389 144.419160 0.000000
1694225162329855750 144.585418 0.000000
1694225162403016001 144.548296 0.000000
1694225162474916935 144.402788 0.000000
1694225162546867761 144.631891 0.000000
1694225162547668645 144.481086 0.000000
1694225162547843597 144.595370 0.000000
1694225162620064806 144.644298 0.000000
1694225162692623231 145.064025 0.000000
1694225162692634722 145.302566 0.000000
1694225162692745495 144.917510 0.000000
1694225162764512067 144.823827 0.000000
1694225162765005094 144.972752 0.000000
1694225162909811556 144.684647 0.000000
1694225162982518166 144.707462 0.000000
1694225163199378023 144.656192 0.000000
1694225163343602764 144.543671 0.000000
1694225163343693671 144.611960 0.000000
1694225163344526243 144.640967 0.000000
1694225163415591758 144.678875 0.000000
1694225163416114124 144.588710 0.000000
1694225163416779608 144.623215 0.000000
1694225163488355752 144.727879 0.000000
1694225163489400683 144.849577 0.000000
1694225163634304566 144.594138 0.000000
1694225163705257685 144.447486 0.000000
1694225163707720813 144.444595 0.000000
1694225163851339605 144.648610 0.000000
1694225164069517834 145.155128 0.000000
1694225164141855635 144.555641 0.000000
1694225164212857868 144.780063 0.000000
1694225164213429558 144.678920 0.000000
1694225164357248156 144.803374 0.000000
1694225164574597305 144.714633 0.000000
1694225164647442217 144.775204 0.000000
1694225164719854070 144.485169 0.000000
1694225165081848471 144.653280 0.000000
1694225165082677691 144.511691 0.000000
1694225165227405083 144.710674 0.000000
1694225165372205576 145.456229 0.000000
1694225165662497695 144.869684 0.000000
1694225165663421415 144.993071 0.000000
1694225165734424384 144.647507 0.000000
1694225165808388250 144.993226 0.000000
1694225165880956918 144.514567 0.000000
1694225166025605928 144.610425 0.000000
1694225166242741781 144.663854 0.000000
1694225166242921765 144.583803 0.000000
1694225166314676754 144.713696 0.000000
1694225166387747752 144.986320 0.000000
1694225166604529235 144.618503 0.000000
1694225166605391021 144.793435 0.000000
1694225166675971407 144.663118 0.000000
1694225166750197232 144.712237 0.000000
1694225166822728789 144.644529 0.000000
1694225166822907505 144.714838 0.000000
1694225167184289049 144.616664 0.000000
1694225167255522344 144.720221 0.000000
1694225167256413042 144.507661 0.000000
1694225167474616570 144.478709 0.000000
1694225167618908594 144.711631 0.000000
1694225167619327690 144.570938 0.000000
1694225167835453928 144.466595 0.000000
1694225168054169668 144.514632 0.000000
1694225168054959401 144.686251 0.000000
1694225168127481893 144.709735 0.000000
1694225168199669839 144.549148 0.000000
1694225168342649068 144.513084 0.000000
1694225168416972836 144.622347 0.000000
1694225168560115986 144.930521 0.000000
1694225168633256034 144.749314 0.000000
1694225169211912169 144.622001 0.000000
1694225169285952127 144.817562 0.000000
1694225169357614356 144.884859 0.000000
1694225169357841504 144.838887 0.000000
1694225169574480100 144.491864 0.000000
1694225169646891667 144.585607 0.000000
1694225169792437725 144.531471 0.000000
1694225169864925535 144.586765 0.000000
1694225169936376908 144.633655 0.000000
1694225169953082314 144.607122 0.000000
1694225170009533294 144.627982 0.000000
1694225170009988258 144.514487 0.000000
1694225170081413259 144.738753 0.000000
1694225170082226437 144.434685 0.000000
1694225170226788410 144.664065 0.000000
1694225170226955634 144.715004 0.000000
1694225170242587481 144.572246 0.000000
1694225170299603451 144.781458 0.000000
1694225170459588720 144.476043 0.000000
1694225170532041448 144.551523 0.000000
1694225170660997033 144.598197 0.000000
1694225170821230780 144.608826 0.000000
1694225170949462250 144.658885 0.000000
1694225170950528928 144.570002 0.000000
1694225170951273952 144.539533 0.000000
1694225171095388192 144.506057 0.000000
1694225171312988094 144.401598 0.000000
1694225171327528824 144.477183 0.000000
1694225171385520834 144.545819 0.000000
1694225171386489143 144.535841 0.000000
1694225171529618321 144.664436 0.000000
1694225171676112250 144.686352 0.000000
1694225171820689171 144.648047 0.000000
1694225171963935587 144.792199 0.000000
1694225171965369740 144.658924 0.000000
1694225172051167954 144.610560 0.000000
1694225172109789476 144.449665 0.000000
1694225172181633343 144.668812 0.000000
1694225172182419608 144.556661 0.000000
1694225172399742816 145.030584 0.000000
1694225172471131307 144.683901 0.000000
1694225172471616236 144.661804 0.000000
1694225172485581214 144.542067 0.000000
1694225172617065218 144.558093 0.000000
1694225172630331794 144.510851 0.000000
1694225172775014954 144.657924 0.000000
1694225173269343884 144.940587 0.000000
1694225173414131691 144.502263 0.000000
1694225173414260155 144.615782 0.000000
1694225173571267172 144.626478 0.000000
1694225173630200495 144.548784 0.000000
1694225173631170744 144.755508 0.000000
1694225173631379309 144.699701 0.000000
1694225173775000351 144.659840 0.000000
1694225173860848572 144.576741 0.000000
1694225173921014609 144.498139 0.000000
1694225173933201498 144.556920 0.000000
1694225174064738882 144.614204 0.000000
1694225174150166230 144.528662 0.000000
1694225174222568072 144.539569 0.000000
1694225174511869680 144.517137 0.000000
1694225174572609508 144.704434 0.000000
1694225174646484025 144.631594 0.000000
1694225174716341769 144.563014 0.000000
1694225174935681486 144.512307 0.000000
1694225175006804283 144.547003 0.000000
1694225175078565753 144.730319 0.000000
1694225175090831090 144.588634 0.000000
1694225175152748202 144.630061 0.000000
1694225175440625039 144.639482 0.000000
1694225175513346949 144.639282 0.000000
1694225175514476944 144.561827 0.000000
1694225175586842920 144.685971 0.000000
1694225175659303347 144.835143 0.000000
1694225176166136623 144.466735 0.000000
1694225176239016726 144.682083 0.000000
1694225176383961655 144.930269 0.000000
1694225176456023103 144.770613 0.000000
1694225176601282237 145.351485 0.000000
1694225176746241534 144.562835 0.000000
1694225176817596177 144.671532 0.000000
1694225176891120795 144.466570 0.000000
1694225177106899960 144.691674 0.000000
1694225177251553841 144.627962 0.000000
1694225177325619348 144.615697 0.000000
1694225177325723851 144.697116 0.000000
1694225177406223503 144.489363 0.000000
1694225177615185406 144.612536 0.000000
1694225177905050961 144.702956 0.000000
1694225178049239033 144.916241 0.000000
1694225178121021672 144.572972 0.000000
1694225178121953416 144.477340 0.000000
1694225178122325131 144.495232 0.000000
1694225178412337292 144.683394 0.000000
1694225178556519620 144.528078 0.000000
1694225178556928773 144.663989 0.000000
1694225178636120676 144.421079 0.000000
1694225178845786468 144.853996 0.000000
1694225178846471427 144.611623 0.000000
1694225178919258954 144.808917 0.000000
1694225178991060618 144.872325 0.000000
1694225179136399282 145.104159 0.000000
1694225179359822618 144.481319 0.000000
1694225179571851805 144.723675 0.000000
1694225179648858156 144.601374 0.000000
1694225179716427694 144.628643 0.000000
1694225180083136577 144.510022 0.000000
1694225180223274788 144.518025 0.000000
1694225180367920510 144.627860 0.000000
1694225180512762057 144.833765 0.000000
1694225180514624612 145.242010 0.000000
1694225180585613426 144.664559 0.000000
1694225180657883527 144.951429 0.000000
1694225180731114622 144.617491 0.000000
1694225180803630356 144.695287 0.000000
1694225180875488060 144.619005 0.000000
1694225180879106535 144.546584 0.000000
1694225180948968210 144.736198 0.000000
1694225181093514615 144.558369 0.000000
1694225181239625753 144.705928 0.000000
1694225181312533184 144.924536 0.000000
1694225181382810239 144.767591 0.000000
1694225181529429775 144.502969 0.000000
1694225181817681599 144.856783 0.000000
1694225181890097066 144.815572 0.000000
1694225181963319926 145.016520 0.000000
1694225181964654097 144.482728 0.000000
1694225182035486874 144.701932 0.000000
1694225182037050243 144.540382 0.000000
1694225182180718595 144.619661 0.000000
1694225182252388998 144.795300 0.000000
1694225182324824721 144.735549 0.000000
1694225182615228965 145.247512 0.000000
1694225182615378277 145.199611 0.000000
1694225182686506343 144.640003 0.000000
1694225182832300299 144.561591 0.000000
1694225182832994595 144.609041 0.000000
1694225183120859456 144.699081 0.000000
1694225183122881904 144.478042 0.000000
1694225183195181059 144.486501 0.000000
1694225183555394614 144.613923 0.000000
1694225183556475625 144.429604 0.000000
1694225183557931950 144.805795 0.000000
1694225183701922479 144.593766 0.000000
1694225183847195082 144.653697 0.000000
1694225184061462443 144.724500 0.000000
1694225184353289218 144.562047 0.000000
1694225184642945120 144.619941 0.000000
1694225184786407031 144.586023 0.000000
1694225184787851257 144.568792 0.000000
1694225184787950258 144.734974 0.000000
1694225184859085520 144.594086 0.000000
1694225184931461776 144.692035 0.000000
1694225184933020253 144.611718 0.000000
1694225185293834976 144.789487 0.000000
1694225185512871261 144.656236 0.000000
1694225185512871411 144.614685 0.000000
1694225186162918371 144.644189 0.000000
1694225186235745235 145.010551 0.000000
1694225186236460114 144.654803 0.000000
1694225186526139160 144.905406 0.000000
1694225186526369030 145.092116 0.000000
1694225186526402833 145.083129 0.000000
1694225186526631034 144.655259 0.000000
1694225186671608799 144.738623 0.000000
1694225186743503323 144.563260 0.000000
1694225186889601470 144.845392 0.000000
1694225187034448911 144.608295 0.000000
1694225187105456952 144.796814 0.000000
1694225187106669199 144.613803 0.000000
1694225187322795080 144.770717 0.000000
1694225187759000490 144.579282 0.000000
1694225187831469721 144.761416 0.000000
1694225187976161024 144.645997 0.000000
1694225188048558353 144.638135 0.000000
1694225188120086810 144.542952 0.000000
1694225188120638258 144.444800 0.000000
1694225188192592777 144.729707 0.000000
1694225188265153086 144.501361 0.000000
1694225188409069746 144.831013 0.000000
1694225188409768888 144.764092 0.000000
1694225188626227709 144.717859 0.000000
1694225188843837709 144.599203 0.000000
1694225188844928458 144.508187 0.000000
1694225189061927481 144.595580 0.000000
1694225189062541722 144.695816 0.000000
1694225189133333898 144.700121 0.000000
1694225189422641896 144.515749 0.000000
1694225189568874321 144.668760 0.000000
1694225189859296697 144.507259 0.000000
1694225189930357319 144.964042 0.000000
1694225190004206699 144.633478 0.000000
1694225190147873621 144.622978 0.000000
1694225190148801907 144.854492 0.000000
1694225190220962907 144.627645 0.000000
1694225190292773801 144.891378 0.000000
1694225190292875688 144.547914 0.000000
1694225190437174567 144.462170 0.000000
1694225190437465124 144.549869 0.000000
1694225190510715989 144.595174 0.000000
1694225190582745843 144.549864 0.000000
1694225190655208594 144.524159 0.000000
1694225190727150529 144.581953 0.000000
1694225190727813607 145.113740 0.000000
1694225191016404655 144.619476 0.000000
1694225191017683377 144.628156 0.000000
1694225191162611213 144.647538 0.000000
1694225191307497210 144.792273 0.000000
1694225191379289201 144.560829 0.000000
1694225191524503711 144.640298 0.000000
1694225191596965705 144.528127 0.000000
1694225191740890014 144.552570 0.000000
1694225191886736229 144.681294 0.000000
1694225191886920809 144.659694 0.000000
1694225192030777534 144.672844 0.000000
1694225192176072226 144.461168 0.000000
1694225192465789285 144.556500 0.000000
1694225192537493531 144.696731 0.000000
1694225192537917738 144.825811 0.000000
1694225192538385803 144.711264 0.000000
1694225192611290829 144.588724 0.000000
1694225192684412639 144.769710 0.000000
1694225192756985561 144.751873 0.000000
1694225192827622263 144.915159 0.000000
1694225192900636122 144.683093 0.000000
1694225193262060594 144.615582 0.000000
1694225193407448237 144.716224 0.000000
1694225193553151090 144.762879 0.000000
1694225193843337631 144.588734 0.000000
1694225193986687953 144.591846 0.000000
1694225193988132665 144.617416 0.000000
1694225194058206311 144.627114 0.000000
1694225194856157625 144.490916 0.000000
1694225194856667577 144.425257 0.000000
1694225194928106420 144.474375 0.000000
1694225195145671831 144.572927 0.000000
1694225195290901768 144.677856 0.000000
1694225195291180547 144.897999 0.000000
1694225195363407905 144.512256 0.000000
1694225195508289511 144.892927 0.000000
1694225195580801141 144.754014 0.000000
1694225195580917892 144.717680 0.000000
1694225195798137549 144.732534 0.000000
1694225195868897542 144.589359 0.000000
1694225195942843436 144.714532 0.000000
1694225196087650833 144.837533 0.000000
1694225196160128840 144.619931 0.000000
1694225196303899330 144.743163 0.000000
1694225196304977940 144.780841 0.000000
1694225196450656716 144.849450 0.000000
1694225196595741184 145.075923 0.000000
1694225196666848390 144.439571 0.000000
1694225196812902760 144.865332 0.000000
1694225197029749945 144.668294 0.000000
1694225197173715518 144.696644 0.000000
1694225197246581433 144.544345 0.000000
1694225197320290029 144.675351 0.000000
1694225197391722803 144.480697 0.000000
1694225197392817350 144.711300 0.000000
1694225197680961944 144.559996 0.000000
1694225197681814378 144.572130 0.000000
1694225197826877711 144.581637 0.000000
1694225198043379256 144.638530 0.000000
1694225198188466561 145.181864 0.000000
1694225198261273578 144.881415 0.000000
1694225198405286682 144.584760 0.000000
1694225198406484315 144.591490 0.000000
1694225198550623627 144.846574 0.000000
1694225198551230610 144.705380 0.000000
1694225198551504082 144.863298 0.000000
1694225198623896479 144.756379 0.000000
1694225198696319980 144.856387 0.000000
1694225198767586622 144.627659 0.000000
1694225198841133015 144.481514 0.000000
1694225198841310423 144.509564 0.000000
1694225198841550893 144.683108 0.000000
1694225198985534779 144.475630 0.000000
1694225199130233543 144.575396 0.000000
1694225199275846395 144.582268 0.000000
1694225199419514331 144.489167 0.000000
1694225199493428320 144.655870 0.000000
1694225199564621131 144.406776 0.000000
1694225199637042040 144.638730 0.000000
1694225199638715755 144.977769 0.000000
1694225199928057676 144.448412 0.000000
1694225200072481120 144.843466 0.000000
1694225200144617682 144.738858 0.000000
1694225200217696838 144.556384 0.000000
1694225200217950283 144.678708 0.000000
1694225200651845274 144.702213 0.000000
1694225200652076021 144.497086 0.000000
1694225200941436028 144.651525 0.000000
1694225201159211964 144.577888 0.000000
1694225201231307305 144.802837 0.000000
1694225201304318984 144.485934 0.000000
1694225201376486714 144.531130 0.000000
1694225201376601827 144.493959 0.000000
1694225201448135555 144.536437 0.000000
1694225201521441820 144.625178 0.000000
1694225201738871726 144.572681 0.000000
1694225201956326359 144.649850 0.000000
1694225202029306946 144.790945 0.000000
1694225202172556993 144.669046 0.000000
1694225202318589001 144.549533 0.000000
1694225202391109887 144.537881 0.000000
1694225202607022963 144.761690 0.000000
1694225202680852849 144.559514 0.000000
1694225202823859728 144.452443 0.000000
1694225202824504218 144.747450 0.000000
1694225202897346503 144.885750 0.000000
1694225202969908224 144.545989 0.000000
1694225203040759655 144.793826 0.000000
1694225203042534220 144.466685 0.000000
1694225203115133915 144.652798 0.000000
1694225203186589648 144.742933 0.000000
1694225203258709516 144.513313 0.000000
1694225203476040837 144.618372 0.000000
1694225203549916181 144.771725 0.000000
1694225203620297934 144.739681 0.000000
1694225203693245203 144.658190 0.000000
1694225203694768920 144.611336 0.000000
1694225203765827828 144.696830 0.000000
1694225203767106359 144.455353 0.000000
1694225203837460307 144.660380 0.000000
1694225203837826705 144.558473 0.000000
1694225203982520723 144.670509 0.000000
1694225203983011706 144.767449 0.000000
1694225204127641185 144.613822 0.000000
1694225204200516170 144.671256 0.000000
1694225204201591719 144.707424 0.000000
1694225204345454650 144.771505 0.000000
1694225204346384630 144.807087 0.000000
1694225204346789108 144.918094 0.000000
1694225204635102625 144.685955 0.000000
1694225204780076931 144.668008 0.000000
1694225204997673635 144.898735 0.000000
1694225205070336106 144.701506 0.000000
1694225205142339403 144.470022 0.000000
1694225205360941090 144.902719 0.000000
1694225205433329363 144.817035 0.000000
1694225205505861190 144.932599 0.000000
1694225205650001752 144.460821 0.000000
1694225205650104283 144.540294 0.000000
1694225205650862570 144.590979 0.000000
1694225205793678056 144.615265 0.000000
1694225205938432194 144.728705 0.000000
1694225205939165486 144.459102 0.000000
1694225206012032383 144.597810 0.000000
1694225206229271083 145.195987 0.000000
1694225206229338480 144.865864 0.000000
1694225206229806635 144.735355 0.000000
1694225206374906453 144.991170 0.000000
1694225206374935676 144.855123 0.000000
1694225206517880824 144.498730 0.000000
1694225206519495086 144.527070 0.000000
1694225206663414457 144.584554 0.000000
1694225206807891300 144.461938 0.000000
1694225206879984992 144.536667 0.000000
1694225206881088952 144.698775 0.000000
1694225206952707949 144.809016 0.000000
1694225207026128224 144.869657 0.000000
1694225207026186489 144.801138 0.000000
1694225207170290610 144.613015 0.000000
1694225207171225195 144.894405 0.000000
1694225207244020555 144.694479 0.000000
1694225207387076557 144.650111 0.000000
1694225207533599487 144.602769 0.000000
1694225207533643915 144.840850 0.000000
1694225207679046002 144.507449 0.000000
1694225207750779676 144.750204 0.000000
1694225207967139582 144.749573 0.000000
1694225207967599517 144.417129 0.000000
1694225208040042672 144.828693 0.000000
1694225208040225929 144.636861 0.000000
1694225208040959000 144.509098 0.000000
1694225208112156056 145.000536 0.000000
1694225208474019032 144.640609 0.000000
1694225208546557990 144.744667 0.000000
1694225208546787966 144.512386 0.000000
1694225208838068272 144.490340 0.000000
1694225208981291678 144.583571 0.000000
1694225209199192333 144.811307 0.000000
1694225209272167873 144.742070 0.000000
1694225209272516745 144.901737 0.000000
1694225209344915988 144.448367 0.000000
1694225209489553580 144.812740 0.000000
1694225209490002605 144.790969 0.000000
1694225209634617956 144.645441 0.000000
1694225209634705294 144.679370 0.000000
1694225209706127599 144.497265 0.000000
1694225209706873445 144.761209 0.000000
1694225209706967168 144.551000 0.000000
1694225209778152296 144.678748 0.000000
1694225209850679687 144.724640 0.000000
1694225209851685724 144.789396 0.000000
1694225209922753368 144.576981 0.000000
1694225209924638114 144.657278 0.000000
1694225210067414655 144.637392 0.000000
1694225210431359151 144.439361 0.000000
1694225210648337585 144.617576 0.000000
1694225210648787001 144.438830 0.000000
1694225210721258087 144.647781 0.000000
1694225210721304620 144.510090 0.000000
1694225210864233681 144.528830 0.000000
1694225210864279723 144.832050 0.000000
1694225210937214879 144.697967 0.000000
1694225211009765354 144.565781 0.000000
1694225211227271722 144.550274 0.000000
1694225211372802959 144.441130 0.000000
1694225211517345380 144.532457 0.000000
1694225211589731498 144.422181 0.000000
1694225211879694648 144.569934 0.000000
1694225211952488367 144.885854 0.000000
1694225212025117357 145.308519 0.000000
1694225212242370887 144.545232 0.000000
1694225212315171695 144.770937 0.000000
1694225212385668521 144.755291 0.000000
1694225212386948464 144.700248 0.000000
1694225212387037021 144.682757 0.000000
1694225212531213815 144.895903 0.000000
1694225212603235971 144.605788 0.000000
1694225212676687859 144.791315 0.000000
1694225213184335097 144.516510 0.000000
1694225213254920152 144.549086 0.000000
1694225213328846045 144.773940 0.000000
1694225213471775064 144.459148 0.000000
1694225213473274404 144.479106 0.000000
1694225213544962592 144.433180 0.000000
1694225213689306666 144.694549 0.000000
1694225214124193123 144.852102 0.000000
1694225214124521573 144.916290 0.000000
1694225214126192136 144.453947 0.000000
1694225214268913653 144.802344 0.000000
1694225214271526825 144.517549 0.000000
1694225214487266051 144.573904 0.000000
1694225214630504616 144.665903 0.000000
1694225214776880950 144.634771 0.000000
1694225214922596792 144.757727 0.000000
1694225214993724360 144.467973 0.000000
1694225215065944402 144.585386 0.000000
1694225215138470365 144.589400 0.000000
1694225215210345288 145.081390 0.000000
1694225215284087226 145.083795 0.000000
1694225215429806435 144.902563 0.000000
1694225215500288862 144.399403 0.000000
1694225215502206300 144.719387 0.000000
1694225215644720169 144.564267 0.000000
1694225215646996417 144.685844 0.000000
1694225215719570602 144.730460 0.000000
1694225215789396005 144.664324 0.000000
1694225215936583316 144.808224 0.000000
1694225216007054933 144.488510 0.000000
1694225216079484822 144.434549 0.000000
1694225216223481568 144.687668 0.000000
1694225216226072899 144.515949 0.000000
1694225216296128602 144.671781 0.000000
1694225216586496430 144.589164 0.000000
1694225216731073501 144.557666 0.000000
1694225216875604069 144.598395 0.000000
1694225216877586684 144.599434 0.000000
1694225217022257543 144.568356 0.000000
1694225217093794048 144.725249 0.000000
1694225217455797952 144.466970 0.000000
1694225217819206264 144.643431 0.000000
1694225217890677022 144.534662 0.000000
1694225218035281226 144.661703 0.000000
1694225218036561465 144.612384 0.000000
1694225218037303267 144.778806 0.000000
1694225218179977665 144.680983 0.000000
1694225218254288482 144.529881 0.000000
1694225218471008690 144.817591 0.000000
1694225218688081289 144.409376 0.000000
1694225218831753589 144.704338 0.000000
1694225218977887062 144.459523 0.000000
1694225219049348414 144.581805 0.000000
1694225219049918810 145.017410 0.000000
1694225219122596055 144.683152 0.000000
1694225219195556053 144.714421 0.000000
1694225219339169301 144.576029 0.000000
1694225219340017004 144.620848 0.000000
1694225219412275054 144.941985 0.000000
1694225219556385589 144.635853 0.000000
1694225219702429749 144.585370 0.000000
1694225219702690617 144.872398 0.000000
1694225219846173271 144.497646 0.000000
1694225219919136416 144.508195 0.000000
1694225220063524793 144.609035 0.000000
1694225220065025290 144.634514 0.000000
1694225220137075374 144.448601 0.000000
1694225220354932606 144.506171 0.000000
1694225220425388485 144.520153 0.000000
1694225220426266398 144.613295 0.000000
1694225220497828895 144.524383 0.000000
1694225220570774524 144.490881 0.000000
1694225220572016585 144.583712 0.000000
1694225220714976141 144.632530 0.000000
1694225220787501147 144.690364 0.000000
1694225220932197626 144.644163 0.000000
1694225221294267078 144.498508 0.000000
1694225221295027402 144.592071 0.000000
1694225221296396654 144.705359 0.000000
1694225221441375319 144.873019 0.000000
1694225221513234816 144.616182 0.000000
1694225221586175429 144.681919 0.000000
1694225221586187808 144.822221 0.000000
1694225221730661619 144.466940 0.000000
1694225221731279061 144.633683 0.000000
1694225221874892564 144.867983 0.000000
1694225222092133128 144.794566 0.000000
1694225222092981432 144.472678 0.000000
1694225222237052100 144.798667 0.000000
1694225222237728188 144.635021 0.000000
1694225222455676836 145.121573 0.000000
1694225222526477824 144.573969 0.000000
1694225222672890467 144.509297 0.000000
1694225222743656689 144.694148 0.000000
1694225222961039906 144.663633 0.000000
1694225223033858445 144.734002 0.000000
1694225223250792896 144.560136 0.000000
1694225223251735119 144.573738 0.000000
1694225223395353288 144.552709 0.000000
1694225223395357799 144.582097 0.000000
1694225223468420581 144.630711 0.000000
1694225223539978897 144.605237 0.000000
1694225223757201164 144.677474 0.000000
1694225223829896085 144.814353 0.000000
1694225223830414988 144.602746 0.000000
1694225223903567196 144.535191 0.000000
1694225223975015884 144.560687 0.000000
1694225223975381485 144.507313 0.000000
1694225224266373830 144.902894 0.000000
1694225224411292335 144.756830 0.000000
1694225224555353932 144.964608 0.000000
1694225224627272456 144.473294 0.000000
1694225224700592928 144.671986 0.000000
1694225224845989832 144.436369 0.000000
1694225224916621907 144.652006 0.000000
1694225224917415644 144.453704 0.000000
1694225225133859805 144.761079 0.000000
1694225225207689923 144.471455 0.000000
1694225225279005208 144.656010 0.000000
1694225225424544504 144.588759 0.000000
1694225225497110761 144.548696 0.000000
1694225225497354794 144.748815 0.000000
1694225225569750037 144.619212 0.000000
1694225225641765256 144.765309 0.000000
1694225225714252409 144.616763 0.000000
1694225225786989123 144.738833 0.000000
1694225225787019469 144.891303 0.000000
1694225225787724399 144.631283 0.000000
1694225226078047927 144.847214 0.000000
1694225226294352508 144.644001 0.000000
1694225226439054394 144.692760 0.000000
1694225226512984200 145.047832 0.000000
1694225226512985077 144.901391 0.000000
1694225226584242643 144.579923 0.000000
1694225226585345595 144.585506 0.000000
1694225226657570276 144.569899 0.000000
1694225226875270896 145.222573 0.000000
1694225227019939505 144.710336 0.000000
