1694225058727845190 74.782073 213.420870 213 16 0.000000
1694225059677047599 77.937126 206.489132 196 16 0.000000
1694225060690980613 78.388618 203.169259 206 16 0.000000
1694225061704834938 75.808643 212.061996 215 16 0.000000
1694225062718431175 75.101448 213.102601 216 16 0.000000
1694225063731905008 75.807871 212.141639 215 16 0.000000
1694225064739604331 79.144487 202.441371 204 16 0.000000
1694225065686669540 74.568311 213.290451 202 16 0.000000
1694225066700343713 76.900798 209.140181 212 16 0.000000
1694225067713562106 76.926162 208.247335 211 16 0.000000
1694225068726430013 75.814377 211.281256 214 16 0.000000
1694225069739680033 77.308036 205.280033 208 16 0.000000
1694225070753004877 79.120142 202.304321 205 16 0.000000
1694225071695754034 76.508794 211.084789 199 16 0.000000
1694225072709479586 77.217166 207.156661 210 16 0.000000
1694225073723731868 75.126876 211.978816 215 16 0.000000
1694225074738049753 76.856376 209.007451 212 16 0.000000
1694225075751860947 76.184742 209.111895 212 16 0.000000
1694225076765607552 77.201975 208.138821 211 16 0.000000
1694225077707586495 76.905761 207.010992 195 16 0.000000
1694225078721500258 77.666026 203.173104 206 16 0.000000
1694225079735589018 76.149938 212.013001 215 16 0.000000
1694225080749808131 77.583917 208.041820 211 16 0.000000
1694225081764470720 75.847032 209.922003 213 16 0.000000
1694225082778823514 76.202020 209.000269 212 16 0.000000
1694225083721477262 77.250711 208.984461 197 16 0.000000
1694225084735330612 76.927371 206.144225 209 16 0.000000
1694225085749547564 76.943707 206.070293 209 16 0.000000
1694225086764688491 77.577618 209.823090 213 16 0.000000
1694225087779134630 75.158967 212.924079 216 16 0.000000
1694225088793985361 75.527763 210.868410 214 16 0.000000
1694225089735882572 78.033762 205.967297 194 16 0.000000
1694225090750693108 74.457865 213.833018 217 16 0.000000
1694225091764673688 78.006522 205.132144 208 16 0.000000
1694225092778806407 76.873514 209.045621 212 16 0.000000
1694225093793957896 74.458196 214.746277 218 16 0.000000
1694225094808255087 75.854262 209.997624 213 16 0.000000
1694225095749424797 78.058596 204.001464 192 16 0.000000
1694225096763522529 76.858088 209.052827 212 16 0.000000
1694225097777678255 78.355099 204.110665 207 16 0.000000
1694225098791529597 75.427845 213.048977 216 16 0.000000
1694225099805939644 78.482181 201.102118 204 16 0.000000
1694225100820292748 77.605669 208.014349 211 16 0.000000
1694225101762029598 77.650159 206.002347 194 16 0.000000
1694225102775901727 78.730620 203.181433 206 16 0.000000
1694225103791911226 78.072258 205.706745 209 16 0.000000
1694225104806426066 76.599106 206.995491 210 16 0.000000
1694225105820371240 76.825105 210.070533 213 16 0.000000
1694225106762697359 76.550330 207.995928 196 16 0.000000
1694225107777743279 77.651157 206.887195 210 16 0.000000
1694225108791420213 78.742462 202.234043 205 16 0.000000
1694225109805872561 78.368156 204.050972 207 16 0.000000
1694225110819743090 74.788883 215.017590 218 16 0.000000
1694225111833648274 76.857982 208.106270 211 16 0.000000
1694225112775829395 76.480336 209.089314 197 16 0.000000
1694225113789759596 78.085143 202.183543 205 16 0.000000
1694225114804740519 74.429452 216.752843 220 16 0.000000
1694225115818775534 77.610108 206.107280 209 16 0.000000
1694225116833186870 76.176480 209.973983 213 16 0.000000
1694225117847338285 75.834254 211.013867 214 16 0.000000
1694225118789112598 77.706198 203.870498 192 16 0.000000
1694225119803346445 76.859974 210.010731 213 16 0.000000
1694225120817263078 76.857890 209.090147 212 16 0.000000
1694225121831683464 75.131172 212.929508 216 16 0.000000
1694225122846431286 76.599071 207.933435 211 16 0.000000
1694225123861571522 77.288772 207.853014 211 16 0.000000
1694225124802964806 77.623513 206.077571 194 16 0.000000
1694225125816642352 77.620807 205.193459 208 16 0.000000
1694225126831184299 75.839847 211.918294 215 16 0.000000
1694225127845844933 76.537098 208.936854 212 16 0.000000
1694225128860260585 78.050840 203.072576 206 16 0.000000
1694225129874366683 77.586291 208.065010 211 16 0.000000
1694225130816379467 78.855166 202.757337 191 16 0.000000
1694225131830094214 77.252654 207.158852 210 16 0.000000
1694225132844913209 77.726745 203.977274 207 16 0.000000
1694225133859846746 76.942500 208.880670 212 16 0.000000
1694225134874314484 75.451131 212.919536 216 16 0.000000
1694225135890306414 76.243639 207.678789 211 16 0.000000
1694225136831342760 78.840787 205.093067 193 16 0.000000
1694225137845606587 78.039741 204.088902 207 16 0.000000
1694225138859839447 74.766540 213.954816 217 16 0.000000
1694225139874338126 76.970768 205.027381 208 16 0.000000
1694225140888707749 78.303286 206.039293 209 16 0.000000
1694225141902563390 76.491676 210.089080 213 16 0.000000
1694225142844053495 78.027991 204.994176 193 16 0.000000
1694225143857629039 75.085935 213.106936 216 16 0.000000
1694225144871788838 79.503660 202.137798 205 16 0.000000
1694225145885704262 74.082099 214.021800 217 16 0.000000
1694225146899505847 76.471152 210.100279 213 16 0.000000
1694225147914199828 77.633067 206.958953 210 16 0.000000
1694225148855170147 77.267838 205.107419 193 16 0.000000
1694225149870207933 76.215141 209.844412 213 16 0.000000
1694225150884819021 78.378684 205.004639 208 16 0.000000
1694225151899587139 77.669628 205.958404 209 16 0.000000
1694225152914136493 76.921317 207.974112 211 16 0.000000
1694225153927698838 78.338333 204.230113 207 16 0.000000
1694225154869781760 78.556211 200.619332 189 16 0.000000
1694225155884662143 78.704709 205.935598 209 16 0.000000
1694225156898192840 79.064766 203.249856 206 16 0.000000
1694225157912570037 76.156870 209.981091 213 16 0.000000
1694225158926304186 76.912407 206.168455 209 16 0.000000
1694225159940277858 79.521894 201.188639 204 16 0.000000
1694225160882448328 78.037093 206.968930 195 16 0.000000
1694225161896481102 78.441794 202.163061 205 16 0.000000
1694225162910423661 79.866635 201.194856 204 16 0.000000
1694225163925325001 79.475261 201.990076 205 16 0.000000
1694225164938502904 75.114199 211.216610 214 16 0.000000
1694225165952573651 77.981909 196.238752 199 16 0.000000
1694225166895476163 77.780094 215.292702 203 16 0.000000
1694225167910328072 76.170703 211.853561 215 16 0.000000
1694225168940203156 77.467517 203.908223 210 16 0.000000
1694225169953332857 77.260400 205.304408 208 16 0.000000
1694225170952316638 80.744110 200.203468 200 16 0.000000
1694225171965985789 77.931896 205.195123 208 16 0.000000
1694225172919972422 76.413416 208.598345 199 16 0.000000
1694225173933306878 77.600036 207.236610 210 16 0.000000
1694225174946235549 75.116372 210.281346 213 16 0.000000
1694225175959433267 77.525694 209.238523 212 16 0.000000
1694225176972658829 77.247501 207.258890 210 16 0.000000
1694225177977952905 76.216758 207.899361 209 16 0.000000
1694225178926025824 77.143770 208.844688 198 16 0.000000
1694225179938603512 75.153779 214.304527 217 16 0.000000
1694225180951594392 77.274422 207.306929 210 16 0.000000
1694225181964745179 76.221634 206.287161 209 16 0.000000
1694225182978557034 77.889011 209.111756 212 16 0.000000
1694225183992135300 77.218115 206.200182 209 16 0.000000
1694225184933269668 75.699971 210.384412 198 16 0.000000
1694225185947537814 76.126224 211.975489 215 16 0.000000
1694225186962401066 75.955979 205.939088 209 16 0.000000
1694225187976255363 77.543351 208.116690 211 16 0.000000
1694225188990229259 78.710164 204.147260 207 16 0.000000
1694225190004206699 75.821228 211.050042 214 16 0.000000
1694225190945584156 79.257917 201.831923 190 16 0.000000
1694225191959890199 77.966245 206.052210 209 16 0.000000
1694225192974358600 77.598754 207.004959 210 16 0.000000
1694225193988401015 75.828667 210.050397 213 16 0.000000
1694225195001746261 75.739370 212.168552 215 16 0.000000
1694225196015998844 77.277106 206.063067 209 16 0.000000
1694225196957925348 76.888537 208.084171 196 16 0.000000
1694225197971921073 76.159147 210.060069 213 16 0.000000
1694225198986574539 77.634291 206.967213 210 16 0.000000
1694225200000893110 75.136341 211.964964 215 16 0.000000
1694225201014645527 76.133435 211.096906 214 16 0.000000
1694225202029406913 78.017334 204.974298 208 16 0.000000
1694225202970531139 77.253419 205.073884 193 16 0.000000
1694225203984811565 79.449659 203.099626 206 16 0.000000
1694225204999114939 78.542662 199.151479 202 16 0.000000
1694225206013418073 80.878063 202.109180 205 16 0.000000
1694225207026985779 78.733375 203.242498 206 16 0.000000
1694225208041255260 77.691342 204.087771 207 16 0.000000
1694225208983190853 76.860248 209.143806 197 16 0.000000
1694225209997382912 79.529112 201.145334 204 16 0.000000
1694225211011159524 76.466959 210.105465 213 16 0.000000
1694225212025649591 74.798834 213.900569 217 16 0.000000
1694225213039811084 75.092512 212.983831 216 16 0.000000
1694225214054893128 76.963673 203.924364 207 16 0.000000
1694225214995243932 79.125143 205.242591 193 16 0.000000
1694225216009332799 79.130126 202.151913 205 16 0.000000
1694225217022529676 78.321287 204.303828 207 16 0.000000
1694225218037334570 74.810502 213.834208 217 16 0.000000
1694225219051196118 75.791146 211.074185 214 16 0.000000
1694225220065172262 79.504087 201.188165 204 16 0.000000
1694225221006685771 76.040985 211.361670 199 16 0.000000
1694225222020959453 76.609772 206.058911 209 16 0.000000
1694225223035254785 78.649385 206.054353 209 16 0.000000
1694225224048772366 77.243963 207.199171 210 16 0.000000
1694225225063680263 75.152327 210.856599 214 16 0.000000
1694225226078556250 79.901890 201.995124 205 16 0.000000
1694225227021195107 78.112898 203.683517 192 16 0.000000
