1695211814366041260 144.979034 0.000000
1695211814438500476 144.417952 0.000000
1695211814438726983 144.683010 0.000000
1695211814511333900 144.488007 0.000000
1695211814582760297 144.466649 0.000000
1695211814582824856 144.457798 0.000000
1695211814655298228 144.493774 0.000000
1695211814656009408 144.446310 0.000000
1695211814728544422 144.821568 0.000000
1695211814800346355 144.571389 0.000000
1695211814872690211 144.479442 0.000000
1695211814944939166 144.872522 0.000000
1695211814945835782 144.606423 0.000000
1695211815017454557 144.749215 0.000000
1695211815018148171 144.579845 0.000000
1695211815307107336 144.684851 0.000000
1695211815451842227 144.719097 0.000000
1695211815524836786 144.572213 0.000000
1695211815596364855 144.644455 0.000000
1695211815597275069 144.709833 0.000000
1695211815741067745 144.679011 0.000000
1695211815741122878 144.581652 0.000000
1695211815813560197 144.588992 0.000000
1695211815814685865 144.568537 0.000000
1695211815886315092 144.452366 0.000000
1695211816176021983 144.677255 0.000000
1695211816176061279 144.695962 0.000000
1695211816176646236 144.711097 0.000000
1695211816248869083 144.553059 0.000000
1695211816321508860 144.904696 0.000000
1695211816538222069 144.669109 0.000000
1695211816538963636 144.637209 0.000000
1695211816611075659 144.517797 0.000000
1695211816682780505 144.507832 0.000000
1695211816683281656 144.603445 0.000000
1695211816755116042 144.539469 0.000000
1695211816973206254 144.637590 0.000000
1695211817045747457 144.567523 0.000000
1695211817261718573 144.487847 0.000000
1695211817407347126 144.764074 0.000000
1695211817479125568 144.694698 0.000000
1695211817696020485 144.515727 0.000000
1695211817768954262 144.575927 0.000000
1695211817769400812 144.438672 0.000000
1695211818131426341 144.707876 0.000000
1695211818637335571 144.545020 0.000000
1695211818710198911 144.486602 0.000000
1695211818782451415 144.963240 0.000000
1695211818854609613 144.954549 0.000000
1695211818999456260 144.513346 0.000000
1695211818999695216 144.366373 0.000000
1695211819071644181 144.532590 0.000000
1695211819071756030 144.427505 0.000000
1695211819072609361 144.467527 0.000000
1695211819361358248 144.605751 0.000000
1695211819361451515 144.773211 0.000000
1695211819578502642 144.660043 0.000000
1695211819651364409 144.460381 0.000000
1695211819723460269 144.487178 0.000000
1695211819795756885 144.577585 0.000000
1695211819796665783 144.533048 0.000000
1695211819940525476 144.468687 0.000000
1695211820085423534 144.632449 0.000000
1695211820230467806 144.864888 0.000000
1695211820302426005 144.500120 0.000000
1695211820664712990 144.507629 0.000000
1695211820664972622 144.343259 0.000000
1695211820809569001 144.627243 0.000000
1695211820954019691 144.733338 0.000000
1695211821026222050 144.762549 0.000000
1695211821026902760 144.474240 0.000000
1695211821098875228 144.567707 0.000000
1695211821389025543 144.517763 0.000000
1695211821389052290 144.459647 0.000000
1695211821461042375 144.794717 0.000000
1695211821751487179 144.573180 0.000000
1695211821823199753 144.851283 0.000000
1695211822040586030 144.895029 0.000000
1695211822402213033 144.512659 0.000000
1695211822403681377 144.418320 0.000000
1695211822475750190 144.470958 0.000000
1695211822764187106 144.664467 0.000000
1695211822764216143 144.525274 0.000000
1695211823053701851 144.648526 0.000000
1695211823198919188 144.679289 0.000000
1695211823198970170 144.561089 0.000000
1695211823270855560 144.533062 0.000000
1695211823488720993 144.681623 0.000000
1695211823632459605 144.591377 0.000000
1695211823632509407 144.607127 0.000000
1695211823633646990 144.528226 0.000000
1695211823777036625 144.555766 0.000000
1695211823777851413 144.381721 0.000000
1695211823850502005 144.439529 0.000000
1695211823996206255 144.909635 0.000000
1695211824139305558 144.487530 0.000000
1695211824140237696 144.474707 0.000000
1695211824355838193 144.545323 0.000000
1695211824357896181 144.573176 0.000000
1695211824502798282 144.655282 0.000000
1695211824864393788 144.494382 0.000000
1695211825079732497 144.608307 0.000000
1695211825079802109 144.752420 0.000000
1695211825081372556 144.371042 0.000000
1695211825369286854 144.541089 0.000000
1695211825369333445 144.483839 0.000000
1695211825369360616 144.565664 0.000000
1695211825586254472 144.608523 0.000000
1695211825586317298 144.586051 0.000000
1695211825877311011 144.427357 0.000000
1695211825949138769 144.541347 0.000000
1695211826093227025 144.633114 0.000000
1695211826094340683 144.525823 0.000000
1695211826094467584 144.621674 0.000000
1695211826166306166 144.464006 0.000000
1695211826311411882 144.977388 0.000000
1695211826673842598 144.654282 0.000000
1695211826746081518 144.677697 0.000000
1695211826818434343 144.622501 0.000000
1695211827034755665 144.525074 0.000000
1695211827324880361 144.471535 0.000000
1695211827469397537 144.510581 0.000000
1695211827469637891 144.502476 0.000000
1695211827976238825 144.911659 0.000000
1695211828048473611 144.651287 0.000000
1695211828120594199 144.619254 0.000000
1695211828121128127 144.831927 0.000000
1695211828337448739 144.512516 0.000000
1695211828337813613 144.445346 0.000000
1695211828482860903 144.485041 0.000000
1695211828700166247 144.548915 0.000000
1695211829062154873 144.782809 0.000000
1695211829496286806 144.564708 0.000000
1695211829497432504 144.527174 0.000000
1695211829858815058 144.688299 0.000000
1695211830147835727 144.633666 0.000000
1695211830148696650 144.462213 0.000000
1695211830221181955 144.559846 0.000000
1695211830727841712 144.657738 0.000000
1695211830944992379 144.690877 0.000000
1695211831017407943 144.657101 0.000000
1695211831017557095 144.633739 0.000000
1695211831378735702 144.546313 0.000000
1695211831378894289 144.763226 0.000000
1695211831452113217 144.802944 0.000000
1695211831523387446 144.624080 0.000000
1695211831669289958 144.533795 0.000000
1695211831669488169 144.546144 0.000000
1695211831958811239 144.410406 0.000000
1695211832103434086 144.421531 0.000000
1695211832248582822 144.889559 0.000000
1695211832392163129 144.569090 0.000000
1695211832537378048 144.693071 0.000000
1695211832682531621 144.869968 0.000000
1695211833189319592 144.568490 0.000000
1695211833189907132 144.593713 0.000000
1695211833261434649 144.529060 0.000000
1695211833478547886 144.569658 0.000000
1695211833841481535 144.587228 0.000000
1695211833913966613 144.507889 0.000000
1695211833914701297 144.759434 0.000000
1695211834058375547 144.504000 0.000000
1695211834131487800 144.519086 0.000000
1695211834275777863 144.471189 0.000000
1695211834492103390 144.513127 0.000000
1695211834493162453 144.564015 0.000000
1695211834709191561 144.580339 0.000000
1695211835433910615 144.624214 0.000000
1695211835505976284 144.620860 0.000000
1695211835579167939 144.477531 0.000000
1695211835723555006 144.587079 0.000000
1695211835868552708 144.887924 0.000000
1695211835868701655 144.937348 0.000000
1695211836013065000 144.688323 0.000000
1695211836158334056 144.444608 0.000000
1695211836158734348 144.413841 0.000000
1695211836302435264 144.503666 0.000000
1695211836303490666 144.625633 0.000000
1695211836447790096 144.448046 0.000000
1695211836520012004 144.652352 0.000000
1695211836664574669 144.703359 0.000000
1695211836738012769 144.744696 0.000000
1695211836809652145 144.576342 0.000000
1695211836810482173 144.552622 0.000000
1695211837026451457 144.612753 0.000000
1695211837026643279 144.472823 0.000000
1695211837171469705 144.579066 0.000000
1695211837244289564 144.561741 0.000000
1695211837460622204 144.665518 0.000000
1695211837461635604 144.787922 0.000000
1695211837533838552 144.492627 0.000000
1695211837677641695 144.600903 0.000000
1695211837895262461 144.488832 0.000000
1695211837895798722 144.462961 0.000000
1695211837968225189 144.572178 0.000000
1695211838113198729 144.922871 0.000000
1695211838185314113 144.452760 0.000000
1695211838185594731 144.620042 0.000000
1695211838185618004 144.674176 0.000000
1695211838185649484 144.704903 0.000000
1695211838329511478 144.729357 0.000000
1695211838330468261 144.638504 0.000000
1695211838547324212 144.609480 0.000000
1695211838547412661 144.453139 0.000000
1695211838691591607 144.647218 0.000000
1695211838764546246 144.454961 0.000000
1695211838764618492 144.484070 0.000000
1695211838909375350 144.574724 0.000000
1695211839125751587 144.503529 0.000000
1695211839198406501 144.591841 0.000000
1695211839198637291 144.495733 0.000000
1695211839270247515 144.473431 0.000000
1695211839415884426 144.726804 0.000000
1695211839559547942 144.479890 0.000000
1695211839561005805 144.652892 0.000000
1695211839561074442 144.688145 0.000000
1695211839777708088 144.488726 0.000000
1695211839778248056 144.625890 0.000000
1695211839850655844 144.564021 0.000000
1695211839994663055 144.597894 0.000000
1695211839994753406 144.470989 0.000000
1695211839995240450 144.575447 0.000000
1695211840284146493 144.621593 0.000000
1695211840356604171 144.650394 0.000000
1695211840356644486 144.498876 0.000000
1695211840356649834 144.637873 0.000000
1695211840428822795 144.613360 0.000000
1695211840430020233 144.472338 0.000000
1695211840572976997 144.624335 0.000000
1695211840574659655 144.616022 0.000000
1695211840646990313 144.492226 0.000000
1695211840719374647 144.596812 0.000000
1695211840863146690 144.554260 0.000000
1695211840935461947 144.531866 0.000000
1695211841080970026 144.517464 0.000000
1695211841152604374 144.575278 0.000000
1695211841225109509 144.880806 0.000000
1695211841297262288 144.513939 0.000000
1695211841298564275 144.733891 0.000000
1695211841370003669 144.806185 0.000000
1695211841442854998 144.695472 0.000000
1695211841587082472 144.962155 0.000000
1695211841731922045 144.822867 0.000000
1695211841804567496 144.665475 0.000000
1695211841876568743 144.633833 0.000000
1695211841877040592 144.736783 0.000000
1695211841949596141 144.516512 0.000000
1695211842021362351 144.522781 0.000000
1695211842310827852 144.445857 0.000000
1695211842311736864 144.443651 0.000000
1695211842383795474 144.453279 0.000000
1695211842384134273 144.592828 0.000000
1695211842528174471 144.765756 0.000000
1695211842600691607 144.661656 0.000000
1695211842745739516 144.535407 0.000000
1695211842817970963 144.823061 0.000000
1695211843108061226 144.632256 0.000000
1695211843108305906 144.591777 0.000000
1695211843180459811 144.748324 0.000000
1695211843252878371 144.522415 0.000000
1695211843325456908 144.517361 0.000000
1695211843325596549 144.596049 0.000000
1695211843469842969 144.586103 0.000000
1695211843542677216 144.935550 0.000000
1695211843686923640 144.517801 0.000000
1695211843832532071 144.464214 0.000000
1695211843904261599 144.516911 0.000000
1695211843977512632 144.491262 0.000000
1695211844049103310 144.754796 0.000000
1695211844049568727 144.409865 0.000000
1695211844121408707 144.499180 0.000000
1695211844193802508 144.627587 0.000000
1695211844266049593 144.500453 0.000000
1695211844266322022 144.458035 0.000000
1695211844266423171 144.532876 0.000000
1695211844483405878 144.609830 0.000000
1695211844627903033 144.493243 0.000000
1695211844772927086 144.472824 0.000000
1695211844917655976 144.553275 0.000000
1695211844990226408 144.892548 0.000000
1695211845062374962 144.573351 0.000000
1695211845207776374 144.635204 0.000000
1695211845279585423 144.605213 0.000000
1695211845279949897 144.486986 0.000000
1695211845569244282 144.744602 0.000000
1695211845714069912 144.493598 0.000000
1695211845858884677 144.430635 0.000000
1695211845859199578 144.475818 0.000000
1695211845860153738 144.790613 0.000000
1695211846003352992 144.516010 0.000000
1695211846004163414 144.401131 0.000000
1695211846147946477 144.399860 0.000000
1695211846365345912 144.605779 0.000000
1695211846366084532 144.451895 0.000000
1695211846438610366 144.504082 0.000000
1695211846582868921 144.446289 0.000000
1695211846583005003 144.536332 0.000000
1695211846655353507 144.482096 0.000000
1695211846872807136 144.502966 0.000000
1695211847016544295 144.489290 0.000000
1695211847017326564 144.527975 0.000000
1695211847234203548 144.522358 0.000000
1695211847378427442 144.610485 0.000000
1695211847378549202 144.478755 0.000000
1695211847379474304 144.493809 0.000000
1695211847451754170 144.847203 0.000000
1695211847523146579 144.476372 0.000000
1695211847523831048 144.844155 0.000000
1695211847524420165 144.617881 0.000000
1695211847595409696 144.619626 0.000000
1695211847596344097 144.552168 0.000000
1695211847668289278 144.441858 0.000000
1695211847813506496 144.489879 0.000000
1695211847957114630 144.459784 0.000000
1695211848102188000 144.540993 0.000000
1695211848247119426 144.413815 0.000000
1695211848391139968 144.458969 0.000000
1695211848681149288 144.497016 0.000000
1695211848681180035 144.430004 0.000000
1695211848681313115 144.477746 0.000000
1695211848681830605 144.729487 0.000000
1695211849115992308 144.496208 0.000000
1695211849188986712 144.482387 0.000000
1695211849260591491 144.403418 0.000000
1695211849334351273 145.135512 0.000000
1695211849551379270 144.512849 0.000000
1695211849622602210 144.776692 0.000000
1695211849695549304 144.382143 0.000000
1695211849839795496 144.802497 0.000000
1695211849912340464 144.671176 0.000000
1695211849912387844 144.664672 0.000000
1695211850274658483 144.698296 0.000000
1695211850563713611 144.671753 0.000000
1695211850563758912 144.771795 0.000000
1695211850564248316 144.592829 0.000000
1695211850636641015 144.695197 0.000000
1695211850636695316 144.667398 0.000000
1695211850709594579 144.970719 0.000000
1695211850853286431 144.611358 0.000000
1695211850854019944 144.515474 0.000000
1695211850925355436 144.525282 0.000000
1695211850926111100 144.539214 0.000000
1695211850998516574 144.481099 0.000000
1695211851215851775 144.630484 0.000000
1695211851359909714 144.681305 0.000000
1695211851505194078 144.703086 0.000000
1695211851722010695 144.763891 0.000000
1695211851722442868 144.538456 0.000000
1695211851794223300 144.605671 0.000000
1695211851866677347 144.651018 0.000000
1695211851867223527 144.564627 0.000000
1695211851939800138 144.630713 0.000000
1695211852229329475 144.984511 0.000000
1695211852374721721 144.474805 0.000000
1695211852519107066 144.540322 0.000000
1695211852808640028 144.707528 0.000000
1695211852880414717 144.467673 0.000000
1695211852880591178 144.574336 0.000000
1695211852881269643 144.565961 0.000000
1695211852953106720 144.509708 0.000000
1695211852953464566 144.770117 0.000000
1695211853026206314 144.490480 0.000000
1695211853170199852 144.634972 0.000000
1695211853170650221 144.435306 0.000000
1695211853605236308 144.535907 0.000000
1695211853749504667 144.622673 0.000000
1695211853822042298 144.629424 0.000000
1695211853822196763 144.657284 0.000000
1695211853894471106 144.473546 0.000000
1695211853894658126 144.550195 0.000000
1695211854039355589 144.822057 0.000000
1695211854039474070 144.409607 0.000000
1695211854184546772 144.805448 0.000000
1695211854401405645 144.539174 0.000000
1695211854401930667 144.692756 0.000000
1695211854473906660 144.402980 0.000000
1695211854763066314 144.737917 0.000000
1695211854835321833 144.539119 0.000000
1695211854907384719 144.516192 0.000000
1695211854908334756 144.578473 0.000000
1695211854980637916 144.466250 0.000000
1695211855052955766 144.851462 0.000000
1695211855125392878 144.519588 0.000000
1695211855270172918 144.559822 0.000000
1695211855414180164 144.568899 0.000000
1695211855414222999 144.529376 0.000000
1695211855558704173 144.495323 0.000000
1695211855560020167 144.460491 0.000000
1695211855704510313 144.466446 0.000000
1695211856138357616 144.453064 0.000000
1695211856210574485 144.597581 0.000000
1695211856428247659 144.494149 0.000000
1695211856573212906 144.583279 0.000000
1695211856717262230 144.542767 0.000000
1695211857007334854 144.415687 0.000000
1695211857151604999 144.454288 0.000000
1695211857151714650 144.550170 0.000000
1695211857152509191 144.648827 0.000000
1695211857296209181 144.480863 0.000000
1695211857297494743 144.629207 0.000000
1695211857369264079 144.416715 0.000000
1695211857441587226 144.445220 0.000000
1695211857514891763 144.530625 0.000000
1695211857730334505 144.511621 0.000000
1695211857876687704 144.479210 0.000000
1695211858093961407 144.493799 0.000000
1695211858164526932 144.522328 0.000000
1695211858238241724 144.473196 0.000000
1695211858381449649 144.465063 0.000000
1695211858382370849 144.514497 0.000000
1695211858383324550 144.530435 0.000000
1695211858598540107 144.629762 0.000000
1695211858598586735 144.675933 0.000000
1695211858599070086 144.444425 0.000000
1695211858672143946 144.520404 0.000000
1695211858817388150 144.781842 0.000000
1695211858887813821 144.560081 0.000000
1695211858887968874 144.378186 0.000000
1695211858889785121 144.570797 0.000000
1695211859106828158 144.636005 0.000000
1695211859540417853 145.005395 0.000000
1695211859540700212 144.471108 0.000000
1695211859901953196 144.596211 0.000000
1695211859973475002 144.668661 0.000000
1695211860117826699 144.483519 0.000000
1695211860118965587 144.471488 0.000000
1695211860119333716 144.484683 0.000000
1695211860191718434 144.425470 0.000000
1695211860262401608 144.556271 0.000000
1695211860407467798 144.463903 0.000000
1695211860408751301 144.582623 0.000000
1695211860480698939 144.459351 0.000000
1695211860553261591 144.483624 0.000000
1695211860696601815 144.544987 0.000000
1695211860986331215 144.466248 0.000000
1695211861132469548 144.539093 0.000000
1695211861203214245 144.444149 0.000000
1695211861277009841 144.449007 0.000000
1695211861277488711 144.596534 0.000000
1695211861637723516 144.496380 0.000000
1695211861710720457 144.469611 0.000000
1695211861926650298 144.600410 0.000000
1695211861927838419 144.512156 0.000000
1695211862000828740 144.704419 0.000000
1695211862144138878 144.684508 0.000000
1695211862144166943 144.519705 0.000000
1695211862215922986 144.504994 0.000000
1695211862434862207 144.399196 0.000000
1695211862507415211 144.444941 0.000000
1695211862507475441 144.503978 0.000000
1695211862651701276 144.492251 0.000000
1695211862722936756 144.481185 0.000000
1695211862722975484 144.417707 0.000000
1695211862794629938 144.586321 0.000000
1695211863157102949 144.506339 0.000000
1695211863157360634 144.539095 0.000000
1695211863302186491 144.536575 0.000000
1695211863447382932 144.450413 0.000000
1695211863736193302 144.557603 0.000000
1695211863880771318 144.462717 0.000000
1695211863881245311 144.442039 0.000000
1695211864171272777 144.501398 0.000000
1695211864243538555 144.485721 0.000000
1695211864314893034 144.397410 0.000000
1695211864315256682 144.506837 0.000000
1695211864388201190 144.416500 0.000000
1695211864459655688 144.751989 0.000000
1695211864531388281 144.515259 0.000000
1695211864532015850 144.441156 0.000000
1695211864677387445 144.795632 0.000000
1695211864748831766 144.452117 0.000000
1695211864893358692 144.537226 0.000000
1695211864893399327 144.556231 0.000000
1695211864894621152 144.353192 0.000000
1695211865328336181 144.735251 0.000000
1695211865328823749 144.442953 0.000000
1695211865400140869 144.484318 0.000000
1695211865400867736 144.467754 0.000000
1695211865472513913 144.538774 0.000000
1695211865473075617 144.445968 0.000000
1695211865545373131 144.740767 0.000000
1695211865545656972 144.762340 0.000000
1695211865618071265 144.571978 0.000000
1695211865690044056 144.423139 0.000000
1695211865980222703 144.636933 0.000000
1695211866051349902 144.637182 0.000000
1695211866124546378 144.718444 0.000000
1695211866196233226 144.467467 0.000000
1695211866413994643 144.737611 0.000000
1695211866414262101 144.617478 0.000000
1695211866703860528 144.593843 0.000000
1695211866704609802 144.485641 0.000000
1695211866994043910 144.612475 0.000000
1695211867284007183 144.481794 0.000000
1695211867428016073 144.685795 0.000000
1695211867429396758 144.580125 0.000000
1695211867718200494 144.508269 0.000000
1695211867719067276 144.578486 0.000000
1695211867863191165 144.841418 0.000000
1695211868152247881 144.609564 0.000000
1695211868153497565 144.444941 0.000000
1695211868224774652 144.649367 0.000000
1695211868442221025 145.044000 0.000000
1695211868587797591 144.542744 0.000000
1695211868660429340 144.545729 0.000000
1695211868732894601 144.902306 0.000000
1695211868877467930 144.755293 0.000000
1695211868950009291 144.611941 0.000000
1695211868950062322 144.627174 0.000000
1695211868950254281 144.600940 0.000000
1695211869021312649 144.652490 0.000000
1695211869384257516 144.656470 0.000000
1695211869455946656 144.603085 0.000000
1695211869457195982 144.619879 0.000000
1695211869529513826 144.386104 0.000000
1695211869600647990 144.695214 0.000000
1695211869601022597 144.814186 0.000000
1695211869601935598 144.701986 0.000000
1695211869673991022 144.670702 0.000000
1695211869746240065 144.472869 0.000000
1695211869818030182 144.510747 0.000000
1695211869818409684 144.460795 0.000000
1695211870035124255 144.452920 0.000000
1695211870035655988 144.787808 0.000000
1695211870035853598 144.391868 0.000000
1695211870107358752 144.733167 0.000000
1695211870107781576 144.594006 0.000000
1695211870252277624 144.489157 0.000000
1695211870325008995 144.440376 0.000000
1695211870398214021 144.950213 0.000000
1695211870398580764 145.116665 0.000000
1695211870469550479 144.761753 0.000000
1695211870831412395 144.569999 0.000000
1695211870831440590 144.558371 0.000000
1695211870831962210 144.441258 0.000000
1695211870904219965 144.635763 0.000000
1695211871193642355 144.662648 0.000000
1695211871412172084 145.032083 0.000000
1695211871628218870 144.858449 0.000000
1695211871628614952 144.474971 0.000000
1695211871773859317 144.429361 0.000000
1695211871845718316 144.528763 0.000000
1695211871991503097 144.716739 0.000000
1695211871991537673 144.660244 0.000000
1695211872062605142 144.591969 0.000000
1695211872062826334 144.391705 0.000000
1695211872353871698 145.111133 0.000000
1695211872424819378 144.653657 0.000000
1695211872569808803 144.633009 0.000000
1695211872716302053 144.557418 0.000000
1695211872787017488 144.696614 0.000000
1695211873438781028 144.705611 0.000000
1695211873439355245 144.481770 0.000000
1695211873439693244 144.461646 0.000000
1695211873657007648 144.677348 0.000000
1695211873657328931 145.033893 0.000000
1695211873874627034 144.508524 0.000000
1695211873946795657 144.467359 0.000000
1695211874236175531 144.556809 0.000000
1695211874453747376 144.710701 0.000000
1695211874453828415 144.711878 0.000000
1695211874453861913 144.802404 0.000000
1695211874526433810 144.813129 0.000000
1695211874671322810 144.713872 0.000000
1695211874815544602 144.733488 0.000000
1695211875032489959 144.748789 0.000000
1695211875177450261 144.749641 0.000000
1695211875250213118 144.666287 0.000000
1695211875250936753 144.790605 0.000000
1695211875467413198 144.854124 0.000000
1695211875467652430 144.475493 0.000000
1695211875685053788 144.774098 0.000000
1695211875686015766 144.464683 0.000000
1695211875902497706 144.862937 0.000000
1695211875902599694 144.983674 0.000000
1695211875974655311 144.674040 0.000000
1695211875975026297 144.636016 0.000000
1695211876192719306 145.080796 0.000000
1695211876265856030 145.075041 0.000000
1695211876482453254 144.760165 0.000000
1695211876555773568 144.629146 0.000000
1695211876627107990 144.618386 0.000000
1695211876627716993 144.533509 0.000000
1695211876772027711 144.913387 0.000000
1695211876916652396 144.617333 0.000000
1695211876989432560 144.789694 0.000000
1695211876989821101 144.793009 0.000000
1695211877061846162 144.440752 0.000000
1695211877062992160 144.765734 0.000000
1695211877134923476 144.451873 0.000000
1695211877206352427 144.616685 0.000000
1695211877279107470 144.502230 0.000000
1695211877496295678 144.662670 0.000000
1695211877497206794 144.748930 0.000000
1695211877786374154 144.464001 0.000000
1695211877931562431 144.551865 0.000000
1695211878004382852 144.551079 0.000000
1695211878076283862 144.698377 0.000000
1695211878077134889 144.690935 0.000000
1695211878077165405 144.690113 0.000000
1695211878148440522 144.479690 0.000000
1695211878439205016 144.630825 0.000000
1695211878583748046 144.553289 0.000000
1695211878583784791 144.573561 0.000000
1695211878655798950 144.842914 0.000000
1695211878728405934 144.785961 0.000000
1695211878944947541 144.758878 0.000000
1695211878945359214 144.654560 0.000000
1695211879234802968 144.530617 0.000000
1695211879380618060 144.712961 0.000000
1695211879452759194 144.478565 0.000000
1695211879596603763 144.609937 0.000000
1695211879814311706 144.464858 0.000000
1695211880104326720 144.734647 0.000000
1695211880176846987 145.012113 0.000000
1695211880248926021 144.767117 0.000000
1695211880248986557 144.682870 0.000000
1695211880321907194 144.651023 0.000000
1695211880394751148 144.535472 0.000000
1695211880465897851 144.603693 0.000000
1695211880466499076 144.566880 0.000000
1695211880538698681 144.411917 0.000000
1695211880973808926 144.565903 0.000000
1695211881554489799 145.079038 0.000000
1695211881625825914 144.616221 0.000000
1695211881626843052 144.770114 0.000000
1695211881770309832 144.605062 0.000000
1695211881772253102 145.063487 0.000000
1695211881915048297 144.721402 0.000000
1695211881917114753 144.571065 0.000000
1695211881987874031 144.516439 0.000000
1695211881989205696 144.583686 0.000000
1695211882133613196 144.387691 0.000000
1695211882133855711 144.416355 0.000000
1695211882277743915 144.554577 0.000000
1695211882278812455 144.552605 0.000000
1695211882422684212 144.919151 0.000000
1695211882423737264 145.127249 0.000000
1695211882495299991 144.530305 0.000000
1695211882495430372 144.693120 0.000000
1695211882496179025 145.284848 0.000000
1695211882640870133 144.679258 0.000000
1695211882713555189 144.482685 0.000000
1695211882929618629 144.533734 0.000000
1695211883726944561 144.602514 0.000000
1695211883728292410 144.919903 0.000000
1695211884089708500 144.421414 0.000000
1695211884160802940 144.621982 0.000000
1695211884162247611 144.496331 0.000000
1695211884379734878 144.606049 0.000000
1695211884740848382 144.660504 0.000000
1695211884885405295 144.678099 0.000000
1695211885031172581 144.495570 0.000000
1695211885103603135 145.012795 0.000000
1695211885176826799 144.760276 0.000000
1695211885248501082 144.880807 0.000000
1695211885248571380 144.932007 0.000000
1695211885320962737 144.442837 0.000000
1695211885393953370 144.779240 0.000000
1695211885466301701 144.587398 0.000000
1695211885538704956 144.778036 0.000000
1695211885538710040 144.760127 0.000000
1695211885538744450 144.759044 0.000000
1695211885610764891 144.583779 0.000000
1695211885683748151 144.786585 0.000000
1695211885973046778 144.803416 0.000000
1695211885973645176 144.700202 0.000000
1695211886118280342 144.539145 0.000000
1695211886335615724 144.669121 0.000000
1695211886407032085 144.708541 0.000000
1695211886552305413 144.545329 0.000000
1695211886698560860 144.651974 0.000000
1695211886841588261 144.728795 0.000000
1695211886914230146 144.771759 0.000000
1695211886914671800 144.615030 0.000000
1695211886914698983 144.923897 0.000000
1695211886986865582 144.666955 0.000000
1695211887131539222 144.574339 0.000000
1695211887132044554 144.553928 0.000000
1695211887276370831 144.602697 0.000000
1695211887348714523 144.717883 0.000000
1695211887421492948 144.583487 0.000000
1695211887638398587 144.645683 0.000000
1695211887639910731 144.797378 0.000000
1695211887855680547 144.848053 0.000000
1695211888001787723 144.495591 0.000000
1695211888002161065 144.782638 0.000000
1695211888145644599 144.824797 0.000000
1695211888290368285 144.638433 0.000000
1695211888435154006 144.777327 0.000000
1695211888508920414 144.539264 0.000000
1695211888652330889 144.678913 0.000000
1695211888725250261 144.370419 0.000000
1695211888870468148 144.513442 0.000000
1695211888943266403 144.701781 0.000000
1695211889159180981 144.608152 0.000000
1695211889377729037 144.404910 0.000000
1695211889666228698 144.629688 0.000000
1695211889738830360 144.652395 0.000000
1695211889812483618 144.559859 0.000000
1695211889955818815 144.550703 0.000000
1695211890029570965 144.439284 0.000000
1695211890173995138 144.665837 0.000000
1695211890246739869 144.599767 0.000000
1695211890390886723 144.539130 0.000000
1695211890608358834 144.470428 0.000000
1695211890898177095 144.807021 0.000000
1695211890971034693 144.743658 0.000000
1695211890971204508 144.713473 0.000000
1695211890971529375 144.490724 0.000000
1695211891043445761 144.990624 0.000000
1695211891115619327 144.910878 0.000000
1695211891188793917 144.604539 0.000000
1695211891333290916 144.825545 0.000000
1695211891623982292 144.642062 0.000000
1695211891769138956 145.149944 0.000000
1695211891840927495 144.579581 0.000000
1695211891914573253 145.139538 0.000000
1695211892131527207 144.613033 0.000000
1695211892131796835 144.846768 0.000000
1695211892204590980 144.668000 0.000000
1695211892274923987 144.609129 0.000000
1695211892275071604 144.551657 0.000000
1695211892276890920 144.715408 0.000000
1695211892276969212 144.758237 0.000000
1695211892564862783 144.558688 0.000000
1695211892565625905 144.497932 0.000000
1695211892926959861 144.596957 0.000000
1695211892929095528 144.779182 0.000000
1695211893144715967 144.576639 0.000000
1695211893723294459 144.705390 0.000000
1695211893723892662 144.563619 0.000000
1695211893940796891 144.495646 0.000000
1695211893941271947 144.763660 0.000000
1695211894012965223 144.706467 0.000000
1695211894086092564 144.812268 0.000000
1695211894374914959 144.630520 0.000000
1695211894520228981 144.659122 0.000000
1695211894592620848 144.443990 0.000000
1695211894665518550 144.506867 0.000000
1695211894737430300 145.037804 0.000000
1695211894882141529 144.704187 0.000000
1695211894882584876 144.748339 0.000000
1695211894883450727 144.558873 0.000000
1695211895100579658 144.408687 0.000000
1695211895245233492 144.630519 0.000000
1695211895316733470 144.763246 0.000000
1695211895389832209 144.891276 0.000000
1695211895390104884 144.865183 0.000000
1695211895606738607 144.570771 0.000000
1695211895824216804 144.583962 0.000000
1695211895824566276 144.379161 0.000000
1695211895896092070 144.644310 0.000000
1695211895896140993 144.831333 0.000000
1695211896041203983 144.971373 0.000000
1695211896041899299 144.628265 0.000000
1695211896114016398 144.826566 0.000000
1695211896186993236 144.811687 0.000000
1695211896258601021 144.575552 0.000000
1695211896259479577 144.650632 0.000000
1695211896620475246 144.750706 0.000000
1695211896837703675 144.543377 0.000000
1695211896839357255 144.538025 0.000000
1695211896840360501 144.470793 0.000000
1695211896983939012 144.540418 0.000000
1695211897056752988 144.422673 0.000000
1695211897490722088 144.482620 0.000000
1695211897635878320 144.677101 0.000000
1695211897925829748 144.517675 0.000000
1695211897998347079 144.685581 0.000000
1695211898069873234 144.725301 0.000000
1695211898141911148 144.650198 0.000000
1695211898142772472 144.442613 0.000000
1695211898143374379 144.701080 0.000000
1695211898359059872 144.887337 0.000000
1695211898360636595 144.805606 0.000000
1695211898505209152 144.559500 0.000000
1695211898505453094 144.587247 0.000000
1695211898576955559 144.473093 0.000000
1695211898648832250 144.354981 0.000000
1695211898721006329 144.614989 0.000000
1695211898721760031 144.518242 0.000000
1695211898722451349 144.698974 0.000000
1695211899084654002 144.513210 0.000000
1695211899156254163 144.587450 0.000000
1695211899229102380 144.379647 0.000000
1695211899445233174 144.498155 0.000000
1695211899445655370 144.519580 0.000000
1695211899446195532 144.667588 0.000000
1695211899590617921 144.474608 0.000000
1695211899663550539 144.714903 0.000000
1695211899735640306 144.685058 0.000000
1695211899807546499 144.573600 0.000000
1695211899807954043 144.819400 0.000000
1695211899880827829 144.792776 0.000000
1695211900170054249 144.680301 0.000000
1695211900314955554 144.646701 0.000000
1695211900387492829 144.824217 0.000000
1695211900460230553 144.885267 0.000000
1695211900677471386 144.382273 0.000000
1695211900750146590 144.466090 0.000000
1695211900894931530 145.003246 0.000000
1695211900967505218 144.695374 0.000000
1695211901256876512 144.534711 0.000000
1695211901473940761 144.526378 0.000000
1695211901619623376 144.681129 0.000000
1695211901908216237 144.484727 0.000000
1695211901909550590 144.504903 0.000000
1695211902126491830 144.592925 0.000000
1695211902198868453 144.474588 0.000000
1695211902342878001 144.791437 0.000000
1695211902414992480 144.637754 0.000000
1695211902488389541 144.922657 0.000000
1695211902705110057 144.372032 0.000000
1695211902706062119 144.922723 0.000000
1695211902849517770 144.646684 0.000000
1695211902850289020 144.611969 0.000000
1695211902850976132 144.604326 0.000000
1695211902851597271 144.594262 0.000000
1695211902923828331 144.988319 0.000000
1695211902994750278 144.440394 0.000000
1695211903139133016 144.617879 0.000000
1695211903213562727 144.397259 0.000000
1695211903285988151 144.397004 0.000000
1695211903429021052 144.464567 0.000000
1695211903646231884 144.471799 0.000000
1695211903646390618 144.551152 0.000000
1695211903646421913 144.601678 0.000000
1695211903647786190 144.747458 0.000000
1695211903719988543 144.548036 0.000000
1695211903937788375 144.755382 0.000000
1695211904080972235 144.510193 0.000000
1695211904298110680 144.703991 0.000000
1695211904298337725 144.583863 0.000000
1695211904372377434 144.572386 0.000000
1695211904444910752 144.569143 0.000000
1695211904588255678 144.572732 0.000000
1695211904805726003 144.761355 0.000000
1695211904805813782 144.456736 0.000000
1695211904950303290 145.077862 0.000000
1695211905095488242 144.563570 0.000000
1695211905095795087 144.619371 0.000000
1695211905167519174 144.658163 0.000000
1695211905313097068 144.632809 0.000000
1695211905385766954 144.659083 0.000000
1695211905457787578 144.490464 0.000000
1695211905457969436 144.580263 0.000000
1695211905530331992 144.912019 0.000000
1695211905820784909 144.558616 0.000000
1695211905892721453 144.729648 0.000000
1695211906037419279 144.682474 0.000000
1695211906254633969 144.727341 0.000000
1695211906256376606 144.736160 0.000000
1695211906545446518 144.793078 0.000000
1695211906834519303 144.711531 0.000000
1695211906835495701 144.733422 0.000000
1695211906907392382 145.040483 0.000000
1695211907051467175 144.655206 0.000000
1695211907052348717 144.987683 0.000000
1695211907197551290 144.884484 0.000000
1695211907341954522 144.388703 0.000000
1695211907413473543 144.501199 0.000000
1695211907486557213 144.587064 0.000000
1695211907775731554 144.621456 0.000000
1695211907776977739 144.697903 0.000000
1695211907848646116 144.400775 0.000000
1695211908065930120 144.508445 0.000000
1695211908210404402 144.644107 0.000000
1695211908211534785 144.576254 0.000000
1695211908428027265 144.519849 0.000000
1695211908428414886 144.360860 0.000000
1695211908428843992 144.533923 0.000000
1695211908500217041 144.517945 0.000000
1695211908501304880 144.378863 0.000000
1695211908862599749 144.854888 0.000000
1695211908934799055 144.783638 0.000000
1695211908935336411 144.544649 0.000000
1695211909007084636 144.583562 0.000000
1695211909079738962 144.599023 0.000000
1695211909080047245 144.744787 0.000000
1695211909224865228 144.607408 0.000000
1695211909370144349 144.858292 0.000000
1695211909587163672 144.707931 0.000000
1695211909587719587 144.691118 0.000000
1695211909660011468 144.674216 0.000000
1695211909660039068 144.799886 0.000000
1695211909660313857 144.592263 0.000000
1695211909805037069 144.448310 0.000000
1695211909877681065 144.870973 0.000000
1695211910095694708 144.986355 0.000000
1695211910239454697 144.777023 0.000000
1695211910528968831 144.581422 0.000000
1695211910601770774 144.761701 0.000000
1695211910673711664 144.667207 0.000000
1695211910746600585 144.407016 0.000000
1695211910820532901 144.417392 0.000000
1695211910891159647 144.365577 0.000000
1695211910965604414 144.634756 0.000000
1695211911109909259 144.754412 0.000000
1695211911253996689 144.470728 0.000000
1695211911254193873 144.449518 0.000000
1695211911325621487 144.608313 0.000000
1695211911398738159 144.529581 0.000000
1695211911543932383 144.594843 0.000000
1695211911543956159 144.601893 0.000000
1695211911615950527 144.372466 0.000000
1695211911687521755 144.749168 0.000000
1695211911687656714 144.622484 0.000000
1695211911760281377 144.531318 0.000000
1695211912340621510 144.756561 0.000000
1695211912484600044 144.654166 0.000000
1695211912702435991 144.588295 0.000000
1695211912775075224 144.511510 0.000000
1695211912920721866 145.033214 0.000000
1695211912992778495 144.544922 0.000000
1695211913065157254 145.000363 0.000000
1695211913137884854 144.622678 0.000000
1695211913138200294 144.474573 0.000000
1695211913282561394 144.834851 0.000000
1695211913499156890 144.416157 0.000000
1695211913644249157 144.609394 0.000000
1695211913716922997 144.650944 0.000000
1695211913789030435 144.967741 0.000000
1695211913934266516 145.060944 0.000000
1695211914224159647 144.620699 0.000000
1695211914225072315 144.575917 0.000000
1695211914297142768 144.578631 0.000000
1695211914368873672 144.657278 0.000000
1695211914369777833 144.714477 0.000000
1695211914440677076 144.549823 0.000000
1695211914441488018 144.566823 0.000000
1695211914513638868 144.607028 0.000000
1695211914586612020 144.497880 0.000000
1695211914586971512 144.698015 0.000000
1695211914659078385 144.946177 0.000000
1695211914730408253 144.463040 0.000000
1695211914730856935 144.615853 0.000000
1695211914731393123 144.765096 0.000000
1695211914731864090 144.685179 0.000000
1695211914876412846 144.936356 0.000000
1695211914947479209 144.593379 0.000000
1695211914949095904 144.683320 0.000000
1695211915237767582 144.543053 0.000000
1695211915309657246 144.525388 0.000000
1695211915310800033 144.417246 0.000000
1695211915382085263 144.555272 0.000000
1695211915382162182 144.630211 0.000000
1695211915455838058 144.582500 0.000000
1695211915671916251 144.712698 0.000000
1695211915745086490 144.420709 0.000000
1695211915889179370 144.576672 0.000000
1695211915889671391 144.984075 0.000000
1695211915890434879 145.298230 0.000000
1695211916107957970 144.868699 0.000000
1695211916324048963 144.719632 0.000000
1695211916543081881 144.638947 0.000000
1695211916613834349 144.684795 0.000000
1695211916831010039 144.583788 0.000000
1695211916832556552 144.936234 0.000000
1695211916903429123 144.580024 0.000000
1695211916977473255 144.664380 0.000000
1695211917049410411 144.490109 0.000000
1695211917120747914 144.490670 0.000000
1695211917193305610 144.651890 0.000000
1695211917265361171 144.700802 0.000000
1695211917338545857 144.445165 0.000000
1695211917555072239 144.532168 0.000000
1695211917700186637 145.090237 0.000000
1695211918062162490 144.873487 0.000000
1695211918424675032 144.577794 0.000000
1695211918424716814 144.769805 0.000000
1695211918714463805 144.572124 0.000000
1695211918932155415 144.464716 0.000000
1695211919004094886 144.711872 0.000000
1695211919004339230 144.550167 0.000000
1695211919077363016 144.428818 0.000000
1695211919293488518 144.600434 0.000000
1695211919439311989 144.569972 0.000000
1695211919511880056 144.543706 0.000000
1695211919583326401 144.727248 0.000000
1695211919584176175 144.903799 0.000000
1695211919584249736 144.652283 0.000000
1695211919801361070 144.405709 0.000000
1695211919873930685 144.495317 0.000000
1695211920018268588 144.617455 0.000000
1695211920090736470 144.429787 0.000000
1695211920162966797 144.676670 0.000000
1695211920163232589 144.456331 0.000000
1695211920379785887 144.768854 0.000000
1695211920452778536 144.488857 0.000000
1695211920453229079 144.534364 0.000000
1695211920597174445 144.804520 0.000000
1695211920597472958 144.703932 0.000000
1695211920597742353 144.518262 0.000000
1695211920598436093 144.525865 0.000000
1695211920742278135 144.737962 0.000000
1695211920815759451 144.644187 0.000000
1695211921032618149 144.505401 0.000000
1695211921104881657 144.709095 0.000000
1695211921177580712 144.521198 0.000000
1695211921322976506 144.963127 0.000000
1695211921394655521 144.938644 0.000000
1695211921467023901 144.984306 0.000000
1695211921540605947 144.538263 0.000000
1695211921540720649 144.650794 0.000000
1695211921612217910 144.830107 0.000000
1695211921756835162 144.651624 0.000000
1695211921757328890 144.790820 0.000000
1695211921757725659 144.542717 0.000000
1695211921829459860 144.608985 0.000000
1695211921829698503 144.677652 0.000000
1695211922046289537 144.601747 0.000000
1695211922047007661 144.466252 0.000000
1695211922120046479 144.569196 0.000000
1695211922263330230 144.638982 0.000000
1695211922408473932 144.592243 0.000000
1695211922408512540 144.662695 0.000000
1695211922409141963 144.647682 0.000000
1695211922481597315 144.520300 0.000000
1695211922481654568 144.565055 0.000000
1695211922553220029 144.647181 0.000000
1695211923061902804 144.527216 0.000000
1695211923133706984 144.414924 0.000000
1695211923278202446 144.489576 0.000000
1695211923349941105 144.667368 0.000000
1695211923351036826 144.489584 0.000000
1695211923495933232 144.729379 0.000000
1695211923639720974 144.717045 0.000000
1695211923640895858 144.801550 0.000000
1695211923712485084 144.688578 0.000000
1695211923713507725 144.569851 0.000000
1695211923930507955 144.524477 0.000000
1695211924075284488 144.541161 0.000000
1695211924147327287 144.801154 0.000000
1695211924291811978 144.493503 0.000000
1695211924365277856 144.498444 0.000000
1695211924508603668 144.467470 0.000000
1695211924582805577 144.985719 0.000000
1695211924871182443 144.411025 0.000000
1695211925160511158 144.824069 0.000000
1695211925232928324 144.813124 0.000000
1695211925449874419 144.547626 0.000000
1695211925596247669 145.712331 0.000000
1695211925741484332 144.467040 0.000000
1695211925811973533 144.600964 0.000000
1695211925886199408 144.506559 0.000000
1695211925887425964 144.813940 0.000000
1695211926101845921 144.728600 0.000000
1695211926101894732 144.714316 0.000000
1695211926104642921 144.636078 0.000000
1695211926249514988 144.674815 0.000000
1695211926391398591 144.587693 0.000000
1695211926393933157 144.524330 0.000000
1695211926536120633 144.621651 0.000000
1695211926538630527 144.842183 0.000000
1695211926753683399 144.685947 0.000000
1695211926827955717 144.363012 0.000000
1695211926899941887 144.407109 0.000000
1695211926972742201 144.560558 0.000000
1695211927117509795 144.545561 0.000000
1695211927189249131 144.448157 0.000000
1695211927332713816 144.676452 0.000000
1695211927477604158 144.754553 0.000000
1695211927551346996 144.413129 0.000000
1695211927622430874 144.822015 0.000000
1695211927622529482 144.876138 0.000000
1695211927694552052 144.662403 0.000000
1695211927839754682 144.751795 0.000000
1695211927912353288 144.754847 0.000000
1695211927984248094 144.676723 0.000000
1695211927984697812 144.702941 0.000000
1695211928057619422 144.772508 0.000000
1695211928201541153 144.494272 0.000000
1695211928346339613 144.780988 0.000000
1695211928347345703 144.607756 0.000000
1695211928418865518 144.603893 0.000000
1695211928491608085 144.431206 0.000000
1695211928492005798 144.611495 0.000000
1695211928564511017 144.568016 0.000000
1695211928926187119 144.527121 0.000000
1695211928926553357 144.600382 0.000000
1695211928998688980 144.701974 0.000000
1695211929361159728 144.767004 0.000000
1695211929433711271 144.829865 0.000000
1695211929433954026 144.812571 0.000000
1695211929433979546 144.778307 0.000000
1695211929506049437 144.527212 0.000000
1695211929506825690 144.762599 0.000000
1695211929506839155 144.601327 0.000000
1695211929724001498 144.509175 0.000000
1695211929795642274 144.727061 0.000000
1695211929795975009 144.358915 0.000000
1695211929940736750 144.961832 0.000000
1695211929940972126 144.982789 0.000000
1695211930012910912 144.631658 0.000000
1695211930013565705 144.632990 0.000000
1695211930013816975 144.672456 0.000000
1695211930085376207 144.627059 0.000000
1695211930158376377 144.850494 0.000000
1695211930375447621 144.443460 0.000000
1695211930376371805 144.505735 0.000000
1695211930376576245 144.370084 0.000000
1695211930447705136 144.510333 0.000000
1695211930592480155 144.760981 0.000000
1695211930592571986 144.877914 0.000000
1695211930737542819 144.652951 0.000000
1695211930882195368 144.641909 0.000000
1695211930955740263 144.627010 0.000000
1695211930955958867 144.692447 0.000000
1695211931318237239 144.526824 0.000000
1695211931461376785 144.598168 0.000000
1695211931534243250 144.413868 0.000000
1695211931534896967 144.565861 0.000000
1695211931680396539 144.664247 0.000000
1695211931825120986 144.716478 0.000000
1695211931897054548 144.874454 0.000000
1695211931968650374 144.522832 0.000000
1695211932114017741 144.559914 0.000000
1695211932114895658 144.538945 0.000000
1695211932258352578 144.743993 0.000000
1695211932404474589 145.350640 0.000000
1695211932549954559 144.641819 0.000000
1695211932622637202 144.975502 0.000000
1695211932766984687 144.379837 0.000000
1695211932839220909 144.355817 0.000000
1695211932911126270 144.880664 0.000000
1695211932983671774 144.557042 0.000000
1695211933128895768 145.150689 0.000000
1695211933129346963 144.899499 0.000000
1695211933273736606 144.568970 0.000000
1695211933418067436 144.710460 0.000000
1695211933418542573 144.668136 0.000000
1695211933490507347 144.562430 0.000000
1695211933564130789 144.613294 0.000000
1695211934215055204 144.718782 0.000000
1695211934288624146 144.645474 0.000000
1695211934289005080 144.753374 0.000000
1695211934360410163 144.641666 0.000000
1695211934505206386 144.577730 0.000000
1695211934577538522 144.781715 0.000000
1695211934578904087 145.061252 0.000000
1695211934578906718 145.069937 0.000000
1695211934650803399 144.635272 0.000000
1695211934940589181 144.745916 0.000000
1695211934940805983 144.596549 0.000000
1695211934940812041 144.446541 0.000000
1695211935156892745 144.714108 0.000000
1695211935158236942 144.573423 0.000000
1695211935302726973 144.476872 0.000000
1695211935374429243 144.597150 0.000000
1695211935519401201 145.062046 0.000000
1695211935737349156 144.636792 0.000000
1695211935809676149 144.831476 0.000000
1695211935881764251 144.404035 0.000000
1695211935953780532 144.496597 0.000000
1695211935953916649 144.533620 0.000000
1695211935954192243 144.501575 0.000000
1695211936027003824 144.524791 0.000000
1695211936243517489 144.804664 0.000000
1695211936244732109 144.624751 0.000000
1695211936317706683 144.901563 0.000000
1695211936461954559 144.412287 0.000000
1695211936534005550 144.430712 0.000000
1695211936605729540 144.694273 0.000000
1695211936605776056 144.693901 0.000000
1695211936822776085 144.566097 0.000000
1695211936824653955 144.930599 0.000000
1695211936895450888 144.478062 0.000000
1695211936969212476 144.459353 0.000000
1695211937040182513 144.719741 0.000000
1695211937185170641 144.682051 0.000000
1695211937186395207 144.485214 0.000000
1695211937257781909 144.763041 0.000000
1695211937329918634 144.609956 0.000000
1695211937402510824 144.721501 0.000000
1695211937475312612 144.503062 0.000000
1695211937692293624 144.757207 0.000000
1695211937765310805 145.027187 0.000000
1695211937765337123 144.813458 0.000000
1695211937909399694 144.519753 0.000000
1695211937909805443 144.472831 0.000000
1695211937910445826 144.703893 0.000000
1695211937982558603 144.559678 0.000000
1695211938054363081 144.652293 0.000000
1695211938054449467 144.652092 0.000000
1695211938272068682 144.714700 0.000000
1695211938272670763 144.447539 0.000000
1695211938634380260 144.456350 0.000000
1695211938635909255 144.704128 0.000000
1695211938781243921 144.622954 0.000000
1695211938851859631 144.828621 0.000000
1695211938851993691 144.900749 0.000000
1695211938852423169 144.561105 0.000000
1695211938996755585 144.520192 0.000000
1695211938998269069 144.510480 0.000000
1695211939141889887 144.892591 0.000000
1695211939142130287 144.375150 0.000000
1695211939214656208 144.546099 0.000000
1695211939287714551 144.546019 0.000000
1695211939431059325 144.430267 0.000000
1695211939648233985 144.726402 0.000000
1695211939648424333 144.425732 0.000000
1695211939720575717 144.761600 0.000000
1695211939794838824 144.936840 0.000000
1695211939865363953 144.777445 0.000000
1695211940010380745 144.834188 0.000000
1695211940155120694 144.685101 0.000000
1695211940155351552 144.640838 0.000000
1695211940373315273 144.554194 0.000000
1695211940444833844 144.596885 0.000000
1695211940808926327 145.034494 0.000000
1695211940880635146 144.593893 0.000000
1695211941096408484 144.654212 0.000000
1695211941098209445 144.433028 0.000000
1695211941169020951 144.539488 0.000000
1695211941243003716 144.685061 0.000000
1695211941314144593 144.382991 0.000000
1695211941458838790 144.636450 0.000000
1695211941532317521 144.428433 0.000000
1695211941603511717 144.821759 0.000000
1695211941893397330 144.764742 0.000000
1695211941893957067 144.755538 0.000000
1695211941967285654 144.499260 0.000000
1695211942111005576 144.761412 0.000000
1695211942112267532 144.522555 0.000000
1695211942545126242 144.663448 0.000000
1695211942545805000 144.526447 0.000000
1695211942618626591 144.462480 0.000000
1695211942762334618 144.468879 0.000000
1695211942835917362 144.739939 0.000000
1695211942907778497 144.410935 0.000000
1695211943124565452 144.792193 0.000000
1695211943126029115 144.581044 0.000000
1695211943196795401 144.580877 0.000000
1695211943341574179 144.684223 0.000000
1695211943414186528 144.667094 0.000000
1695211943558947902 144.406357 0.000000
1695211943559562999 144.615885 0.000000
1695211943703874363 144.530536 0.000000
1695211943705093666 144.575498 0.000000
1695211943776130499 144.645406 0.000000
1695211944066770768 145.191344 0.000000
1695211944211635863 144.652406 0.000000
1695211944211665011 144.543100 0.000000
1695211944429824988 145.504066 0.000000
1695211944501682149 144.500537 0.000000
1695211944646057471 144.746739 0.000000
1695211944720111229 144.454635 0.000000
1695211944791135882 144.406910 0.000000
1695211944864136727 144.444170 0.000000
1695211944864758689 144.543982 0.000000
1695211945009452444 144.700744 0.000000
1695211945154166473 144.704285 0.000000
1695211945225385015 144.769522 0.000000
1695211945372200552 144.668255 0.000000
1695211945372391419 144.827392 0.000000
1695211945443373514 144.413856 0.000000
1695211945443686783 144.517090 0.000000
1695211945660194896 144.494898 0.000000
1695211945662191309 144.845190 0.000000
1695211945662325582 144.714695 0.000000
1695211945878719527 144.636699 0.000000
1695211945879435018 144.564902 0.000000
1695211945950048924 144.764490 0.000000
1695211945950289027 144.400808 0.000000
1695211946239928967 144.726681 0.000000
1695211946239996466 144.647334 0.000000
1695211946674566533 144.720718 0.000000
1695211946675727985 144.574115 0.000000
1695211946748227227 145.026101 0.000000
1695211946819457443 144.776215 0.000000
1695211946964591421 144.472554 0.000000
1695211946965766465 144.536895 0.000000
1695211947037363254 144.491787 0.000000
1695211947181234144 144.582521 0.000000
1695211947470959033 144.638214 0.000000
1695211947688198112 144.704887 0.000000
1695211947832803794 144.575002 0.000000
1695211947905368527 144.631116 0.000000
1695211947908151797 144.588551 0.000000
1695211948197676238 144.563621 0.000000
1695211948267868181 144.648857 0.000000
1695211948342348033 144.630401 0.000000
1695211948413165728 145.290993 0.000000
1695211948557983325 144.722945 0.000000
1695211948704461891 144.389765 0.000000
1695211948774819765 144.657237 0.000000
1695211948775077956 144.652210 0.000000
1695211948848563333 144.562062 0.000000
1695211948921101289 144.693216 0.000000
1695211948921104386 144.613049 0.000000
1695211949138218390 144.478185 0.000000
1695211949281840832 144.488127 0.000000
1695211949427237620 144.723487 0.000000
1695211949498946781 144.823955 0.000000
1695211949571711264 144.802705 0.000000
1695211949643978079 144.613259 0.000000
1695211949716703887 144.489190 0.000000
1695211949789659425 144.722684 0.000000
1695211949789889245 144.396710 0.000000
1695211949934667903 144.479854 0.000000
1695211950368265724 144.611195 0.000000
1695211950441328746 144.622571 0.000000
1695211950586975815 144.638451 0.000000
1695211950730236463 144.603316 0.000000
1695211950730862671 144.568610 0.000000
1695211950730924429 144.670986 0.000000
1695211950876313971 144.740129 0.000000
1695211951021343990 144.476847 0.000000
1695211951165593873 144.638714 0.000000
1695211951165697244 144.571371 0.000000
1695211951238656491 144.538628 0.000000
1695211951382986455 144.496717 0.000000
1695211951527917474 144.397802 0.000000
1695211951529064826 144.689494 0.000000
1695211951529127609 144.586800 0.000000
1695211951744646318 144.634287 0.000000
1695211951818703467 144.608745 0.000000
1695211951961911982 144.737273 0.000000
1695211951963376628 144.635851 0.000000
1695211952034421853 144.720992 0.000000
1695211952035328323 144.536280 0.000000
1695211952179092139 144.663987 0.000000
1695211952324634076 144.535388 0.000000
1695211952397242686 144.339023 0.000000
1695211952469327845 144.925128 0.000000
1695211952542702808 144.760904 0.000000
1695211952759002069 144.527159 0.000000
1695211952759165640 144.447222 0.000000
1695211952760643034 144.795742 0.000000
1695211952832923115 144.713250 0.000000
1695211952833157355 144.690146 0.000000
1695211953050257799 144.476959 0.000000
1695211953121062337 144.564406 0.000000
1695211953267068830 144.915207 0.000000
1695211953412218035 144.615559 0.000000
1695211953555686086 144.539517 0.000000
1695211953556829368 144.562101 0.000000
1695211953628043153 144.833055 0.000000
1695211953845875073 144.689169 0.000000
1695211953845948195 144.482928 0.000000
1695211953919184256 144.444713 0.000000
1695211954063833405 144.824499 0.000000
1695211954136553906 144.879614 0.000000
1695211954136558605 144.923174 0.000000
1695211954208876304 144.764802 0.000000
1695211954208963487 144.727364 0.000000
1695211954426599255 145.025386 0.000000
1695211954643880068 144.523726 0.000000
1695211954788037917 145.177386 0.000000
1695211954860561917 145.272975 0.000000
1695211955077646059 144.690323 0.000000
1695211955078086667 144.951592 0.000000
1695211955149922120 144.503228 0.000000
1695211955150490975 144.522856 0.000000
1695211955222301287 144.635872 0.000000
1695211955222788180 144.729667 0.000000
1695211955222872306 144.437597 0.000000
1695211955295417331 144.760553 0.000000
1695211955585075062 144.655471 0.000000
1695211955730599798 144.813410 0.000000
1695211955801810561 144.562511 0.000000
1695211955802126232 144.506798 0.000000
1695211955802261591 144.597255 0.000000
1695211955874287598 144.749263 0.000000
1695211955946580126 144.597089 0.000000
1695211955947242538 144.459063 0.000000
1695211955947944494 144.593547 0.000000
1695211956018899045 144.586908 0.000000
1695211956018988862 144.457873 0.000000
1695211956020066464 144.589254 0.000000
1695211956163619585 144.698469 0.000000
1695211956164695102 144.645272 0.000000
1695211956237074238 144.563744 0.000000
1695211956237421662 144.664799 0.000000
1695211956308253575 144.614132 0.000000
1695211956381232598 144.721908 0.000000
1695211956453916589 144.495098 0.000000
1695211956743679698 144.615197 0.000000
1695211956960359676 144.359038 0.000000
1695211956960363189 144.702232 0.000000
1695211957177864477 144.903519 0.000000
1695211957178318954 144.581350 0.000000
1695211957539434490 144.536809 0.000000
1695211957684879469 144.497076 0.000000
1695211957757927888 144.466889 0.000000
1695211957829734358 144.552728 0.000000
1695211957974178687 144.598037 0.000000
1695211957974613102 144.756122 0.000000
1695211958191601515 144.816613 0.000000
1695211958192052580 144.953117 0.000000
1695211958192349807 144.577775 0.000000
1695211958337215037 145.121087 0.000000
1695211958482668914 144.515599 0.000000
1695211958554233473 144.688190 0.000000
1695211958626814937 144.770811 0.000000
1695211958771741053 144.586876 0.000000
1695211958771948223 144.504928 0.000000
1695211959133900661 144.470878 0.000000
1695211959206256388 144.981723 0.000000
1695211959495737572 144.580521 0.000000
1695211959496032855 144.544257 0.000000
1695211959496312675 144.559396 0.000000
1695211959568420265 144.578068 0.000000
1695211959930816038 144.410597 0.000000
1695211959931056804 144.445754 0.000000
1695211960221257627 144.756740 0.000000
1695211960294397850 144.793445 0.000000
1695211960439626984 144.858371 0.000000
1695211960583587334 144.874879 0.000000
1695211960583611044 144.531275 0.000000
1695211960801505250 144.896795 0.000000
1695211960801545990 145.120075 0.000000
1695211960873217815 144.697140 0.000000
1695211960945565227 144.906477 0.000000
1695211960945602027 144.786464 0.000000
1695211961091394288 144.471968 0.000000
1695211961380506712 144.334190 0.000000
1695211961452571050 144.623629 0.000000
1695211961525095133 144.877865 0.000000
1695211961887495423 144.685696 0.000000
1695211961960522762 144.727486 0.000000
1695211961960748235 144.885504 0.000000
1695211962176468812 144.512928 0.000000
1695211962467195007 144.532423 0.000000
1695211962539433596 144.560552 0.000000
1695211962611944203 144.597809 0.000000
1695211962828633719 144.802604 0.000000
1695211962901729121 144.649117 0.000000
1695211962974595592 144.438910 0.000000
1695211963190896550 144.817541 0.000000
1695211963263240015 144.573192 0.000000
1695211963408536651 144.533462 0.000000
1695211963481545543 144.930354 0.000000
1695211963699516996 144.630963 0.000000
1695211963771490185 144.640245 0.000000
1695211964134088107 144.689899 0.000000
1695211964278831490 144.736600 0.000000
1695211964640582998 144.454148 0.000000
1695211964786963049 144.372107 0.000000
1695211964857719619 144.722590 0.000000
1695211964859911087 145.007258 0.000000
1695211965002402597 144.658010 0.000000
1695211965005015468 144.750235 0.000000
1695211965074947297 144.726912 0.000000
1695211965221004535 144.414311 0.000000
1695211965221479942 144.397811 0.000000
1695211965365469526 144.453603 0.000000
1695211965511058228 144.429128 0.000000
1695211965582259756 144.562971 0.000000
1695211965944257325 144.767086 0.000000
1695211965944558857 145.009204 0.000000
1695211966018088789 144.634865 0.000000
1695211966090075095 144.429266 0.000000
1695211966163105433 144.847369 0.000000
1695211966234336294 144.433428 0.000000
1695211966307555061 144.619461 0.000000
1695211966379748371 144.599977 0.000000
1695211966596640820 144.451960 0.000000
1695211966668351825 144.714093 0.000000
1695211966957884735 144.587396 0.000000
1695211967032014878 144.618633 0.000000
1695211967175936649 144.607307 0.000000
1695211967249254275 144.567912 0.000000
1695211967249456196 144.805253 0.000000
1695211967321387469 144.505066 0.000000
1695211967392917498 144.509186 0.000000
1695211967537658140 144.720339 0.000000
1695211967610894142 144.535710 0.000000
1695211967683334064 144.626135 0.000000
1695211967754420531 144.580554 0.000000
1695211967901020407 144.839446 0.000000
1695211967972396283 144.546624 0.000000
1695211968116300261 144.552077 0.000000
1695211968189902902 144.498974 0.000000
1695211968189988186 144.600149 0.000000
1695211968190302573 144.592076 0.000000
1695211968333721647 144.757516 0.000000
1695211968333768411 144.884451 0.000000
1695211968479457301 144.682678 0.000000
1695211968479513983 144.477059 0.000000
1695211968552770197 144.668428 0.000000
1695211968624782639 144.385545 0.000000
1695211968841641475 144.495681 0.000000
1695211968914263357 144.495059 0.000000
1695211968986489688 144.932689 0.000000
1695211969131015745 144.852999 0.000000
1695211969204657737 144.626927 0.000000
1695211969276760010 145.059345 0.000000
1695211969276979736 144.578513 0.000000
1695211969348762378 144.673147 0.000000
1695211969493787974 144.442212 0.000000
1695211969565761185 144.519612 0.000000
1695211969637436200 144.486950 0.000000
1695211969783507090 144.719299 0.000000
1695211969927257302 144.535810 0.000000
1695211969928204491 144.757558 0.000000
1695211970506087909 144.572674 0.000000
1695211970507918894 144.628340 0.000000
1695211970652924438 144.993756 0.000000
1695211970795740189 144.727132 0.000000
1695211970869280764 144.612929 0.000000
1695211971014683094 144.439603 0.000000
1695211971085521258 144.642774 0.000000
1695211971086663067 144.742483 0.000000
1695211971158974977 144.601137 0.000000
1695211971302976779 144.784415 0.000000
1695211971375098172 144.850774 0.000000
1695211971376046853 144.598166 0.000000
1695211971520799670 144.947333 0.000000
1695211971592513041 144.781080 0.000000
1695211971665638008 144.409863 0.000000
1695211971810186203 144.717660 0.000000
1695211971810195855 144.778320 0.000000
1695211971810227134 145.008989 0.000000
1695211971810755464 144.756065 0.000000
1695211972027970630 144.935363 0.000000
1695211972172645997 144.392211 0.000000
1695211972317612659 144.780215 0.000000
1695211972317885719 144.967380 0.000000
1695211972318706368 145.141481 0.000000
1695211972535742944 144.517210 0.000000
1695211972679762044 144.633672 0.000000
1695211972680403372 144.759900 0.000000
1695211972752341070 144.735533 0.000000
1695211972826073292 144.916380 0.000000
1695211973259126993 144.809443 0.000000
1695211973332046418 144.745184 0.000000
1695211973332574588 144.890955 0.000000
1695211973403908902 144.735029 0.000000
1695211973476879470 144.705765 0.000000
1695211973477292271 144.435752 0.000000
1695211973767054836 144.634839 0.000000
1695211973767210123 144.741239 0.000000
1695211973839348579 144.631649 0.000000
1695211973912008535 144.814358 0.000000
1695211973983216114 144.512366 0.000000
1695211974127903587 144.483493 0.000000
1695211974272849126 144.632942 0.000000
1695211974274210884 144.480300 0.000000
1695211974344981403 144.681542 0.000000
1695211974345104725 144.388768 0.000000
1695211974562910327 144.627173 0.000000
1695211974707609041 144.671942 0.000000
1695211974997062215 144.777847 0.000000
1695211975070044376 144.807594 0.000000
1695211975359755917 144.537904 0.000000
1695211975432449617 144.517769 0.000000
1695211975432954036 144.757637 0.000000
1695211975577212010 144.524149 0.000000
1695211975649821207 144.446946 0.000000
1695211975794230349 144.411365 0.000000
1695211975795180489 144.541718 0.000000
1695211975866000621 144.777463 0.000000
1695211975866768554 144.544064 0.000000
1695211975939088899 144.844922 0.000000
1695211976083646370 144.551206 0.000000
1695211976155736930 144.875652 0.000000
1695211976156261301 144.915740 0.000000
1695211976228372053 144.749949 0.000000
1695211976301367319 144.802392 0.000000
1695211976590744713 144.818780 0.000000
1695211976591469906 144.974507 0.000000
1695211976735327097 144.672333 0.000000
1695211976881676370 144.998077 0.000000
1695211977026266382 144.428400 0.000000
1695211977099300438 144.484907 0.000000
1695211977170235954 144.649270 0.000000
1695211977315785422 144.526384 0.000000
1695211977387832613 144.497552 0.000000
1695211977460040015 144.737638 0.000000
1695211977460645871 144.610978 0.000000
1695211977460848142 144.471180 0.000000
1695211977532641620 144.680116 0.000000
1695211977532764707 144.554352 0.000000
1695211977823772080 144.698805 0.000000
1695211977894786214 144.583762 0.000000
1695211977967315610 144.642354 0.000000
1695211978039914339 144.620661 0.000000
1695211978257435823 144.852067 0.000000
1695211978329706843 144.518846 0.000000
1695211978475535624 144.724821 0.000000
1695211978619145960 144.482862 0.000000
1695211978620831137 144.410487 0.000000
1695211979053575797 144.709741 0.000000
1695211979126033102 144.743530 0.000000
1695211979126819788 144.452242 0.000000
1695211979127409416 144.577795 0.000000
1695211979271524638 144.799545 0.000000
1695211979343992185 144.715690 0.000000
1695211979488356602 144.740547 0.000000
1695211979560674205 144.663628 0.000000
1695211979561308041 144.366631 0.000000
1695211979561594689 144.463146 0.000000
1695211979633671787 144.563440 0.000000
1695211979923768500 144.521413 0.000000
1695211979996367120 144.597351 0.000000
1695211980141495720 144.435402 0.000000
1695211980212811120 144.611532 0.000000
1695211980213053725 144.423472 0.000000
1695211980357667557 144.792729 0.000000
1695211980502192848 144.518896 0.000000
1695211980574788985 144.697387 0.000000
1695211980575819405 144.646568 0.000000
1695211980647511487 144.517263 0.000000
1695211980720299000 144.437227 0.000000
1695211980721015413 144.492321 0.000000
1695211980791833476 144.720290 0.000000
1695211980792191746 144.535275 0.000000
1695211981009110828 144.771055 0.000000
1695211981010017302 144.858301 0.000000
1695211981298871348 144.498265 0.000000
1695211981371869327 144.606804 0.000000
1695211981444926160 144.742316 0.000000
1695211981516926159 144.495471 0.000000
1695211981662425113 144.605037 0.000000
1695211981733080997 144.535680 0.000000
1695211981879689439 144.745119 0.000000
1695211982023305353 144.646223 0.000000
1695211982095120712 144.424351 0.000000
1695211982313209173 144.572477 0.000000
1695211982313916297 144.547482 0.000000
1695211982385559956 144.749353 0.000000
1695211982457904365 144.524088 0.000000
1695211982529339756 144.666904 0.000000
1695211982603051980 144.634330 0.000000
1695211982603234547 144.485423 0.000000
1695211982820147869 144.530892 0.000000
1695211982820387520 144.633582 0.000000
1695211982820624346 144.595494 0.000000
1695211982892141153 144.407113 0.000000
1695211983109582984 144.543268 0.000000
1695211983253316421 144.754895 0.000000
1695211983325455768 144.508374 0.000000
1695211983397915952 144.577900 0.000000
