1695211816093167730 232.651920 0.000000
1695211816623742417 232.695621 0.000000
1695211816711908765 232.604445 0.000000
1695211817860473764 232.703349 0.000000
1695211818182259080 232.608234 0.000000
1695211819187176592 232.477003 0.000000
1695211819508474092 232.844135 0.000000
1695211819861625713 232.708194 0.000000
1695211820336340129 232.643614 0.000000
1695211820922166375 233.014606 0.000000
1695211821154780991 232.590861 0.000000
1695211823804726240 232.642414 0.000000
1695211824567652595 232.691294 0.000000
1695211824757340889 232.764323 0.000000
1695211824865474234 232.686928 0.000000
1695211824933827961 232.821141 0.000000
1695211825608021045 232.940121 0.000000
1695211825961324325 232.764127 0.000000
1695211826103398012 232.699799 0.000000
1695211826226522754 232.627906 0.000000
1695211826633840064 232.740973 0.000000
1695211826833252326 232.626723 0.000000
1695211827838512213 232.706022 0.000000
1695211828103645732 232.590237 0.000000
1695211828911157737 233.041887 0.000000
1695211829198378702 232.829554 0.000000
1695211829717364757 232.838239 0.000000
1695211830722835075 232.696765 0.000000
1695211831375291954 232.812999 0.000000
1695211831442685649 232.667892 0.000000
1695211831937478841 232.736722 0.000000
1695211832691368202 232.760687 0.000000
1695211832857308852 232.615420 0.000000
1695211833527847004 232.830103 0.000000
1695211833531839820 232.601337 0.000000
1695211834137778601 232.717316 0.000000
1695211835753272287 232.639124 0.000000
1695211836074284973 232.639426 0.000000
1695211836217352670 232.567547 0.000000
1695211836448590584 232.778276 0.000000
1695211838271655161 232.782467 0.000000
1695211838394238934 232.836702 0.000000
1695211838589940877 232.598932 0.000000
1695211839211526222 232.751485 0.000000
1695211839399778912 232.655470 0.000000
1695211839852047416 232.796168 0.000000
1695211840037646060 232.654809 0.000000
1695211840284175094 232.700740 0.000000
1695211840693345453 232.574763 0.000000
1695211841549287161 233.100560 0.000000
1695211841577128623 232.751679 0.000000
1695211841827860591 232.702745 0.000000
1695211842213563535 232.717774 0.000000
1695211842855877121 232.739695 0.000000
1695211843089840823 232.604258 0.000000
1695211843107675026 233.045541 0.000000
1695211844019174791 232.650985 0.000000
1695211844105052354 232.567991 0.000000
1695211844192572712 232.588900 0.000000
1695211844691070437 232.614083 0.000000
1695211844722762455 232.622580 0.000000
1695211845499142642 232.551453 0.000000
1695211845930774187 232.684175 0.000000
1695211846192416259 232.564271 0.000000
1695211846756657631 232.689759 0.000000
1695211847597168845 232.796356 0.000000
1695211847696407157 232.595368 0.000000
1695211847757593952 232.757165 0.000000
1695211848172033775 232.801953 0.000000
1695211852379674952 232.771933 0.000000
1695211852594919703 232.757303 0.000000
1695211853142407783 232.636321 0.000000
1695211853321842881 232.884389 0.000000
1695211853383767227 232.730215 0.000000
1695211853496780736 232.666532 0.000000
1695211853591428450 232.660809 0.000000
1695211853761723127 232.968043 0.000000
1695211855174200841 232.698512 0.000000
1695211855744718531 232.502435 0.000000
1695211855875006634 232.803124 0.000000
1695211856557925924 232.879742 0.000000
1695211857386271681 232.756781 0.000000
1695211857474524870 232.599005 0.000000
1695211857657006865 232.655821 0.000000
1695211857754775633 232.703185 0.000000
1695211857883919085 232.663478 0.000000
1695211858478787599 232.782214 0.000000
1695211858614481728 232.550917 0.000000
1695211860478743149 232.631464 0.000000
1695211860702813518 232.703079 0.000000
1695211860979256499 232.590543 0.000000
1695211861475488316 232.772992 0.000000
1695211862301039616 232.764578 0.000000
1695211863152816966 232.655018 0.000000
1695211864086528120 232.648672 0.000000
1695211864156923350 232.701349 0.000000
1695211865223688469 232.461223 0.000000
1695211866738999226 232.742049 0.000000
1695211867574118619 232.842557 0.000000
1695211868457293593 232.778995 0.000000
1695211868920911301 232.561272 0.000000
1695211869084908892 232.964350 0.000000
1695211869572548366 232.650916 0.000000
1695211869798290770 232.717056 0.000000
1695211869837067378 232.639905 0.000000
1695211871162486312 232.604093 0.000000
1695211871226790963 232.745295 0.000000
1695211871756789517 232.604848 0.000000
1695211873170786185 232.834281 0.000000
1695211874198459987 232.813162 0.000000
1695211874216435535 232.739716 0.000000
1695211875945821693 232.542046 0.000000
1695211876496054867 232.659274 0.000000
1695211877993873845 232.614324 0.000000
1695211878464334870 232.851830 0.000000
1695211879050698901 232.735149 0.000000
1695211879205909400 232.668600 0.000000
1695211879228321240 232.643476 0.000000
1695211879557168438 232.638615 0.000000
1695211880655053924 232.481945 0.000000
1695211880723718935 232.602790 0.000000
1695211882641797337 232.684806 0.000000
1695211883538810819 232.910240 0.000000
1695211883935164980 232.891996 0.000000
1695211884167859468 232.668969 0.000000
1695211884208000172 232.554333 0.000000
1695211884650082614 232.740836 0.000000
1695211884755429915 232.723816 0.000000
1695211885811171899 232.698557 0.000000
1695211886491919811 232.724231 0.000000
1695211886530170245 232.719054 0.000000
1695211887721266577 232.724524 0.000000
1695211888000242371 232.778193 0.000000
1695211888277797191 232.670556 0.000000
1695211888594235869 232.813885 0.000000
1695211888612191713 232.749207 0.000000
1695211891986534885 232.729232 0.000000
1695211893402354555 232.687634 0.000000
1695211893785940618 232.808666 0.000000
1695211895402771531 232.616799 0.000000
1695211896446830897 232.572634 0.000000
1695211896772797894 232.640550 0.000000
1695211898401006874 232.779146 0.000000
1695211899788679779 232.749201 0.000000
1695211901196988198 232.884916 0.000000
1695211901295704744 232.655202 0.000000
1695211901580193207 232.784829 0.000000
1695211901651726202 232.623618 0.000000
1695211902129863000 232.864248 0.000000
1695211902343250837 232.719066 0.000000
1695211903457206159 232.874136 0.000000
1695211903468867234 232.760291 0.000000
1695211903622387215 232.696528 0.000000
1695211903992977180 232.779118 0.000000
1695211904320627257 232.912473 0.000000
1695211904517756547 232.967613 0.000000
1695211904714489350 232.548242 0.000000
1695211905847039948 232.796028 0.000000
1695211905961864515 232.598806 0.000000
1695211906451545513 232.780767 0.000000
1695211906518542280 232.829962 0.000000
1695211906964938211 232.608207 0.000000
1695211907405271686 232.660383 0.000000
1695211907551077831 232.669088 0.000000
1695211907901002676 232.709856 0.000000
1695211908315692114 232.715059 0.000000
1695211908398891923 232.719435 0.000000
1695211908708029051 232.735822 0.000000
1695211908729161055 233.035796 0.000000
1695211909436005613 232.553383 0.000000
1695211909993604762 232.634376 0.000000
1695211910459295505 232.942914 0.000000
1695211910756414318 232.872529 0.000000
1695211912372138566 233.210059 0.000000
1695211912755947600 232.593826 0.000000
1695211913047131191 233.005002 0.000000
1695211914621407840 232.897214 0.000000
1695211914637393588 232.616754 0.000000
1695211915146806856 232.699812 0.000000
1695211915481967676 232.888055 0.000000
1695211915905580226 232.719773 0.000000
1695211916059578657 232.794021 0.000000
1695211917179653390 232.584043 0.000000
1695211917794448885 232.843972 0.000000
1695211918000547034 232.876818 0.000000
1695211918696425245 232.950925 0.000000
1695211918789210011 232.671184 0.000000
1695211919163690232 232.868352 0.000000
1695211919200790884 232.720710 0.000000
1695211919444426092 232.694905 0.000000
1695211921974569648 232.858905 0.000000
1695211922364784306 232.850040 0.000000
1695211922639713829 232.689812 0.000000
1695211923358117969 232.840581 0.000000
1695211923419149705 232.694102 0.000000
1695211924382802121 232.706585 0.000000
1695211925188638906 232.913401 0.000000
1695211925511667703 234.933059 0.000000
1695211925710323387 232.746147 0.000000
1695211926747577909 232.654624 0.000000
1695211927478073766 232.711285 0.000000
1695211928307611979 232.684638 0.000000
1695211930185847015 232.697868 0.000000
1695211930548370716 232.825596 0.000000
1695211931461836945 232.671607 0.000000
1695211931489232050 233.099647 0.000000
1695211932660928472 232.757061 0.000000
1695211932981947946 232.646078 0.000000
1695211933874462729 232.858180 0.000000
1695211936253393632 232.885803 0.000000
1695211936661120558 232.529626 0.000000
1695211937335831069 232.808062 0.000000
1695211937358149640 232.702568 0.000000
1695211937674948522 232.662656 0.000000
1695211937969960083 232.737184 0.000000
1695211938614860914 232.744073 0.000000
1695211939248765224 232.818893 0.000000
1695211940616777869 232.826129 0.000000
1695211940683774356 232.803682 0.000000
1695211940825090645 232.782092 0.000000
1695211942706750601 232.788897 0.000000
1695211943538707171 232.610703 0.000000
1695211944504627333 232.834843 0.000000
1695211944625286230 232.761303 0.000000
1695211944707208961 232.625025 0.000000
1695211947591563896 232.635144 0.000000
1695211948184849729 232.761964 0.000000
1695211948458882440 232.567541 0.000000
1695211948631740791 232.709116 0.000000
1695211949338661153 232.699307 0.000000
1695211949398928766 232.779294 0.000000
1695211949896835991 232.895022 0.000000
1695211949896872727 233.057399 0.000000
1695211950370920434 232.660661 0.000000
1695211951459832703 232.932519 0.000000
1695211952668569830 232.883278 0.000000
1695211953399587811 232.708196 0.000000
1695211953608734292 232.735354 0.000000
1695211953813101440 232.734007 0.000000
1695211955038934500 232.966005 0.000000
1695211955224297224 232.704653 0.000000
1695211955492457769 232.750534 0.000000
1695211956244179725 232.852027 0.000000
1695211956487925727 232.825422 0.000000
1695211957675923682 232.728367 0.000000
1695211958083539471 232.958633 0.000000
1695211958405399354 232.839506 0.000000
1695211958436648783 232.743738 0.000000
1695211959585822150 232.850912 0.000000
1695211960052046744 232.732512 0.000000
1695211960206393486 232.805561 0.000000
1695211961317917552 233.156026 0.000000
1695211961690481106 232.816416 0.000000
1695211962117554965 232.734135 0.000000
1695211962388736489 232.698327 0.000000
1695211963377855748 232.669234 0.000000
1695211964592713928 232.704706 0.000000
1695211964825330714 232.586912 0.000000
1695211964928008761 232.636713 0.000000
1695211965001118537 232.766445 0.000000
1695211965356885950 233.287179 0.000000
1695211965473391025 232.833169 0.000000
1695211965732431844 232.766360 0.000000
1695211966003565396 232.742964 0.000000
1695211966937003556 232.660473 0.000000
1695211967569454644 232.942768 0.000000
1695211967838129361 232.737085 0.000000
1695211968125290831 232.663986 0.000000
1695211970301157708 232.718552 0.000000
1695211970897948549 232.786154 0.000000
1695211971981137037 232.931625 0.000000
1695211972760091437 232.757166 0.000000
1695211975460992928 232.850462 0.000000
1695211976897587591 232.904958 0.000000
1695211977429757747 232.559197 0.000000
1695211978031183689 232.925255 0.000000
1695211978344926901 232.919532 0.000000
1695211978485203928 232.946400 0.000000
1695211979694853130 232.858002 0.000000
1695211979759941030 232.725135 0.000000
1695211980435174840 232.945822 0.000000
1695211980522651177 232.713272 0.000000
1695211980821628908 233.076347 0.000000
1695211980909424372 232.531874 0.000000
1695211981252963492 232.793102 0.000000
1695211981351386071 232.919882 0.000000
1695211981509681052 232.748960 0.000000
1695211981727095315 232.710210 0.000000
1695211983526882238 232.617704 0.000000
1695211983709326904 232.701910 0.000000
