1694355636654876569 206.011847 5193.494369 5193 160 0.000000
1694355637679655972 203.005813 789.438261 809 160 0.000000
1694355638685927297 202.037576 790.045194 795 160 0.000000
1694355639690424112 202.056599 801.396268 805 160 0.000000
1694355640699704251 199.244214 796.607421 804 160 0.000000
1694355641702270757 201.586072 792.964708 795 160 0.000000
1694355642711989448 200.694582 795.271180 803 160 0.000000
1694355643719864899 201.264145 790.772275 797 160 0.000000
1694355644725316263 201.802146 796.657038 801 160 0.000000
1694355645734378913 201.214296 802.724992 810 160 0.000000
1694355646740086870 200.838337 793.471151 798 160 0.000000
1694355647749866194 201.154446 792.252413 800 160 0.000000
1694355648755554984 201.924993 790.503011 795 160 0.000000
1694355649762883918 201.309973 803.113981 809 160 0.000000
1694355650769518658 200.976107 795.720571 801 160 0.000000
1694355651777695500 201.593467 788.552153 795 160 0.000000
1694355652787323090 203.562098 789.399903 797 160 0.000000
1694355653794306646 198.698249 799.417264 805 160 0.000000
1694355654800439895 201.725877 797.111189 802 160 0.000000
1694355655807764657 201.148192 788.226429 794 160 0.000000
1694355656815005163 199.936398 804.177393 810 160 0.000000
1694355657820110157 203.056038 791.956924 796 160 0.000000
1694355658829084202 200.642109 797.840162 805 160 0.000000
1694355659833491293 200.912404 787.529239 791 160 0.000000
1694355660842681774 200.220231 792.714730 800 160 0.000000
1694355661849190995 201.417892 801.780902 807 160 0.000000
1694355662857750459 199.692981 801.142644 808 160 0.000000
1694355663865152046 202.780774 790.151628 796 160 0.000000
1694355664871930811 200.483267 796.600036 802 160 0.000000
1694355665875758471 199.296792 804.919012 808 160 0.000000
1694355666882003915 201.229467 796.028473 801 160 0.000000
1694355667892233223 202.408133 797.838761 806 160 0.000000
1694355668897164998 200.954273 794.083785 798 160 0.000000
1694355669901882402 200.962986 797.239108 801 160 0.000000
1694355670908210326 199.902801 791.988233 797 160 0.000000
1694355671917660008 201.229448 796.473577 804 160 0.000000
1694355672920455156 202.055248 787.797984 790 160 0.000000
1694355673934264400 201.652817 800.939613 812 160 0.000000
1694355674941935699 201.638111 790.932596 797 160 0.000000
1694355675945537044 200.877540 799.122024 802 160 0.000000
1694355676956701332 199.131597 797.100936 806 160 0.000000
1694355677963168501 199.730774 809.763073 815 160 0.000000
1694355678970422257 202.072076 789.274974 795 160 0.000000
1694355679975699688 201.611976 789.831681 794 160 0.000000
1694355680983923593 202.241920 790.499034 797 160 0.000000
1694355681989312471 200.458441 802.674488 807 160 0.000000
1694355682996415813 198.963581 801.308045 807 160 0.000000
1694355684004690236 201.082597 800.377310 807 160 0.000000
1694355685009819369 202.724382 785.968648 790 160 0.000000
1694355686015401513 200.396734 791.581213 796 160 0.000000
1694355687025890291 198.761224 808.519552 817 160 0.000000
1694355688032375858 201.102741 796.832227 802 160 0.000000
1694355689041506924 200.354808 798.706975 806 160 0.000000
1694355690047041088 200.166714 802.558334 807 160 0.000000
1694355691052887722 200.126304 795.349963 800 160 0.000000
1694355692058705558 201.007515 796.366844 801 160 0.000000
1694355693067545949 200.441344 802.902140 810 160 0.000000
1694355694074397391 199.305802 797.535647 803 160 0.000000
1694355695079717332 199.890583 804.719027 809 160 0.000000
1694355696089146499 201.213967 790.545721 798 160 0.000000
1694355697096661839 198.397331 814.876074 821 160 0.000000
1694355698102127193 199.092486 791.673054 796 160 0.000000
1694355699105910298 199.330269 807.943481 811 160 0.000000
1694355700117033750 200.403412 795.155202 804 160 0.000000
1694355701123807224 200.967748 792.631177 798 160 0.000000
1694355702132187389 199.848303 810.210214 817 160 0.000000
1694355703141495877 202.177592 787.667960 795 160 0.000000
1694355704148368891 199.779406 802.484537 808 160 0.000000
1694355705154492391 201.996970 786.185885 791 160 0.000000
1694355706153298712 199.898798 808.965528 808 160 0.000000
1694355707166552634 200.503731 793.483356 804 160 0.000000
1694355708173252100 200.998656 791.696036 797 160 0.000000
1694355709178216303 200.112172 800.028521 804 160 0.000000
1694355710184293770 197.874703 809.082837 814 160 0.000000
1694355711187479322 200.020524 807.427917 810 160 0.000000
1694355712195518653 201.511958 785.683496 792 160 0.000000
1694355713203975359 200.191356 803.207505 810 160 0.000000
1694355714211042855 199.233210 795.378664 801 160 0.000000
1694355715218068523 199.575375 805.341939 811 160 0.000000
1694355716226630838 199.082141 800.148826 807 160 0.000000
1694355717232518549 198.858814 817.188808 822 160 0.000000
1694355718242431306 199.506379 795.118061 803 160 0.000000
1694355719249387518 199.579183 799.439075 805 160 0.000000
1694355720255669604 199.708523 806.930648 812 160 0.000000
1694355721263319674 199.552254 800.873344 807 159 0.000000
1694355722272241115 197.487278 806.802177 814 160 0.000000
1694355723277137274 202.987146 784.160477 788 160 0.000000
1694355724285177667 202.637604 792.627141 799 160 0.000000
1694355725289888114 200.860684 798.239921 802 160 0.000000
1694355726297270162 200.486245 799.100994 805 160 0.000000
1694355727305030148 197.301488 805.747425 812 160 0.000000
1694355728312552368 198.027790 811.892621 818 160 0.000000
1694355729319353705 200.297818 795.589026 801 160 0.000000
1694355730323437174 202.004603 794.754570 798 160 0.000000
1694355731331028924 200.551963 801.912087 808 160 0.000000
1694355732339880582 200.576112 790.998366 798 160 0.000000
1694355733349716782 201.729764 796.168713 804 160 0.000000
1694355734356820706 199.359240 795.349911 801 160 0.000000
1694355735361153137 198.961983 815.467030 819 160 0.000000
1694355736367260547 198.950369 802.101214 807 160 0.000000
1694355737372400950 199.353784 806.852517 811 160 0.000000
1694355738382528438 197.910418 802.869031 811 160 0.000000
1694355739389524347 199.220938 809.337913 815 160 0.000000
1694355740396303806 201.041063 787.659969 793 160 0.000000
1694355741405942874 200.847204 796.324303 804 160 0.000000
1694355742410830015 199.661694 801.085005 805 160 0.000000
1694355743416076129 199.886894 801.793715 806 160 0.000000
1694355744424867758 200.083418 806.905962 814 160 0.000000
1694355745432126396 198.965785 793.242102 799 160 0.000000
1694355746437045521 200.487359 803.049614 807 160 0.000000
1694355747444468205 201.426963 793.113095 799 160 0.000000
1694355748451375954 200.900030 791.532286 797 159 0.000000
1694355749458364244 198.705872 808.350868 814 160 0.000000
1694355750467896770 201.714298 795.417701 803 160 0.000000
1694355751469996167 200.173843 793.334607 795 160 0.000000
1694355752479464431 198.906583 802.402592 810 160 0.000000
1694355753482483732 198.409919 815.537645 818 160 0.000000
1694355754495538033 202.203526 793.639591 804 160 0.000000
1694355755502866171 199.683592 793.187311 799 159 0.000000
1694355756509882227 199.048796 808.328850 814 160 0.000000
1694355757518592235 200.559302 795.074910 802 160 0.000000
1694355758525091097 199.652206 799.802068 805 160 0.000000
1694355759532081476 201.647282 798.418790 804 160 0.000000
1694355760540017002 200.652666 794.693779 801 160 0.000000
1694355761547749589 199.140385 802.792210 809 160 0.000000
1694355762553493344 200.762108 793.442732 798 160 0.000000
1694355763561240393 199.866873 806.750063 813 160 0.000000
1694355764567489880 198.524383 806.957001 812 160 0.000000
1694355765574268429 199.054840 797.593303 803 160 0.000000
1694355766582540732 200.151904 798.395610 805 160 0.000000
1694355767585752978 199.825489 802.422221 805 160 0.000000
1694355768589473098 200.911784 803.012696 806 160 0.000000
1694355769602409049 200.043704 788.796315 799 160 0.000000
1694355770609600257 198.568939 813.152314 819 160 0.000000
1694355771616924683 198.292557 802.125076 808 160 0.000000
1694355772624203526 200.600934 803.153960 809 160 0.000000
1694355773630660630 198.494465 806.790446 812 160 0.000000
1694355774637056848 198.687090 796.902808 802 160 0.000000
1694355775642054812 199.288853 811.941993 816 160 0.000000
1694355776645751532 199.774270 799.046021 802 160 0.000000
1694355777653047207 200.473865 794.205802 800 160 0.000000
1694355778661257672 200.713256 799.436290 806 160 0.000000
1694355779668348845 197.939360 803.303615 809 160 0.000000
1694355780674554262 199.086180 809.973751 815 160 0.000000
1694355781683416841 200.435843 799.910739 807 160 0.000000
1694355782693699024 199.945150 800.766323 809 160 0.000000
1694355783700336709 198.447143 801.678601 807 160 0.000000
1694355784708228439 199.433776 800.681427 807 160 0.000000
1694355785715957495 196.477415 813.710679 820 160 0.000000
1694355786724155720 199.900551 807.380889 814 160 0.000000
1694355787730458449 198.880288 797.970715 803 160 0.000000
1694355788740904804 199.415872 800.636166 809 160 0.000000
1694355789748758120 200.474776 800.711862 807 160 0.000000
1694355790756432148 199.279353 801.846608 808 160 0.000000
1694355791764104208 199.107564 805.817745 812 160 0.000000
1694355792771854481 198.973426 798.808901 805 160 0.000000
1694355793777618190 199.025613 809.335336 814 160 0.000000
1694355794784757212 197.085424 805.251189 811 160 0.000000
1694355795789817612 198.676887 809.901598 814 160 0.000000
1694355796799928068 198.621106 816.742464 825 160 0.000000
1694355797804338899 200.425964 788.521986 792 160 0.000000
1694355798811216025 200.606883 797.515355 803 160 0.000000
