1695213461168186813 216.706332 0.000000
1695213461716968483 216.669491 0.000000
1695213463020042090 216.602314 0.000000
1695213463310047230 216.713248 0.000000
1695213463382020765 216.719538 0.000000
1695213464179124628 216.662590 0.000000
1695213465627144994 216.929391 0.000000
1695213466858059749 216.681253 0.000000
1695213466930580935 216.795775 0.000000
1695213467221374947 216.945679 0.000000
1695213467438537426 216.812319 0.000000
1695213467509177610 216.542665 0.000000
1695213467655832034 216.755777 0.000000
1695213468162244729 216.759671 0.000000
1695213468812353069 216.765865 0.000000
1695213468812354993 216.842709 0.000000
1695213469031915740 216.683498 0.000000
1695213469565466148 216.660464 0.000000
1695213471131304219 216.763445 0.000000
1695213473086046609 216.790313 0.000000
1695213473737310952 216.494579 0.000000
1695213474243764341 216.553893 0.000000
1695213476127467907 216.720604 0.000000
1695213476271878833 216.797113 0.000000
1695213477357697447 216.709735 0.000000
1695213478734747472 216.576955 0.000000
1695213479023727237 216.632604 0.000000
1695213479024372315 216.569963 0.000000
1695213479313695661 216.648937 0.000000
1695213479484665026 216.725932 0.000000
1695213479675810803 216.597513 0.000000
1695213479747480440 216.726248 0.000000
1695213481051971505 216.594837 0.000000
1695213481485752085 216.582106 0.000000
1695213482427918761 216.513342 0.000000
1695213482669411853 216.586572 0.000000
1695213483731361583 216.631958 0.000000
1695213483804249147 216.681418 0.000000
1695213484166265349 216.647880 0.000000
1695213484890003125 216.804229 0.000000
1695213485107783508 216.715853 0.000000
1695213485541673577 216.645023 0.000000
1695213486194200841 216.695485 0.000000
1695213486266195144 216.693425 0.000000
1695213486362717367 216.810227 0.000000
1695213487425852563 216.657832 0.000000
1695213487714660823 216.722142 0.000000
1695213488874129100 216.818426 0.000000
1695213489381301553 216.651032 0.000000
1695213489453196305 216.822251 0.000000
1695213490612430352 216.848176 0.000000
1695213491191734864 216.689161 0.000000
1695213491843918957 216.665711 0.000000
1695213491988677721 216.572915 0.000000
1695213493002689434 216.747100 0.000000
1695213493147144226 216.712270 0.000000
1695213493364877985 216.550482 0.000000
1695213493510033526 216.659327 0.000000
1695213493510055528 216.622967 0.000000
1695213493799497644 216.600755 0.000000
1695213494016156759 216.869035 0.000000
1695213495971643095 216.820296 0.000000
1695213496044183301 216.912110 0.000000
1695213496985669980 216.834871 0.000000
1695213497058009667 217.025349 0.000000
1695213497783468281 216.902798 0.000000
1695213497855750044 216.678941 0.000000
1695213499174235169 216.643329 0.000000
1695213500391483451 216.793358 0.000000
1695213501043482678 216.580057 0.000000
1695213502058023729 216.695039 0.000000
1695213502275692708 216.808518 0.000000
1695213502347586787 216.877794 0.000000
1695213502348131907 216.679623 0.000000
1695213502637550353 216.908456 0.000000
1695213502710216812 216.973973 0.000000
1695213502928020836 216.811255 0.000000
1695213502928068898 216.921702 0.000000
1695213504158782109 217.099065 0.000000
1695213504159690365 216.608658 0.000000
1695213505028382170 216.668857 0.000000
1695213505182922289 216.608923 0.000000
1695213505245978013 216.721711 0.000000
1695213505246103410 216.888114 0.000000
1695213505825515720 216.553500 0.000000
1695213506549218198 216.762531 0.000000
1695213506839290377 216.661652 0.000000
1695213506911343828 216.670677 0.000000
1695213507346349716 216.841185 0.000000
1695213507708053142 216.699334 0.000000
1695213507708900220 217.188248 0.000000
1695213507780397691 216.761058 0.000000
1695213508070592225 216.646565 0.000000
1695213508576692684 216.733473 0.000000
1695213508794718714 216.713968 0.000000
1695213509083342583 216.665871 0.000000
1695213509228438891 216.639344 0.000000
1695213509228553633 216.719300 0.000000
1695213510026155060 216.738107 0.000000
1695213510170320653 216.718363 0.000000
1695213510532664550 216.747181 0.000000
1695213510532755278 216.746298 0.000000
1695213510750238668 216.739797 0.000000
1695213513286388716 216.726286 0.000000
1695213514373123759 216.748459 0.000000
1695213514591429480 216.554960 0.000000
1695213515749624612 216.532770 0.000000
1695213516040469094 216.903284 0.000000
1695213516330343507 216.672711 0.000000
1695213516547445910 216.806669 0.000000
1695213517053799393 216.624158 0.000000
1695213517707643225 216.638662 0.000000
1695213518286671767 216.583363 0.000000
1695213518503515488 216.784021 0.000000
1695213518936922729 216.669559 0.000000
1695213519153841805 216.740018 0.000000
1695213519372550748 216.563859 0.000000
1695213519806742936 216.734380 0.000000
1695213520168667406 216.703193 0.000000
1695213521255936984 216.787323 0.000000
1695213522124650867 216.733813 0.000000
1695213522268847653 216.562951 0.000000
1695213522630616847 216.957395 0.000000
1695213523282627112 216.966235 0.000000
1695213523282873221 217.078331 0.000000
1695213524514065881 216.657481 0.000000
1695213524514638269 216.742023 0.000000
1695213524731461822 216.585895 0.000000
1695213524732446717 216.854781 0.000000
1695213525384246877 216.915326 0.000000
1695213526760951311 216.700690 0.000000
1695213526834571542 216.957715 0.000000
1695213527631691335 216.654253 0.000000
1695213527993472731 216.759047 0.000000
1695213528063370175 216.786517 0.000000
1695213528643500347 216.560836 0.000000
1695213529151845379 216.758009 0.000000
1695213529223315527 216.578332 0.000000
1695213529513140748 216.805389 0.000000
1695213529658360317 216.694563 0.000000
1695213530165444041 216.617778 0.000000
1695213531397591228 216.744012 0.000000
1695213531397629843 216.595275 0.000000
1695213531832213165 216.536033 0.000000
1695213532409980828 216.680946 0.000000
1695213532628659663 216.626658 0.000000
1695213532700598659 216.520808 0.000000
1695213532989903602 216.928766 0.000000
1695213533279585615 216.638907 0.000000
1695213533280226193 216.760199 0.000000
1695213534365596092 216.711962 0.000000
1695213536030964817 216.650820 0.000000
1695213536464598315 216.602122 0.000000
1695213536971237472 216.656356 0.000000
1695213537985402993 217.088941 0.000000
1695213538782802782 216.638621 0.000000
1695213538928518627 216.574773 0.000000
1695213539073553796 217.060640 0.000000
1695213539942879322 216.653391 0.000000
1695213540594418778 216.517108 0.000000
1695213541318189450 216.944404 0.000000
1695213541536494769 216.758566 0.000000
1695213541752868303 216.540626 0.000000
1695213541897235791 216.632513 0.000000
1695213542476228655 216.822335 0.000000
1695213542623523827 216.691119 0.000000
1695213542838869752 216.830072 0.000000
1695213543128376382 216.858794 0.000000
1695213543636926180 216.609839 0.000000
1695213543637847315 216.867614 0.000000
1695213543854477602 216.605199 0.000000
1695213544287938608 216.673639 0.000000
1695213544289004201 216.612516 0.000000
1695213545375381129 216.534674 0.000000
1695213545737212827 217.091717 0.000000
1695213546170857871 216.752852 0.000000
1695213546534369052 216.680734 0.000000
1695213547910757004 216.607368 0.000000
1695213548273087545 216.727082 0.000000
1695213550589215905 216.789337 0.000000
1695213550662805149 216.502820 0.000000
1695213551169202046 216.631650 0.000000
1695213552037645134 216.662407 0.000000
1695213552834535679 217.011736 0.000000
1695213553050119212 216.861566 0.000000
1695213553268349191 216.636586 0.000000
1695213553268628396 216.483535 0.000000
1695213553341687740 216.511890 0.000000
1695213553631867422 216.717615 0.000000
1695213553704020996 216.608521 0.000000
1695213553775321132 216.565721 0.000000
1695213554064627013 216.846771 0.000000
1695213554428142483 216.804528 0.000000
1695213555007116355 216.630146 0.000000
1695213555079424464 216.645221 0.000000
1695213555947954690 216.627546 0.000000
1695213556310586421 216.648613 0.000000
1695213556455038462 216.471196 0.000000
1695213556671512414 216.855731 0.000000
1695213557251646684 216.603800 0.000000
1695213557395514121 216.616454 0.000000
1695213557468323338 216.666585 0.000000
1695213557757925905 216.836837 0.000000
1695213558192603459 216.818610 0.000000
1695213558193172299 217.095590 0.000000
1695213558265574112 216.678077 0.000000
1695213558843984836 216.752811 0.000000
1695213559278653298 216.766473 0.000000
1695213559495969949 216.624447 0.000000
1695213559931823091 216.811278 0.000000
1695213560509706878 216.677833 0.000000
1695213561886549883 216.863060 0.000000
1695213562972960898 216.633303 0.000000
1695213563406765450 217.086862 0.000000
1695213563623417855 216.715284 0.000000
1695213563913564064 217.186236 0.000000
1695213564275891666 216.675953 0.000000
1695213564276703844 216.746938 0.000000
1695213564494518489 216.864748 0.000000
1695213564638398967 216.708071 0.000000
1695213564855900308 216.462220 0.000000
1695213565361835593 216.797735 0.000000
1695213566883685715 216.641984 0.000000
1695213567319478136 217.213375 0.000000
1695213568043714725 216.774503 0.000000
1695213568114071869 216.650609 0.000000
1695213568406206865 216.701542 0.000000
1695213569420064900 216.555658 0.000000
1695213571086142994 216.731862 0.000000
1695213571521324215 216.847557 0.000000
1695213571747097216 224.776044 0.000000
1695213572254897917 216.736708 0.000000
1695213572255058716 216.567179 0.000000
1695213572398533600 216.764273 0.000000
1695213573052563741 216.740502 0.000000
1695213574501431101 216.756570 0.000000
1695213575007763260 216.706749 0.000000
1695213576384842232 216.895493 0.000000
1695213576603212591 216.602822 0.000000
1695213576820394111 216.510391 0.000000
1695213576890818140 216.602990 0.000000
1695213578123701088 216.541860 0.000000
1695213581018068857 216.565222 0.000000
1695213582248784987 216.770637 0.000000
1695213582466820796 216.709140 0.000000
1695213583842369838 217.070311 0.000000
1695213584059477390 216.919814 0.000000
1695213584349608803 217.277036 0.000000
1695213584640339653 216.846650 0.000000
1695213585001932462 216.621631 0.000000
1695213585364509134 216.576360 0.000000
1695213585436178299 216.534357 0.000000
1695213585652240772 216.894781 0.000000
1695213586522400526 216.798999 0.000000
1695213587318691921 216.518310 0.000000
1695213587536540304 217.135888 0.000000
1695213587898683902 216.813424 0.000000
1695213588260627844 216.558152 0.000000
1695213588261068646 216.624041 0.000000
1695213589131184016 217.142038 0.000000
1695213589346576738 216.682878 0.000000
1695213589782011639 216.642704 0.000000
1695213590289110238 216.592126 0.000000
1695213590360393513 216.725928 0.000000
1695213591158643837 216.745359 0.000000
1695213591302085012 216.481003 0.000000
1695213591809771575 216.565019 0.000000
1695213592025707618 216.897899 0.000000
1695213592099384019 216.726094 0.000000
1695213593258466183 216.781969 0.000000
1695213593981623746 216.901838 0.000000
1695213593982370741 216.575563 0.000000
1695213594272754587 216.496062 0.000000
1695213594778150368 216.856311 0.000000
1695213595647389802 216.803584 0.000000
1695213596444023022 216.551703 0.000000
1695213596516891627 216.659854 0.000000
1695213596589342938 216.678562 0.000000
1695213596807709499 216.621546 0.000000
1695213596952340309 216.529952 0.000000
1695213597531005990 216.876905 0.000000
1695213598254953206 216.918437 0.000000
1695213598764002283 216.576635 0.000000
1695213598906582341 216.725126 0.000000
1695213599993580257 216.638154 0.000000
1695213600139273027 216.739314 0.000000
1695213600139537584 216.628611 0.000000
1695213600212130009 217.103393 0.000000
1695213600790653377 216.953963 0.000000
1695213601008934509 216.837278 0.000000
1695213601442888874 216.556183 0.000000
1695213601443213345 216.628376 0.000000
1695213602528622536 216.762343 0.000000
1695213602675285761 216.660625 0.000000
1695213603254043535 216.777869 0.000000
1695213603904995241 216.811151 0.000000
1695213604050630708 216.748941 0.000000
1695213604413731238 216.966278 0.000000
1695213604847801525 216.684856 0.000000
1695213605426576333 216.873111 0.000000
1695213605428225180 216.906804 0.000000
1695213606150499518 216.640463 0.000000
1695213606585654156 216.568481 0.000000
1695213608612683408 216.561224 0.000000
1695213609917415540 216.643350 0.000000
1695213610570386304 216.672603 0.000000
1695213611584023649 216.656987 0.000000
1695213612018882302 216.759521 0.000000
1695213612887930989 216.615750 0.000000
1695213613467184887 216.651173 0.000000
1695213613612723819 216.996733 0.000000
1695213614554070451 216.483633 0.000000
1695213614987860884 216.685092 0.000000
1695213615423856294 216.692023 0.000000
1695213615567466186 216.767730 0.000000
1695213615568691250 216.482562 0.000000
1695213616075772607 216.501896 0.000000
1695213616581847078 216.650893 0.000000
1695213617307010646 216.601207 0.000000
1695213617379432930 216.692594 0.000000
1695213618538429230 216.907374 0.000000
1695213618683709183 217.086958 0.000000
1695213618754177184 216.801389 0.000000
1695213619551043440 216.658641 0.000000
1695213619914452569 216.439591 0.000000
1695213621360897741 216.458249 0.000000
1695213621579318232 216.571708 0.000000
1695213621869509342 216.862335 0.000000
1695213623463600654 216.594261 0.000000
1695213623824757832 216.760442 0.000000
1695213623969422185 217.145064 0.000000
1695213624403098833 216.711083 0.000000
1695213624477456726 216.623478 0.000000
1695213624548378294 216.565738 0.000000
1695213624766015259 216.504828 0.000000
1695213625272360921 216.715026 0.000000
1695213625562117078 217.046474 0.000000
1695213625707477228 216.582413 0.000000
1695213625779302942 216.533188 0.000000
1695213625997424656 216.455928 0.000000
1695213626285607001 216.910868 0.000000
1695213626503729507 216.729030 0.000000
1695213627807782990 216.745267 0.000000
