1695213461590520831 95.479104 168.572998 164 16 0.000000
1695213462596020962 95.006028 166.086487 167 16 0.000000
1695213463603401348 94.628088 166.769175 168 16 0.000000
1695213464595676184 93.182776 178.378021 177 16 0.000000
1695213465622871890 93.906327 165.499133 170 16 0.000000
1695213466607815168 93.370967 173.614061 171 16 0.000000
1695213467601288342 91.920515 175.143123 174 16 0.000000
1695213468628683639 93.277887 169.360327 174 16 0.000000
1695213469611298331 92.305335 175.043181 172 16 0.000000
1695213470607429786 95.026704 168.652436 168 16 0.000000
1695213471634681136 92.285869 168.410588 173 16 0.000000
1695213472615598228 93.509671 175.346087 172 16 0.000000
1695213473614307092 92.449604 174.224973 174 16 0.000000
1695213474641144221 95.756279 166.530792 171 16 0.000000
1695213475637054077 93.957160 168.689940 168 16 0.000000
1695213476642721214 90.934692 173.019473 174 16 0.000000
1695213477647617965 93.295609 176.137528 177 16 0.000000
1695213478626410231 94.176916 169.596762 166 16 0.000000
1695213479648671844 90.691462 173.145503 177 16 0.000000
1695213480654196345 92.321419 178.016547 179 16 0.000000
1695213481655747452 96.830371 161.749113 162 16 0.000000
1695213482654412564 93.942744 168.224559 168 16 0.000000
1695213483658525786 94.768371 174.283134 175 16 0.000000
1695213484660317632 96.072673 163.706638 164 16 0.000000
1695213485660508645 96.509837 165.968317 166 15 0.000000
1695213486665018488 90.970061 177.200848 178 16 0.000000
1695213487666464401 93.763396 167.757422 168 16 0.000000
1695213488666004860 91.981130 173.079528 173 16 0.000000
1695213489668162837 92.963073 172.627483 173 16 0.000000
1695213490671683647 91.364348 175.382512 176 16 0.000000
1695213491670185212 94.796103 168.252134 168 16 0.000000
1695213492674682219 94.756843 168.243409 169 16 0.000000
1695213493676252191 94.057854 174.725680 175 16 0.000000
1695213494675467113 94.315174 168.131982 168 16 0.000000
1695213495675984808 94.041930 165.914135 166 16 0.000000
1695213496680113709 93.116926 178.263964 179 16 0.000000
1695213497681766636 92.029720 169.719467 170 16 0.000000
1695213498680858553 92.965762 172.156324 172 16 0.000000
1695213499684129539 94.986276 171.439230 172 16 0.000000
1695213500686818435 92.343039 169.544089 170 16 0.000000
1695213501681940206 93.791807 168.823559 168 16 0.000000
1695213502688804256 94.962397 172.813798 174 16 0.000000
1695213503681913922 96.003632 166.144796 165 16 0.000000
1695213504689445082 94.767355 167.736765 169 16 0.000000
1695213505693154740 91.353720 177.342130 178 16 0.000000
1695213506686070726 93.628427 169.198590 168 16 0.000000
1695213507694697349 94.769206 167.554570 169 16 0.000000
1695213508703947039 92.734034 174.386961 176 16 0.000000
1695213509691392915 96.302746 164.059647 162 16 0.000000
1695213510699079099 95.006932 170.688059 172 16 0.000000
1695213511709434342 95.962834 164.298632 166 16 0.000000
1695213512698441945 91.903580 176.945045 175 16 0.000000
1695213513709919746 94.372357 169.059568 171 16 0.000000
1695213514708169246 95.035825 166.291114 166 16 0.000000
1695213515710653694 94.860982 170.576211 171 16 0.000000
1695213516709450835 92.570125 174.209557 174 16 0.000000
1695213517703954821 94.143630 167.922906 167 16 0.000000
1695213518715612560 94.847521 169.029472 171 16 0.000000
1695213519713968884 92.301221 171.281527 171 16 0.000000
1695213520707735774 94.205258 171.066305 170 16 0.000000
1695213521720862025 96.972628 164.836318 167 16 0.000000
1695213522719427983 96.024804 165.236943 165 16 0.000000
1695213523714001816 94.574535 170.927468 170 16 0.000000
1695213524718762854 92.913246 172.180270 173 16 0.000000
1695213525724751705 96.522843 166.999864 168 16 0.000000
1695213526719059758 94.360729 166.950245 166 16 0.000000
1695213527723984303 97.371609 162.201232 163 16 0.000000
1695213528728811746 93.187129 175.154475 176 16 0.000000
1695213529745422825 92.280966 175.091545 178 16 0.000000
1695213530728862957 93.293071 168.795201 166 16 0.000000
1695213531745049001 93.386778 171.228511 174 16 0.000000
1695213532749879489 92.386066 174.158732 175 16 0.000000
1695213533734858626 98.675836 161.424721 159 16 0.000000
1695213534750150414 91.639865 176.304017 179 16 0.000000
1695213535755847800 91.777507 172.019939 173 16 0.000000
1695213536758276941 93.349290 169.588021 170 16 0.000000
1695213537755611038 93.427827 174.465130 174 16 0.000000
1695213538760038459 90.907109 173.233026 174 16 0.000000
1695213539763255540 95.577092 169.454823 170 16 0.000000
1695213540761002936 92.803405 172.388350 172 16 0.000000
1695213541764718410 94.196377 170.367006 171 16 0.000000
1695213542747158121 93.061201 172.020720 169 16 0.000000
1695213543766075404 91.659642 173.713820 177 16 0.000000
1695213544769881100 93.457931 172.344110 173 16 0.000000
1695213545774242380 91.967945 170.257436 171 16 0.000000
1695213546770370047 97.118926 168.653105 168 16 0.000000
1695213547775513469 92.464769 171.119831 172 16 0.000000
1695213548778810008 94.258545 168.444740 169 16 0.000000
1695213549775183017 93.820932 172.626092 172 16 0.000000
1695213550780374945 93.315919 172.106449 173 16 0.000000
1695213551784748399 93.241001 168.264088 169 16 0.000000
1695213552781341954 92.714710 176.601584 176 16 0.000000
1695213553786310264 95.047831 166.174391 167 16 0.000000
1695213554781630904 95.134322 165.775753 165 16 0.000000
1695213555785883930 94.715078 174.258866 175 16 0.000000
1695213556790840997 90.411264 173.141707 174 16 0.000000
1695213557787297840 94.457369 169.600923 169 15 0.000000
1695213558790817569 90.844416 178.372195 179 16 0.000000
1695213559796758526 96.026172 164.025539 165 16 0.000000
1695213560792060537 94.413432 170.802428 170 16 0.000000
1695213561796076322 94.814327 167.328040 168 16 0.000000
1695213562802642965 95.871349 166.903977 168 16 0.000000
1695213563796731809 93.125398 173.022796 172 16 0.000000
1695213564801513733 92.222847 174.167147 175 16 0.000000
1695213565808639654 91.248496 173.761763 175 16 0.000000
1695213566802642215 91.484062 172.031774 171 16 0.000000
1695213567808006760 96.522658 171.082194 172 16 0.000000
1695213568811336926 93.006985 169.435751 170 16 0.000000
1695213569809253197 93.940264 169.352886 169 16 0.000000
1695213570790514077 92.528844 175.284708 172 16 0.000000
1695213571813712740 95.488802 167.122971 171 16 0.000000
1695213572816042682 91.765399 172.597857 173 16 0.000000
1695213573817421274 95.506019 166.770066 167 16 0.000000
1695213574823881240 92.729781 174.870344 176 16 0.000000
1695213575827919206 94.802340 167.324367 168 16 0.000000
1695213576821915995 95.128671 169.014632 168 16 0.000000
1695213577827984284 92.173980 175.932399 177 16 0.000000
1695213578832516045 92.685237 168.237564 169 16 0.000000
1695213579824131066 96.480345 167.403676 166 16 0.000000
1695213580832675127 95.085843 168.559822 170 16 0.000000
1695213581837300344 94.992822 167.226553 168 16 0.000000
1695213582841913196 94.589062 169.219397 170 16 0.000000
1695213583836678432 95.533529 168.884060 168 16 0.000000
1695213584842654431 95.688803 167.002026 168 16 0.000000
1695213585847655072 94.624646 167.164056 168 16 0.000000
1695213586842433140 94.128950 172.902905 172 16 0.000000
1695213587848607111 93.925150 167.962965 169 16 0.000000
1695213588842491701 97.148324 167.021424 166 16 0.000000
1695213589846960374 93.572108 169.243721 170 16 0.000000
1695213590853131376 94.817316 166.969608 168 16 0.000000
1695213591847900149 93.118625 172.904502 172 16 0.000000
1695213592853682772 93.799833 172.005378 173 16 0.000000
1695213593858252140 93.337037 170.222192 171 16 0.000000
1695213594850668017 91.519490 177.344989 176 16 0.000000
1695213595857346059 92.120540 169.865619 171 16 0.000000
1695213596863594853 93.714189 168.944314 170 16 0.000000
1695213597855370765 92.516259 177.459462 176 16 0.000000
1695213598870433646 96.068176 165.506985 168 16 0.000000
1695213599869577538 94.293196 168.143922 168 16 0.000000
1695213600871333656 92.588356 172.696735 173 16 0.000000
1695213601868896255 95.500691 169.412922 169 16 0.000000
1695213602875541697 92.324490 169.871135 171 16 0.000000
1695213603865454825 94.704911 172.742445 171 16 0.000000
1695213604874836250 92.279272 171.392084 173 16 0.000000
1695213605881108723 91.204521 174.902941 176 16 0.000000
1695213606869917190 93.575663 175.969377 174 16 0.000000
1695213607880261271 90.950977 169.249245 171 16 0.000000
1695213608886455444 93.463448 172.928849 174 16 0.000000
1695213609874968598 92.405799 178.045178 176 16 0.000000
1695213610885735966 93.449088 166.210348 168 16 0.000000
1695213611892192256 92.055770 173.877405 175 16 0.000000
1695213612885713695 91.378124 176.141150 175 16 0.000000
1695213613899125416 95.874082 164.789872 167 16 0.000000
1695213614884156613 94.978378 171.568199 169 16 0.000000
1695213615899102224 94.517775 168.481934 171 16 0.000000
1695213616904280892 97.248251 164.149896 165 16 0.000000
1695213617893430635 94.564318 171.864781 170 16 0.000000
1695213618904655455 90.699559 174.046358 176 16 0.000000
1695213619903001222 92.498909 171.283342 171 16 0.000000
1695213620897908381 92.256019 175.895809 175 16 0.000000
1695213621910551982 94.569073 167.877425 170 16 0.000000
1695213622909966867 91.208275 176.103068 176 16 0.000000
1695213623901321140 92.058731 175.517456 174 16 0.000000
1695213624915548496 92.611885 169.587241 172 16 0.000000
1695213625904549818 93.179171 172.901686 171 16 0.000000
1695213626920056440 93.312888 169.373566 172 16 0.000000
1695213627920282106 93.272790 172.960968 173 16 0.000000
1695213628908909689 94.077680 171.955551 170 16 0.000000
1695213629927202350 96.140254 163.017971 166 16 0.000000
