1694833189316936884 223.055496 10855.867928 10844 200 0.000000
1694833190374367082 219.941200 907.861380 960 200 0.000000
1694833191384664504 222.206522 894.786030 904 199 0.000000
1694833192392610203 222.663977 902.826428 910 200 0.000000
1694833193401206680 219.935627 918.107433 926 200 0.000000
1694833194409219030 223.137735 891.854268 899 200 0.000000
1694833195415390884 222.255047 897.460996 903 200 0.000000
1694833196425071647 221.585927 898.303557 907 200 0.000000
1694833197434187315 222.313559 910.698519 919 200 0.000000
1694833198441479188 219.264521 904.405231 911 200 0.000000
1694833199452174245 218.322602 922.137635 932 200 0.000000
1694833200458019202 217.779165 915.648067 921 200 0.000000
1694833201468157427 218.338838 914.726331 924 200 0.000000
1694833202476868847 218.526147 916.020113 924 200 0.000000
1694833203484104824 221.104819 901.476952 908 200 0.000000
1694833204491771363 219.095841 905.061357 912 200 0.000000
1694833205500537637 220.603030 917.952959 926 200 0.000000
1694833206510785745 220.620723 903.738293 913 200 0.000000
1694833207518112345 216.788193 927.206782 934 200 0.000000
1694833208528417400 221.754887 896.758850 906 200 0.000000
1694833209533844100 218.016776 921.002053 926 200 0.000000
1694833210545973753 219.167547 910.950506 922 199 0.000000
1694833211554641157 220.255039 910.111701 918 200 0.000000
1694833212563456929 221.093919 907.995309 916 199 0.000000
1694833213572618055 216.521197 914.620960 923 200 0.000000
1694833214584920750 219.644644 905.855622 917 200 0.000000
1694833215589312600 217.828597 934.894039 939 200 0.000000
1694833216603178200 214.918494 924.185505 937 200 0.000000
1694833217613551150 218.674652 912.534388 922 200 0.000000
1694833218621386136 216.056620 929.715774 937 200 0.000000
1694833219630885659 221.057527 907.380233 916 200 0.000000
1694833220638698786 219.680331 907.906469 915 200 0.000000
1694833221650698668 215.834276 918.972465 930 200 0.000000
1694833222660181867 220.170408 902.441977 911 200 0.000000
1694833223669283958 221.745255 912.692452 921 200 0.000000
1694833224678575641 216.429253 922.429225 931 200 0.000000
1694833225688519936 216.975341 923.813193 933 200 0.000000
1694833226697888371 219.595141 907.498262 916 200 0.000000
1694833227705495193 220.186995 907.099793 914 200 0.000000
1694833228714234364 217.741766 922.934421 931 200 0.000000
1694833229721261886 217.024882 924.502933 931 200 0.000000
1694833230734163475 215.801677 921.116192 933 200 0.000000
1694833231742286544 219.247097 915.562781 923 200 0.000000
1694833232753107365 215.679529 918.065812 928 200 0.000000
1694833233758827082 215.343827 930.676845 936 200 0.000000
1694833234769649559 217.954183 924.000001 934 200 0.000000
1694833235777605316 215.891570 926.627968 934 200 0.000000
1694833236788979077 216.474878 920.530083 931 200 0.000000
1694833237797211551 220.481905 907.528812 915 200 0.000000
1694833238806949227 215.462421 925.983091 935 200 0.000000
1694833239814057944 222.192861 900.597896 907 200 0.000000
1694833240824166894 219.186105 916.732825 926 200 0.000000
1694833241833064733 219.919472 908.912602 917 200 0.000000
1694833242842038380 217.123826 921.728751 930 200 0.000000
1694833243850698048 217.046487 923.007097 931 200 0.000000
1694833244858435848 218.288745 914.920367 922 200 0.000000
1694833245869291616 215.469355 931.883821 942 200 0.000000
1694833246878033418 216.079685 916.983926 925 200 0.000000
1694833247882246520 216.435546 919.127563 923 200 0.000000
1694833248892533432 216.804821 923.500091 933 200 0.000000
1694833249900638544 215.393846 944.345961 952 200 0.000000
1694833250908277973 214.467282 917.987146 925 200 0.000000
1694833251916299725 216.164069 925.575162 933 199 0.000000
1694833252921582487 220.808765 904.223086 909 200 0.000000
1694833253928147447 218.330485 921.947572 928 200 0.000000
1694833254936903158 220.155100 905.075488 913 200 0.000000
1694833255942569147 217.402974 923.765840 929 200 0.000000
1694833256951160631 213.927626 930.009909 938 200 0.000000
1694833257959699908 219.475303 912.210289 920 200 0.000000
1694833258963871195 215.022822 931.116178 935 200 0.000000
1694833259971226654 217.967422 922.216700 929 200 0.000000
1694833260978617666 217.832397 914.242794 921 200 0.000000
1694833261986409044 221.179070 905.941450 913 200 0.000000
1694833262989377512 217.075360 925.253395 928 200 0.000000
1694833264010527762 218.180056 907.799802 927 199 0.000000
1694833265017963593 217.412717 921.150524 928 200 0.000000
1694833266026041958 218.368909 923.539308 931 200 0.000000
1694833267035289114 215.857728 925.442220 934 200 0.000000
1694833268042795563 218.050495 913.145553 920 200 0.000000
1694833269052405250 217.157333 919.167106 928 200 0.000000
1694833270061049982 218.195453 909.140749 917 200 0.000000
1694833271070351518 217.813673 926.383190 935 200 0.000000
1694833272077254002 219.124383 912.699989 919 200 0.000000
1694833273085828620 215.317670 932.008462 940 200 0.000000
1694833274093533962 217.367236 918.919316 926 200 0.000000
1694833275101212496 216.540478 923.905823 931 200 0.000000
1694833276112939177 217.632568 910.324996 921 200 0.000000
1694833277117894675 217.898477 924.419034 929 200 0.000000
1694833278124174165 217.410581 921.215224 927 200 0.000000
1694833279130977720 215.507107 924.708726 931 200 0.000000
1694833280138866741 215.291995 924.704957 932 200 0.000000
1694833281152369402 216.858291 926.489957 939 200 0.000000
1694833282161274492 220.162112 910.888391 919 200 0.000000
1694833283166602400 213.343653 932.034263 937 200 0.000000
1694833284173262248 219.441950 919.873785 926 200 0.000000
1694833285186314903 218.914545 915.055875 927 200 0.000000
1694833286193607996 219.806627 911.353479 918 200 0.000000
1694833287204358691 215.929980 912.193292 922 200 0.000000
1694833288211317679 221.179210 914.635188 921 200 0.000000
1694833289219947871 218.353203 917.085392 925 200 0.000000
1694833290227102123 220.208411 897.578404 904 200 0.000000
1694833291237982498 219.517252 914.054823 924 200 0.000000
1694833292248158367 214.847194 938.450465 948 200 0.000000
1694833293252635329 214.539944 926.850474 931 200 0.000000
1694833294259540817 217.727828 925.608275 932 200 0.000000
1694833295268342616 217.606470 904.042797 912 200 0.000000
1694833296277217789 218.400221 921.818700 930 200 0.000000
1694833297282900659 218.619112 912.812577 918 200 0.000000
1694833298290888635 219.068157 913.701409 921 200 0.000000
1694833299294347344 215.309874 928.787588 932 200 0.000000
1694833300301805379 216.533726 919.144985 926 200 0.000000
1694833301306059509 221.058716 906.145081 910 200 0.000000
1694833302313617434 219.218666 913.098925 920 200 0.000000
1694833303323507884 217.874119 921.882126 931 200 0.000000
1694833304327767368 218.087353 908.131841 912 200 0.000000
1694833305338544803 222.672926 904.254481 914 200 0.000000
1694833306346272412 217.961476 922.868397 930 200 0.000000
1694833307351788343 217.402664 919.925769 925 200 0.000000
1694833308361033650 216.322212 914.544788 923 200 0.000000
1694833309368447262 218.458122 918.192790 925 200 0.000000
1694833310372951109 218.432655 921.848133 926 200 0.000000
1694833311379700484 217.145270 916.812179 923 200 0.000000
1694833312386969625 216.198131 923.288435 930 200 0.000000
1694833313392483415 214.931689 929.872817 935 200 0.000000
1694833314400846505 215.794320 937.162519 945 200 0.000000
1694833315410111064 220.380345 895.701687 904 200 0.000000
1694833316416645100 217.108475 925.949835 932 199 0.000000
1694833317424495283 217.410678 926.724952 934 200 0.000000
1694833318430481076 214.666141 924.466423 930 200 0.000000
1694833319440358551 215.906103 924.864681 934 200 0.000000
1694833320446799917 216.568469 929.015824 935 200 0.000000
1694833321454883167 216.138339 924.526781 932 200 0.000000
1694833322460240319 214.968645 925.044369 930 200 0.000000
1694833323469768238 220.002721 911.317131 920 200 0.000000
1694833324476933743 216.510652 925.369170 932 200 0.000000
1694833325483821243 217.080050 917.679618 924 200 0.000000
1694833326490878731 220.451588 905.608634 912 199 0.000000
1694833327496543079 218.229503 926.750581 932 200 0.000000
1694833328502378320 214.757911 917.645276 923 200 0.000000
1694833329508252785 217.285579 927.551176 933 200 0.000000
1694833330519096187 218.645087 910.130879 920 200 0.000000
1694833331530185233 214.742826 933.646874 944 200 0.000000
1694833332537987801 216.591600 924.777703 932 200 0.000000
1694833333541623999 216.328447 929.626417 933 200 0.000000
1694833334551397833 217.822695 914.066072 923 200 0.000000
1694833335562300786 214.110813 928.872453 939 200 0.000000
1694833336574097254 219.831185 919.157355 930 200 0.000000
1694833337578970286 216.376496 918.523824 923 200 0.000000
1694833338584252597 217.876393 917.155487 922 200 0.000000
1694833339596171754 219.364852 911.139978 922 200 0.000000
1694833340605414746 216.479699 929.409461 938 200 0.000000
