1694262167541296825 202.756879 0.000000
1694262169172903062 202.719152 0.000000
1694262169354686630 202.701004 0.000000
1694262170454914964 202.711067 0.000000
1694262171673597128 202.583000 0.000000
1694262173559600474 202.656847 0.000000
1694262175317345722 202.602040 0.000000
1694262175880707141 202.720159 0.000000
1694262176074109058 202.638404 0.000000
1694262176166636124 202.720300 0.000000
1694262176646380358 202.780816 0.000000
1694262176702853387 202.600873 0.000000
1694262176854104812 202.678010 0.000000
1694262177805846490 202.586077 0.000000
1694262178049478952 202.638851 0.000000
1694262178932253991 202.586999 0.000000
1694262180029323751 202.859058 0.000000
1694262180659071963 202.617320 0.000000
1694262181633957656 202.622814 0.000000
1694262183279873319 202.778341 0.000000
1694262183776266439 202.693066 0.000000
1694262184977295632 202.631443 0.000000
1694262185641636857 202.645089 0.000000
1694262185698445094 202.655259 0.000000
1694262188227058394 202.717889 0.000000
1694262188448662978 202.619756 0.000000
1694262189388046344 202.661182 0.000000
1694262190277607631 202.748099 0.000000
1694262190945379715 202.710106 0.000000
1694262191293707980 202.774224 0.000000
1694262191496357424 202.617836 0.000000
1694262192977050507 202.710181 0.000000
1694262193012307165 202.696935 0.000000
1694262193343949501 202.562974 0.000000
1694262194378579050 202.851610 0.000000
1694262194658088625 202.687663 0.000000
1694262195045576656 202.610269 0.000000
1694262195394308199 202.637262 0.000000
1694262196333103637 202.640258 0.000000
1694262197444601998 202.637107 0.000000
1694262197636024194 202.755035 0.000000
1694262197814046082 202.671476 0.000000
1694262198939671927 202.525512 0.000000
1694262199662785095 202.600562 0.000000
1694262199852735719 202.892892 0.000000
1694262203281126651 202.613471 0.000000
1694262203892265761 202.680022 0.000000
1694262204481296359 202.746326 0.000000
1694262207177861593 202.612329 0.000000
1694262207343980500 202.666665 0.000000
1694262207789091190 202.861209 0.000000
1694262207825122376 202.900189 0.000000
1694262208083715616 202.636560 0.000000
1694262208138699029 202.711755 0.000000
1694262208545592046 202.579304 0.000000
1694262209486170212 202.596918 0.000000
1694262210122480982 202.758399 0.000000
1694262212702496541 202.592152 0.000000
1694262215312394700 202.749328 0.000000
1694262215567007256 202.614163 0.000000
1694262217724048307 202.648223 0.000000
1694262218631231746 202.694556 0.000000
1694262219202457466 202.689502 0.000000
1694262221811571407 202.697140 0.000000
1694262222048430726 202.754350 0.000000
1694262224071395421 202.712548 0.000000
1694262227169085465 202.716261 0.000000
1694262227625591787 202.756841 0.000000
1694262229220309435 202.760655 0.000000
1694262229700352650 202.748532 0.000000
1694262230364896533 202.712192 0.000000
1694262231029470037 202.670073 0.000000
1694262233448890998 202.631950 0.000000
1694262236052671006 202.627900 0.000000
1694262236695836231 202.728176 0.000000
1694262237399133297 202.742908 0.000000
1694262237971447693 202.684261 0.000000
1694262238215341965 202.626924 0.000000
1694262238314168195 202.602527 0.000000
1694262238802160044 202.783021 0.000000
1694262238979035302 202.853020 0.000000
1694262240135365133 202.669271 0.000000
1694262241620031742 202.674388 0.000000
1694262241644274212 202.784189 0.000000
1694262242350799535 202.670359 0.000000
1694262243296287651 202.656192 0.000000
1694262244872140888 202.871101 0.000000
1694262245341914314 202.626663 0.000000
1694262245542915512 202.549899 0.000000
1694262245593615857 202.936610 0.000000
1694262247233516540 202.676184 0.000000
1694262250532740514 202.803710 0.000000
1694262250599191150 202.741630 0.000000
1694262251422403116 202.716727 0.000000
1694262252464077681 202.690351 0.000000
1694262252808287618 202.663940 0.000000
1694262254717649750 202.726410 0.000000
1694262254866009022 202.684449 0.000000
1694262255171214969 202.878213 0.000000
1694262255715223087 202.615727 0.000000
1694262255835448381 202.607904 0.000000
1694262256412620148 203.065926 0.000000
1694262258584663120 202.711295 0.000000
1694262259427793469 202.557923 0.000000
1694262260677439223 202.722116 0.000000
1694262260861800388 202.598227 0.000000
1694262262154980855 202.583842 0.000000
1694262264313357201 202.662456 0.000000
1694262265418867523 202.629284 0.000000
1694262266774083356 202.628643 0.000000
1694262268084832245 202.657616 0.000000
1694262268961153447 202.640907 0.000000
1694262270402583713 202.806145 0.000000
1694262271270701599 202.648228 0.000000
1694262271812596472 202.554331 0.000000
1694262271953876118 202.679672 0.000000
1694262272057271087 202.604587 0.000000
1694262272662175563 202.704384 0.000000
1694262272951114261 202.651657 0.000000
1694262273091474762 202.511475 0.000000
1694262275624747591 202.635774 0.000000
1694262275672395954 202.836181 0.000000
1694262275739545247 202.659420 0.000000
1694262276029093364 202.609358 0.000000
1694262277490104607 202.585262 0.000000
1694262278279744120 202.546822 0.000000
1694262278713630706 202.560695 0.000000
1694262279665791709 202.619581 0.000000
1694262279884112361 202.541771 0.000000
1694262280210052801 202.663179 0.000000
1694262282084995043 202.594013 0.000000
1694262282361727107 202.548692 0.000000
1694262282941512281 202.901418 0.000000
1694262283680640975 202.652574 0.000000
1694262284039651858 202.681161 0.000000
1694262284480744409 202.667874 0.000000
1694262286877470605 202.751104 0.000000
1694262292589772113 202.816286 0.000000
1694262292782659783 202.551869 0.000000
1694262294362657368 202.634571 0.000000
1694262294691592937 202.566157 0.000000
1694262295218244015 202.592193 0.000000
1694262295914701741 202.863666 0.000000
1694262296077577526 202.755829 0.000000
1694262296816852221 202.703527 0.000000
1694262297798161615 202.830343 0.000000
1694262298647302278 202.647425 0.000000
1694262300164722992 202.709733 0.000000
1694262303220963182 202.706354 0.000000
1694262304153826088 202.622125 0.000000
1694262305304534615 202.574930 0.000000
1694262305596047919 202.540102 0.000000
1694262305691696100 202.635109 0.000000
1694262305777251881 202.651584 0.000000
1694262305894435558 202.721268 0.000000
1694262305925273964 202.540315 0.000000
1694262306254735784 202.624262 0.000000
1694262306848820080 202.558299 0.000000
1694262307889738358 202.629883 0.000000
1694262308563182693 202.702960 0.000000
1694262308681927051 202.710914 0.000000
1694262308721204310 202.624830 0.000000
1694262309433831810 202.568403 0.000000
1694262309626503739 202.571054 0.000000
1694262310411021376 202.816637 0.000000
1694262310948151495 202.635745 0.000000
1694262311192665112 202.599177 0.000000
1694262316694479443 202.551509 0.000000
1694262316842849971 202.575465 0.000000
1694262321186536632 202.605207 0.000000
1694262323304232715 202.654268 0.000000
1694262323974198712 202.601260 0.000000
1694262324435758059 202.554165 0.000000
1694262325116167189 202.550792 0.000000
1694262325411138970 202.599682 0.000000
1694262325654105782 202.801120 0.000000
1694262326772438340 202.559581 0.000000
1694262326870708138 202.525064 0.000000
1694262331129551011 202.545365 0.000000
1694262331453097308 202.522989 0.000000
1694262331770454411 202.516084 0.000000
1694262332682579386 202.610190 0.000000
1694262334281372127 202.557687 0.000000
1694262334387189476 202.742044 0.000000
1694262334888436631 202.594490 0.000000
