1694262168421180244 141.989203 112.534057 112 16 0.000000
1694262169417622846 146.919416 109.389141 109 16 0.000000
1694262170421397301 140.987940 113.571327 114 16 0.000000
1694262171429024752 139.501123 113.137057 114 16 0.000000
1694262172429860013 139.931339 112.905685 113 16 0.000000
1694262173428159469 149.638290 108.183996 108 16 0.000000
1694262174429884587 145.048033 108.812274 109 16 0.000000
1694262175423134616 152.074513 107.727144 107 16 0.000000
1694262176434782353 144.051733 108.733507 110 16 0.000000
1694262177424190816 150.682550 108.145438 107 16 0.000000
1694262178419070584 143.891424 110.566118 110 15 0.000000
1694262179440221070 149.280208 106.742343 109 16 0.000000
1694262180438221080 149.168053 106.212430 106 16 0.000000
1694262181431306285 147.925740 110.765923 110 16 0.000000
1694262182443079807 146.910657 105.754893 107 16 0.000000
1694262183445729117 146.472365 112.701412 113 16 0.000000
1694262184403680300 134.205086 117.960092 113 16 0.000000
1694262185438979384 145.826427 112.044924 116 16 0.000000
1694262186442533346 148.969231 104.628139 105 16 0.000000
1694262187417331369 146.701614 109.766341 107 16 0.000000
1694262188448662978 148.395383 107.627834 111 16 0.000000
1694262189433982981 156.515767 102.504780 101 16 0.000000
1694262190449993099 144.919007 109.250870 111 16 0.000000
1694262191438744844 146.901691 110.240018 109 16 0.000000
1694262192454715189 133.730454 119.097952 121 16 0.000000
1694262193456361575 147.573892 107.822484 108 16 0.000000
1694262194455376900 143.633418 112.110396 112 16 0.000000
1694262195410290982 139.859481 115.193615 110 16 0.000000
1694262196430241400 143.529022 111.770142 114 16 0.000000
1694262197445892633 141.024414 116.181602 118 16 0.000000
1694262198461466812 145.327185 105.359120 107 16 0.000000
1694262199460155024 144.074104 111.145797 111 16 0.000000
1694262200457190780 139.246306 115.341911 115 16 0.000000
1694262201433962038 145.355250 110.568361 108 16 0.000000
1694262202458942731 136.974009 115.124123 118 16 0.000000
1694262203466356192 144.930573 110.183151 111 16 0.000000
1694262204470748182 152.605175 105.536486 106 16 0.000000
1694262205461756984 151.439978 105.952647 105 16 0.000000
1694262206460874507 136.534115 115.101581 115 16 0.000000
1694262207476730177 140.383712 118.127000 120 16 0.000000
1694262208464487543 142.560224 111.363381 110 16 0.000000
1694262209480748080 144.459975 110.207974 112 16 0.000000
1694262210473556353 141.759888 111.804044 111 16 0.000000
1694262211448684706 141.014757 114.856680 112 16 0.000000
1694262212464676428 141.840613 110.237121 112 16 0.000000
1694262213480264997 146.233454 108.311575 110 16 0.000000
1694262214473995030 143.837184 113.712981 113 16 0.000000
1694262215485166519 142.378211 111.751568 113 16 0.000000
1694262216489198111 137.912845 117.526183 118 16 0.000000
1694262217488406828 140.575403 113.089504 113 16 0.000000
1694262218486470623 140.313735 114.221137 114 16 0.000000
1694262219484791227 144.741352 110.185056 110 16 0.000000
1694262220494402162 144.767298 109.943336 111 16 0.000000
1694262221494488302 132.484584 121.989486 122 16 0.000000
1694262222494575450 137.643126 114.989975 115 16 0.000000
1694262223499114244 140.524229 114.480415 115 16 0.000000
1694262224491005321 138.697856 114.931959 114 16 0.000000
1694262225483229289 138.128641 117.916942 117 16 0.000000
1694262226499252836 143.854805 111.217892 113 16 0.000000
1694262227497128751 126.777005 124.263950 124 16 0.000000
1694262228505202842 144.827022 112.094922 113 16 0.000000
1694262229499443717 139.542598 112.648759 112 16 0.000000
1694262230495609419 138.454148 115.442641 115 16 0.000000
1694262231491073121 142.747565 114.519498 114 16 0.000000
1694262232507154208 140.962718 112.195769 114 16 0.000000
1694262233500906415 144.550428 110.691587 110 16 0.000000
1694262234513656942 138.132518 113.552135 115 16 0.000000
1694262235483678561 145.881512 110.306817 107 16 0.000000
1694262236499552420 141.137815 112.218669 114 16 0.000000
1694262237515275047 146.747065 109.281796 111 16 0.000000
1694262238506937950 139.823239 116.975232 116 16 0.000000
1694262239508524686 137.274392 115.816233 116 16 0.000000
1694262240520583613 136.751542 117.582093 119 16 0.000000
1694262241509599923 140.621538 112.232719 111 16 0.000000
1694262242503850186 147.578634 108.624578 108 16 0.000000
1694262243520040107 134.906405 120.056286 122 16 0.000000
1694262244504511694 138.182944 116.813934 115 16 0.000000
1694262245526675556 137.640640 112.506423 115 16 0.000000
1694262246528317607 135.764466 119.803294 120 16 0.000000
1694262247524428176 142.981360 108.421674 108 16 0.000000
1694262248526467122 143.753983 114.766007 115 16 0.000000
1694262249526787299 138.941158 114.963194 115 16 0.000000
1694262250534970552 151.767091 105.139616 106 16 0.000000
1694262251522637225 142.146620 113.398598 112 16 0.000000
1694262252531471844 141.539208 112.010415 113 16 0.000000
1694262253530570493 143.353569 109.098335 109 16 0.000000
1694262254514899309 134.337449 122.926400 121 16 0.000000
1694262255522138884 141.739779 116.159072 117 16 0.000000
1694262256538001264 137.801820 113.204316 115 16 0.000000
1694262257526763955 134.539826 117.318323 116 16 0.000000
1694262258536497663 146.063693 108.939624 110 16 0.000000
1694262259520286281 143.153006 109.779676 108 16 0.000000
1694262260546456444 138.917926 119.863153 123 16 0.000000
1694262261540603142 141.329358 112.659434 112 16 0.000000
1694262262537978348 139.099297 113.297372 113 16 0.000000
1694262263548878207 140.117257 114.749270 116 16 0.000000
1694262264546405412 141.553050 113.280113 113 16 0.000000
1694262265535848092 153.780553 102.077655 101 15 0.000000
1694262266551984060 138.546374 116.126205 118 16 0.000000
1694262267557135574 138.302116 120.379873 121 16 0.000000
1694262268546762719 137.066020 113.173916 112 16 0.000000
1694262269557179965 138.728177 114.804060 116 16 0.000000
1694262270561470129 139.123275 114.508739 115 16 0.000000
1694262271560644500 144.571793 110.090894 110 16 0.000000
1694262272564744987 139.769960 117.518120 118 16 0.000000
1694262273562113469 144.528237 109.287590 109 16 0.000000
1694262274565052497 145.853960 106.686446 107 16 0.000000
1694262275567762476 140.950887 115.686484 116 16 0.000000
1694262276565954912 139.574408 115.208267 115 16 0.000000
1694262277565090729 135.133218 117.101197 117 16 0.000000
1694262278571720938 133.631290 121.196430 122 16 0.000000
1694262279572775111 135.133203 116.876783 117 16 0.000000
1694262280573469528 139.422150 114.920203 115 16 0.000000
1694262281556294720 149.617161 109.887294 108 16 0.000000
1694262282572322667 132.022356 120.075440 122 16 0.000000
1694262283562234977 135.128395 118.192305 117 16 0.000000
1694262284578386056 141.011213 113.172126 115 16 0.000000
1694262285566247926 135.814673 120.462191 119 16 0.000000
1694262286582258649 140.573121 111.219299 113 16 0.000000
1694262287583539156 132.854543 118.847822 119 16 0.000000
1694262288583290733 134.747042 122.030308 122 16 0.000000
1694262289582121586 145.009630 107.125257 107 16 0.000000
1694262290582072908 137.357875 117.005682 117 16 0.000000
1694262291564522541 134.202849 119.090068 117 16 0.000000
1694262292589772113 133.822515 119.970812 123 16 0.000000
1694262293587538071 141.505940 115.257469 115 16 0.000000
1694262294587256787 148.633640 107.030120 107 16 0.000000
1694262295586892549 128.543643 121.044078 121 16 0.000000
1694262296581056821 133.460381 120.704394 120 16 0.000000
1694262297596832843 134.895887 120.105222 122 16 0.000000
1694262298593501136 142.044608 110.367711 110 16 0.000000
1694262299592381445 140.687249 117.131168 117 16 0.000000
1694262300591257715 132.121833 119.133875 119 16 0.000000
1694262301592446930 136.150816 115.862217 116 16 0.000000
1694262302590909430 144.615817 113.173993 113 16 0.000000
1694262303598897584 136.319117 117.064861 118 16 0.000000
1694262304605953841 140.684392 112.208245 113 16 0.000000
1694262305596047919 140.412146 115.140573 114 16 0.000000
1694262306608113570 134.914126 115.605151 117 16 0.000000
1694262307594552007 143.940688 114.553506 113 16 0.000000
1694262308603114733 142.103015 111.049118 112 16 0.000000
1694262309605051336 141.447293 111.783537 112 16 0.000000
1694262310599913363 140.383953 116.599082 116 16 0.000000
1694262311610789471 139.200429 115.741188 117 16 0.000000
1694262312613780475 142.669435 109.671965 110 16 0.000000
1694262313615225416 135.006535 118.828290 119 16 0.000000
1694262314612650109 145.552399 111.286610 111 16 0.000000
1694262315594700356 142.162685 115.065387 113 16 0.000000
1694262316610335889 139.311757 110.275774 112 16 0.000000
1694262317617776842 142.350066 116.135840 117 16 0.000000
1694262318611652467 137.288076 115.708649 115 16 0.000000
1694262319616839314 133.793556 117.391098 118 16 0.000000
1694262320614430302 139.670411 115.277715 115 16 0.000000
1694262321624349482 136.680502 115.850866 117 16 0.000000
1694262322598660806 143.986578 111.873891 109 16 0.000000
1694262323627433559 140.951155 116.643834 120 16 0.000000
1694262324620499483 136.371874 114.795985 114 16 0.000000
1694262325629821025 135.246301 115.919470 117 16 0.000000
1694262326628569241 133.273852 120.150396 120 16 0.000000
1694262327627554983 133.145151 123.124884 123 16 0.000000
1694262328624834799 140.524806 113.308219 113 16 0.000000
1694262329629340237 145.204841 109.506629 110 16 0.000000
1694262330632917205 137.285826 114.590091 115 16 0.000000
1694262331632233985 151.885720 106.072495 106 16 0.000000
1694262332631772136 136.355999 120.055445 120 16 0.000000
1694262333629898006 137.839380 116.217805 116 16 0.000000
1694262334626962200 136.813792 115.338597 115 16 0.000000
1694262335636882602 141.110055 110.899845 112 16 0.000000
