1694262167643656313 147.094904 114.139199 114 16 0.000000
1694262168626056175 143.618034 108.916971 107 16 0.000000
1694262169637660892 140.890529 113.680752 115 16 0.000000
1694262170647726367 134.997884 117.814142 119 16 0.000000
1694262171643653971 136.086797 120.490686 120 16 0.000000
1694262172626995941 137.572017 113.897298 112 16 0.000000
1694262173642373607 150.043666 108.334091 110 16 0.000000
1694262174615718861 135.926063 118.149226 115 16 0.000000
1694262175648591694 145.532639 107.467247 111 16 0.000000
1694262176647201249 136.550456 119.165696 119 16 0.000000
1694262177658282093 136.224924 116.706783 118 16 0.000000
1694262178651261553 143.765677 109.770656 109 15 0.000000
1694262179658414296 133.856256 120.140659 121 16 0.000000
1694262180661776058 135.810206 117.604644 118 16 0.000000
1694262181654863620 136.176998 118.821345 118 16 0.000000
1694262182660319941 137.398450 116.365075 117 16 0.000000
1694262183665514599 140.286631 111.421199 112 16 0.000000
1694262184666930013 139.567618 116.834616 117 16 0.000000
1694262185656522953 135.461468 118.230445 117 16 0.000000
1694262186670364385 144.943265 110.470931 112 16 0.000000
1694262187672466107 133.928064 118.750422 119 16 0.000000
1694262188671156265 133.161636 121.158694 121 16 0.000000
1694262189671960923 135.470885 116.905933 117 16 0.000000
1694262190674954044 141.694915 113.659805 114 16 0.000000
1694262191671689228 138.174485 115.376696 115 16 0.000000
1694262192675750219 138.529914 113.538904 114 16 0.000000
1694262193679722758 135.032152 120.521240 121 16 0.000000
1694262194674740647 138.386508 118.590837 118 16 0.000000
1694262195682311339 133.922841 115.128377 116 16 0.000000
1694262196674454905 134.648135 119.942341 119 16 0.000000
1694262197667889881 137.684859 118.779790 118 16 0.000000
1694262198685312767 133.181444 118.927907 121 16 0.000000
1694262199685193641 136.980027 117.013941 117 16 0.000000
1694262200673650264 130.250999 123.424747 122 16 0.000000
1694262201688239552 136.595590 114.331978 116 16 0.000000
1694262202668026507 137.006302 117.372455 115 16 0.000000
1694262203692778097 140.417790 113.198165 116 16 0.000000
1694262204691931815 131.711980 124.105028 124 16 0.000000
1694262205693387935 140.245634 112.835714 113 16 0.000000
1694262206697563413 135.796492 118.505184 119 16 0.000000
1694262207695468951 133.562944 118.247666 118 16 0.000000
1694262208698152974 132.840246 120.676085 121 16 0.000000
1694262209701225515 133.575783 118.635488 119 16 0.000000
1694262210698347205 137.703041 118.340620 118 16 0.000000
1694262211677122958 134.703550 119.537101 117 16 0.000000
1694262212704630500 138.143167 112.894535 116 16 0.000000
1694262213694551691 137.275426 120.211589 119 16 0.000000
1694262214687462313 137.462117 113.806835 113 16 0.000000
1694262215696494397 137.735342 115.952706 117 16 0.000000
1694262216697912335 130.640017 124.823008 125 16 0.000000
1694262217669169393 133.248833 119.432847 116 16 0.000000
1694262218699493143 137.290944 115.497655 119 16 0.000000
1694262219701776715 136.193665 117.731165 118 16 0.000000
1694262220673064866 128.865535 125.606412 122 16 0.000000
1694262221707446368 126.964912 125.678949 130 16 0.000000
1694262222719057602 132.097923 120.599699 122 16 0.000000
1694262223716553927 139.895791 113.283613 113 16 0.000000
1694262224699474114 138.143551 118.015707 116 16 0.000000
1694262225707323340 134.712363 117.080987 118 16 0.000000
1694262226719687338 140.700078 111.619946 113 16 0.000000
1694262227709584369 132.460963 122.234920 121 16 0.000000
1694262228711921496 132.112206 120.717867 121 16 0.000000
1694262229723540485 138.854457 115.656189 117 16 0.000000
1694262230711119707 135.831915 119.484105 118 16 0.000000
1694262231716568304 136.096538 119.349707 120 16 0.000000
1694262232727614616 130.297783 121.656137 123 16 0.000000
1694262233733325307 135.052315 116.335645 117 16 0.000000
1694262234726921867 142.149304 114.734695 114 16 0.000000
1694262235731217366 129.265542 122.473913 123 16 0.000000
1694262236730356111 134.708291 116.099992 116 16 0.000000
1694262237729837101 132.074586 122.063360 122 16 0.000000
1694262238734560036 137.155021 120.431222 121 16 0.000000
1694262239740937986 136.714891 113.277521 114 16 0.000000
1694262240733364819 144.577312 109.831771 109 16 0.000000
1694262241737892764 134.977355 121.450085 122 16 0.000000
1694262242745007739 128.863617 123.123959 124 16 0.000000
1694262243740077487 132.121535 119.589620 119 16 0.000000
1694262244741820387 129.379368 126.779041 127 16 0.000000
1694262245714309915 128.506841 124.422929 121 16 0.000000
1694262246744226751 135.419011 116.514248 120 16 0.000000
1694262247746117916 132.083020 121.769710 122 16 0.000000
1694262248717415601 131.717363 122.516513 119 16 0.000000
1694262249742867724 137.636537 116.046370 119 16 0.000000
1694262250754333066 139.682734 114.685105 116 16 0.000000
1694262251725763385 141.138424 115.293922 112 16 0.000000
1694262252746057516 138.172173 111.732469 114 16 0.000000
1694262253756918428 138.352127 117.721456 119 16 0.000000
1694262254755270574 132.823415 118.194741 118 16 0.000000
1694262255742593587 140.455291 116.476596 115 16 0.000000
1694262256760236640 133.544441 117.919524 120 16 0.000000
1694262257758531073 138.685739 113.193061 113 16 0.000000
1694262258745459609 138.455338 118.549631 117 16 0.000000
1694262259763192059 140.529847 112.996284 115 16 0.000000
1694262260768909613 129.602601 122.300735 123 16 0.000000
1694262261755289036 134.233158 121.657043 120 16 0.000000
1694262262767478305 138.924894 113.615115 115 16 0.000000
1694262263772631516 138.469633 116.400165 117 16 0.000000
1694262264752212852 139.645859 112.292884 110 16 0.000000
1694262265775459924 133.425888 123.137414 126 16 0.000000
1694262266776044206 131.722738 120.929333 121 16 0.000000
1694262267747925650 135.130655 120.385067 117 16 0.000000
1694262268778366080 129.996912 121.307350 125 16 0.000000
1694262269778956496 125.812701 126.925068 127 16 0.000000
1694262270751276300 134.296336 121.359244 118 16 0.000000
1694262271777189844 138.845874 114.044692 117 16 0.000000
1694262272782338891 130.517138 120.380147 121 16 0.000000
1694262273786483160 136.970932 116.517122 117 16 0.000000
1694262274780648571 130.647705 123.721886 123 16 0.000000
1694262275785938592 134.697351 119.368530 120 16 0.000000
1694262276790142450 135.105244 116.510211 117 16 0.000000
1694262277789532137 129.701245 125.076321 125 16 0.000000
1694262278790442126 128.229563 123.887282 124 16 0.000000
1694262279793994775 142.701273 110.607036 111 16 0.000000
1694262280773327198 140.047164 117.426931 115 16 0.000000
1694262281793622022 126.407149 122.513604 125 16 0.000000
1694262282796407225 136.148330 117.672263 118 16 0.000000
1694262283792392495 140.463659 115.463559 115 16 0.000000
1694262284787877448 137.399014 115.521581 115 16 0.000000
1694262285799850905 138.516015 114.627513 116 16 0.000000
1694262286796520834 138.495592 116.387587 116 16 0.000000
1694262287790771810 140.340943 117.676514 117 16 0.000000
1694262288803258672 132.481437 116.544742 118 16 0.000000
1694262289800673685 131.406679 124.321349 124 16 0.000000
1694262290793937860 141.158628 112.759543 112 16 0.000000
1694262291806947409 130.635198 121.420380 123 16 0.000000
1694262292804601558 144.633386 112.263342 112 16 0.000000
1694262293797408298 127.182689 125.905665 125 16 0.000000
1694262294809490345 135.040754 118.567473 120 16 0.000000
1694262295808200682 137.819851 115.148476 115 16 0.000000
1694262296816392857 127.387735 122.000575 123 16 0.000000
1694262297813295448 130.374915 126.391498 126 16 0.000000
1694262298812105768 134.318077 118.140551 118 16 0.000000
1694262299820483765 129.540663 119.994662 121 16 0.000000
1694262300816561508 132.799881 124.488295 124 16 0.000000
1694262301824082276 132.053421 119.104227 120 16 0.000000
1694262302824837171 134.285372 118.910238 119 16 0.000000
1694262303819209164 134.965719 120.679197 120 16 0.000000
1694262304827183679 134.239678 116.074357 117 16 0.000000
1694262305828463607 131.037542 125.838949 126 16 0.000000
1694262306821968077 135.804701 115.751869 115 16 0.000000
1694262307830420446 139.851607 112.052866 113 16 0.000000
1694262308831065710 143.080517 115.925221 116 16 0.000000
1694262309823571418 126.825485 126.951400 126 16 0.000000
1694262310833572793 137.250712 117.821634 119 16 0.000000
1694262311833267322 127.701331 121.036963 121 16 0.000000
1694262312825865764 132.836799 119.887329 119 16 0.000000
1694262313836997034 140.289405 115.712011 117 16 0.000000
1694262314835875187 137.683989 118.132508 118 16 0.000000
1694262315829082054 133.199901 118.807089 118 16 0.000000
1694262316839432619 131.691945 122.729679 124 16 0.000000
1694262317810906752 142.471029 112.200621 109 16 0.000000
1694262318832006128 132.033597 120.458396 123 16 0.000000
1694262319841628949 133.484380 117.865783 119 16 0.000000
1694262320841263288 133.907464 120.043909 120 16 0.000000
1694262321824805814 133.511791 122.007941 120 16 0.000000
1694262322844201955 131.995670 121.640652 124 16 0.000000
1694262323835671074 130.125655 119.015305 118 16 0.000000
1694262324846764561 135.710399 118.683385 120 16 0.000000
1694262325846534593 136.848548 118.027134 118 16 0.000000
1694262326847438888 138.029152 114.896105 115 16 0.000000
1694262327849380531 131.737565 121.763573 122 16 0.000000
1694262328850127809 134.299678 118.911132 119 16 0.000000
1694262329849676530 131.688832 121.054640 121 16 0.000000
1694262330851991152 135.859281 116.729814 117 16 0.000000
1694262331852680587 134.262162 120.916645 121 16 0.000000
1694262332853546120 134.265408 119.896231 120 16 0.000000
1694262333862844873 137.293553 116.912851 118 16 0.000000
1694262334854382619 128.495566 124.049729 123 16 0.000000
1694262335856183772 131.371257 122.778875 123 16 0.000000
