1694825391387829547 72.347026 0.000000
1694825391388543849 72.304482 0.000000
1694825391678222086 72.502274 0.000000
1694825392475932581 72.345352 0.000000
1694825392549012389 72.385637 0.000000
1694825393200099468 72.406144 0.000000
1694825394069193578 72.518475 0.000000
1694825394647557094 72.395450 0.000000
1694825394936233643 72.503661 0.000000
1694825394936666716 72.313288 0.000000
1694825395082353529 72.340882 0.000000
1694825398197314330 72.326975 0.000000
1694825398701782669 72.442128 0.000000
1694825398848552662 72.340296 0.000000
1694825399136653767 72.267506 0.000000
1694825399715694897 72.501295 0.000000
1694825400223378824 72.237361 0.000000
1694825400659265799 72.394712 0.000000
1694825400947894256 72.317153 0.000000
1694825401310784453 72.394170 0.000000
1694825401672341944 72.353004 0.000000
1694825401818288831 72.371035 0.000000
1694825402105550546 72.209396 0.000000
1694825402976382661 72.297506 0.000000
1694825404132908946 72.303990 0.000000
1694825404713575291 72.326934 0.000000
1694825405075616973 72.350975 0.000000
1694825405148070732 72.612177 0.000000
1694825405437913242 72.329254 0.000000
1694825406017275296 72.455117 0.000000
1694825406305438639 72.507243 0.000000
1694825406813771122 72.350293 0.000000
1694825407031689475 72.243779 0.000000
1694825407175518473 72.455970 0.000000
1694825407609682052 72.466223 0.000000
1694825407610508555 72.563925 0.000000
1694825408187784760 72.360340 0.000000
1694825408406047329 72.464830 0.000000
1694825408550754364 72.350995 0.000000
1694825408842090876 72.515489 0.000000
1694825409854687263 72.485138 0.000000
1694825410215972392 72.326423 0.000000
1694825410435134640 72.454892 0.000000
1694825410650116525 72.341177 0.000000
1694825411229467822 72.488429 0.000000
1694825411447008921 72.539774 0.000000
1694825411736528003 72.466443 0.000000
1694825412099087345 72.554223 0.000000
1694825414561198687 72.507844 0.000000
1694825414706784788 72.698453 0.000000
1694825414779117646 72.310545 0.000000
1694825416446150968 72.313354 0.000000
1694825416661856172 72.838344 0.000000
1694825416806939528 72.376471 0.000000
1694825417531489421 72.345049 0.000000
1694825422019353602 72.330456 0.000000
1694825423105752052 72.382916 0.000000
1694825423540349012 72.478420 0.000000
1694825423974755856 72.411774 0.000000
1694825425279352624 72.400829 0.000000
1694825425280809664 72.349885 0.000000
1694825427235231828 72.326381 0.000000
1694825427526079812 72.365142 0.000000
1694825427743105230 72.261115 0.000000
1694825432084686495 72.351246 0.000000
1694825432519911583 72.279395 0.000000
1694825432592943786 72.324875 0.000000
1694825432738079171 72.383679 0.000000
1694825436429048701 72.377716 0.000000
1694825439761663756 72.366817 0.000000
1694825443454242075 72.508073 0.000000
1694825443817582043 72.552612 0.000000
1694825445192668130 72.332078 0.000000
1694825447293667630 72.480329 0.000000
1694825447655376296 72.464196 0.000000
1694825448452920746 72.562247 0.000000
1694825448960047822 72.460703 0.000000
1694825451856709819 72.396138 0.000000
1694825455404754128 72.327228 0.000000
1694825455621964170 72.436823 0.000000
1694825460475717805 72.403214 0.000000
1694825461054066714 72.392504 0.000000
1694825461923444207 72.349478 0.000000
1694825465617731436 72.612340 0.000000
1694825467210489659 72.356019 0.000000
1694825468729567421 72.377117 0.000000
1694825469815954639 72.387612 0.000000
1694825470756366084 72.335137 0.000000
1694825471190701428 72.394723 0.000000
1694825472567654218 72.332128 0.000000
1694825476116146679 72.402050 0.000000
1694825477491382605 72.380074 0.000000
1694825479447253193 72.414690 0.000000
1694825479809465533 72.464506 0.000000
1694825486615959413 72.416092 0.000000
1694825490888333983 72.400982 0.000000
1694825492263991480 72.362928 0.000000
1694825508135353783 72.479794 0.000000
1694825509004362454 72.528644 0.000000
1694825520518402784 72.402429 0.000000
1694825523414244253 72.355160 0.000000
1694825528266371681 72.383646 0.000000
1694825530510833572 72.356182 0.000000
1694825540575534779 72.420025 0.000000
1694825541517033123 72.495946 0.000000
1694825544558257356 72.364625 0.000000
1694825550496148573 72.435831 0.000000
1694825551727465547 72.419804 0.000000
1694825556217480653 72.421953 0.000000
1694825558245668803 72.415939 0.000000
