1694223260067089817 177.127235 0.000000
1694223260245304826 177.032202 0.000000
1694223260333751370 177.277234 0.000000
1694223260422777584 176.789100 0.000000
1694223260955602638 177.214029 0.000000
1694223261222004034 177.126874 0.000000
1694223261310797037 177.038902 0.000000
1694223261399849928 177.188537 0.000000
1694223261666805929 177.149590 0.000000
1694223261755257170 177.302437 0.000000
1694223262021724439 177.179639 0.000000
1694223262110690765 176.904970 0.000000
1694223262199844763 177.251865 0.000000
1694223262199917632 177.250021 0.000000
1694223262376726350 177.114500 0.000000
1694223262733211838 177.314674 0.000000
1694223262821830723 177.276516 0.000000
1694223262910189259 176.967121 0.000000
1694223262999220210 177.242284 0.000000
1694223263216730532 177.250289 0.000000
1694223263266602952 177.557686 0.000000
1694223263355270480 177.192129 0.000000
1694223263887316613 176.878334 0.000000
1694223264153804225 177.418298 0.000000
1694223264598217071 177.405546 0.000000
1694223264726894289 177.183763 0.000000
1694223264775910987 177.058506 0.000000
1694223264953430965 177.601011 0.000000
1694223265082099861 177.166705 0.000000
1694223265397473206 177.187919 0.000000
1694223265575676077 177.101966 0.000000
1694223265753262575 176.837042 0.000000
1694223265841447188 177.188918 0.000000
1694223265842155268 177.162190 0.000000
1694223266058966447 177.006809 0.000000
1694223266108265032 177.295034 0.000000
1694223266236270334 177.297682 0.000000
1694223266374578836 177.387191 0.000000
1694223266769916478 177.247974 0.000000
1694223266907427000 177.114728 0.000000
1694223267351201111 177.244436 0.000000
1694223267440589207 177.268526 0.000000
1694223267568428163 177.272682 0.000000
1694223267618334410 177.497325 0.000000
1694223267795115441 177.394099 0.000000
1694223267973917400 177.082248 0.000000
1694223267974071438 177.176583 0.000000
1694223268239917627 176.980400 0.000000
1694223268329056083 177.084799 0.000000
1694223268417130999 177.208936 0.000000
1694223268506054864 176.774984 0.000000
1694223268595683651 177.209237 0.000000
1694223268634973862 177.048539 0.000000
1694223268683271784 177.153572 0.000000
1694223268772063050 177.173970 0.000000
1694223268772825486 177.139946 0.000000
1694223268949347654 177.330191 0.000000
1694223268950542924 176.967892 0.000000
1694223268950563968 176.965040 0.000000
1694223269305002003 177.594135 0.000000
1694223269305039731 177.511172 0.000000
1694223269394042354 176.926509 0.000000
1694223269571959524 177.206043 0.000000
1694223269967795909 177.315457 0.000000
1694223270461136687 177.315002 0.000000
1694223270816172743 177.186754 0.000000
1694223270856413587 177.330175 0.000000
1694223271033609178 177.121103 0.000000
1694223271082288453 176.997296 0.000000
1694223271083533122 177.169873 0.000000
1694223271083556045 177.130496 0.000000
1694223271171115644 177.113182 0.000000
1694223271259867483 177.221223 0.000000
1694223271477076756 177.016525 0.000000
1694223271615093885 177.016446 0.000000
1694223271615334781 177.161083 0.000000
1694223271881412316 177.412093 0.000000
1694223271969759108 177.017654 0.000000
1694223272059400063 176.829203 0.000000
1694223272147409019 177.053281 0.000000
1694223272148175760 176.945405 0.000000
1694223272236403143 177.098391 0.000000
1694223272325145415 177.120316 0.000000
1694223273036476472 176.811377 0.000000
1694223273076604409 177.107882 0.000000
1694223273124784604 176.933483 0.000000
1694223273302730350 177.210889 0.000000
1694223273479868983 177.132665 0.000000
1694223273479970750 177.001448 0.000000
1694223273568253392 177.163181 0.000000
1694223273657426369 176.780110 0.000000
1694223273657464257 176.730195 0.000000
1694223273787192663 177.371721 0.000000
1694223273835478875 177.035628 0.000000
1694223274012636477 177.291303 0.000000
1694223274101696178 177.300735 0.000000
1694223274278800593 177.001269 0.000000
1694223274409038826 177.236417 0.000000
1694223274900739793 177.225077 0.000000
1694223274989926179 176.998032 0.000000
1694223275078657839 177.081824 0.000000
1694223275166824070 177.035748 0.000000
1694223275166841150 177.220718 0.000000
1694223275166889177 177.039546 0.000000
1694223275255596384 176.979424 0.000000
1694223275385645460 176.985098 0.000000
1694223276055830957 177.247084 0.000000
1694223276144163871 177.313489 0.000000
1694223276588490728 177.677846 0.000000
1694223276676805921 177.071774 0.000000
1694223276765727261 177.133477 0.000000
1694223276943796017 177.184592 0.000000
1694223277032522568 177.028808 0.000000
1694223277121325706 177.165742 0.000000
1694223277388745111 177.509944 0.000000
1694223277476670856 177.026411 0.000000
1694223277477050054 176.957555 0.000000
1694223277655124327 177.603563 0.000000
1694223277743356631 177.712744 0.000000
1694223277921023332 177.345081 0.000000
1694223278051544434 177.235197 0.000000
1694223278098202557 177.042948 0.000000
1694223278099272894 176.799375 0.000000
1694223278228724030 177.175010 0.000000
1694223278277144636 177.008858 0.000000
1694223278453649881 177.035404 0.000000
1694223278672656545 177.326811 0.000000
1694223278810125168 177.126413 0.000000
1694223278986681914 177.369368 0.000000
1694223279027872783 177.234859 0.000000
1694223279075678315 176.943954 0.000000
1694223279342572302 177.305495 0.000000
1694223279431142413 177.207332 0.000000
1694223279608804985 177.037512 0.000000
1694223279697860408 177.083473 0.000000
1694223280094037875 177.173427 0.000000
1694223280231052204 177.281344 0.000000
1694223280319953103 177.224803 0.000000
1694223280409091292 177.332723 0.000000
1694223280587169267 177.090626 0.000000
1694223280626650446 177.175518 0.000000
1694223280764639675 177.580263 0.000000
1694223280893163592 177.232254 0.000000
1694223281031189871 177.035439 0.000000
1694223281120209275 177.032954 0.000000
1694223281248777874 177.293447 0.000000
1694223281337116347 177.347572 0.000000
1694223281385851388 177.054580 0.000000
1694223281386029793 176.818946 0.000000
1694223281740777055 177.046768 0.000000
1694223281919306235 177.219520 0.000000
1694223282006772077 176.866178 0.000000
1694223282008005890 177.143424 0.000000
1694223282008275894 177.262968 0.000000
1694223282096084529 176.775247 0.000000
1694223282273927540 177.006708 0.000000
1694223282450910119 176.977192 0.000000
1694223282451591195 177.226928 0.000000
1694223282629227581 176.879740 0.000000
1694223282806254719 176.944239 0.000000
1694223282806298927 176.814332 0.000000
1694223282984067100 177.010689 0.000000
1694223282984409602 177.193014 0.000000
1694223283606576899 177.080538 0.000000
1694223283872872674 177.184731 0.000000
1694223283913013443 177.323690 0.000000
1694223283961236503 177.187739 0.000000
1694223284050000360 177.091160 0.000000
1694223284090829490 177.500542 0.000000
1694223284138720688 177.028989 0.000000
1694223284139016271 176.823751 0.000000
1694223284227733261 176.891638 0.000000
1694223284316766248 177.202923 0.000000
1694223284405538984 177.168233 0.000000
1694223284850049398 177.304420 0.000000
1694223284890013759 177.213139 0.000000
1694223284938316360 177.043543 0.000000
1694223284938872756 177.059716 0.000000
1694223285027546775 176.881143 0.000000
1694223285116467280 177.032831 0.000000
1694223285205486579 177.071010 0.000000
1694223285293726865 177.253039 0.000000
1694223285333421846 177.168493 0.000000
1694223285471362726 176.932795 0.000000
1694223285599562273 177.330079 0.000000
1694223285865670693 177.141502 0.000000
1694223286003956772 177.250786 0.000000
1694223286092773153 176.716828 0.000000
1694223286092786645 176.958575 0.000000
1694223286093228163 177.033334 0.000000
1694223286626406956 177.106970 0.000000
1694223286665403950 177.179418 0.000000
1694223286666247815 177.197240 0.000000
1694223286892432685 177.263325 0.000000
1694223287336887422 177.438917 0.000000
1694223287465013238 177.294472 0.000000
1694223287958710832 177.099299 0.000000
1694223288135904649 177.256598 0.000000
1694223288313291077 177.313162 0.000000
1694223288313712744 177.238203 0.000000
1694223288313731748 176.916774 0.000000
1694223288490755842 177.021578 0.000000
1694223288579709473 176.963718 0.000000
1694223288756800033 177.284365 0.000000
1694223288934419709 177.161945 0.000000
1694223289023484635 177.246015 0.000000
1694223289201270561 176.982349 0.000000
1694223289290393668 178.024605 0.000000
1694223289467790806 177.431549 0.000000
1694223289467962035 177.528639 0.000000
1694223289557393129 177.427484 0.000000
1694223289823080762 177.166411 0.000000
1694223289912234897 177.592363 0.000000
1694223290178072789 176.905785 0.000000
1694223290178622173 177.254676 0.000000
1694223290532954722 177.087408 0.000000
1694223290532969466 177.176099 0.000000
1694223290533458615 177.048451 0.000000
1694223290533500598 176.769978 0.000000
1694223290622229830 177.104354 0.000000
1694223290664008381 177.367675 0.000000
1694223290798758019 177.061151 0.000000
1694223290799369488 177.492675 0.000000
1694223290799995886 177.039505 0.000000
1694223290800033138 177.155550 0.000000
1694223290887698823 176.798465 0.000000
1694223290888559923 176.751546 0.000000
1694223290932633333 177.272950 0.000000
1694223291243273412 177.199574 0.000000
1694223291332101418 176.792488 0.000000
1694223291865365298 177.280315 0.000000
1694223291907687684 177.336364 0.000000
1694223291958768115 181.555357 0.000000
1694223292313212129 177.069967 0.000000
1694223292313642130 176.742047 0.000000
1694223292757395158 176.856012 0.000000
1694223292846561417 176.909936 0.000000
1694223292934632498 176.982120 0.000000
1694223292934731177 176.888999 0.000000
1694223293112388289 177.181454 0.000000
1694223293156812830 177.102873 0.000000
1694223293467628196 177.351385 0.000000
1694223293734333302 177.226339 0.000000
1694223293823566438 177.681168 0.000000
1694223293911498739 177.159598 0.000000
1694223294133890005 177.309419 0.000000
1694223294178268912 177.094216 0.000000
1694223294178333968 177.247513 0.000000
1694223294178376808 176.824949 0.000000
1694223294268057200 177.105935 0.000000
1694223294268076956 177.326679 0.000000
1694223294444813606 177.368425 0.000000
1694223294533416018 177.008638 0.000000
1694223294621982402 177.048898 0.000000
1694223294622767691 177.088435 0.000000
1694223294799643669 177.190044 0.000000
1694223294889115361 177.251809 0.000000
1694223294977247904 177.658917 0.000000
1694223294977690564 176.884750 0.000000
1694223294977857373 176.935177 0.000000
1694223295066703369 176.959856 0.000000
1694223295421809822 177.312271 0.000000
1694223295510293534 177.128364 0.000000
1694223295554693333 177.187085 0.000000
1694223295687682745 176.709623 0.000000
1694223295865145747 177.459038 0.000000
1694223295953399427 177.063591 0.000000
1694223295954390670 177.103895 0.000000
1694223296575148888 177.305447 0.000000
1694223296664340938 177.007323 0.000000
1694223296665160085 177.361177 0.000000
1694223296752957440 177.186494 0.000000
1694223296841322933 177.111927 0.000000
1694223296930403263 176.674748 0.000000
1694223297107487921 177.243829 0.000000
1694223297285368808 177.268230 0.000000
1694223297463150934 177.078950 0.000000
1694223297551168191 177.052548 0.000000
1694223297953484153 177.155714 0.000000
1694223298261855950 177.078114 0.000000
1694223298261956354 177.290068 0.000000
1694223298262140748 176.874600 0.000000
1694223298351348541 176.944251 0.000000
1694223298440006595 176.825590 0.000000
1694223298706493827 177.220060 0.000000
1694223298752903954 177.273374 0.000000
1694223298795419274 177.370866 0.000000
1694223298795661748 177.061001 0.000000
1694223298884722014 177.113147 0.000000
1694223298930249090 177.062844 0.000000
1694223298973270518 176.789091 0.000000
1694223299328320023 177.349683 0.000000
1694223299595092381 177.196196 0.000000
1694223299683225429 177.230742 0.000000
1694223300038419493 177.443254 0.000000
1694223300482312572 176.915664 0.000000
1694223300482750211 176.688750 0.000000
1694223300571534921 176.895395 0.000000
1694223300571666387 176.848962 0.000000
1694223300749911475 177.720568 0.000000
1694223300795711748 177.164873 0.000000
1694223300838126139 177.653646 0.000000
1694223301015260281 177.135881 0.000000
1694223301192606553 176.997831 0.000000
1694223302170371705 177.091787 0.000000
1694223302880872784 176.929232 0.000000
1694223302881494676 176.842781 0.000000
1694223303058691105 176.783798 0.000000
1694223303147448107 177.116918 0.000000
1694223303414242813 177.298143 0.000000
1694223303502324377 177.176174 0.000000
1694223303681062866 177.082931 0.000000
1694223303946361500 177.278620 0.000000
1694223304123569841 177.090397 0.000000
1694223304301200764 177.020757 0.000000
1694223304390308318 177.039311 0.000000
1694223304656275404 177.225213 0.000000
1694223304656317978 177.331746 0.000000
1694223304833993044 177.069632 0.000000
1694223305279371332 177.851100 0.000000
1694223305367539816 177.634903 0.000000
1694223305367578301 177.901925 0.000000
1694223305456435908 177.106694 0.000000
1694223305545385429 176.871897 0.000000
1694223305545423117 177.114361 0.000000
1694223305634248358 177.203718 0.000000
1694223305722590014 177.192246 0.000000
1694223305770871275 177.270690 0.000000
1694223305811485872 177.241373 0.000000
1694223305899904709 177.310470 0.000000
1694223306166170463 177.200244 0.000000
1694223306166466507 176.755684 0.000000
1694223306254638975 176.819963 0.000000
1694223306520398897 177.081446 0.000000
1694223306658153644 177.248963 0.000000
1694223306964503297 177.355273 0.000000
1694223307053368571 176.970491 0.000000
1694223307320344061 177.129390 0.000000
1694223307497511239 177.165475 0.000000
1694223307586356855 177.132657 0.000000
1694223307675726357 176.972065 0.000000
1694223308030444183 177.374927 0.000000
1694223308030451585 177.106848 0.000000
1694223308030865879 176.988227 0.000000
1694223308119629831 177.058179 0.000000
1694223308296669719 177.036655 0.000000
1694223308385617187 176.839963 0.000000
1694223308474944305 176.856766 0.000000
1694223308651637430 177.255695 0.000000
1694223308652172230 176.915147 0.000000
1694223308829906378 177.193280 0.000000
1694223309007411002 177.347975 0.000000
1694223309095981003 177.134628 0.000000
1694223309096851349 176.895302 0.000000
1694223309362563927 176.805986 0.000000
1694223309628597683 177.271968 0.000000
1694223309629496760 177.042614 0.000000
1694223309983734369 177.278413 0.000000
1694223309984348574 177.008329 0.000000
1694223310162340602 177.118189 0.000000
1694223310338904282 177.270185 0.000000
1694223310340272807 177.221156 0.000000
1694223310429113735 177.176750 0.000000
1694223310429181177 177.124062 0.000000
1694223310567950110 177.159389 0.000000
1694223310606236620 177.085402 0.000000
1694223310783561438 177.320353 0.000000
1694223310785015522 177.505094 0.000000
1694223311140760612 177.494311 0.000000
1694223311318650472 177.217912 0.000000
1694223311404368889 177.207999 0.000000
1694223311585075419 177.074278 0.000000
1694223311670765707 177.467214 0.000000
1694223311762356613 177.276683 0.000000
1694223311762418267 177.271687 0.000000
1694223311849122958 177.352033 0.000000
1694223311940061563 177.700529 0.000000
1694223312028980230 177.171743 0.000000
1694223312115036778 177.207426 0.000000
1694223312168042562 177.305221 0.000000
1694223312345408886 177.018524 0.000000
1694223312384268516 177.605366 0.000000
1694223312562095887 177.158365 0.000000
1694223312651139201 177.252749 0.000000
1694223313092324599 177.294885 0.000000
1694223313272736872 177.305444 0.000000
1694223313272804931 177.064102 0.000000
1694223313536347329 177.141427 0.000000
1694223313538594489 177.041545 0.000000
1694223313805806186 177.018847 0.000000
1694223313893553846 177.171517 0.000000
1694223313982386813 177.087612 0.000000
1694223314159938396 177.003748 0.000000
1694223314248253643 177.006328 0.000000
1694223314248987701 176.877985 0.000000
1694223314389697680 177.366688 0.000000
1694223314515197089 177.015913 0.000000
1694223314870287038 177.695296 0.000000
1694223314958821670 177.210071 0.000000
1694223314958927151 177.125455 0.000000
1694223314960477644 177.061832 0.000000
1694223315367143748 177.177695 0.000000
1694223315544407361 177.261042 0.000000
1694223315846399684 177.305511 0.000000
1694223315935367806 177.218274 0.000000
1694223316024154786 176.836845 0.000000
1694223316113990152 176.885660 0.000000
1694223316201484387 177.409888 0.000000
1694223316290597973 177.553256 0.000000
1694223316379226239 176.959753 0.000000
1694223316556342718 177.179059 0.000000
1694223316557175545 177.265565 0.000000
1694223316557234117 177.224104 0.000000
1694223316646105881 177.044712 0.000000
1694223316699932854 177.289129 0.000000
1694223316822585501 177.342723 0.000000
1694223317055085224 177.330320 0.000000
1694223317534653358 177.115632 0.000000
1694223318067350594 176.978497 0.000000
1694223318421839919 177.220719 0.000000
1694223319132823959 177.268508 0.000000
1694223319454623612 177.328171 0.000000
1694223319576866734 177.166325 0.000000
1694223319843387231 176.972674 0.000000
1694223320520916524 177.170984 0.000000
1694223320520980076 177.323990 0.000000
1694223320553463700 177.230086 0.000000
1694223320998839448 177.090780 0.000000
1694223321176419190 177.652556 0.000000
1694223321176429674 177.073469 0.000000
1694223321265027109 177.330882 0.000000
1694223321265331026 177.041418 0.000000
1694223321442414908 177.244495 0.000000
1694223321531950811 177.102686 0.000000
1694223321620394629 177.253622 0.000000
1694223321975646769 177.451307 0.000000
1694223322064580051 176.967122 0.000000
1694223322119839198 177.128601 0.000000
1694223322242375450 177.323811 0.000000
1694223322330813275 177.101622 0.000000
1694223322331619049 176.979338 0.000000
1694223322508593609 176.928778 0.000000
1694223322864008926 177.559360 0.000000
1694223322952590339 177.352729 0.000000
1694223323130286051 177.549412 0.000000
1694223323218731740 177.191537 0.000000
1694223323308541832 177.282426 0.000000
1694223323396151741 176.955171 0.000000
1694223323396550750 176.807271 0.000000
1694223323484925550 177.234222 0.000000
1694223323573532579 177.223616 0.000000
1694223323573716356 176.749804 0.000000
1694223323840299810 177.182734 0.000000
1694223324017457881 176.960357 0.000000
1694223324106562393 176.917837 0.000000
1694223324194757866 177.215744 0.000000
1694223324251861373 177.111075 0.000000
1694223324283734416 177.204699 0.000000
1694223324460913810 177.296842 0.000000
1694223324550097972 176.989392 0.000000
1694223324638963191 176.851224 0.000000
1694223324905132517 176.874114 0.000000
1694223324994059075 176.854403 0.000000
1694223325171765683 176.902968 0.000000
1694223325407242561 177.239475 0.000000
1694223325526992755 177.054396 0.000000
1694223325704153020 177.154482 0.000000
1694223325883499702 177.027762 0.000000
1694223326238721837 176.973720 0.000000
1694223326503439918 177.421222 0.000000
1694223326505037439 177.175480 0.000000
1694223326505099568 177.172534 0.000000
1694223326769569544 177.226572 0.000000
1694223326771068226 177.053128 0.000000
1694223326858495924 177.158153 0.000000
1694223327035997216 177.108723 0.000000
1694223327037847866 177.081626 0.000000
1694223327037945348 177.131952 0.000000
1694223327124708902 177.109075 0.000000
1694223327302043338 177.350585 0.000000
1694223327393208482 177.166164 0.000000
1694223327570432111 177.117212 0.000000
1694223327718693848 177.378285 0.000000
1694223327747735841 176.923210 0.000000
1694223327807186736 176.985664 0.000000
1694223327984442900 177.251643 0.000000
1694223328102928319 177.378812 0.000000
1694223328280032696 177.099871 0.000000
1694223328458356836 177.032946 0.000000
1694223328724826818 176.946141 0.000000
1694223328901608560 177.310613 0.000000
1694223328902307667 176.943243 0.000000
1694223328990614503 177.250774 0.000000
1694223328991590930 177.335923 0.000000
1694223329050751012 177.295967 0.000000
1694223329583576284 177.224809 0.000000
1694223329612996810 177.199702 0.000000
1694223329701350456 177.178914 0.000000
1694223329701510232 176.992170 0.000000
1694223330056030212 176.901060 0.000000
1694223330057115457 177.358303 0.000000
1694223330233424644 177.391565 0.000000
1694223330233680138 177.168060 0.000000
1694223330500938132 177.128168 0.000000
1694223330589049706 177.468789 0.000000
1694223330589153963 177.447199 0.000000
1694223330678291162 176.924103 0.000000
1694223331211633207 177.341565 0.000000
1694223331388929518 177.283887 0.000000
1694223331478307017 177.182527 0.000000
1694223331566839973 177.256639 0.000000
1694223331655171183 177.366530 0.000000
1694223331744191663 177.010321 0.000000
1694223331744222640 177.181053 0.000000
1694223332010680177 177.099984 0.000000
1694223332099350247 177.290783 0.000000
1694223332188473712 176.955145 0.000000
1694223332276522240 177.008117 0.000000
1694223332543271583 177.268669 0.000000
1694223332543741081 176.927295 0.000000
1694223332543839971 176.885938 0.000000
1694223332606241281 177.345207 0.000000
1694223333050638523 177.376812 0.000000
1694223333164451695 176.914523 0.000000
1694223333164955026 176.720356 0.000000
1694223333608420518 177.170707 0.000000
1694223333609406797 177.234124 0.000000
1694223333697692709 177.476373 0.000000
1694223333963619909 176.862105 0.000000
1694223334053467336 177.177063 0.000000
1694223334294319738 177.098518 0.000000
1694223334471373089 177.046781 0.000000
1694223334496751957 177.134961 0.000000
1694223334764687187 177.271594 0.000000
1694223334764689728 177.169617 0.000000
1694223334853632078 177.054675 0.000000
1694223335386190440 177.070934 0.000000
1694223335564044623 176.995751 0.000000
1694223335830753346 176.934162 0.000000
1694223336097099824 177.280306 0.000000
1694223336097191498 177.120755 0.000000
1694223336275448533 176.997530 0.000000
1694223336363322627 177.329654 0.000000
1694223336425841639 177.186506 0.000000
1694223336452416647 177.097931 0.000000
1694223336540685673 177.156461 0.000000
1694223336540758217 177.019798 0.000000
1694223336718602128 176.974629 0.000000
1694223337162414730 177.296751 0.000000
1694223337162442910 177.319871 0.000000
1694223337252856300 177.031868 0.000000
1694223337252916410 177.187655 0.000000
1694223337608106469 176.939811 0.000000
1694223338051323210 177.075710 0.000000
1694223338140230023 177.195450 0.000000
1694223338228857310 177.454865 0.000000
1694223338380509732 177.341505 0.000000
1694223338407045010 176.962526 0.000000
1694223338495065351 177.212357 0.000000
1694223338939158458 177.240322 0.000000
1694223338939181772 177.197092 0.000000
1694223338940227880 177.569082 0.000000
1694223339205360514 177.008173 0.000000
1694223339205936479 177.141217 0.000000
1694223339206129538 176.779145 0.000000
1694223339294332174 177.139544 0.000000
1694223339471954892 176.984478 0.000000
1694223339471992640 176.848202 0.000000
1694223339472388145 177.259754 0.000000
1694223339738745160 177.062184 0.000000
1694223340005293108 176.969090 0.000000
1694223340094223508 177.464900 0.000000
1694223340272079546 177.338399 0.000000
1694223340272079571 177.186816 0.000000
1694223340360459383 177.397554 0.000000
1694223340538242209 177.069346 0.000000
1694223340715981519 177.190253 0.000000
1694223340716157203 177.355317 0.000000
1694223340804463631 177.325676 0.000000
1694223340893290435 177.251963 0.000000
1694223341160273183 177.516593 0.000000
1694223341426617522 177.276172 0.000000
1694223341491589246 177.818881 0.000000
1694223341604453790 177.267761 0.000000
1694223341605271652 177.093847 0.000000
1694223341692701430 177.178607 0.000000
1694223341935555499 177.161365 0.000000
1694223342314375827 177.359403 0.000000
1694223342403330961 177.278108 0.000000
1694223342580900547 176.923319 0.000000
1694223342670317732 177.427656 0.000000
1694223342935956268 177.074080 0.000000
1694223343024173896 176.817631 0.000000
1694223343113296994 176.984978 0.000000
1694223343113912069 176.859997 0.000000
1694223343734965336 177.500021 0.000000
1694223343823696161 177.140521 0.000000
1694223344091116030 177.133527 0.000000
1694223344356937859 177.005006 0.000000
1694223344357003176 177.400851 0.000000
1694223344534232812 177.223327 0.000000
1694223344622911412 177.145712 0.000000
1694223344623517798 177.025658 0.000000
1694223344800546115 176.912003 0.000000
1694223344978108219 177.184200 0.000000
1694223345422932029 177.365996 0.000000
1694223345689134662 177.463101 0.000000
1694223345689202530 177.167615 0.000000
1694223345689339368 177.251244 0.000000
1694223345866663080 177.499647 0.000000
1694223345866802344 177.430887 0.000000
1694223345867064253 177.722821 0.000000
1694223345955518391 177.148115 0.000000
1694223345956203064 177.331757 0.000000
1694223346400282950 177.203475 0.000000
1694223346577444882 177.149539 0.000000
1694223346666345817 177.114142 0.000000
1694223347199848570 177.021967 0.000000
1694223347377072822 176.982644 0.000000
1694223347465921068 177.121486 0.000000
1694223347554424103 177.346857 0.000000
1694223347643183904 176.941905 0.000000
1694223347910027166 177.228582 0.000000
1694223347998402914 177.060817 0.000000
1694223348069675958 177.235121 0.000000
1694223348087564200 176.954776 0.000000
1694223348175616132 177.208768 0.000000
1694223348265095929 177.182927 0.000000
1694223348353798222 176.748617 0.000000
1694223348441824200 176.866613 0.000000
1694223348441823172 177.196360 0.000000
1694223348707755334 176.990336 0.000000
1694223348708705453 176.871816 0.000000
1694223348869338470 177.350186 0.000000
1694223348885513238 177.252494 0.000000
1694223349048890629 177.230835 0.000000
1694223349062795204 177.279901 0.000000
1694223349151824842 177.298152 0.000000
1694223349240204966 176.922500 0.000000
1694223349240258957 177.389776 0.000000
1694223349329812382 177.624480 0.000000
1694223349417371291 177.110274 0.000000
1694223349581635266 177.256707 0.000000
1694223349684129008 176.733611 0.000000
1694223349685756242 177.181127 0.000000
1694223349685876728 177.238320 0.000000
1694223349772557342 177.275534 0.000000
1694223349774939306 177.312496 0.000000
1694223350128034928 177.671949 0.000000
1694223350217119280 177.102118 0.000000
1694223350305389105 177.312469 0.000000
1694223350305446689 177.468086 0.000000
1694223350396405954 177.321428 0.000000
1694223350484623113 177.176423 0.000000
1694223350647457876 177.166361 0.000000
1694223350662122102 177.029587 0.000000
1694223350749645568 177.201231 0.000000
1694223350839825480 177.144218 0.000000
1694223351194371159 176.998792 0.000000
1694223351372005817 177.344654 0.000000
1694223351638245255 177.321057 0.000000
1694223351727769029 176.880478 0.000000
1694223351816379331 177.053713 0.000000
1694223351980498907 177.200547 0.000000
1694223352171013442 177.300557 0.000000
1694223352171539851 177.243164 0.000000
1694223352348653643 177.327469 0.000000
1694223352424970441 177.334311 0.000000
1694223352437806730 177.228425 0.000000
1694223352513617705 177.149983 0.000000
1694223352704325963 177.324106 0.000000
1694223352779690983 177.242758 0.000000
1694223352881392760 177.165978 0.000000
1694223352970975517 177.028583 0.000000
1694223353148898997 177.248205 0.000000
1694223353148929117 177.345817 0.000000
1694223353236667668 177.336500 0.000000
1694223353415014736 177.371119 0.000000
1694223353415161172 176.805684 0.000000
1694223353503789719 177.116049 0.000000
1694223353592219713 177.054487 0.000000
1694223353592392930 177.181963 0.000000
1694223353947663327 177.078655 0.000000
1694223353947757947 177.294802 0.000000
1694223354379430476 177.034802 0.000000
1694223354480490126 176.925147 0.000000
1694223354480486152 177.284943 0.000000
1694223354747193258 177.406081 0.000000
1694223355090249285 177.309658 0.000000
1694223355191124890 176.956772 0.000000
1694223355280151001 177.405775 0.000000
1694223355724534955 177.452890 0.000000
1694223355813530690 176.815889 0.000000
1694223355813819878 176.690432 0.000000
1694223355902700472 177.551871 0.000000
1694223355992275405 177.578858 0.000000
1694223355992301430 177.251457 0.000000
1694223356080148433 177.376168 0.000000
1694223356347328540 177.123043 0.000000
1694223356347343650 177.306189 0.000000
1694223356423553964 177.490547 0.000000
1694223356614044190 177.120520 0.000000
1694223356880175543 177.033802 0.000000
1694223357147094373 176.973645 0.000000
1694223357147126759 177.138689 0.000000
1694223357324888009 176.962508 0.000000
1694223357413380077 177.425397 0.000000
1694223357679203427 177.153229 0.000000
1694223357856801035 177.081428 0.000000
1694223358034178614 177.020338 0.000000
1694223358212404509 177.041090 0.000000
1694223358389957205 176.982585 0.000000
1694223358567613822 176.801544 0.000000
1694223358922884583 177.196713 0.000000
1694223358923208636 176.968372 0.000000
1694223359011909445 177.305532 0.000000
1694223359189841242 177.327727 0.000000
1694223359278144095 177.172223 0.000000
1694223359278556383 176.847373 0.000000
1694223359456030346 177.078834 0.000000
1694223359456063623 177.212579 0.000000
1694223359544943927 177.466694 0.000000
1694223359633407680 177.341626 0.000000
1694223359810941429 177.347822 0.000000
1694223359899871159 177.616262 0.000000
1694223359899977486 176.728914 0.000000
1694223360077257590 177.376428 0.000000
1694223360077278815 177.334205 0.000000
1694223360077844770 177.227762 0.000000
1694223360166380319 176.932408 0.000000
1694223360343529401 176.984946 0.000000
1694223360433277199 177.062332 0.000000
1694223360609706874 176.771019 0.000000
1694223360699243747 177.530826 0.000000
1694223361231455936 177.381627 0.000000
1694223361321038792 176.829213 0.000000
1694223361498746612 176.975653 0.000000
1694223361676003203 177.254771 0.000000
1694223361676074649 177.287387 0.000000
1694223361676480678 176.820171 0.000000
1694223361754646684 177.255056 0.000000
1694223361754668324 177.213576 0.000000
1694223361853928247 176.947526 0.000000
1694223362208753161 177.453794 0.000000
1694223362208767805 177.405682 0.000000
1694223362209197785 176.732496 0.000000
1694223362387322359 177.416006 0.000000
1694223362475285062 177.439766 0.000000
1694223362652639869 177.315059 0.000000
1694223362653075822 176.616059 0.000000
1694223362830611585 177.040877 0.000000
1694223363363335436 176.994143 0.000000
1694223363540721284 177.312112 0.000000
1694223363629871145 177.602326 0.000000
1694223363718805569 177.272166 0.000000
1694223364251849430 176.756657 0.000000
1694223364332809812 177.177109 0.000000
1694223364340384237 177.450856 0.000000
1694223364340417349 177.556581 0.000000
1694223364518483270 177.433181 0.000000
1694223364606403831 177.139799 0.000000
1694223364695409562 177.037816 0.000000
1694223364784176956 177.054689 0.000000
1694223364784201202 176.729398 0.000000
1694223365050324497 177.250509 0.000000
1694223365229008919 177.318291 0.000000
1694223365229095270 177.274249 0.000000
1694223365494714894 177.525429 0.000000
1694223365585208052 177.024606 0.000000
1694223365762448065 176.936818 0.000000
1694223366294892067 177.079498 0.000000
1694223366560878041 177.420478 0.000000
1694223366560982574 177.489768 0.000000
1694223366732427124 177.172511 0.000000
1694223366827709718 177.071194 0.000000
1694223366827782637 177.886438 0.000000
1694223366916560208 177.257884 0.000000
1694223366916942632 176.836325 0.000000
1694223367005519700 177.175287 0.000000
1694223367449430980 177.063497 0.000000
1694223367626617200 177.183103 0.000000
1694223367893879442 177.068728 0.000000
1694223367982909560 177.058810 0.000000
1694223368071771581 177.478202 0.000000
1694223368160140735 177.228303 0.000000
1694223368160584036 177.086764 0.000000
1694223368249238884 177.379058 0.000000
1694223368332902171 177.396266 0.000000
1694223368337584145 177.185981 0.000000
1694223368425820423 177.109728 0.000000
1694223368426586755 176.927173 0.000000
1694223368515906282 176.984097 0.000000
1694223368693455365 176.931052 0.000000
1694223369047858037 177.437219 0.000000
1694223369225102539 177.034234 0.000000
1694223369313884324 177.096109 0.000000
1694223369315504270 176.834490 0.000000
1694223369846493031 177.164305 0.000000
1694223370291302425 178.309666 0.000000
1694223370469701936 177.299083 0.000000
1694223370558990005 177.475303 0.000000
1694223370913572319 177.341021 0.000000
1694223370913575496 177.222776 0.000000
1694223371183001391 179.996102 0.000000
1694223371360801336 177.445651 0.000000
1694223371538105556 176.974874 0.000000
1694223371627331707 176.901098 0.000000
1694223371717230338 177.102171 0.000000
1694223371805041263 177.497087 0.000000
1694223371893373123 177.197782 0.000000
1694223372248924408 177.137279 0.000000
1694223372249311287 177.013977 0.000000
1694223372516267884 177.018963 0.000000
1694223372692705165 177.079894 0.000000
1694223372693505445 177.096123 0.000000
1694223372870302708 176.914139 0.000000
1694223372871114715 176.760938 0.000000
1694223372959264417 177.319742 0.000000
1694223372959519454 176.822547 0.000000
1694223372960247021 176.977407 0.000000
1694223373049156274 177.088989 0.000000
1694223373403802758 176.966284 0.000000
1694223373404100690 177.199967 0.000000
1694223373492810422 177.118199 0.000000
1694223373581400281 176.879003 0.000000
1694223373669816868 177.242681 0.000000
1694223373758840844 176.987830 0.000000
1694223373937229855 177.404844 0.000000
1694223374025849840 177.264733 0.000000
1694223374025853914 177.890837 0.000000
1694223374114140975 177.179429 0.000000
1694223374114165171 177.230773 0.000000
1694223374292619344 177.293305 0.000000
1694223374380846994 176.667057 0.000000
1694223374381061378 176.595440 0.000000
1694223374557908616 177.249583 0.000000
1694223374735258924 177.042980 0.000000
1694223374735767025 176.889578 0.000000
1694223375179661430 176.974535 0.000000
1694223375179885942 176.884461 0.000000
1694223375357835798 177.066028 0.000000
1694223375979775740 176.875270 0.000000
1694223376068259633 177.276179 0.000000
1694223376157262822 177.030080 0.000000
1694223376690319079 177.195897 0.000000
1694223376691278965 177.326701 0.000000
1694223376691444094 177.453847 0.000000
1694223376958089294 176.899483 0.000000
1694223377135017225 177.229919 0.000000
1694223377223926002 177.178002 0.000000
1694223377490668890 177.689841 0.000000
1694223377579416106 177.322620 0.000000
1694223377846298436 176.867305 0.000000
1694223377934804149 177.263943 0.000000
1694223378200940352 177.159157 0.000000
1694223378201005959 177.386205 0.000000
1694223378378671334 177.080390 0.000000
1694223378556120744 177.248048 0.000000
1694223378645161423 176.964136 0.000000
1694223378734078026 177.299668 0.000000
1694223378734720328 177.020579 0.000000
1694223378911189649 177.101435 0.000000
1694223379266583731 177.405091 0.000000
1694223379266665481 177.566025 0.000000
1694223379355377025 176.824252 0.000000
1694223379533296270 176.752508 0.000000
1694223379710343250 177.156138 0.000000
1694223379976791120 177.208666 0.000000
1694223379977186453 176.795510 0.000000
1694223380065275773 177.334466 0.000000
1694223380154435660 177.486864 0.000000
1694223380154713691 176.935738 0.000000
1694223380510131921 176.995836 0.000000
1694223380687178137 176.982478 0.000000
1694223380776303755 176.928920 0.000000
1694223380865485805 176.851353 0.000000
1694223380865536182 177.359634 0.000000
1694223381309330804 177.160044 0.000000
1694223381309371860 177.077236 0.000000
1694223381310001017 176.817777 0.000000
1694223381575972037 177.234450 0.000000
1694223381665004420 177.067508 0.000000
1694223382375453147 177.300695 0.000000
1694223382730690077 176.580549 0.000000
1694223382908374177 177.656270 0.000000
1694223382908436732 177.684476 0.000000
1694223382908479737 177.411036 0.000000
1694223382997278118 176.972485 0.000000
1694223383263378901 177.151233 0.000000
1694223383530123057 177.312204 0.000000
1694223383708488657 177.602998 0.000000
1694223383796587614 177.368563 0.000000
1694223383885707075 176.781763 0.000000
1694223383974574837 177.103153 0.000000
1694223384151931526 177.044052 0.000000
1694223384506808212 177.278907 0.000000
1694223384595791196 177.333877 0.000000
1694223384685201546 176.785542 0.000000
1694223384862329768 176.848211 0.000000
1694223384950855120 177.433249 0.000000
1694223385128065572 177.140911 0.000000
1694223385128134337 176.862114 0.000000
1694223385128160217 177.182513 0.000000
1694223385305331282 177.192584 0.000000
1694223385395573961 177.005222 0.000000
1694223385483149257 177.380177 0.000000
1694223385483263127 176.862900 0.000000
1694223385572253930 177.177595 0.000000
1694223385572627518 177.314725 0.000000
1694223385660597399 177.516501 0.000000
1694223385661260811 178.203462 0.000000
1694223385749639055 176.938056 0.000000
1694223385838438188 177.769148 0.000000
1694223385838998571 176.888847 0.000000
1694223385927418038 177.139752 0.000000
1694223386015974594 177.660629 0.000000
1694223386016199712 176.963806 0.000000
1694223386282998231 178.068791 0.000000
1694223386371832774 177.124344 0.000000
1694223386637964431 177.293262 0.000000
1694223386727240148 176.650523 0.000000
1694223386905095643 177.227199 0.000000
1694223387082773154 177.380075 0.000000
1694223387438175272 177.367958 0.000000
1694223387438247480 177.510133 0.000000
1694223387615975058 177.292984 0.000000
1694223387793163809 177.220691 0.000000
1694223387881966368 177.135712 0.000000
1694223388237187842 176.671568 0.000000
1694223388326395550 177.087494 0.000000
1694223388415142468 177.192630 0.000000
1694223388415197180 176.750046 0.000000
1694223388592264482 177.119864 0.000000
1694223388770068646 177.405704 0.000000
1694223388770434000 176.896491 0.000000
1694223388858740730 177.475180 0.000000
1694223389036049952 177.307242 0.000000
1694223389214063758 177.056207 0.000000
1694223389569352715 177.630202 0.000000
1694223389657877798 177.109390 0.000000
1694223389836292866 176.925912 0.000000
1694223389925048010 176.898173 0.000000
1694223390280541309 177.353301 0.000000
1694223390369380172 177.334417 0.000000
1694223390635765167 177.197720 0.000000
1694223390724530582 176.940533 0.000000
1694223390813360920 176.756362 0.000000
1694223390990400588 177.037899 0.000000
1694223391167852040 177.025612 0.000000
1694223391257889899 177.036353 0.000000
1694223391345206630 177.213351 0.000000
1694223391345282711 177.413336 0.000000
1694223391701159696 177.130074 0.000000
1694223391701700147 177.109702 0.000000
1694223391879355061 176.980603 0.000000
1694223391967114040 177.310110 0.000000
1694223391968307514 176.989319 0.000000
1694223392145477635 177.301110 0.000000
1694223392589842631 177.129399 0.000000
1694223392856275827 176.794783 0.000000
1694223393033374662 176.999574 0.000000
1694223393123554303 177.531238 0.000000
1694223393211982479 177.188694 0.000000
1694223393299580320 177.260611 0.000000
1694223393389933929 176.985852 0.000000
1694223393389962771 176.928308 0.000000
1694223393655275930 176.956509 0.000000
1694223393743456479 177.222637 0.000000
1694223393832326006 177.192167 0.000000
1694223393921547961 176.860441 0.000000
1694223393921671332 176.726083 0.000000
1694223394543297016 176.886855 0.000000
1694223394543299512 177.190060 0.000000
1694223394632238000 177.038437 0.000000
1694223394632272094 176.952232 0.000000
1694223394632369220 176.805436 0.000000
1694223394721002012 176.827893 0.000000
1694223394809926624 176.804414 0.000000
1694223395253891701 177.135109 0.000000
1694223395343010616 176.984648 0.000000
1694223395520585434 177.194234 0.000000
1694223395698286917 177.072040 0.000000
1694223395964369930 177.171836 0.000000
1694223395964952258 176.774082 0.000000
1694223396053367036 176.999039 0.000000
1694223396053617172 176.923674 0.000000
1694223396054349088 177.367961 0.000000
1694223396142280359 176.706080 0.000000
1694223396763290498 177.096229 0.000000
1694223396941034506 177.283643 0.000000
1694223397029553834 176.942694 0.000000
1694223397209724596 177.092163 0.000000
1694223397386885054 177.158554 0.000000
1694223397565774954 177.366395 0.000000
1694223397565795346 177.509472 0.000000
1694223397651737643 177.262585 0.000000
1694223397917905415 176.974847 0.000000
1694223397917944961 177.126680 0.000000
1694223397919165287 176.896835 0.000000
1694223397920501983 176.871131 0.000000
1694223397920556816 177.202025 0.000000
1694223398097937734 176.954714 0.000000
1694223398272433024 176.888214 0.000000
1694223398275203948 177.261282 0.000000
1694223398361761527 177.148505 0.000000
1694223398452533455 177.150091 0.000000
1694223398539071557 176.895943 0.000000
1694223398718849552 177.068148 0.000000
1694223398807696050 177.193186 0.000000
1694223398983201236 177.364902 0.000000
1694223399072021958 177.158988 0.000000
1694223399073944244 177.320879 0.000000
1694223399162502513 177.069992 0.000000
1694223399428664521 177.110507 0.000000
1694223399693837570 176.938988 0.000000
1694223399871645973 177.164041 0.000000
1694223399871742488 177.111669 0.000000
1694223399871904449 176.855198 0.000000
1694223399960330656 177.176193 0.000000
1694223399960366955 177.604212 0.000000
1694223400227521002 177.191883 0.000000
1694223400670875461 177.097277 0.000000
1694223400670902599 177.171479 0.000000
1694223401026893461 177.128615 0.000000
1694223401115129441 177.248908 0.000000
1694223401204384860 177.166619 0.000000
1694223401293468679 177.104038 0.000000
1694223401382497997 177.126139 0.000000
1694223401470483826 177.048569 0.000000
1694223401470532860 176.958269 0.000000
1694223401471641540 177.307200 0.000000
1694223401647739346 176.982456 0.000000
1694223401736874269 176.784075 0.000000
1694223402003182779 177.361344 0.000000
1694223402003341051 176.988633 0.000000
1694223402091630562 177.155794 0.000000
1694223402268874003 176.989662 0.000000
1694223402446105357 177.229243 0.000000
1694223402447110251 176.658949 0.000000
1694223402535830853 176.811626 0.000000
1694223402801198473 176.931407 0.000000
1694223402802099731 176.815232 0.000000
1694223402890037471 177.125693 0.000000
1694223402978961527 176.996122 0.000000
1694223403157417800 177.444984 0.000000
1694223403245845025 176.964322 0.000000
1694223403422865662 177.286279 0.000000
1694223403423250631 176.753772 0.000000
1694223403778465333 177.333059 0.000000
1694223403956132102 177.132263 0.000000
1694223404133296934 177.039671 0.000000
1694223404311054535 177.257850 0.000000
1694223404488174960 176.956439 0.000000
1694223404666095197 177.361223 0.000000
1694223405110320718 176.955277 0.000000
1694223405288398543 177.202601 0.000000
1694223405288749303 177.254657 0.000000
1694223405377137672 176.990901 0.000000
1694223405554299536 177.384726 0.000000
1694223405731687908 177.383325 0.000000
1694223405733093047 177.191398 0.000000
1694223405821093101 176.983786 0.000000
1694223405999125899 176.823784 0.000000
1694223406176996284 177.185759 0.000000
1694223406177103939 177.326356 0.000000
1694223406177188345 177.377635 0.000000
1694223406265499169 177.309306 0.000000
1694223406532299926 177.285130 0.000000
1694223406888365295 176.968722 0.000000
1694223407598459864 177.356735 0.000000
1694223407598834058 177.017246 0.000000
1694223407598858184 176.959136 0.000000
1694223407776371589 177.532309 0.000000
1694223407864957377 177.115454 0.000000
1694223407953264610 176.754489 0.000000
1694223408308854314 176.644016 0.000000
1694223408486327409 177.106347 0.000000
1694223408486736274 176.959075 0.000000
1694223408575274935 176.777609 0.000000
1694223408664074002 177.167076 0.000000
1694223408841958747 177.725621 0.000000
1694223409019416588 177.490743 0.000000
1694223409108543846 177.220822 0.000000
1694223409286039198 177.266204 0.000000
1694223409552346764 177.216553 0.000000
1694223409729700851 177.350479 0.000000
1694223409818684681 177.306647 0.000000
1694223409907743889 177.005337 0.000000
1694223409908582382 177.204811 0.000000
1694223410086243700 176.949649 0.000000
1694223410262797499 177.264695 0.000000
1694223410351696728 177.145999 0.000000
1694223410617809346 177.220701 0.000000
1694223410617884055 176.951585 0.000000
1694223410706847349 177.112336 0.000000
1694223410884228131 177.110358 0.000000
1694223410884252949 177.368533 0.000000
1694223410973916634 177.172593 0.000000
1694223411062367784 177.351782 0.000000
1694223411239671436 177.225010 0.000000
1694223411328307433 177.159475 0.000000
1694223411329010290 176.886812 0.000000
1694223411417760690 176.888218 0.000000
1694223411506220927 177.009329 0.000000
1694223411594586585 177.378104 0.000000
1694223411594655516 177.389555 0.000000
1694223412038811023 176.952420 0.000000
1694223412216551641 177.306739 0.000000
1694223412305535881 177.050544 0.000000
1694223412305684020 176.919149 0.000000
1694223412586563025 190.957147 0.000000
1694223412586594202 191.515727 0.000000
1694223412763803556 177.193679 0.000000
1694223412763908745 177.215044 0.000000
1694223412852975327 177.019035 0.000000
1694223413030460928 177.449146 0.000000
1694223413030708704 177.025081 0.000000
1694223413030697788 177.077954 0.000000
1694223413030761491 176.863807 0.000000
1694223413207986452 177.126000 0.000000
1694223413297001331 177.453657 0.000000
1694223413385604880 177.026062 0.000000
1694223413830114171 177.047518 0.000000
1694223414096591886 177.211102 0.000000
1694223414096903675 176.859195 0.000000
1694223414185408771 177.024342 0.000000
1694223414362883471 177.302194 0.000000
1694223414362954501 176.972694 0.000000
1694223414363336042 177.159924 0.000000
1694223414540232023 177.340162 0.000000
1694223414629990857 177.192708 0.000000
1694223414984449887 177.173546 0.000000
1694223414985074097 176.950873 0.000000
1694223415073220459 177.071079 0.000000
1694223415162633823 176.928159 0.000000
1694223415517748383 177.488198 0.000000
1694223415517879036 177.033086 0.000000
1694223415606609014 176.910009 0.000000
1694223415695587197 177.910816 0.000000
1694223415872628730 177.021922 0.000000
1694223415962496379 177.293798 0.000000
1694223416139722877 177.259479 0.000000
1694223416405800684 177.057383 0.000000
1694223416495241399 177.511292 0.000000
1694223416761394937 176.633192 0.000000
1694223416849307352 177.036956 0.000000
1694223416849380728 176.780991 0.000000
1694223417027148194 177.170189 0.000000
1694223417649813347 177.543125 0.000000
1694223417651101119 177.697244 0.000000
1694223417917261880 177.239846 0.000000
1694223418360596701 177.112429 0.000000
1694223418360913332 176.780123 0.000000
1694223418449997984 177.180886 0.000000
1694223418538643488 177.353000 0.000000
1694223418538677307 177.198371 0.000000
1694223418716889228 177.448563 0.000000
1694223418893710704 177.264855 0.000000
1694223418893802427 177.311389 0.000000
1694223418983498792 177.450126 0.000000
1694223419071492191 177.151980 0.000000
1694223419071561863 176.765102 0.000000
1694223419159928847 177.256210 0.000000
1694223419248924013 177.358466 0.000000
1694223419248985120 177.235711 0.000000
1694223419426350278 177.289963 0.000000
1694223419515532581 176.917520 0.000000
1694223419871184195 177.132130 0.000000
1694223420048774071 177.196527 0.000000
1694223420225986670 177.208995 0.000000
1694223420314907243 177.306188 0.000000
1694223420315189704 176.710609 0.000000
1694223420403346062 177.127944 0.000000
1694223420492896799 176.824289 0.000000
1694223420580943453 177.195758 0.000000
1694223420847478901 176.930084 0.000000
1694223421202792250 177.819993 0.000000
1694223421203628934 177.128742 0.000000
1694223421469781701 177.326555 0.000000
1694223421558612783 177.038835 0.000000
1694223421825241588 177.463562 0.000000
1694223421914129862 177.069714 0.000000
1694223422002380700 176.779977 0.000000
1694223422092160403 177.128936 0.000000
1694223422092333966 177.165009 0.000000
1694223422180488595 176.830834 0.000000
1694223422269248056 176.907304 0.000000
1694223422357654146 177.159036 0.000000
1694223422446956364 177.212692 0.000000
1694223422535231829 177.635843 0.000000
1694223422624348815 176.926258 0.000000
1694223423245763216 177.117124 0.000000
1694223423246695145 177.368964 0.000000
1694223423423603919 177.248061 0.000000
1694223423423668208 176.943183 0.000000
1694223423423849554 176.908749 0.000000
1694223423512056099 177.364587 0.000000
1694223423601476958 177.012445 0.000000
1694223423689378162 176.987265 0.000000
1694223423689746407 177.214323 0.000000
1694223423689824804 177.295461 0.000000
1694223423868125630 177.082671 0.000000
1694223423955887148 177.150281 0.000000
1694223423955969479 176.947922 0.000000
1694223424045257708 177.116046 0.000000
1694223424222170972 177.402977 0.000000
1694223424400870399 177.172175 0.000000
1694223424578008391 177.342201 0.000000
1694223424578043392 177.327412 0.000000
1694223424667418392 177.575814 0.000000
1694223424932840531 177.195074 0.000000
1694223425110073158 176.986826 0.000000
1694223425111011302 176.813318 0.000000
1694223425111475971 177.098161 0.000000
1694223425288602488 177.715310 0.000000
1694223425377183620 177.221394 0.000000
1694223425555032495 177.220862 0.000000
1694223425821282110 177.016925 0.000000
1694223425909335843 177.223932 0.000000
1694223426087261071 176.797929 0.000000
1694223426265150253 177.237885 0.000000
1694223426442491647 177.200992 0.000000
1694223426531734613 177.689819 0.000000
1694223426531992297 176.995380 0.000000
1694223426797754102 177.252169 0.000000
1694223426797826355 177.150042 0.000000
1694223426887093712 176.856407 0.000000
1694223426976043648 176.829369 0.000000
1694223427152798150 177.132820 0.000000
1694223427330406391 177.082566 0.000000
1694223427330473928 176.932878 0.000000
1694223427331102162 176.858445 0.000000
1694223427686450500 177.179431 0.000000
1694223427953117046 177.324218 0.000000
1694223428041995885 176.909172 0.000000
1694223428130174469 177.153746 0.000000
1694223428130925388 176.908091 0.000000
1694223428219648181 176.900535 0.000000
1694223428396939108 177.180250 0.000000
1694223428396969388 177.135291 0.000000
1694223428397223975 176.733317 0.000000
1694223428397405922 176.753163 0.000000
1694223428930042339 177.111838 0.000000
1694223429018237592 177.310304 0.000000
1694223429107341870 176.861088 0.000000
1694223429195928551 176.872859 0.000000
1694223429373225935 177.303798 0.000000
1694223429552064368 177.507923 0.000000
1694223429639340785 177.232912 0.000000
1694223429640544977 176.967717 0.000000
1694223429640598070 177.085109 0.000000
1694223429818447489 176.991235 0.000000
1694223429907795277 177.314103 0.000000
