1693775089953318083 144.731513 0.000000
1693775090098366362 145.127613 0.000000
1693775090099679732 145.368889 0.000000
1693775090225048054 145.389785 0.000000
1693775090316529608 145.205120 0.000000
1693775090391001774 145.199429 0.000000
1693775090443380140 145.446901 0.000000
1693775090609426942 145.124844 0.000000
1693775090900217486 144.980403 0.000000
1693775090953047563 145.220584 0.000000
1693775090971369393 145.073431 0.000000
1693775091191543713 145.125592 0.000000
1693775091264019039 145.193246 0.000000
1693775091335059187 145.262258 0.000000
1693775091409787680 145.161941 0.000000
1693775091555074936 145.272562 0.000000
1693775091625942519 145.158067 0.000000
1693775091628079409 145.153241 0.000000
1693775091700546609 145.011196 0.000000
1693775091773558468 144.620182 0.000000
1693775091811398443 145.181671 0.000000
1693775091827300191 145.244260 0.000000
1693775091844150089 145.272181 0.000000
1693775092064390064 145.074772 0.000000
1693775092137105368 144.811413 0.000000
1693775092137150458 145.151249 0.000000
1693775092165810977 145.038637 0.000000
1693775092207850229 145.042742 0.000000
1693775092281914797 144.803811 0.000000
1693775092355172193 144.903187 0.000000
1693775092427107563 145.189568 0.000000
1693775092427963519 145.153940 0.000000
1693775092500305816 145.128902 0.000000
1693775092612168033 145.430945 0.000000
1693775092675149044 145.340323 0.000000
1693775092936030950 144.989192 0.000000
1693775093227145281 145.148759 0.000000
1693775093299906176 145.220279 0.000000
1693775093430221868 145.338734 0.000000
1693775093559240675 145.227105 0.000000
1693775093704597583 145.350112 0.000000
1693775093736988671 144.798699 0.000000
1693775093882334177 145.057302 0.000000
1693775093985560992 145.160984 0.000000
1693775094028357500 145.018249 0.000000
1693775094276614842 145.225691 0.000000
1693775094391800972 145.345992 0.000000
1693775094391834861 145.328581 0.000000
1693775094537811656 145.506571 0.000000
1693775094651727647 145.261317 0.000000
1693775094755807826 145.208637 0.000000
1693775094828587124 145.095865 0.000000
1693775094974615620 145.133313 0.000000
1693775095047065486 145.458152 0.000000
1693775095192627309 145.017010 0.000000
1693775095265173715 145.311326 0.000000
1693775095410626341 144.897374 0.000000
1693775095483135345 145.078645 0.000000
1693775095879100667 145.281422 0.000000
1693775095993025744 144.910860 0.000000
1693775095993091772 145.169141 0.000000
1693775096053818442 145.286698 0.000000
1693775096211465832 144.900546 0.000000
1693775096211491782 145.083576 0.000000
1693775096574946615 144.892693 0.000000
1693775096720468635 144.931231 0.000000
1693775096782338857 145.449453 0.000000
1693775096793302420 145.125242 0.000000
1693775096865578022 145.201623 0.000000
1693775097012059911 145.378166 0.000000
1693775097084130826 145.227024 0.000000
1693775097157272613 144.717530 0.000000
1693775097302675237 144.976303 0.000000
1693775097510961133 145.385555 0.000000
1693775097520577076 145.751149 0.000000
1693775097553603678 145.237405 0.000000
1693775097729244617 145.417770 0.000000
1693775097771567193 145.150445 0.000000
1693775097884525339 145.255506 0.000000
1693775097884870767 145.106259 0.000000
1693775098150097872 145.420962 0.000000
1693775098538909620 144.993427 0.000000
1693775098612750804 145.005304 0.000000
1693775098936919883 145.239826 0.000000
1693775098975606014 145.478150 0.000000
1693775098975647561 144.724381 0.000000
1693775098975937260 144.729859 0.000000
1693775099047796427 144.676790 0.000000
1693775099338863439 144.834111 0.000000
1693775099702689142 145.170560 0.000000
1693775099702722780 145.219034 0.000000
1693775099754127306 145.398780 0.000000
1693775099775586049 144.693219 0.000000
1693775099847806573 145.080951 0.000000
1693775099956279732 145.299064 0.000000
1693775100284535693 144.785152 0.000000
1693775100320140610 145.159661 0.000000
1693775100357222349 144.913405 0.000000
1693775100431695999 145.876203 0.000000
1693775100431739159 145.929328 0.000000
1693775100701998252 145.389022 0.000000
1693775100789650728 145.322768 0.000000
1693775100829589428 145.182281 0.000000
1693775100866550742 145.186410 0.000000
1693775100940380618 144.706674 0.000000
1693775100974927190 145.333341 0.000000
1693775101013724420 145.412001 0.000000
1693775101085945229 145.011741 0.000000
1693775101266196862 145.241888 0.000000
1693775101371926699 145.192410 0.000000
1693775101376222001 145.208728 0.000000
1693775101521017462 144.791207 0.000000
1693775101521709372 145.523229 0.000000
1693775101590043737 145.313763 0.000000
1693775101885643450 144.850907 0.000000
1693775101958976156 145.004709 0.000000
1693775102032138366 145.506797 0.000000
1693775102175859131 145.256407 0.000000
1693775102321184963 145.318675 0.000000
1693775102322569558 144.774901 0.000000
1693775102524246116 145.355004 0.000000
1693775102540461245 145.107151 0.000000
1693775102613329652 144.949160 0.000000
1693775102742653333 145.435295 0.000000
1693775102831203242 145.596094 0.000000
1693775102832260627 145.115181 0.000000
1693775102832768168 145.084765 0.000000
1693775102868222466 145.268215 0.000000
1693775102905014746 145.221371 0.000000
1693775103034091617 145.468124 0.000000
1693775103049932822 144.911085 0.000000
1693775103268116081 145.280444 0.000000
1693775103450422538 145.123814 0.000000
1693775103558933215 145.118489 0.000000
1693775103558973223 145.217524 0.000000
1693775103560547319 145.109032 0.000000
1693775103706016904 144.793297 0.000000
1693775103851175154 145.084232 0.000000
1693775103908570717 145.211425 0.000000
1693775104031939917 145.171868 0.000000
1693775104141797124 145.090556 0.000000
1693775104141904168 145.110853 0.000000
1693775104286629192 144.827587 0.000000
1693775104359674961 144.708670 0.000000
1693775104432444696 144.948617 0.000000
1693775104433068422 145.511276 0.000000
1693775104433072261 145.430448 0.000000
1693775104687154757 145.239090 0.000000
1693775104759882530 145.157163 0.000000
1693775104941861974 145.180271 0.000000
1693775104943661600 145.083160 0.000000
1693775105016128531 144.796179 0.000000
1693775105161202802 145.069870 0.000000
1693775105293903659 145.409191 0.000000
1693775105307017899 145.698822 0.000000
1693775105452014735 145.097825 0.000000
1693775106107449984 145.012140 0.000000
1693775106215745342 145.276790 0.000000
1693775106252747416 145.442063 0.000000
1693775106253220221 145.234927 0.000000
1693775106325246025 145.118291 0.000000
1693775106325500141 144.787497 0.000000
1693775106326187621 144.861699 0.000000
1693775106398155000 145.146491 0.000000
1693775106433922979 145.260493 0.000000
1693775106471091855 144.898831 0.000000
1693775106543447479 145.290479 0.000000
1693775106689330200 145.231006 0.000000
1693775106907547062 144.997211 0.000000
1693775106908055766 145.045888 0.000000
1693775106981158220 144.767920 0.000000
1693775107234964017 145.188276 0.000000
1693775107235040185 145.325691 0.000000
1693775107263533631 145.419786 0.000000
1693775107490381863 145.030121 0.000000
1693775107636533368 145.032558 0.000000
1693775107708909058 144.941802 0.000000
1693775107744619014 145.310898 0.000000
1693775108071626787 144.963934 0.000000
1693775108364124572 145.043774 0.000000
1693775108437474141 145.513887 0.000000
1693775108654542548 145.128306 0.000000
1693775108654604041 145.195512 0.000000
1693775108654645999 145.196154 0.000000
1693775108655090117 144.799215 0.000000
1693775108721943882 145.235526 0.000000
1693775108800996624 144.784572 0.000000
1693775108867332027 145.386377 0.000000
1693775109018811784 144.881197 0.000000
1693775109091617126 145.375675 0.000000
1693775109092489250 145.790891 0.000000
1693775109158696481 145.382546 0.000000
1693775109164623990 145.375756 0.000000
1693775109345651087 145.265630 0.000000
1693775109377153989 145.448269 0.000000
1693775109382179584 145.054633 0.000000
1693775109418338722 145.243197 0.000000
1693775109673877653 145.645283 0.000000
1693775109892812323 144.895531 0.000000
1693775110038824384 145.083150 0.000000
1693775110073709253 145.295735 0.000000
1693775110329261507 145.037145 0.000000
1693775110401384874 145.025050 0.000000
1693775110401440153 145.145316 0.000000
1693775110474294391 145.089355 0.000000
1693775110692594563 145.334481 0.000000
1693775110693717846 144.781755 0.000000
1693775110762347561 145.441262 0.000000
1693775111020373007 145.145541 0.000000
1693775111199170324 145.188002 0.000000
1693775111203006298 144.880671 0.000000
1693775111203065255 145.253027 0.000000
1693775111276138186 145.158642 0.000000
1693775111276176596 145.504030 0.000000
1693775111349112067 145.102887 0.000000
1693775111419952426 145.211705 0.000000
1693775111640347475 144.926246 0.000000
1693775111711994128 145.118182 0.000000
1693775111820926840 145.258558 0.000000
1693775111857144595 145.053076 0.000000
1693775111931245658 145.107868 0.000000
1693775112003416807 145.274566 0.000000
1693775112003504486 144.743686 0.000000
1693775112219782845 145.275674 0.000000
1693775112221280760 144.882514 0.000000
1693775112221327453 145.076119 0.000000
1693775112330255901 145.233049 0.000000
1693775112621177897 145.208394 0.000000
1693775112803757741 144.856456 0.000000
1693775112803835878 144.689188 0.000000
1693775112875934036 144.875081 0.000000
1693775112949556837 144.712769 0.000000
1693775113022664581 145.172355 0.000000
1693775113385567865 145.241862 0.000000
1693775113458935027 145.248891 0.000000
1693775113604134243 145.051147 0.000000
1693775113749625407 144.954356 0.000000
1693775113750327967 144.955804 0.000000
1693775113823154481 144.812147 0.000000
1693775114040559991 145.010446 0.000000
1693775114040632434 145.072060 0.000000
1693775114258980989 144.964491 0.000000
1693775114259099139 144.982373 0.000000
1693775114259479058 145.250657 0.000000
1693775114405266217 145.070472 0.000000
1693775114440916867 145.210965 0.000000
1693775114477208469 145.372354 0.000000
1693775114477282972 145.461957 0.000000
1693775114477717448 144.748488 0.000000
1693775114550699247 144.865129 0.000000
1693775114622604990 144.883332 0.000000
1693775114622612201 145.399137 0.000000
1693775114623555070 145.031351 0.000000
1693775114768814144 144.701844 0.000000
1693775115060327548 144.992453 0.000000
1693775115132644603 145.160738 0.000000
1693775115206352250 145.063337 0.000000
1693775115207126356 144.917356 0.000000
1693775115424270705 144.817468 0.000000
1693775115497406703 145.132771 0.000000
1693775115571117018 145.717442 0.000000
1693775115605555223 145.133609 0.000000
1693775115715421111 144.985703 0.000000
1693775116078991377 145.169932 0.000000
1693775116152896414 144.678430 0.000000
1693775116663261620 144.980982 0.000000
1693775116808281723 145.016300 0.000000
1693775116808544229 144.936404 0.000000
1693775117026599423 145.040165 0.000000
1693775117171746221 145.023426 0.000000
1693775117245317026 144.796775 0.000000
1693775117317493341 144.778677 0.000000
1693775117390834546 144.869423 0.000000
1693775117644886078 145.259816 0.000000
1693775117754555284 144.820174 0.000000
1693775117828277180 144.766048 0.000000
1693775117935984926 145.225606 0.000000
1693775117972426869 145.307272 0.000000
1693775117972479962 145.310699 0.000000
1693775117972553022 145.169135 0.000000
1693775118118136465 145.248689 0.000000
1693775118154071819 145.313857 0.000000
1693775118337216437 144.974680 0.000000
1693775118627667907 144.911542 0.000000
1693775118701867089 145.606740 0.000000
1693775118701988451 145.145521 0.000000
1693775118847621743 144.720760 0.000000
1693775118992355215 144.730521 0.000000
1693775119210097958 145.243189 0.000000
1693775119355696749 144.988527 0.000000
1693775119500858187 145.181745 0.000000
1693775119755984539 145.460868 0.000000
1693775119792197782 145.191545 0.000000
1693775120084946126 145.086541 0.000000
1693775120157350549 144.857237 0.000000
1693775120448916012 145.639460 0.000000
1693775120520151132 145.406992 0.000000
1693775120520201343 145.466325 0.000000
1693775120520282166 145.108272 0.000000
1693775120665569278 145.314531 0.000000
1693775120811016336 145.439049 0.000000
1693775120812617184 145.023974 0.000000
1693775121029992408 144.812350 0.000000
1693775121066163098 145.267082 0.000000
1693775121101830057 145.067408 0.000000
1693775121247072670 145.238303 0.000000
1693775121319926312 145.083523 0.000000
1693775121466682611 145.193139 0.000000
1693775121612174642 144.852137 0.000000
1693775121684132018 145.442052 0.000000
1693775121684642160 144.865154 0.000000
1693775121829702262 145.044241 0.000000
1693775121830276659 144.876285 0.000000
1693775121866401665 145.198303 0.000000
1693775121974929966 145.218302 0.000000
1693775122048723426 145.295099 0.000000
1693775122120276890 145.175124 0.000000
1693775122265644209 145.362914 0.000000
1693775122338527270 145.260810 0.000000
1693775122521021133 145.263674 0.000000
1693775122629847483 144.944238 0.000000
1693775122920541145 145.082087 0.000000
1693775122995166451 145.241907 0.000000
1693775123212909606 144.927026 0.000000
1693775123358589359 145.098736 0.000000
1693775123577412314 145.280471 0.000000
1693775123649737274 145.921296 0.000000
1693775123685811094 145.272780 0.000000
1693775123685868121 145.419988 0.000000
1693775124087773624 145.071113 0.000000
1693775124232648585 144.957478 0.000000
1693775124232989022 144.769345 0.000000
1693775124743008233 145.226608 0.000000
1693775124743053619 145.129277 0.000000
1693775124962049862 145.108195 0.000000
1693775124962100309 145.076116 0.000000
1693775124962754676 145.776630 0.000000
1693775124997770610 145.264578 0.000000
1693775125034118020 145.017542 0.000000
1693775125107015844 144.913516 0.000000
1693775125179744875 144.999661 0.000000
1693775125325928882 145.103625 0.000000
1693775125689443691 144.844469 0.000000
1693775125797972711 145.155383 0.000000
1693775125943576315 145.095266 0.000000
1693775126015988815 145.102165 0.000000
1693775126053326426 144.885020 0.000000
1693775126198310992 144.982486 0.000000
1693775126198375777 145.135752 0.000000
1693775126200060572 145.048971 0.000000
1693775126635940337 145.844453 0.000000
1693775126854118785 145.214300 0.000000
1693775126927576602 144.655977 0.000000
1693775127037034940 145.596984 0.000000
1693775127365796590 145.214230 0.000000
1693775127436853186 145.157979 0.000000
1693775127438642598 145.670025 0.000000
1693775127509739502 145.298986 0.000000
1693775127729180874 145.158936 0.000000
1693775127800816768 145.292278 0.000000
1693775127911105469 145.350789 0.000000
1693775128165772614 145.001576 0.000000
1693775128238142942 145.423688 0.000000
1693775128275060114 145.204239 0.000000
1693775128347976340 145.137093 0.000000
1693775128420699973 145.098354 0.000000
1693775128675626043 145.125759 0.000000
1693775128821193965 144.772392 0.000000
1693775128893350956 145.095654 0.000000
1693775128893775679 144.741957 0.000000
1693775129112050889 144.953946 0.000000
1693775129112936223 144.945987 0.000000
1693775129184664131 144.950182 0.000000
1693775129257728021 145.248371 0.000000
1693775129403495533 145.337201 0.000000
1693775129476329137 144.944676 0.000000
1693775129549230005 145.020106 0.000000
1693775129550064301 144.883617 0.000000
1693775129985943845 145.245714 0.000000
1693775129987175309 145.137226 0.000000
1693775129987246770 144.806242 0.000000
1693775130059889426 145.132982 0.000000
1693775130059971005 144.655747 0.000000
1693775130131437687 145.489171 0.000000
1693775130277957284 145.196313 0.000000
1693775130278712009 144.855020 0.000000
1693775130313640826 145.147710 0.000000
1693775130313709275 145.156426 0.000000
1693775130568289588 145.153827 0.000000
1693775130640912563 145.334495 0.000000
1693775130787081645 145.045382 0.000000
1693775130787164242 144.696867 0.000000
1693775130859067759 145.075710 0.000000
1693775131114393777 145.270637 0.000000
1693775131151145664 145.033494 0.000000
1693775131187198939 145.178569 0.000000
1693775131514545463 145.220576 0.000000
1693775131514664419 144.881351 0.000000
1693775131516317154 145.145506 0.000000
1693775131660545940 144.773573 0.000000
1693775131733773598 144.718058 0.000000
1693775131805858748 145.414444 0.000000
1693775131806740048 144.953637 0.000000
1693775131879597312 144.891611 0.000000
1693775131915544799 145.467355 0.000000
1693775132243723613 145.215919 0.000000
1693775132352270012 145.275308 0.000000
1693775132463474098 145.356390 0.000000
1693775132497840829 145.050666 0.000000
1693775132789686827 145.153499 0.000000
1693775132825838947 145.092014 0.000000
1693775133043813036 144.975977 0.000000
1693775133045059179 145.084720 0.000000
1693775133262745736 145.022489 0.000000
1693775133298926947 145.282987 0.000000
1693775133336223245 144.910228 0.000000
1693775133480970361 145.237928 0.000000
1693775133481036575 145.310431 0.000000
1693775133481081780 145.210539 0.000000
1693775133517107873 145.173652 0.000000
1693775133626734340 144.918878 0.000000
1693775133845946348 144.928935 0.000000
1693775133846331078 145.285840 0.000000
1693775134208747030 145.284059 0.000000
1693775134317930244 145.310378 0.000000
1693775134500014491 145.232346 0.000000
1693775134645362681 145.113109 0.000000
1693775134646981031 145.186925 0.000000
1693775134937405067 145.076842 0.000000
1693775134973645128 145.347260 0.000000
1693775134973709267 145.455428 0.000000
1693775135118858530 145.147304 0.000000
1693775135156193445 144.692056 0.000000
1693775135446578556 145.213074 0.000000
1693775135446649862 145.231938 0.000000
1693775135665585047 144.715175 0.000000
1693775135810153280 144.877257 0.000000
1693775135811500093 145.310344 0.000000
1693775136028648137 145.267962 0.000000
1693775136247668425 144.740291 0.000000
1693775136468021141 145.890761 0.000000
1693775136539608494 145.086387 0.000000
1693775136613102242 145.076409 0.000000
1693775136757050676 145.282814 0.000000
1693775136757552093 145.041848 0.000000
1693775137049430822 145.359270 0.000000
1693775137121566653 145.411064 0.000000
1693775137123171050 145.713281 0.000000
1693775137485434449 144.782542 0.000000
1693775137485499164 145.341448 0.000000
1693775137558311553 145.236980 0.000000
1693775137630543756 145.103383 0.000000
1693775137631402513 144.955094 0.000000
1693775137632460259 144.994129 0.000000
1693775138140863083 145.171126 0.000000
1693775138724832248 145.568616 0.000000
1693775138905883092 145.400572 0.000000
1693775139307638364 144.742135 0.000000
1693775139415562850 145.227513 0.000000
1693775139488036237 145.055504 0.000000
1693775139525624686 144.844998 0.000000
1693775139597767017 145.096483 0.000000
1693775139817320286 145.220538 0.000000
1693775139961558702 145.075332 0.000000
1693775140252904275 145.428925 0.000000
1693775140253692704 145.023076 0.000000
1693775140473059700 145.615258 0.000000
1693775140544848820 145.226729 0.000000
1693775140618400795 145.166063 0.000000
1693775140690701893 144.886710 0.000000
1693775140690787643 144.994932 0.000000
1693775140909702995 145.162530 0.000000
1693775140981896921 145.368896 0.000000
1693775140982405539 145.052124 0.000000
1693775141018139322 145.111367 0.000000
1693775141054427349 145.211146 0.000000
1693775141091477472 145.487132 0.000000
1693775141127846053 145.308758 0.000000
1693775141127956355 144.812885 0.000000
1693775141202055017 145.035298 0.000000
1693775141272507914 145.249883 0.000000
1693775141309273109 145.270788 0.000000
1693775141345796330 145.492918 0.000000
1693775141346876498 144.810209 0.000000
1693775141347097883 144.929397 0.000000
1693775141419024568 144.899112 0.000000
1693775141527517860 145.197667 0.000000
1693775141527598267 145.355895 0.000000
1693775141636861910 145.399063 0.000000
1693775142002158454 144.851117 0.000000
1693775142328365880 145.407928 0.000000
1693775142511811397 145.071157 0.000000
1693775142511971575 145.078810 0.000000
1693775142657002895 145.019092 0.000000
1693775142803104705 145.275227 0.000000
1693775142948864293 145.076900 0.000000
1693775143093883060 145.222396 0.000000
1693775143458413442 144.798544 0.000000
1693775143531292407 144.852693 0.000000
1693775143602365532 144.949962 0.000000
1693775143603858009 144.924306 0.000000
1693775143749797381 144.813854 0.000000
1693775143822653349 144.768581 0.000000
1693775143893225825 145.145864 0.000000
1693775143896029942 145.259849 0.000000
1693775143896307388 145.286260 0.000000
1693775143968777175 145.507021 0.000000
1693775144003927941 145.091002 0.000000
1693775144258973922 144.927967 0.000000
1693775144330082481 145.266564 0.000000
1693775144476434282 145.066456 0.000000
1693775144549225632 144.689043 0.000000
1693775144694339181 144.991585 0.000000
1693775144695364410 144.801362 0.000000
1693775144768032024 144.872724 0.000000
1693775144912371988 145.148751 0.000000
1693775144912930367 144.764411 0.000000
1693775144913221940 144.987766 0.000000
1693775144985305280 145.229089 0.000000
1693775145058183095 145.250047 0.000000
1693775145058360323 145.334864 0.000000
1693775145058821716 144.934889 0.000000
1693775145059419732 145.612625 0.000000
1693775145203320411 145.244049 0.000000
1693775145276087941 145.121045 0.000000
1693775145386833149 145.201771 0.000000
1693775145421805022 145.712345 0.000000
1693775145567048246 144.924016 0.000000
1693775145604690760 145.079179 0.000000
1693775145641439027 144.743210 0.000000
1693775145641582380 144.809846 0.000000
1693775145930864511 145.334181 0.000000
1693775146076886060 144.805740 0.000000
1693775146076948961 145.093855 0.000000
1693775146513863181 145.332869 0.000000
1693775146660293368 145.106107 0.000000
1693775146696142997 145.637253 0.000000
1693775146878945922 145.602154 0.000000
1693775146951754391 145.385902 0.000000
1693775146987483685 145.122369 0.000000
1693775147097605345 144.859232 0.000000
1693775147098301605 145.528489 0.000000
1693775147242689709 144.998349 0.000000
1693775147279038813 145.916678 0.000000
1693775147315721797 144.761130 0.000000
1693775147317191776 145.101531 0.000000
1693775147462143976 144.949739 0.000000
1693775147497571896 145.510737 0.000000
1693775147606718127 145.399832 0.000000
1693775147679662275 145.232184 0.000000
1693775147825298649 144.823212 0.000000
1693775147970461671 145.227076 0.000000
1693775147970520803 145.360250 0.000000
1693775147971009841 145.003581 0.000000
1693775148225912289 145.351753 0.000000
1693775148298694880 145.282833 0.000000
1693775148699124125 145.258230 0.000000
1693775148700106414 144.999544 0.000000
1693775148771349951 145.525107 0.000000
1693775148990089606 145.188327 0.000000
1693775149172065342 145.110714 0.000000
1693775149208298121 145.046224 0.000000
1693775149355091841 144.784662 0.000000
1693775149427823834 144.848643 0.000000
1693775149463561975 145.461516 0.000000
1693775149572317632 145.100239 0.000000
1693775149608971130 145.366305 0.000000
1693775149645908523 144.939110 0.000000
1693775149718426419 144.874893 0.000000
1693775149719422542 145.229167 0.000000
1693775150156075749 145.394978 0.000000
1693775150374062437 145.176257 0.000000
1693775150592378921 145.459539 0.000000
1693775150665367634 145.269875 0.000000
1693775150775109396 145.202224 0.000000
1693775150993192406 145.207023 0.000000
1693775151102931537 145.206862 0.000000
1693775151248220152 145.261287 0.000000
1693775151248988370 145.283484 0.000000
1693775151758324187 145.333580 0.000000
1693775151758390596 145.276859 0.000000
1693775151794273203 145.324979 0.000000
1693775151903888615 144.834972 0.000000
1693775152122773888 144.824213 0.000000
1693775152158361202 145.480787 0.000000
1693775152194720499 145.411864 0.000000
1693775152414454094 145.124143 0.000000
1693775152595063509 145.217064 0.000000
1693775152777920433 144.847673 0.000000
1693775152850610237 144.987096 0.000000
1693775152995088971 145.328306 0.000000
1693775153031735765 145.364987 0.000000
1693775153068311048 145.458696 0.000000
1693775153287859615 144.976308 0.000000
1693775153359530915 145.485474 0.000000
1693775153359725142 144.789345 0.000000
1693775153395624185 145.355102 0.000000
1693775153432608269 145.107048 0.000000
1693775153577899375 145.101716 0.000000
1693775153723156500 145.177225 0.000000
1693775153724492448 144.922612 0.000000
1693775153870640110 145.017729 0.000000
1693775154452986916 144.875049 0.000000
1693775154487941474 145.193111 0.000000
1693775154597123216 145.251374 0.000000
1693775154633429275 145.086888 0.000000
1693775154889390515 144.928502 0.000000
1693775155106981610 144.955572 0.000000
1693775155108402535 144.722174 0.000000
1693775155288991060 145.612291 0.000000
1693775155325951507 144.679007 0.000000
1693775155361632238 145.202195 0.000000
1693775155398714028 144.785875 0.000000
1693775155472174883 145.100418 0.000000
1693775155762592305 144.820136 0.000000
1693775155980933696 145.331588 0.000000
1693775156127333760 144.858979 0.000000
1693775156344488945 145.138616 0.000000
1693775156344561975 145.272688 0.000000
1693775156635886331 145.404432 0.000000
1693775156672594116 145.265141 0.000000
1693775156672673867 145.411937 0.000000
1693775156928908838 145.172207 0.000000
1693775157218614983 145.096775 0.000000
1693775157363811468 145.188025 0.000000
1693775157436469710 145.059407 0.000000
1693775157437949728 145.726865 0.000000
1693775157438362393 145.278081 0.000000
1693775157655912774 144.865723 0.000000
1693775157764543938 145.194012 0.000000
1693775157873682989 145.253808 0.000000
1693775158019376924 145.079651 0.000000
1693775158091717272 145.275556 0.000000
1693775158092088270 144.964312 0.000000
1693775158273912884 145.293518 0.000000
1693775158310065986 145.180809 0.000000
1693775158383059157 145.377621 0.000000
1693775158383412178 145.090297 0.000000
1693775158674245024 145.393177 0.000000
1693775158674747498 145.333834 0.000000
1693775158675129813 145.405426 0.000000
1693775158783669646 145.235333 0.000000
1693775158894043195 145.047741 0.000000
1693775159038793794 144.974054 0.000000
1693775159111694631 145.277448 0.000000
1693775159183798998 145.316939 0.000000
1693775159185036392 144.763102 0.000000
1693775159293263485 145.395965 0.000000
1693775159330078546 145.504534 0.000000
1693775159366076578 145.158338 0.000000
1693775159401943957 145.210698 0.000000
1693775159403182443 144.903269 0.000000
1693775159403549628 144.690288 0.000000
1693775159621456282 145.398354 0.000000
1693775159693584978 144.890275 0.000000
1693775159767518596 145.029111 0.000000
1693775159840210078 144.735069 0.000000
1693775160057854639 145.338376 0.000000
1693775160058375461 144.853648 0.000000
1693775160094261595 145.241798 0.000000
1693775160276965984 144.925682 0.000000
1693775160385581945 145.388821 0.000000
1693775160422281038 145.441334 0.000000
1693775160640245610 145.230481 0.000000
1693775160895230535 145.289043 0.000000
1693775161150138357 145.141836 0.000000
1693775161150705762 144.919498 0.000000
1693775161150950937 144.896626 0.000000
1693775161442094789 145.282704 0.000000
1693775161442129434 145.339280 0.000000
1693775161550267683 144.964880 0.000000
1693775161587415828 145.182251 0.000000
1693775161732234478 145.200227 0.000000
1693775161805235649 145.484542 0.000000
1693775161878498157 145.456902 0.000000
1693775161878600680 144.818451 0.000000
1693775161951589218 144.956644 0.000000
1693775162132582804 145.346423 0.000000
1693775162387878756 144.783895 0.000000
1693775162460484928 145.347716 0.000000
1693775162496682017 145.307060 0.000000
1693775162607066038 145.198864 0.000000
1693775162824480050 145.392842 0.000000
1693775162826326921 145.468343 0.000000
1693775162969782694 145.353944 0.000000
1693775162970439552 144.858882 0.000000
1693775162971273783 144.888922 0.000000
1693775163044045981 144.966850 0.000000
1693775163189037752 145.116978 0.000000
1693775163334042857 144.891675 0.000000
1693775163698826173 145.195431 0.000000
1693775163807249312 145.254106 0.000000
1693775163917348483 144.902996 0.000000
1693775163989128788 145.243666 0.000000
1693775164025599946 145.248625 0.000000
1693775164207123615 145.221672 0.000000
1693775164207813565 145.031736 0.000000
1693775164316974072 145.120583 0.000000
1693775164352480110 145.352059 0.000000
1693775164352740275 144.809442 0.000000
1693775164497798577 144.917549 0.000000
1693775164571579039 144.725285 0.000000
1693775164645361710 145.006762 0.000000
1693775164680422397 145.156358 0.000000
1693775165298775179 145.061241 0.000000
1693775165299381183 145.162016 0.000000
1693775165300135433 144.730978 0.000000
1693775165371729468 145.205482 0.000000
1693775165445196620 145.239547 0.000000
1693775165445261150 145.122335 0.000000
1693775165480945444 145.258047 0.000000
1693775165590911496 145.284761 0.000000
1693775165591393658 144.966310 0.000000
1693775165591447258 145.047048 0.000000
1693775165808854734 144.687802 0.000000
1693775165844619952 145.282198 0.000000
1693775165881455056 144.880060 0.000000
1693775165990017147 145.392664 0.000000
1693775166026517954 145.345701 0.000000
1693775166027005539 144.955964 0.000000
1693775166172033446 144.678098 0.000000
1693775166245399204 144.809876 0.000000
1693775166318672120 144.970874 0.000000
1693775166391084621 145.737980 0.000000
1693775166463663357 144.989032 0.000000
1693775166681591930 145.096043 0.000000
1693775166682535761 144.900002 0.000000
1693775166900595839 144.922756 0.000000
1693775166972618477 145.222066 0.000000
1693775167047256626 145.128077 0.000000
1693775167118826032 145.118411 0.000000
1693775167483097811 144.742966 0.000000
1693775168066926406 145.346492 0.000000
1693775168320806013 145.178990 0.000000
1693775168357395785 145.109294 0.000000
1693775168357843111 144.943257 0.000000
1693775168466094007 145.095881 0.000000
1693775168575485730 145.288998 0.000000
1693775168684194245 145.251631 0.000000
1693775168720880153 145.017426 0.000000
1693775168940507747 145.327268 0.000000
1693775169048279119 145.263875 0.000000
1693775169304820086 145.208820 0.000000
1693775169376489595 144.885714 0.000000
1693775169449055089 145.213815 0.000000
1693775169522261771 145.189209 0.000000
1693775169522688508 144.913303 0.000000
1693775169594829937 145.273036 0.000000
1693775169668599480 145.528762 0.000000
1693775169741997022 145.572029 0.000000
1693775169776580205 145.465486 0.000000
1693775169813335791 145.493633 0.000000
1693775169885749117 145.418230 0.000000
1693775169886594152 144.801581 0.000000
1693775169958902160 145.465274 0.000000
1693775170177224060 145.550607 0.000000
1693775170396673965 145.498623 0.000000
1693775170468532174 145.285214 0.000000
1693775170468584856 145.292797 0.000000
1693775170541131139 145.095620 0.000000
1693775170614000673 145.463998 0.000000
1693775170614071833 145.481438 0.000000
1693775170759840572 145.582286 0.000000
1693775170832926593 144.918625 0.000000
1693775170833345778 145.381007 0.000000
1693775170904945775 145.121415 0.000000
1693775170904992854 145.245108 0.000000
1693775170977947661 145.139283 0.000000
1693775171123909666 145.360933 0.000000
1693775171123911325 144.864067 0.000000
1693775171233418006 145.241507 0.000000
1693775171488271856 145.246931 0.000000
1693775171488336120 145.515802 0.000000
1693775171488407095 145.745918 0.000000
1693775171524437590 145.249662 0.000000
1693775171634435470 145.330827 0.000000
1693775171742787484 145.083871 0.000000
1693775171852722859 145.144954 0.000000
1693775171926418089 145.495656 0.000000
1693775171999067358 145.115310 0.000000
1693775172070819092 145.071834 0.000000
1693775172071425628 144.844625 0.000000
1693775172216614622 145.253052 0.000000
1693775172252333503 145.271328 0.000000
1693775172470317466 145.136980 0.000000
1693775172507726291 145.476612 0.000000
1693775172580532893 145.033114 0.000000
1693775172798658721 145.242385 0.000000
1693775172871731147 144.804929 0.000000
1693775172944031685 145.200082 0.000000
1693775173053140261 145.308279 0.000000
1693775173235335959 145.457507 0.000000
1693775173381064122 144.849344 0.000000
1693775173673403833 145.032428 0.000000
1693775173744813972 145.250677 0.000000
1693775173745393781 144.769814 0.000000
1693775173818800860 144.772194 0.000000
1693775173963184935 144.969291 0.000000
1693775174037231787 144.818415 0.000000
1693775174145172975 145.244797 0.000000
1693775174183262170 145.657501 0.000000
1693775174183609929 145.260323 0.000000
1693775174436044461 145.216408 0.000000
1693775174473770466 145.529317 0.000000
1693775174545951593 144.948688 0.000000
1693775174619512966 144.891751 0.000000
1693775174727174517 145.332991 0.000000
1693775174982748821 145.019334 0.000000
1693775174982824277 145.315608 0.000000
1693775175163932690 145.232953 0.000000
1693775175202613875 145.355255 0.000000
1693775175309286121 145.308947 0.000000
1693775175419167123 144.739219 0.000000
1693775175492624078 145.368029 0.000000
1693775175564830284 145.007946 0.000000
1693775175565917779 144.533864 0.000000
1693775175673391619 145.396344 0.000000
1693775175710035445 145.200520 0.000000
1693775175710581545 144.988713 0.000000
1693775175856552797 144.937261 0.000000
1693775176001840454 145.284510 0.000000
1693775176002340197 144.847804 0.000000
1693775176110315618 145.222569 0.000000
1693775176366137888 144.962499 0.000000
1693775176474343003 145.197611 0.000000
1693775176474408726 145.224614 0.000000
1693775176474417652 145.405374 0.000000
1693775176585594882 145.041740 0.000000
1693775176658090545 144.854313 0.000000
1693775176692599721 145.239929 0.000000
1693775177094764596 145.214561 0.000000
1693775177166564306 145.026419 0.000000
1693775177166682260 144.950978 0.000000
1693775177167114646 144.792524 0.000000
1693775177275384086 145.417473 0.000000
1693775177313199703 144.823472 0.000000
1693775177603261392 144.873404 0.000000
1693775177603894565 144.993292 0.000000
1693775177749515871 144.809288 0.000000
1693775177821332451 145.155825 0.000000
1693775177821400313 145.143391 0.000000
1693775177968404124 145.201027 0.000000
1693775178003847816 145.053091 0.000000
1693775178222124951 144.998591 0.000000
1693775178257833438 145.167922 0.000000
1693775178259682320 145.670967 0.000000
1693775178696495259 144.768484 0.000000
1693775178768460365 145.144625 0.000000
1693775178914753809 145.486818 0.000000
1693775179314197126 145.317256 0.000000
1693775179351990556 145.177866 0.000000
1693775179423791921 144.961970 0.000000
1693775179861448846 144.988714 0.000000
1693775179934992602 144.841138 0.000000
1693775180006373332 145.357057 0.000000
1693775180078704942 145.195870 0.000000
1693775180224832846 145.137761 0.000000
1693775180298746953 145.183774 0.000000
1693775180588164054 145.265198 0.000000
1693775180661837486 145.389264 0.000000
1693775180733812280 145.165162 0.000000
1693775180734603595 144.863084 0.000000
1693775180952464454 145.028468 0.000000
1693775180989303694 145.253882 0.000000
1693775181025615805 145.178660 0.000000
1693775181099020346 145.126606 0.000000
1693775181134768799 145.461997 0.000000
1693775181170744543 145.124553 0.000000
1693775181170929267 145.181270 0.000000
1693775181389297817 145.304921 0.000000
1693775181571307746 145.114698 0.000000
1693775181899726043 145.099733 0.000000
1693775181935096176 145.243512 0.000000
1693775181971873384 144.952286 0.000000
1693775181973289453 146.438619 0.000000
1693775182226319007 145.216243 0.000000
1693775182409297487 145.039683 0.000000
1693775182481704891 144.792032 0.000000
1693775182554495727 145.195910 0.000000
1693775182554565420 145.590383 0.000000
1693775182736254055 145.182260 0.000000
1693775182845014474 145.131350 0.000000
1693775182845565982 145.056767 0.000000
1693775182846344177 145.708999 0.000000
1693775182881487061 145.149477 0.000000
1693775182990243479 145.224379 0.000000
1693775182990434739 144.866502 0.000000
1693775183245457303 145.299804 0.000000
1693775183282109016 145.084953 0.000000
1693775183355147609 145.339125 0.000000
1693775183356282880 145.344458 0.000000
1693775183501500697 145.266391 0.000000
1693775183790998846 144.950687 0.000000
1693775183827649818 145.287842 0.000000
1693775184084400013 146.647828 0.000000
1693775184303521713 144.879303 0.000000
1693775184594745306 145.206941 0.000000
1693775184666892023 145.889925 0.000000
1693775184847933175 145.129717 0.000000
1693775184885090285 145.633499 0.000000
1693775184957837313 145.160085 0.000000
1693775185030458865 145.230584 0.000000
1693775185284663158 145.409019 0.000000
1693775185322587653 144.783270 0.000000
1693775185357486549 145.183340 0.000000
1693775185467007059 144.840956 0.000000
1693775185467314735 144.862612 0.000000
1693775185502578729 145.087680 0.000000
1693775185540191922 145.007651 0.000000
1693775185613659132 145.248779 0.000000
1693775185685365812 145.168939 0.000000
1693775185832064066 145.163749 0.000000
1693775185977891217 145.084895 0.000000
1693775186121863582 144.801990 0.000000
1693775186413437419 145.072440 0.000000
1693775186594397808 145.159068 0.000000
1693775186704236553 144.942063 0.000000
1693775186704326943 145.072126 0.000000
1693775186776971534 144.844180 0.000000
1693775186958893170 145.681965 0.000000
1693775187068845981 145.239515 0.000000
1693775187249867276 145.262971 0.000000
1693775187287050196 144.990189 0.000000
1693775187505424762 145.724261 0.000000
1693775187723780556 145.030570 0.000000
1693775188306402061 145.355415 0.000000
1693775188414586789 145.277071 0.000000
1693775188451764790 144.939514 0.000000
1693775188778471300 145.388258 0.000000
1693775188816528382 145.684435 0.000000
1693775188924230163 145.058323 0.000000
1693775189035290354 144.939779 0.000000
1693775189107672448 144.700532 0.000000
1693775189108084492 144.799181 0.000000
1693775189253117342 145.030685 0.000000
1693775189325150098 145.354000 0.000000
1693775189398038334 145.046233 0.000000
1693775189398795169 144.860201 0.000000
1693775189580117162 145.245130 0.000000
1693775189616939420 145.660464 0.000000
1693775189836364244 145.027095 0.000000
1693775189908131303 144.850490 0.000000
1693775190016701763 145.328964 0.000000
1693775190054296496 145.208467 0.000000
1693775190418427469 144.777886 0.000000
1693775190489921898 145.031054 0.000000
1693775190490756685 144.916899 0.000000
1693775190526441240 145.159221 0.000000
1693775190744766707 145.345096 0.000000
1693775190854264780 145.496373 0.000000
1693775190855247992 144.926170 0.000000
1693775191108554996 145.415339 0.000000
1693775191219411355 144.713195 0.000000
1693775191473012018 145.720760 0.000000
1693775191510141838 145.243303 0.000000
1693775191583662041 144.950933 0.000000
1693775191728542459 144.948416 0.000000
1693775191910172034 145.776901 0.000000
1693775191946134853 144.947847 0.000000
1693775191946211707 145.061941 0.000000
1693775192165539579 145.193916 0.000000
1693775192311309383 144.973041 0.000000
1693775192420098390 145.458117 0.000000
1693775192456868773 145.647730 0.000000
1693775192638327594 145.309438 0.000000
1693775192674952466 144.833958 0.000000
1693775192711019320 145.096392 0.000000
1693775192893182155 145.505038 0.000000
1693775193001960533 145.318081 0.000000
1693775193038182499 144.995081 0.000000
1693775193331273755 145.498576 0.000000
1693775193621391450 145.038091 0.000000
1693775193840441872 145.501194 0.000000
1693775194021785313 145.335636 0.000000
1693775194058799722 145.014134 0.000000
1693775194205707539 145.507049 0.000000
1693775194422548916 144.970939 0.000000
1693775194423239583 144.938428 0.000000
1693775194569005768 144.907011 0.000000
1693775194604099290 145.160308 0.000000
1693775194641875301 144.968835 0.000000
1693775194714044665 145.036210 0.000000
1693775194787935816 144.989759 0.000000
1693775194788306177 145.250856 0.000000
1693775194859135654 145.086153 0.000000
1693775194932832613 144.857050 0.000000
1693775195004751030 144.972080 0.000000
1693775195079020289 145.029376 0.000000
1693775195150121412 145.365742 0.000000
1693775195186906177 145.250784 0.000000
1693775195186909364 145.221126 0.000000
1693775195222949956 145.134159 0.000000
1693775195295679875 145.103179 0.000000
1693775195296909936 145.161259 0.000000
1693775195441738710 144.896772 0.000000
1693775195477844172 145.267731 0.000000
1693775195732654756 144.919315 0.000000
1693775195733344255 145.234233 0.000000
1693775195768773926 145.174916 0.000000
1693775195878230914 145.239991 0.000000
1693775195878272170 145.138530 0.000000
1693775196170429461 145.040206 0.000000
1693775196205504415 145.196159 0.000000
1693775196278399725 145.238491 0.000000
1693775196314799724 145.178512 0.000000
1693775196460458357 145.679005 0.000000
1693775196496766041 145.425125 0.000000
1693775196534089286 144.860226 0.000000
1693775196606768759 145.158819 0.000000
1693775196897268552 145.246917 0.000000
1693775197044258098 145.464749 0.000000
1693775197115524260 145.255992 0.000000
1693775197115873964 144.880583 0.000000
1693775197188489357 145.353781 0.000000
1693775197406406849 145.227950 0.000000
1693775197479953749 145.006321 0.000000
1693775197624878419 144.919954 0.000000
1693775197843341871 145.365290 0.000000
1693775197988957308 145.229104 0.000000
1693775198062886559 144.909884 0.000000
1693775198134202682 145.322793 0.000000
1693775198280054577 145.174791 0.000000
1693775198571510463 144.878897 0.000000
1693775198753778587 145.218627 0.000000
1693775198753815087 145.184332 0.000000
1693775198789887182 145.353502 0.000000
1693775198862743733 144.985418 0.000000
1693775198936499761 144.949660 0.000000
1693775198971691938 145.138738 0.000000
1693775199154035442 145.073099 0.000000
1693775199262723575 145.274926 0.000000
1693775199373012831 145.005251 0.000000
1693775199517963157 145.317134 0.000000
1693775199517984186 145.620570 0.000000
1693775199591902834 145.048160 0.000000
1693775199663279146 145.358413 0.000000
1693775199663382908 145.049179 0.000000
1693775199956238228 145.123541 0.000000
1693775200029814500 145.235114 0.000000
1693775200465455285 145.533731 0.000000
1693775200538322176 145.272222 0.000000
1693775200611780107 145.102037 0.000000
1693775200652228675 145.113885 0.000000
1693775200756801957 145.019365 0.000000
1693775200830088830 144.996765 0.000000
1693775200870034882 145.012773 0.000000
1693775201048530028 144.967358 0.000000
1693775201195080607 145.650145 0.000000
1693775201339455404 145.201961 0.000000
1693775201340113320 146.013124 0.000000
1693775201630869614 145.112426 0.000000
1693775201631668622 144.853509 0.000000
1693775201776816449 145.033225 0.000000
1693775201995285248 144.943405 0.000000
1693775202067457422 145.130237 0.000000
1693775202140259630 145.140228 0.000000
1693775202285882608 145.079693 0.000000
1693775202358821845 145.110552 0.000000
1693775202504148654 145.024045 0.000000
1693775202504958954 145.017219 0.000000
1693775202722690131 145.355179 0.000000
1693775202796261492 145.425909 0.000000
1693775203013685222 145.261237 0.000000
1693775203014029016 145.067993 0.000000
1693775203159116105 144.960450 0.000000
1693775203159899016 145.499634 0.000000
1693775203232160773 144.721305 0.000000
1693775203269792546 145.036829 0.000000
1693775203377891774 145.280504 0.000000
1693775203450734946 145.134333 0.000000
1693775203743184574 145.312224 0.000000
1693775203886864898 145.163053 0.000000
1693775203961124309 145.101687 0.000000
1693775203961227293 144.983252 0.000000
1693775204541893703 144.949895 0.000000
1693775204614590772 145.341081 0.000000
1693775204687317359 145.163515 0.000000
1693775204759943540 145.115425 0.000000
1693775204943307398 145.082784 0.000000
1693775204978192885 145.324077 0.000000
1693775204978974684 144.959945 0.000000
1693775205016142658 145.273388 0.000000
1693775205234378740 145.465284 0.000000
1693775205414890296 145.384518 0.000000
1693775205414969224 145.463693 0.000000
1693775205607860205 150.595068 0.000000
1693775205607988156 154.342068 0.000000
1693775205633467512 144.963333 0.000000
1693775205633739697 144.782005 0.000000
1693775205973421863 145.307863 0.000000
1693775206291414917 145.530618 0.000000
1693775206483094338 145.283431 0.000000
1693775206532530356 145.259947 0.000000
1693775206532607325 145.324632 0.000000
1693775206628470284 145.205249 0.000000
1693775206678277039 145.093964 0.000000
1693775206751153433 145.102641 0.000000
1693775206823999482 144.797140 0.000000
1693775206992804429 145.291811 0.000000
1693775207065564593 145.129820 0.000000
1693775207115231709 145.221959 0.000000
1693775207260695110 145.017785 0.000000
1693775207406457345 145.171677 0.000000
1693775207479038042 145.266197 0.000000
1693775207479075996 145.368354 0.000000
1693775207647800877 145.241569 0.000000
1693775207697520218 145.457390 0.000000
1693775207793293379 145.132890 0.000000
1693775207842674675 144.963487 0.000000
1693775207865499073 144.889436 0.000000
1693775208134089542 145.227161 0.000000
1693775208279597506 144.960460 0.000000
1693775208279659956 145.010266 0.000000
1693775208352328768 145.146538 0.000000
1693775208497555860 145.145277 0.000000
1693775208497626374 144.825773 0.000000
1693775208642849295 145.220336 0.000000
1693775209006690844 145.404403 0.000000
1693775209103394070 145.439942 0.000000
1693775209370984688 145.342606 0.000000
1693775209370987509 145.569399 0.000000
1693775209589249353 145.317150 0.000000
1693775209662502098 145.573557 0.000000
1693775209662724961 145.088849 0.000000
1693775209714164585 144.899253 0.000000
1693775209758657579 145.315221 0.000000
1693775209807764325 145.035636 0.000000
1693775210098755962 145.168429 0.000000
1693775210099288140 145.064804 0.000000
1693775210223524722 145.461005 0.000000
1693775210244116623 145.235170 0.000000
1693775210297630547 145.090828 0.000000
1693775210389899407 145.044226 0.000000
1693775210754038990 145.081538 0.000000
1693775210826607703 145.184507 0.000000
1693775210851745002 145.338180 0.000000
1693775210899639850 145.090503 0.000000
1693775211044877770 145.234693 0.000000
1693775211360914556 145.155012 0.000000
1693775211409885938 145.571937 0.000000
1693775211482241536 145.138710 0.000000
1693775211918983678 145.113005 0.000000
1693775211919407925 145.247067 0.000000
1693775211992314655 145.028283 0.000000
1693775212065171388 144.961945 0.000000
1693775212089167328 145.335764 0.000000
1693775212647488229 145.465000 0.000000
1693775212720373589 145.261100 0.000000
1693775212720399224 145.095525 0.000000
1693775213182128166 145.282350 0.000000
1693775213230961521 145.420426 0.000000
1693775213231006807 145.350228 0.000000
1693775213327872449 145.287546 0.000000
1693775213376554854 145.474005 0.000000
1693775213449441457 145.002027 0.000000
1693775213594710549 145.105046 0.000000
1693775213618809643 145.207069 0.000000
1693775213886282914 145.229763 0.000000
1693775213886292651 145.211015 0.000000
1693775213982823195 145.125084 0.000000
1693775214031974786 145.176097 0.000000
1693775214177503037 145.179796 0.000000
1693775214396161159 145.305514 0.000000
1693775214492896157 145.417754 0.000000
1693775214519510247 145.223859 0.000000
1693775214541835875 144.883446 0.000000
1693775214541878930 145.125544 0.000000
1693775214759974026 145.132206 0.000000
1693775214930080941 145.136926 0.000000
1693775215124284412 145.342411 0.000000
1693775215174460115 145.070823 0.000000
1693775215319454068 144.985584 0.000000
1693775215439000656 145.124862 0.000000
1693775215706308595 145.067569 0.000000
1693775215779164111 145.113632 0.000000
1693775215851839107 145.201000 0.000000
1693775216070181717 144.735486 0.000000
1693775216142531431 145.362681 0.000000
1693775216143123153 144.880900 0.000000
1693775216385311930 145.238066 0.000000
1693775216433789283 145.148047 0.000000
1693775216651948687 145.233997 0.000000
1693775216797785858 145.056731 0.000000
1693775216870734431 145.297660 0.000000
1693775216894802387 145.300206 0.000000
1693775217016010241 145.342746 0.000000
1693775217040136777 145.167472 0.000000
1693775217161996176 145.276179 0.000000
1693775217453383117 145.259743 0.000000
1693775217525841376 145.518962 0.000000
1693775217671203737 145.080235 0.000000
1693775217744507000 145.068799 0.000000
1693775217816657365 144.974202 0.000000
1693775217817071393 144.891300 0.000000
1693775217889405722 145.176814 0.000000
1693775217947602954 145.143025 0.000000
1693775218059170923 145.170363 0.000000
1693775218107581259 145.181870 0.000000
1693775218162489542 145.709062 0.000000
1693775218204388218 144.999102 0.000000
1693775218325698793 145.010202 0.000000
1693775218325864268 144.677077 0.000000
1693775218471585078 145.198941 0.000000
1693775218568364931 144.831982 0.000000
1693775218672247015 145.358861 0.000000
1693775218762696216 144.828318 0.000000
1693775218762772574 145.333261 0.000000
1693775218894263923 145.171641 0.000000
1693775218908277661 144.867078 0.000000
1693775218908344241 145.096863 0.000000
1693775218980786229 145.177364 0.000000
1693775219004333198 145.120726 0.000000
1693775219271819433 145.243565 0.000000
1693775219513060902 145.245056 0.000000
1693775219562973522 145.202133 0.000000
1693775219635437366 145.255014 0.000000
1693775219708471463 145.347355 0.000000
1693775219731291950 145.290049 0.000000
1693775219926820254 145.321231 0.000000
1693775219983588153 145.137293 0.000000
1693775220217504931 144.922285 0.000000
1693775220363516477 145.113427 0.000000
1693775220422794699 145.216150 0.000000
1693775220508483212 145.108650 0.000000
1693775220581537952 145.104847 0.000000
1693775220726760173 144.889798 0.000000
1693775220726904148 144.990828 0.000000
1693775220784455437 145.422481 0.000000
1693775220799404953 145.118248 0.000000
1693775220872389113 144.872131 0.000000
1693775220933218033 145.091099 0.000000
1693775220945142031 145.251589 0.000000
1693775221041159132 145.299463 0.000000
1693775221223487433 145.077176 0.000000
1693775221236444770 145.422545 0.000000
1693775221381650870 145.189797 0.000000
1693775221381751314 145.303737 0.000000
1693775221454649360 145.211765 0.000000
1693775221599846296 145.193498 0.000000
1693775221745425692 144.996716 0.000000
1693775221745428454 144.946238 0.000000
1693775221890849315 145.108275 0.000000
1693775222182425762 145.349922 0.000000
1693775222255451354 145.272306 0.000000
1693775222327730650 145.032179 0.000000
1693775222351165254 145.026699 0.000000
1693775222546189788 145.092990 0.000000
1693775222546253942 145.578058 0.000000
1693775222546862348 145.355380 0.000000
1693775223056047820 145.281563 0.000000
1693775223261593233 145.238140 0.000000
1693775223274514086 145.101599 0.000000
1693775223274578350 145.237701 0.000000
1693775223662459843 145.210893 0.000000
1693775223711868932 145.288710 0.000000
1693775223711934996 145.271724 0.000000
1693775224002743383 145.111131 0.000000
1693775224002808605 145.263370 0.000000
1693775224075823852 145.276100 0.000000
1693775224207681288 145.160132 0.000000
1693775224294777254 146.075148 0.000000
1693775224425935969 145.331949 0.000000
1693775224608122449 145.300832 0.000000
1693775224950817422 145.574553 0.000000
1693775224950896551 145.633791 0.000000
1693775225023883187 145.231761 0.000000
1693775225169482434 145.482746 0.000000
1693775225336076002 145.105627 0.000000
1693775225336102634 145.171039 0.000000
1693775225679694300 145.323806 0.000000
1693775225700231117 145.193823 0.000000
1693775225897906523 145.283226 0.000000
1693775225990872470 145.107930 0.000000
1693775226116874258 144.965437 0.000000
1693775226189721246 144.956132 0.000000
1693775226699017996 145.319986 0.000000
1693775226700608070 145.372289 0.000000
1693775226719240006 145.317406 0.000000
1693775226845680596 145.130787 0.000000
1693775226918511536 145.006398 0.000000
1693775227063107508 145.238136 0.000000
1693775227354459598 145.269854 0.000000
1693775227427639174 145.054560 0.000000
1693775227573761246 145.279823 0.000000
1693775227666221707 145.254395 0.000000
1693775227718546670 145.238618 0.000000
1693775227775824824 145.383574 0.000000
1693775227848123045 144.913687 0.000000
1693775227936939444 145.058288 0.000000
1693775228066413016 144.906029 0.000000
1693775228082168265 145.224206 0.000000
1693775228082410459 144.964992 0.000000
1693775228102456039 145.208383 0.000000
1693775228373599580 145.610788 0.000000
1693775228445939266 145.073544 0.000000
1693775228518948379 145.187459 0.000000
1693775228591796667 145.252193 0.000000
1693775229174163053 145.135899 0.000000
1693775229230751764 145.027852 0.000000
1693775229247317750 145.282204 0.000000
1693775229465116136 145.004048 0.000000
1693775229538064493 145.141260 0.000000
1693775229703597353 145.215379 0.000000
1693775229829237833 145.199417 0.000000
1693775230067417861 145.112454 0.000000
1693775230120285942 145.247968 0.000000
1693775230266168066 145.232693 0.000000
1693775230322694648 144.841378 0.000000
1693775230339376192 145.197717 0.000000
1693775230358489003 145.198454 0.000000
1693775230485163446 144.954843 0.000000
1693775230557806515 144.931401 0.000000
1693775230686354547 145.280757 0.000000
1693775230703723811 145.236778 0.000000
1693775230722568482 145.328337 0.000000
1693775230795577632 145.306041 0.000000
1693775230849211033 145.420998 0.000000
1693775230921703915 144.944531 0.000000
1693775230994715509 144.974048 0.000000
1693775231013560987 145.380484 0.000000
1693775231066989833 145.041590 0.000000
1693775231139619128 145.118424 0.000000
1693775231158581644 145.041309 0.000000
1693775231285400965 145.132146 0.000000
1693775231285427211 144.899435 0.000000
1693775231358326508 145.106601 0.000000
1693775231577060758 145.096841 0.000000
1693775231649536680 145.274729 0.000000
1693775231722229723 144.964123 0.000000
1693775231886559960 145.150773 0.000000
1693775232304880992 145.045153 0.000000
1693775232523463419 145.156003 0.000000
1693775232596037843 145.281954 0.000000
1693775232687158024 145.156039 0.000000
1693775232741164950 145.147360 0.000000
1693775232959419862 145.109406 0.000000
1693775233159976546 144.868027 0.000000
1693775233341926933 145.145732 0.000000
1693775233414452686 144.980802 0.000000
1693775233523579201 145.173426 0.000000
1693775233614627000 145.008023 0.000000
1693775233705414318 145.241664 0.000000
1693775233778120988 145.064618 0.000000
1693775233905764536 144.995902 0.000000
1693775233961320171 145.117322 0.000000
1693775233996262463 145.320098 0.000000
1693775234196938560 145.176945 0.000000
1693775234269951397 145.354524 0.000000
1693775234270045075 145.387505 0.000000
1693775234323982428 145.157269 0.000000
1693775234342335872 145.134210 0.000000
1693775234415388050 144.839454 0.000000
1693775234433105028 145.066196 0.000000
1693775234561023059 145.175581 0.000000
1693775234687436475 145.040295 0.000000
1693775234852312459 145.282941 0.000000
1693775234925475184 144.973286 0.000000
1693775235289529355 145.089362 0.000000
1693775235362512142 145.239985 0.000000
1693775235362580902 145.357609 0.000000
1693775235435412663 145.106154 0.000000
1693775235524897863 145.226580 0.000000
1693775235561109523 145.128882 0.000000
1693775235653834814 145.422510 0.000000
1693775235726354679 145.088729 0.000000
1693775235944641507 145.166325 0.000000
1693775236090368540 145.105036 0.000000
1693775236090451683 145.152818 0.000000
1693775236235504573 145.134089 0.000000
1693775236289530794 145.489124 0.000000
1693775236308417112 144.965251 0.000000
1693775236308481828 145.189554 0.000000
1693775236453857218 145.370304 0.000000
1693775236526635900 145.196017 0.000000
1693775236544235445 145.299719 0.000000
1693775236817848823 145.037715 0.000000
1693775236963230747 144.854558 0.000000
1693775236963346607 144.636736 0.000000
1693775237108519016 145.223583 0.000000
1693775237109387145 145.033440 0.000000
1693775237182167942 144.930451 0.000000
1693775237254444952 145.053127 0.000000
1693775237254544624 144.824354 0.000000
1693775237399730508 145.251331 0.000000
1693775237399913759 144.776312 0.000000
1693775237618621888 144.929965 0.000000
1693775237635591393 145.368971 0.000000
1693775237745204358 145.311256 0.000000
1693775237910117533 145.172777 0.000000
1693775238274572641 145.357531 0.000000
1693775238347655295 145.247676 0.000000
1693775238363029263 145.136226 0.000000
1693775238493267748 145.217634 0.000000
1693775238508163763 145.130325 0.000000
1693775238581029176 144.997682 0.000000
1693775238638541016 145.283973 0.000000
1693775238691425571 145.198585 0.000000
1693775238944924032 145.260239 0.000000
1693775238982666884 145.045409 0.000000
1693775239002982372 145.094504 0.000000
1693775239148055726 145.017991 0.000000
1693775239419052576 145.220515 0.000000
1693775239439340825 144.994765 0.000000
1693775239949468750 145.355240 0.000000
1693775240022396208 145.263849 0.000000
1693775240037101766 145.095140 0.000000
1693775240386496247 145.026002 0.000000
1693775240750671607 145.348844 0.000000
1693775241041629254 145.306484 0.000000
1693775241092437335 145.336155 0.000000
1693775241187544610 145.263901 0.000000
1693775241201923670 145.077543 0.000000
1693775241332848967 145.335534 0.000000
1693775241332911212 145.364942 0.000000
1693775241915484890 145.189985 0.000000
1693775241929708777 145.391067 0.000000
1693775241988315744 145.099620 0.000000
1693775242185110431 145.004334 0.000000
1693775242220503050 145.284179 0.000000
1693775242352474677 145.275124 0.000000
1693775242352498442 145.252165 0.000000
1693775242352784217 145.622411 0.000000
1693775242402699714 144.946006 0.000000
1693775242402764184 145.127904 0.000000
1693775242511415413 145.235942 0.000000
1693775242570682308 145.221543 0.000000
1693775242620949229 145.397413 0.000000
1693775242715927732 145.067144 0.000000
1693775242984867363 145.267264 0.000000
1693775243226284816 145.147881 0.000000
1693775243371731797 145.265690 0.000000
1693775243590140002 145.452305 0.000000
1693775244027201527 145.385081 0.000000
1693775244245585139 145.234008 0.000000
1693775244258635848 145.169532 0.000000
1693775244464258262 145.499645 0.000000
1693775245193106230 145.125669 0.000000
1693775245277887067 145.204779 0.000000
1693775245411617145 145.575326 0.000000
1693775245859607697 145.178748 0.000000
1693775245897029662 145.083261 0.000000
1693775245920903202 145.398755 0.000000
1693775245993784258 145.080520 0.000000
1693775246211926630 144.792250 0.000000
1693775246211987597 145.358503 0.000000
1693775246211990213 145.059302 0.000000
1693775246223841843 145.317488 0.000000
1693775246285058279 145.277038 0.000000
1693775246430570157 145.637767 0.000000
1693775246478900187 145.080104 0.000000
1693775246514712167 145.085076 0.000000
1693775246575868934 145.081442 0.000000
1693775246624027320 145.122532 0.000000
1693775246648894891 144.923704 0.000000
1693775247013083048 145.245581 0.000000
1693775247304238074 145.169102 0.000000
1693775247376761347 145.048556 0.000000
1693775247460552150 145.155679 0.000000
1693775247522031326 145.004857 0.000000
1693775247533754773 145.601852 0.000000
1693775247643510621 145.078110 0.000000
1693775248032123982 145.399975 0.000000
1693775248153296853 145.085692 0.000000
1693775248396436647 145.034212 0.000000
1693775248469398332 145.330612 0.000000
1693775248553112002 145.555802 0.000000
1693775248833459529 145.240647 0.000000
1693775249051500003 145.208729 0.000000
1693775249051541314 145.184237 0.000000
1693775249124349295 145.139438 0.000000
1693775249197465856 145.273658 0.000000
1693775249269895817 145.495875 0.000000
1693775249488595566 145.073357 0.000000
1693775249488656663 145.107792 0.000000
1693775249634219204 145.486293 0.000000
1693775249852414880 145.133032 0.000000
1693775250216609812 145.277258 0.000000
1693775250226822820 144.874446 0.000000
1693775250299623051 144.987312 0.000000
1693775250362132094 145.071734 0.000000
1693775250434944966 145.245885 0.000000
1693775250580139010 145.147596 0.000000
1693775250663373805 145.522864 0.000000
1693775250700161394 144.943751 0.000000
1693775250725504984 145.211149 0.000000
1693775250726460728 145.657177 0.000000
1693775250991475266 145.186521 0.000000
1693775251017224349 145.239003 0.000000
1693775251235319446 145.108742 0.000000
1693775251308104176 145.228740 0.000000
1693775251427896767 145.309994 0.000000
1693775251453330315 145.261697 0.000000
1693775251453487912 144.984612 0.000000
1693775251525934430 144.998778 0.000000
1693775251598802951 144.760751 0.000000
1693775251743946579 145.251884 0.000000
1693775251962399013 145.332954 0.000000
1693775251962413537 145.508592 0.000000
1693775252035239513 145.323315 0.000000
1693775252045425653 145.020446 0.000000
1693775252155311228 145.393778 0.000000
1693775252336513624 145.212743 0.000000
1693775252399494132 145.480063 0.000000
1693775252472396624 144.749323 0.000000
1693775252617612374 145.436884 0.000000
1693775252956377196 145.201046 0.000000
1693775252981888910 145.743610 0.000000
1693775253127398443 145.216738 0.000000
1693775253200258388 145.351323 0.000000
1693775253320457497 145.330652 0.000000
1693775253637846759 145.154246 0.000000
1693775253783754485 145.100979 0.000000
1693775253783870018 145.345533 0.000000
1693775253864953940 145.282234 0.000000
1693775253929020602 145.157314 0.000000
1693775254074771314 145.548994 0.000000
1693775254366445745 145.214999 0.000000
1693775254366452636 145.293090 0.000000
1693775254374498768 145.156772 0.000000
1693775254438841246 145.321386 0.000000
1693775254511721085 145.334873 0.000000
1693775254511781079 145.238564 0.000000
1693775254519653556 144.936681 0.000000
1693775254584661386 144.889890 0.000000
1693775254803011391 145.590958 0.000000
1693775254875911812 145.225968 0.000000
1693775254948378227 145.362124 0.000000
1693775254955710282 145.131237 0.000000
1693775254956163326 144.958941 0.000000
1693775255093832416 145.169828 0.000000
1693775255319429630 145.111648 0.000000
1693775255385434730 145.302299 0.000000
1693775255457962905 144.797451 0.000000
1693775255458018239 145.161072 0.000000
1693775255530796254 145.261220 0.000000
1693775255967615054 145.316398 0.000000
1693775255974951880 145.319125 0.000000
1693775256040480337 145.250480 0.000000
1693775256113708506 144.997804 0.000000
1693775256120130464 145.173692 0.000000
1693775256265258429 145.122413 0.000000
1693775256624474375 145.448644 0.000000
1693775256629851127 145.070788 0.000000
1693775256774074212 144.920483 0.000000
1693775256915664414 145.325325 0.000000
1693775256915719617 145.369297 0.000000
1693775257134077036 145.183839 0.000000
1693775257211947810 145.090974 0.000000
1693775257279862053 145.311470 0.000000
1693775257279868192 145.029920 0.000000
1693775257502258649 145.045054 0.000000
1693775257571218504 145.301512 0.000000
1693775257643773075 144.942566 0.000000
1693775257716754861 145.046928 0.000000
1693775257861874802 145.077813 0.000000
1693775257861937864 145.263174 0.000000
1693775258007446906 144.783820 0.000000
1693775258225760375 145.472902 0.000000
1693775258444023430 145.187818 0.000000
1693775258517032657 145.132025 0.000000
1693775258662187809 145.153082 0.000000
1693775258662582683 145.002107 0.000000
1693775258663199056 144.946187 0.000000
1693775258735444062 145.034213 0.000000
1693775258851000389 145.041390 0.000000
1693775258851075884 145.063417 0.000000
1693775259171675265 145.229674 0.000000
1693775259244738752 145.282507 0.000000
1693775259287362256 144.912159 0.000000
1693775259317189164 145.349402 0.000000
1693775259390254742 145.066650 0.000000
1693775259390336788 145.551217 0.000000
1693775259391851386 145.050487 0.000000
1693775259536211316 144.971457 0.000000
