1693775090026115178 218.337695 0.000000
1693775090245854771 146.173139 0.000000
1693775090273301371 145.590055 0.000000
1693775091118822796 145.210691 0.000000
1693775091244460558 145.642752 0.000000
1693775091919357650 145.861120 0.000000
1693775092029612715 145.459107 0.000000
1693775092427090248 217.399812 0.000000
1693775092863593015 145.599140 0.000000
1693775093081936662 145.289069 0.000000
1693775093227415098 145.207351 0.000000
1693775093923209265 145.732987 0.000000
1693775094611439454 146.015421 0.000000
1693775094756492799 145.048639 0.000000
1693775095192407398 145.399290 0.000000
1693775095847321598 145.584040 0.000000
1693775095920189278 145.619584 0.000000
1693775096138839984 218.648873 0.000000
1693775096211332522 145.345446 0.000000
1693775096211355781 145.468327 0.000000
1693775096648805409 145.303002 0.000000
1693775097666276852 145.031561 0.000000
1693775097884632057 145.279571 0.000000
1693775098030322416 145.448336 0.000000
1693775098136711849 146.810561 0.000000
1693775100575514398 145.555008 0.000000
1693775100940273569 145.157638 0.000000
1693775101595068845 144.972609 0.000000
1693775101667341243 145.534594 0.000000
1693775101776374029 145.827717 0.000000
1693775102030760115 217.798722 0.000000
1693775102249814662 145.867305 0.000000
1693775102831406565 145.218356 0.000000
1693775103488119593 145.697278 0.000000
1693775103849402530 145.266998 0.000000
1693775103959606577 145.533234 0.000000
1693775104069153723 145.695625 0.000000
1693775104215230486 145.368209 0.000000
1693775104579542270 146.469397 0.000000
1693775104725566331 146.072670 0.000000
1693775104783662707 145.761895 0.000000
1693775104869772880 145.957541 0.000000
1693775104942667678 145.877588 0.000000
1693775106035902511 145.814175 0.000000
1693775106471647919 145.916389 0.000000
1693775106472327158 145.349184 0.000000
1693775107126748416 145.864525 0.000000
1693775107928443560 145.330566 0.000000
1693775108436861320 146.161805 0.000000
1693775108764468752 146.179114 0.000000
1693775109455988818 145.904490 0.000000
1693775109528524334 145.599521 0.000000
1693775110184345830 146.004710 0.000000
1693775111058456782 145.553053 0.000000
1693775111347492339 145.607866 0.000000
1693775113166960105 145.042977 0.000000
1693775113459009204 145.191638 0.000000
1693775113533092512 145.791550 0.000000
1693775113750511609 145.245067 0.000000
1693775114186069346 145.435033 0.000000
1693775114187874601 145.307246 0.000000
1693775114478384840 145.133033 0.000000
1693775114695977758 145.881955 0.000000
1693775114989156466 146.213174 0.000000
1693775115716456785 145.701779 0.000000
1693775116735946410 145.525466 0.000000
1693775116881192359 144.965557 0.000000
1693775116882401000 145.549361 0.000000
1693775117100699398 146.014201 0.000000
1693775117208333184 180.745362 0.000000
1693775117208336321 218.393214 0.000000
1693775117208386348 145.690403 0.000000
1693775117463264422 145.348935 0.000000
1693775118154163577 145.071143 0.000000
1693775118227545717 145.685946 0.000000
1693775118556715884 146.006973 0.000000
1693775119429997708 146.397539 0.000000
1693775120157499886 145.211707 0.000000
1693775120666418784 146.108889 0.000000
1693775121393801695 145.194987 0.000000
1693775121975857093 145.338852 0.000000
1693775122267992752 145.318520 0.000000
1693775124306377366 145.390223 0.000000
1693775125325315160 145.269260 0.000000
1693775125652812481 145.320027 0.000000
1693775127000415759 145.047829 0.000000
1693775127583051917 145.680556 0.000000
1693775129512926461 145.550061 0.000000
1693775129840606778 145.611893 0.000000
1693775129987979835 218.236133 0.000000
1693775130277769732 146.093135 0.000000
1693775130750877683 145.611004 0.000000
1693775130788272791 145.729243 0.000000
1693775131150651299 145.017126 0.000000
1693775131150696559 145.434897 0.000000
1693775132026093309 145.996666 0.000000
1693775132099558778 146.615904 0.000000
1693775132244557949 145.629587 0.000000
1693775132244765040 145.201852 0.000000
1693775132426187009 146.222015 0.000000
1693775132462821405 145.779645 0.000000
1693775133044550977 144.988126 0.000000
1693775133191310621 146.246585 0.000000
1693775135447240100 146.038028 0.000000
1693775135593640155 145.869065 0.000000
1693775135847436306 145.612778 0.000000
1693775136685024644 145.449884 0.000000
1693775139671080994 145.026338 0.000000
1693775140326600088 145.691236 0.000000
1693775140765746961 146.114205 0.000000
1693775140910449311 145.467745 0.000000
1693775143385468209 145.785080 0.000000
1693775144113393562 145.326178 0.000000
1693775145349465359 146.140116 0.000000
1693775145495054524 145.517348 0.000000
1693775145496057046 145.910317 0.000000
1693775146150587035 145.049992 0.000000
1693775146260070126 218.566213 0.000000
1693775147243211603 145.721627 0.000000
1693775147389233917 145.805509 0.000000
1693775149354355173 145.914861 0.000000
1693775150374207389 145.431351 0.000000
1693775150375297405 145.063946 0.000000
1693775150484302246 146.124088 0.000000
1693775150557200691 145.779510 0.000000
1693775151394488608 145.422607 0.000000
1693775151540028103 218.819510 0.000000
1693775153432794311 145.307639 0.000000
1693775153578422863 145.722500 0.000000
1693775155108016066 145.244084 0.000000
1693775155182907515 146.129716 0.000000
1693775155618030771 146.130237 0.000000
1693775156090678182 145.893249 0.000000
1693775156417467503 145.184798 0.000000
1693775156891825006 146.351223 0.000000
1693775157037468466 146.195799 0.000000
1693775158966553389 145.361553 0.000000
1693775160312695235 145.413530 0.000000
1693775160423696150 146.205551 0.000000
1693775161841361408 145.356724 0.000000
1693775163480370650 146.325904 0.000000
1693775164390793000 146.015150 0.000000
1693775164936036481 146.074572 0.000000
1693775165117445669 145.787200 0.000000
1693775165154413885 145.749861 0.000000
1693775165736619290 145.851192 0.000000
1693775165954931406 145.450270 0.000000
1693775167048704404 146.746315 0.000000
1693775167082591306 146.027819 0.000000
1693775167630660809 146.389765 0.000000
1693775167849498557 145.831786 0.000000
1693775167993258463 145.752185 0.000000
1693775168503962786 146.457010 0.000000
1693775168722084891 145.688783 0.000000
1693775169339589671 145.718286 0.000000
1693775169668164007 145.897716 0.000000
1693775170177827153 145.791297 0.000000
1693775170251118415 145.864704 0.000000
1693775171634674862 145.220610 0.000000
1693775172507580522 145.254790 0.000000
1693775173272009359 145.843376 0.000000
1693775173453939429 145.404590 0.000000
1693775173708775940 145.350371 0.000000
1693775176731146181 145.214174 0.000000
1693775176803028829 145.055723 0.000000
1693775176876288089 146.140406 0.000000
1693775177094513632 145.904486 0.000000
1693775177312855798 145.639926 0.000000
1693775177457939355 145.464478 0.000000
1693775178914810792 145.203058 0.000000
1693775178987311613 145.309519 0.000000
1693775179205028099 145.351679 0.000000
1693775179278828793 145.843771 0.000000
1693775180080849330 145.854562 0.000000
1693775180952930233 145.965617 0.000000
1693775181099120604 145.418346 0.000000
1693775181607808119 145.823473 0.000000
1693775181900324805 146.053281 0.000000
1693775182700620133 145.204194 0.000000
1693775183064366512 145.895128 0.000000
1693775183464376752 146.045201 0.000000
1693775183791657117 146.229657 0.000000
1693775183864834492 218.184248 0.000000
1693775185139249739 145.562337 0.000000
1693775185250620451 145.941521 0.000000
1693775185395179800 146.056076 0.000000
1693775185502634870 145.170257 0.000000
1693775185540872099 145.387480 0.000000
1693775185904867069 144.926691 0.000000
1693775186340839649 145.934266 0.000000
1693775186849757233 145.426857 0.000000
1693775187323335833 145.956705 0.000000
1693775187978548183 145.877506 0.000000
1693775188160671719 145.760480 0.000000
1693775188160711576 146.126867 0.000000
1693775188743708191 146.442764 0.000000
1693775190344886493 145.370892 0.000000
1693775190345016190 145.269821 0.000000
1693775190963272867 218.401106 0.000000
1693775191182209928 146.026669 0.000000
1693775192821399991 146.141342 0.000000
1693775193184575503 145.846718 0.000000
1693775193185787487 145.716740 0.000000
1693775193694938112 145.385775 0.000000
1693775194205795518 146.219110 0.000000
1693775194349621219 145.796775 0.000000
1693775194604799549 145.771876 0.000000
1693775194933753756 145.444862 0.000000
1693775195515102537 146.405828 0.000000
1693775195879948228 145.721090 0.000000
1693775196898194771 145.747952 0.000000
1693775197552750367 146.339409 0.000000
1693775198135753579 145.936817 0.000000
1693775198754391818 145.832505 0.000000
1693775201849294637 145.306756 0.000000
1693775202359829765 145.691157 0.000000
1693775203197397827 145.464795 0.000000
1693775203415563421 145.563048 0.000000
1693775203741564906 145.356747 0.000000
1693775203743466355 145.664738 0.000000
1693775204107081372 145.300797 0.000000
1693775204251499492 146.190153 0.000000
1693775204252483000 145.906613 0.000000
1693775204759815241 145.082519 0.000000
1693775204798090267 145.157328 0.000000
1693775204943570104 145.301057 0.000000
1693775205269631906 145.678267 0.000000
1693775205755067531 147.077683 0.000000
1693775205877020229 145.795153 0.000000
1693775206314990838 146.056110 0.000000
1693775206460073824 145.497580 0.000000
1693775206510675933 146.402783 0.000000
1693775207624903738 145.632438 0.000000
1693775208716090117 145.591879 0.000000
1693775209881178646 145.078560 0.000000
1693775210681418766 145.632720 0.000000
1693775211390274563 145.566383 0.000000
1693775211846274057 145.277143 0.000000
1693775215125078925 146.051540 0.000000
1693775215197920352 145.559971 0.000000
1693775215270208053 144.901323 0.000000
1693775215949841734 145.974273 0.000000
1693775216579724129 145.453182 0.000000
1693775217113118502 145.424074 0.000000
1693775218034757964 145.189047 0.000000
1693775218060190094 146.242788 0.000000
1693775219004929515 145.637163 0.000000
1693775219200266307 145.181867 0.000000
1693775219367866744 145.550885 0.000000
1693775219417351512 145.525609 0.000000
1693775219418090166 145.787955 0.000000
1693775219490177090 145.518259 0.000000
1693775220436428889 218.210058 0.000000
1693775220642407050 146.865642 0.000000
1693775222692254939 145.850316 0.000000
1693775222910629379 145.496838 0.000000
1693775223129090142 145.457428 0.000000
1693775223881274859 146.053795 0.000000
1693775223916949685 145.471741 0.000000
1693775224316806514 217.634661 0.000000
1693775224863609957 145.985098 0.000000
1693775224899690272 145.780954 0.000000
1693775225170014482 146.183376 0.000000
1693775225826274573 145.774689 0.000000
1693775225846784263 146.120243 0.000000
1693775226480734332 145.686423 0.000000
1693775226772391797 145.733062 0.000000
1693775226991631812 145.314355 0.000000
1693775228082613707 145.640795 0.000000
1693775228301064946 145.504611 0.000000
1693775228737389023 145.646917 0.000000
1693775229121734315 145.189677 0.000000
1693775230868176144 145.358623 0.000000
1693775231212729110 145.216681 0.000000
1693775231286067024 146.165584 0.000000
1693775232013875927 145.552102 0.000000
1693775232596730098 145.578995 0.000000
1693775233015169833 145.403442 0.000000
1693775233251169273 146.169398 0.000000
1693775233396334592 145.237913 0.000000
1693775234124492706 145.737096 0.000000
1693775234433718335 145.773392 0.000000
1693775234998277608 145.600836 0.000000
1693775235436148829 145.751050 0.000000
1693775236544509884 145.635560 0.000000
1693775236835805122 145.860319 0.000000
1693775236891245005 145.446437 0.000000
1693775237036097901 145.227679 0.000000
1693775237091175832 146.323031 0.000000
1693775237546152265 145.061061 0.000000
1693775238275062295 145.937710 0.000000
1693775239075820558 145.591245 0.000000
1693775239163295942 145.354598 0.000000
1693775240146232907 145.288860 0.000000
1693775240328445875 145.600064 0.000000
1693775240546904712 145.599839 0.000000
1693775241188506262 146.180157 0.000000
1693775241551698899 145.900562 0.000000
1693775241674912222 145.552237 0.000000
1693775242134493847 146.105469 0.000000
1693775242353043069 145.273780 0.000000
1693775242498676716 145.855603 0.000000
1693775242644753993 146.103608 0.000000
1693775242789719907 145.715678 0.000000
1693775243371678092 145.278219 0.000000
1693775243371687213 145.198469 0.000000
1693775243663479979 145.057997 0.000000
1693775243808919843 145.720577 0.000000
1693775243859070406 146.282503 0.000000
1693775244173253021 145.866488 0.000000
1693775245483954314 217.989004 0.000000
1693775245484018389 217.366947 0.000000
1693775245847869567 145.240855 0.000000
1693775246066896290 145.652010 0.000000
1693775246430565923 145.572068 0.000000
1693775247169739996 145.131037 0.000000
1693775247595358625 145.662478 0.000000
1693775249416194261 145.700121 0.000000
1693775249779999322 145.777281 0.000000
1693775250289368447 145.169558 0.000000
1693775250944978031 145.680716 0.000000
1693775251163410541 146.139934 0.000000
1693775252399646366 145.693910 0.000000
1693775252836643824 146.070683 0.000000
1693775253137385751 145.784722 0.000000
1693775254147794245 145.445115 0.000000
1693775254730520463 145.238615 0.000000
1693775254876099934 145.725956 0.000000
1693775254921396557 145.501624 0.000000
1693775255896048471 146.244468 0.000000
1693775255968708282 145.854660 0.000000
1693775256158846244 145.470949 0.000000
1693775256231862564 145.657342 0.000000
1693775256406062697 146.101740 0.000000
1693775257134149304 145.132454 0.000000
1693775257644409836 145.697648 0.000000
1693775258735649680 145.140486 0.000000
