1693775089617746000 145.078088 0.000000
1693775089690356015 145.369421 0.000000
1693775089690461280 145.075603 0.000000
1693775089763496568 145.045072 0.000000
1693775089909006542 145.508124 0.000000
1693775089981892117 144.815382 0.000000
1693775090127671498 144.957629 0.000000
1693775090127748206 144.976733 0.000000
1693775090345835499 145.160343 0.000000
1693775090491678697 145.331442 0.000000
1693775090491875971 144.829370 0.000000
1693775090564675180 144.826248 0.000000
1693775090645750517 144.913828 0.000000
1693775090710054631 145.006654 0.000000
1693775090710378825 144.999918 0.000000
1693775090783071498 144.704636 0.000000
1693775090783594880 145.127195 0.000000
1693775090855802588 145.229761 0.000000
1693775090928650029 145.194073 0.000000
1693775090928701244 145.318507 0.000000
1693775091074443613 144.844761 0.000000
1693775091146742388 145.116567 0.000000
1693775091220168428 145.296789 0.000000
1693775091292676387 144.991828 0.000000
1693775091365339891 144.935744 0.000000
1693775091365721634 144.923781 0.000000
1693775091437957307 145.278719 0.000000
1693775091729387162 145.269898 0.000000
1693775091875283921 144.717084 0.000000
1693775092020567780 145.446672 0.000000
1693775092165991001 144.977198 0.000000
1693775092311286406 145.293290 0.000000
1693775092311911190 144.952242 0.000000
1693775092529286240 145.182607 0.000000
1693775092529353276 145.281366 0.000000
1693775092675209935 144.852228 0.000000
1693775092675285737 145.550177 0.000000
1693775092747436438 145.316287 0.000000
1693775092893901994 145.153508 0.000000
1693775092900996252 145.016756 0.000000
1693775093330172686 145.304425 0.000000
1693775093621343148 145.405025 0.000000
1693775093622068370 144.844120 0.000000
1693775093840234303 144.998251 0.000000
1693775093912785663 145.254921 0.000000
1693775093985353054 145.037301 0.000000
1693775093986076862 144.858631 0.000000
1693775093991623189 144.937007 0.000000
1693775094131246884 145.315130 0.000000
1693775094204528553 145.176457 0.000000
1693775094277245213 144.869843 0.000000
1693775094349607758 145.036084 0.000000
1693775094568404226 145.067622 0.000000
1693775094713754958 145.255546 0.000000
1693775094859367510 145.187748 0.000000
1693775094932736852 145.069284 0.000000
1693775095005238630 144.676736 0.000000
1693775095223874450 145.119758 0.000000
1693775095369209236 145.112720 0.000000
1693775095733685158 145.659566 0.000000
1693775095806769868 145.974785 0.000000
1693775095952086111 145.161759 0.000000
1693775096025510149 145.020787 0.000000
1693775096097593257 145.041838 0.000000
1693775096170578435 145.176632 0.000000
1693775096242989866 145.122126 0.000000
1693775096243424267 144.879181 0.000000
1693775096607160716 145.178998 0.000000
1693775096680588477 145.095946 0.000000
1693775096753017420 145.114007 0.000000
1693775096899009743 144.845093 0.000000
1693775097044109810 145.328258 0.000000
1693775097189810617 145.295409 0.000000
1693775097262323227 145.388979 0.000000
1693775097845207844 145.383897 0.000000
1693775097845762474 145.216136 0.000000
1693775098428225794 145.364223 0.000000
1693775098500667347 145.004021 0.000000
1693775098501138047 145.012050 0.000000
1693775098646137724 145.142339 0.000000
1693775098719474558 145.021833 0.000000
1693775098792074259 144.816535 0.000000
1693775098865204910 145.113914 0.000000
1693775098865416397 145.353976 0.000000
1693775098865678201 145.536717 0.000000
1693775098937083093 145.005771 0.000000
1693775098937190478 145.192381 0.000000
1693775099010081901 144.873492 0.000000
1693775099082470557 145.384838 0.000000
1693775099082877092 144.871935 0.000000
1693775099228203954 144.681836 0.000000
1693775099301736373 145.018374 0.000000
1693775099373913061 145.233961 0.000000
1693775099446809932 144.951791 0.000000
1693775099738276500 145.032114 0.000000
1693775099810891401 145.253924 0.000000
1693775099883342391 145.014782 0.000000
1693775100029275195 145.080671 0.000000
1693775100174576338 145.202779 0.000000
1693775100175078215 145.239845 0.000000
1693775100321833979 145.616759 0.000000
1693775100392712240 144.979116 0.000000
1693775100395206322 145.590048 0.000000
1693775100466452369 145.025321 0.000000
1693775100976906303 144.946802 0.000000
1693775101048122893 144.953755 0.000000
1693775101048480470 145.050069 0.000000
1693775101121897285 144.862368 0.000000
1693775101268495765 145.171210 0.000000
1693775101339017978 145.136188 0.000000
1693775101411964269 145.480205 0.000000
1693775101413440483 144.939376 0.000000
1693775101485192707 144.865053 0.000000
1693775101485840354 144.803800 0.000000
1693775101630001189 145.281778 0.000000
1693775101630657170 145.067009 0.000000
1693775101703707638 144.991466 0.000000
1693775102067900701 145.323865 0.000000
1693775102287744970 146.878462 0.000000
1693775102359872928 144.940889 0.000000
1693775102578472323 144.916470 0.000000
1693775102651442570 144.945527 0.000000
1693775102723833421 145.356487 0.000000
1693775103087772765 145.149520 0.000000
1693775103159693074 144.968922 0.000000
1693775103159953029 144.975543 0.000000
1693775103160509814 144.802205 0.000000
1693775103304702948 144.963360 0.000000
1693775103304725200 145.028166 0.000000
1693775103305238203 144.965621 0.000000
1693775103306666190 145.578392 0.000000
1693775103379025696 145.692461 0.000000
1693775103449848337 145.142588 0.000000
1693775103451712348 144.995395 0.000000
1693775103522860653 145.256212 0.000000
1693775103597453600 145.209766 0.000000
1693775103740808475 145.231039 0.000000
1693775104033704978 144.818612 0.000000
1693775104323449012 144.919684 0.000000
1693775104469805470 144.869123 0.000000
1693775104688134983 144.827769 0.000000
1693775104906803746 145.145701 0.000000
1693775104907291145 144.976462 0.000000
1693775105052935632 145.224705 0.000000
1693775105198448206 144.947786 0.000000
1693775105415173435 145.400079 0.000000
1693775105489544301 144.955930 0.000000
1693775105706125429 145.178797 0.000000
1693775105707543463 144.868771 0.000000
1693775105851491979 145.038943 0.000000
1693775105997880871 145.202628 0.000000
1693775106144174958 144.719283 0.000000
1693775106433995733 145.267940 0.000000
1693775106653950886 144.966930 0.000000
1693775107089577325 145.584481 0.000000
1693775107236337131 144.933594 0.000000
1693775107309273435 145.015975 0.000000
1693775107598850326 145.267219 0.000000
1693775107599452100 145.052364 0.000000
1693775107671798010 144.897148 0.000000
1693775107674012261 145.807094 0.000000
1693775107746236216 145.279174 0.000000
1693775107819111854 144.976817 0.000000
1693775107891498218 144.746804 0.000000
1693775107963479285 144.954702 0.000000
1693775108109817100 145.080766 0.000000
1693775108181627939 145.443973 0.000000
1693775108182566773 145.173028 0.000000
1693775108255173752 145.167216 0.000000
1693775108326886848 145.254304 0.000000
1693775108328171437 144.951269 0.000000
1693775108400913765 145.693610 0.000000
1693775108546156598 145.126206 0.000000
1693775108618693467 144.928982 0.000000
1693775108619421285 145.109868 0.000000
1693775108619771490 144.769417 0.000000
1693775108764487436 144.709832 0.000000
1693775108837839171 144.772728 0.000000
1693775109054959594 144.933949 0.000000
1693775109055538170 144.994214 0.000000
1693775109056198266 144.995121 0.000000
1693775109272697123 145.060804 0.000000
1693775109345646631 145.184646 0.000000
1693775109418527817 144.813438 0.000000
1693775109419710052 145.237839 0.000000
1693775109637864329 145.182466 0.000000
1693775109928099462 145.148880 0.000000
1693775110002109870 145.020561 0.000000
1693775110146835138 145.352408 0.000000
1693775110147354662 145.272998 0.000000
1693775110221199298 145.190922 0.000000
1693775110292457709 144.815102 0.000000
1693775110292498008 145.737669 0.000000
1693775110584124938 145.819480 0.000000
1693775110730434867 144.837043 0.000000
1693775110730643251 145.018004 0.000000
1693775110730773820 145.074500 0.000000
1693775110802050213 145.092222 0.000000
1693775110802663214 144.673965 0.000000
1693775110802924833 145.008643 0.000000
1693775111020899417 145.131498 0.000000
1693775111093767708 145.204714 0.000000
1693775111165985946 145.164736 0.000000
1693775111239705186 145.166073 0.000000
1693775111384265305 145.500482 0.000000
1693775111603369808 144.748689 0.000000
1693775111821990184 145.176532 0.000000
1693775112111792580 145.146099 0.000000
1693775112113250511 144.901339 0.000000
1693775112330277076 145.047117 0.000000
1693775112476216889 145.336078 0.000000
1693775112694971270 144.988988 0.000000
1693775112767457174 144.996488 0.000000
1693775112839320687 144.901982 0.000000
1693775112840633225 144.869939 0.000000
1693775112913842207 144.985703 0.000000
1693775112986596930 144.910149 0.000000
1693775112986903363 145.055186 0.000000
1693775113204575871 145.300676 0.000000
1693775113205300216 145.021663 0.000000
1693775113205354733 144.967281 0.000000
1693775113278091545 145.058346 0.000000
1693775113350458225 145.101528 0.000000
1693775113422413400 144.979205 0.000000
1693775113567640362 145.223148 0.000000
1693775113568432259 145.603171 0.000000
1693775113568848707 144.791092 0.000000
1693775113787271991 145.489532 0.000000
1693775113931537766 145.298352 0.000000
1693775113932738344 145.398389 0.000000
1693775114150149626 145.112724 0.000000
1693775114223440776 145.461507 0.000000
1693775114368629187 145.179054 0.000000
1693775114516004185 145.161835 0.000000
1693775114659788044 145.029361 0.000000
1693775114661463015 144.843428 0.000000
1693775114734199785 144.808441 0.000000
1693775114879612001 145.259877 0.000000
1693775115098237619 145.201666 0.000000
1693775115387761367 145.185689 0.000000
1693775115461054035 145.701450 0.000000
1693775115606691912 145.093481 0.000000
1693775115824069853 145.275062 0.000000
1693775115826063405 145.045273 0.000000
1693775115826106766 145.097735 0.000000
1693775115970028254 144.962519 0.000000
1693775116116612462 144.818541 0.000000
1693775116189507464 145.300812 0.000000
1693775116262672110 145.416252 0.000000
1693775116406744018 145.133978 0.000000
1693775116481133577 144.927613 0.000000
1693775116626759629 145.157342 0.000000
1693775116771232315 145.261039 0.000000
1693775116773157247 145.488444 0.000000
1693775116917949172 144.848371 0.000000
1693775117062268090 145.318363 0.000000
1693775117208613215 144.678429 0.000000
1693775117281323303 144.891836 0.000000
1693775117281981629 145.081111 0.000000
1693775117427142245 145.400589 0.000000
1693775117645135668 145.243674 0.000000
1693775117645611004 144.894686 0.000000
1693775117718157771 145.250308 0.000000
1693775117791569691 144.846540 0.000000
1693775118083519441 145.219930 0.000000
1693775118301068715 145.153955 0.000000
1693775118301711450 145.173942 0.000000
1693775118884149143 144.835675 0.000000
1693775119100484320 145.346141 0.000000
1693775119102497738 144.732619 0.000000
1693775119174606502 145.304065 0.000000
1693775119246757375 145.098744 0.000000
1693775119247574531 144.727470 0.000000
1693775119393235628 144.993584 0.000000
1693775119464829628 144.942834 0.000000
1693775119683678312 145.165935 0.000000
1693775119902398328 144.644563 0.000000
1693775119973848665 145.185284 0.000000
1693775120047420519 145.041541 0.000000
1693775120120289746 144.967177 0.000000
1693775120192478403 145.482812 0.000000
1693775120192643547 144.851123 0.000000
1693775120265297826 145.330039 0.000000
1693775120265353906 144.879220 0.000000
1693775120337772027 145.289770 0.000000
1693775120484645089 145.077480 0.000000
1693775120774991410 145.244127 0.000000
1693775120848076213 144.796895 0.000000
1693775120920905307 145.294191 0.000000
1693775120992957599 145.327434 0.000000
1693775120994798752 144.952998 0.000000
1693775121212814479 144.839751 0.000000
1693775121356150309 144.885481 0.000000
1693775121429062779 145.013390 0.000000
1693775121503115330 144.911244 0.000000
1693775121503713692 144.873500 0.000000
1693775121647679193 145.177705 0.000000
1693775121720094127 145.292508 0.000000
1693775121720402830 144.828233 0.000000
1693775121866869980 144.999600 0.000000
1693775122157213050 145.483966 0.000000
1693775122157484346 144.787656 0.000000
1693775122158212655 144.851118 0.000000
1693775122231570707 144.953609 0.000000
1693775122376543662 144.863465 0.000000
1693775122447561837 144.875946 0.000000
1693775122521377061 144.964899 0.000000
1693775122594239682 144.954040 0.000000
1693775122594454527 144.894361 0.000000
1693775122594681124 144.665855 0.000000
1693775122811742806 144.868861 0.000000
1693775122885863420 145.562606 0.000000
1693775122958531222 145.664957 0.000000
1693775123030617256 144.860755 0.000000
1693775123030961642 144.919892 0.000000
1693775123103378582 144.885273 0.000000
1693775123176129067 144.914962 0.000000
1693775123248164214 145.175209 0.000000
1693775123250263949 145.317780 0.000000
1693775123321746256 144.961434 0.000000
1693775123541347430 145.291821 0.000000
1693775123686799092 145.365095 0.000000
1693775123833172383 145.211162 0.000000
1693775123905168861 144.928722 0.000000
1693775123978289364 145.004078 0.000000
1693775124051801090 145.446131 0.000000
1693775124124109549 145.010707 0.000000
1693775124269851380 145.739441 0.000000
1693775124342528552 145.987154 0.000000
1693775124415881103 145.419559 0.000000
1693775124634776453 144.940718 0.000000
1693775124706650297 145.402503 0.000000
1693775124708149781 145.225156 0.000000
1693775124780733145 144.893860 0.000000
1693775124853359417 144.747126 0.000000
1693775125143093188 145.150348 0.000000
1693775125289880763 144.761206 0.000000
1693775125290884904 145.071573 0.000000
1693775125362827500 144.952388 0.000000
1693775125435728761 145.089584 0.000000
1693775125580042413 145.317493 0.000000
1693775125581531367 145.016492 0.000000
1693775125654277008 144.893114 0.000000
1693775125798176926 145.290372 0.000000
1693775125799925057 145.238197 0.000000
1693775125872660292 144.897703 0.000000
1693775125945458524 144.941870 0.000000
1693775125946066062 145.031258 0.000000
1693775126016059555 145.043944 0.000000
1693775126236908157 145.236092 0.000000
1693775126308331105 144.829256 0.000000
1693775126381336163 144.840021 0.000000
1693775126381916914 145.005806 0.000000
1693775126528149966 145.244356 0.000000
1693775126599568423 145.582292 0.000000
1693775126600388060 145.319822 0.000000
1693775127036989128 145.472795 0.000000
1693775127037471255 145.013587 0.000000
1693775127037697601 145.028721 0.000000
1693775127328446542 145.510526 0.000000
1693775127401882836 145.110295 0.000000
1693775127473691202 144.957177 0.000000
1693775127619813193 145.216369 0.000000
1693775127620028324 144.659980 0.000000
1693775127911958103 144.926020 0.000000
1693775127912567169 145.048074 0.000000
1693775127985207495 144.855315 0.000000
1693775128058289117 145.340396 0.000000
1693775128203034081 144.950978 0.000000
1693775128274839766 144.909673 0.000000
1693775128275622096 145.630701 0.000000
1693775128275952234 145.433842 0.000000
1693775128349535637 145.134551 0.000000
1693775128494245905 144.706720 0.000000
1693775128567675325 144.788966 0.000000
1693775128638910991 145.094189 0.000000
1693775128638958823 145.240259 0.000000
1693775128857204939 145.504316 0.000000
1693775128858994226 144.858669 0.000000
1693775129002935214 145.059485 0.000000
1693775129148282185 145.042798 0.000000
1693775129150267874 144.913326 0.000000
1693775129150299628 144.896177 0.000000
1693775129367074963 145.418035 0.000000
1693775129367238469 144.878289 0.000000
1693775129513148943 145.181028 0.000000
1693775129585856827 145.594721 0.000000
1693775129586533616 144.756702 0.000000
1693775129658248140 145.095899 0.000000
1693775129658946665 145.164413 0.000000
1693775129731795815 144.796616 0.000000
1693775129805050232 145.668892 0.000000
1693775129877059023 145.315605 0.000000
1693775130022128796 144.994668 0.000000
1693775130095286557 145.060023 0.000000
1693775130095310237 144.951475 0.000000
1693775130169607497 144.783156 0.000000
1693775130386219101 145.429833 0.000000
1693775130533015399 144.985336 0.000000
1693775130678044719 144.805273 0.000000
1693775130823245697 145.078969 0.000000
1693775131333247083 144.990920 0.000000
1693775131478955209 145.256500 0.000000
1693775131551977897 145.339857 0.000000
1693775131552577076 145.523073 0.000000
1693775131769750844 145.353363 0.000000
1693775132280039759 145.009112 0.000000
1693775132280789839 144.898449 0.000000
1693775132280797547 145.261083 0.000000
1693775132280878831 145.517465 0.000000
1693775132425201437 145.158064 0.000000
1693775132572165047 145.154727 0.000000
1693775132643933327 144.907081 0.000000
1693775132717705966 144.934163 0.000000
1693775132862299749 145.613024 0.000000
1693775132862762655 145.214161 0.000000
1693775133007495489 145.253726 0.000000
1693775133080599099 144.950426 0.000000
1693775133153031747 145.180009 0.000000
1693775133298861305 144.991654 0.000000
1693775133373106918 145.110001 0.000000
1693775133445490554 144.708842 0.000000
1693775133518362070 144.930231 0.000000
1693775133591140867 144.910919 0.000000
1693775133736435118 145.032085 0.000000
1693775133809292284 145.431513 0.000000
1693775133882554169 144.918443 0.000000
1693775133882695257 144.975370 0.000000
1693775133955568193 145.697730 0.000000
1693775134173909281 144.951961 0.000000
1693775134465592446 145.187956 0.000000
1693775134536908685 144.753369 0.000000
1693775134610107175 145.169407 0.000000
1693775134683721890 145.044145 0.000000
1693775134683786410 145.041989 0.000000
1693775134754909176 145.198073 0.000000
1693775134756547337 145.074651 0.000000
1693775134828151151 145.580063 0.000000
1693775134901745276 145.298639 0.000000
1693775135046791436 144.893043 0.000000
1693775135484157172 144.898201 0.000000
1693775135628313854 145.081073 0.000000
1693775135847088182 144.868997 0.000000
1693775135847859997 144.726039 0.000000
1693775136139625173 145.060483 0.000000
1693775136212202607 144.776642 0.000000
1693775136429328579 145.031717 0.000000
1693775136430847081 145.312135 0.000000
1693775136721950283 145.581902 0.000000
1693775137230474529 145.166632 0.000000
1693775137305613940 145.881231 0.000000
1693775137376925174 144.954720 0.000000
1693775137449221413 145.270892 0.000000
1693775137522017339 145.140157 0.000000
1693775137523645832 145.223236 0.000000
1693775137667403497 144.997754 0.000000
1693775137742202617 144.963414 0.000000
1693775137886290109 145.155722 0.000000
1693775138104764972 145.278228 0.000000
1693775138105238844 144.894200 0.000000
1693775138177219277 145.274194 0.000000
1693775138251368750 144.902576 0.000000
1693775138395873385 145.228008 0.000000
1693775138614263624 145.362374 0.000000
1693775138687336966 145.025878 0.000000
1693775138905909905 144.929366 0.000000
1693775138978868501 144.733729 0.000000
1693775138979027822 145.163463 0.000000
1693775139051896046 145.148377 0.000000
1693775139052675433 144.997075 0.000000
1693775139124366847 145.337045 0.000000
1693775139124608278 144.981884 0.000000
1693775139197071732 145.265806 0.000000
1693775139270325073 145.287095 0.000000
1693775139270522928 144.823176 0.000000
1693775139271346264 145.502531 0.000000
1693775139488088684 145.368899 0.000000
1693775139635446006 145.643516 0.000000
1693775139853390994 144.930773 0.000000
1693775139926687961 144.969892 0.000000
1693775140143804253 145.217533 0.000000
1693775140216797450 144.836558 0.000000
1693775140436536762 145.188930 0.000000
1693775140436572625 145.230581 0.000000
1693775140507940676 145.269859 0.000000
1693775140801405197 145.623257 0.000000
1693775140873212354 145.192996 0.000000
1693775140947146004 145.190461 0.000000
1693775141163934152 145.069449 0.000000
1693775141601765165 145.064570 0.000000
1693775141673830060 145.050676 0.000000
1693775141674585513 144.866799 0.000000
1693775141745890937 145.003383 0.000000
1693775141745905310 144.995971 0.000000
1693775141964717781 144.998467 0.000000
1693775142110511919 145.217948 0.000000
1693775142474377696 145.622120 0.000000
1693775142474501730 144.855441 0.000000
1693775142619823759 145.319984 0.000000
1693775142619846447 145.465623 0.000000
1693775142692828471 145.316993 0.000000
1693775142838054921 145.273269 0.000000
1693775142911450954 145.251244 0.000000
1693775142983444580 145.385064 0.000000
1693775142985618708 145.090499 0.000000
1693775143275004905 145.030508 0.000000
1693775143420343574 145.332485 0.000000
1693775143421894993 144.986290 0.000000
1693775143567812987 144.807185 0.000000
1693775143713741463 145.102606 0.000000
1693775143786759709 145.165505 0.000000
1693775143859279478 145.006693 0.000000
1693775143930892256 145.119894 0.000000
1693775143930958004 145.257695 0.000000
1693775143932228319 144.779037 0.000000
1693775144002834242 145.650098 0.000000
1693775144078293781 145.268412 0.000000
1693775144366444612 144.921904 0.000000
1693775144441967951 144.957098 0.000000
1693775144514807525 145.111686 0.000000
1693775144731343904 145.089380 0.000000
1693775144732326180 144.921800 0.000000
1693775144732388560 144.937246 0.000000
1693775144950274080 144.955472 0.000000
1693775145022399518 145.269409 0.000000
1693775145022402104 145.076029 0.000000
1693775145023863498 144.781214 0.000000
1693775145242306574 144.987633 0.000000
1693775145313079929 144.749389 0.000000
1693775145386622700 144.834962 0.000000
1693775145530844149 145.281335 0.000000
1693775145603740394 144.867035 0.000000
1693775145676116795 145.009885 0.000000
1693775145749230055 145.422911 0.000000
1693775145968679323 145.144265 0.000000
1693775146114419896 145.249727 0.000000
1693775146331985341 145.557106 0.000000
1693775146332442289 145.301031 0.000000
1693775146477565952 145.002331 0.000000
1693775146478133146 145.064451 0.000000
1693775146479134426 145.093143 0.000000
1693775146623592160 144.975398 0.000000
1693775146769381931 145.248873 0.000000
1693775146769527459 145.235838 0.000000
1693775147206824164 145.268390 0.000000
1693775147207030474 144.983628 0.000000
1693775147279080184 145.488166 0.000000
1693775147351888127 144.855153 0.000000
1693775147425152416 144.926516 0.000000
1693775147570634417 145.089232 0.000000
1693775147788737463 145.271348 0.000000
1693775147935808299 144.731433 0.000000
1693775148008312665 145.459833 0.000000
1693775148152984708 145.454603 0.000000
1693775148153458375 144.758138 0.000000
1693775148298101434 145.184254 0.000000
1693775148298928143 144.914752 0.000000
1693775148299778526 145.041722 0.000000
1693775148372553383 145.140423 0.000000
1693775148444673726 145.229347 0.000000
1693775148516263290 145.273886 0.000000
1693775148589719450 145.017734 0.000000
1693775148735146526 145.421888 0.000000
1693775148736026398 145.233575 0.000000
1693775148808172892 145.036396 0.000000
1693775148954574549 145.551805 0.000000
1693775148954650340 145.557663 0.000000
1693775149027355375 145.152948 0.000000
1693775149099808358 145.317053 0.000000
1693775149172774120 144.989653 0.000000
1693775149318009072 144.893322 0.000000
1693775149390915358 144.998189 0.000000
1693775149536493543 145.573850 0.000000
1693775149609072140 145.451168 0.000000
1693775149683345279 145.135954 0.000000
1693775149755074014 144.987143 0.000000
1693775149756104065 144.983349 0.000000
1693775149900940184 144.830040 0.000000
1693775149975014334 145.565586 0.000000
1693775150047377748 145.151368 0.000000
1693775150193319186 145.042416 0.000000
1693775150557086094 144.898169 0.000000
1693775151066737308 145.176026 0.000000
1693775151067423339 145.158054 0.000000
1693775151284901495 144.817042 0.000000
1693775151357586995 145.531653 0.000000
1693775151430305971 145.495729 0.000000
1693775151504494136 144.837917 0.000000
1693775151576897413 144.969077 0.000000
1693775151648721762 144.983268 0.000000
1693775151722298158 145.393653 0.000000
1693775151868952333 144.914359 0.000000
1693775151939865185 145.262811 0.000000
1693775152013024200 145.143223 0.000000
1693775152232367730 145.020286 0.000000
1693775152376761677 145.023447 0.000000
1693775152596344529 145.049986 0.000000
1693775152667656398 144.970494 0.000000
1693775152742395670 145.216234 0.000000
1693775153032051329 144.738425 0.000000
1693775153395606799 145.233248 0.000000
1693775153395676436 145.053180 0.000000
1693775153396029908 144.623060 0.000000
1693775153397579989 144.705546 0.000000
1693775153468711943 145.366072 0.000000
1693775153470381983 144.932644 0.000000
1693775153542548988 145.179704 0.000000
1693775153543242326 145.086883 0.000000
1693775153614185113 145.469300 0.000000
1693775153761364488 145.184716 0.000000
1693775153832600242 145.423207 0.000000
1693775153905605354 145.305963 0.000000
1693775153979682326 144.810310 0.000000
1693775154051773603 145.319705 0.000000
1693775154124103433 145.432379 0.000000
1693775154270739096 145.324422 0.000000
1693775154343847038 145.690446 0.000000
1693775154415756306 145.265137 0.000000
1693775154560923602 145.042611 0.000000
1693775154562460001 145.553289 0.000000
1693775154707721608 145.143356 0.000000
1693775154779947811 144.860564 0.000000
1693775154851687106 145.246083 0.000000
1693775155072085992 144.870145 0.000000
1693775155145055619 145.058453 0.000000
1693775155289123829 145.178372 0.000000
1693775155799844914 144.718098 0.000000
1693775155945359695 145.122258 0.000000
1693775156091367611 144.973765 0.000000
1693775156163162424 145.234439 0.000000
1693775156237239505 145.313064 0.000000
1693775156382021517 144.941790 0.000000
1693775156454795997 144.878181 0.000000
1693775156600137382 145.062648 0.000000
1693775156672733801 145.327296 0.000000
1693775156673573871 145.051133 0.000000
1693775156746649008 145.439757 0.000000
1693775156746863396 145.043405 0.000000
1693775156818515092 145.279854 0.000000
1693775156963658538 145.037625 0.000000
1693775157036977108 145.218335 0.000000
1693775157037784541 144.781158 0.000000
1693775157110038325 144.829486 0.000000
1693775157182963257 144.812088 0.000000
1693775157183610077 145.052382 0.000000
1693775157255964885 145.274990 0.000000
1693775157618944708 145.101664 0.000000
1693775157692248420 145.121315 0.000000
1693775157693125350 144.995242 0.000000
1693775157911323464 145.204692 0.000000
1693775157983946861 145.163636 0.000000
1693775157984292044 145.129818 0.000000
1693775158128835399 144.925504 0.000000
1693775158347952377 144.731002 0.000000
1693775158420965654 144.953226 0.000000
1693775158566720473 144.761915 0.000000
1693775158784303145 145.125132 0.000000
1693775158784796367 144.815271 0.000000
1693775159002289252 145.382762 0.000000
1693775159074694177 145.328920 0.000000
1693775159221546923 144.847852 0.000000
1693775159294342825 144.964712 0.000000
1693775159438848842 145.170017 0.000000
1693775159657831475 144.933316 0.000000
1693775159658270466 145.395997 0.000000
1693775159730672946 145.175575 0.000000
1693775159804016567 145.563707 0.000000
1693775159876440615 145.138826 0.000000
1693775160095736456 145.297478 0.000000
1693775160095788502 145.353413 0.000000
1693775160240263442 145.313570 0.000000
1693775160240995505 145.204902 0.000000
1693775160314365330 145.359464 0.000000
1693775160385817743 144.808225 0.000000
1693775160458476295 145.133077 0.000000
1693775160603992572 145.413464 0.000000
1693775160604352815 145.738339 0.000000
1693775160895253509 145.134558 0.000000
1693775160896214594 145.059076 0.000000
1693775161041403165 144.964504 0.000000
1693775161042428415 145.134124 0.000000
1693775161113446947 145.100856 0.000000
1693775161331993587 145.434298 0.000000
1693775161477437584 145.093036 0.000000
1693775161478764751 144.871396 0.000000
1693775161623094333 145.131718 0.000000
1693775162134348070 144.946853 0.000000
1693775162278363699 145.084055 0.000000
1693775162352709476 145.329390 0.000000
1693775162352868246 145.293572 0.000000
1693775162497880565 144.946041 0.000000
1693775162714961709 145.123103 0.000000
1693775162715388622 145.420058 0.000000
1693775162789019145 145.049326 0.000000
1693775162789216554 145.225787 0.000000
1693775162862449635 145.026826 0.000000
1693775163006783972 145.027089 0.000000
1693775163078886133 144.985138 0.000000
1693775163078906245 145.161833 0.000000
1693775163151966011 145.179794 0.000000
1693775163152761080 145.006575 0.000000
1693775163153734494 145.017515 0.000000
1693775163298888660 145.257701 0.000000
1693775163442867025 145.404388 0.000000
1693775163516167696 145.130291 0.000000
1693775163589143918 145.380739 0.000000
1693775163589753947 145.225368 0.000000
1693775163880278407 145.039780 0.000000
1693775163881218269 145.275849 0.000000
1693775163953227989 144.948751 0.000000
1693775164098753927 145.018608 0.000000
1693775164171055372 145.190524 0.000000
1693775164245220630 144.957863 0.000000
1693775164318375858 145.322267 0.000000
1693775164391066686 144.765623 0.000000
1693775164463452038 144.754373 0.000000
1693775164463815594 144.761333 0.000000
1693775164752927633 145.267625 0.000000
1693775164754611004 145.101103 0.000000
1693775164827013786 144.837079 0.000000
1693775164898822337 145.224781 0.000000
1693775165045764556 145.311129 0.000000
1693775165117538495 145.074582 0.000000
1693775165118607626 145.073831 0.000000
1693775165118668443 144.957254 0.000000
1693775165190677200 144.910128 0.000000
1693775165191530600 144.986416 0.000000
1693775165409012283 145.159573 0.000000
1693775165482359058 145.306902 0.000000
1693775165701311936 144.768924 0.000000
1693775165844554068 145.277287 0.000000
1693775165918880640 144.886481 0.000000
1693775165991140195 144.956696 0.000000
1693775165991355621 144.751905 0.000000
1693775166209603114 144.826122 0.000000
1693775166499505387 145.139800 0.000000
1693775166572889605 144.690779 0.000000
1693775166645799320 145.321651 0.000000
1693775166718471800 145.225094 0.000000
1693775166718847068 145.318818 0.000000
1693775166790674797 145.333051 0.000000
1693775166864067996 145.033612 0.000000
1693775166864928573 144.902853 0.000000
1693775166937230098 144.765187 0.000000
1693775167154784744 145.019346 0.000000
1693775167229759899 145.567443 0.000000
1693775167447193671 144.930601 0.000000
1693775167593033001 144.998875 0.000000
1693775167739076308 145.629369 0.000000
1693775168030745186 145.038347 0.000000
1693775168175433564 145.285236 0.000000
1693775168685330574 145.064821 0.000000
1693775168686139114 145.004305 0.000000
1693775168903942044 144.939601 0.000000
1693775168977260472 145.224496 0.000000
1693775169121710378 145.056517 0.000000
1693775169122207419 144.758660 0.000000
1693775169486620539 145.018331 0.000000
1693775169487098310 145.289036 0.000000
1693775169632139989 144.899268 0.000000
1693775169632179836 144.964274 0.000000
1693775169778077623 144.960461 0.000000
1693775169995542721 144.745009 0.000000
1693775169996665392 145.134119 0.000000
1693775170069557615 144.825792 0.000000
1693775170141363298 145.134517 0.000000
1693775170141496283 144.828134 0.000000
1693775170214779815 144.738360 0.000000
1693775170360596170 145.345825 0.000000
1693775170797279329 144.816917 0.000000
1693775171088252055 145.052995 0.000000
1693775171379707316 145.488968 0.000000
1693775171453097474 145.116477 0.000000
1693775171453155118 145.145635 0.000000
1693775171671212617 145.129434 0.000000
1693775171744785341 145.047200 0.000000
1693775171963585773 145.602751 0.000000
1693775171963974327 145.875751 0.000000
1693775172107980046 144.966389 0.000000
1693775172180952243 145.217378 0.000000
1693775172181732227 144.805180 0.000000
1693775172253602586 145.098360 0.000000
1693775172326142800 145.119046 0.000000
1693775172326389329 144.769227 0.000000
1693775172327323206 145.038293 0.000000
1693775172471312015 145.164684 0.000000
1693775172471384403 145.160002 0.000000
1693775172471664274 145.205504 0.000000
1693775172545774809 145.552770 0.000000
1693775172689810826 144.694674 0.000000
1693775172762470821 145.441765 0.000000
1693775172763036852 145.120057 0.000000
1693775172835966085 144.972217 0.000000
1693775172836242648 144.849045 0.000000
1693775172836901350 145.484543 0.000000
1693775172909530723 145.241287 0.000000
1693775172980513428 145.052108 0.000000
1693775172982186245 145.046109 0.000000
1693775173054650394 145.020550 0.000000
1693775173564240574 145.005945 0.000000
1693775173564574080 145.354831 0.000000
1693775173781243496 145.194816 0.000000
1693775173999240699 145.062494 0.000000
1693775173999484872 145.355075 0.000000
1693775174072752989 145.081967 0.000000
1693775174145882441 145.226644 0.000000
1693775174146551833 145.014651 0.000000
1693775174219064428 145.361493 0.000000
1693775174363598043 145.358750 0.000000
1693775174363862253 144.766803 0.000000
1693775174436475448 145.134247 0.000000
1693775174655031589 145.012390 0.000000
1693775174727511921 145.087977 0.000000
1693775174727554370 145.158320 0.000000
1693775174801038954 144.901873 0.000000
1693775174802685359 145.300025 0.000000
1693775175018016744 145.086066 0.000000
1693775175020273584 145.077786 0.000000
1693775175020290864 145.045431 0.000000
1693775175020575631 145.161526 0.000000
1693775175165576779 145.047747 0.000000
1693775175309232386 145.325772 0.000000
1693775175311339693 145.379777 0.000000
1693775175383903824 145.391368 0.000000
1693775175674702644 144.957488 0.000000
1693775175821071346 144.983936 0.000000
1693775175965960200 145.314284 0.000000
1693775175966636338 144.957233 0.000000
1693775176183358746 145.242515 0.000000
1693775176256330702 145.171938 0.000000
1693775176329128222 145.115750 0.000000
1693775176402726833 145.126452 0.000000
1693775176402909768 145.066211 0.000000
1693775176474471758 144.983769 0.000000
1693775176620448397 145.210212 0.000000
1693775176838513669 145.271303 0.000000
1693775176985764592 144.765035 0.000000
1693775177129688876 145.301201 0.000000
1693775177420991688 145.440568 0.000000
1693775177495344072 144.862652 0.000000
1693775177567260066 145.179981 0.000000
1693775177567776888 145.323075 0.000000
1693775177932436088 145.156524 0.000000
1693775178587743422 144.843334 0.000000
1693775178658896417 144.961137 0.000000
1693775178659501660 144.819377 0.000000
1693775178805566485 144.981972 0.000000
1693775178951688883 145.278525 0.000000
1693775179169401835 145.090277 0.000000
1693775179387250923 145.437297 0.000000
1693775179387300468 145.439724 0.000000
1693775179461168636 144.905629 0.000000
1693775179461519732 144.730873 0.000000
1693775179532647600 145.344005 0.000000
1693775179533689038 144.962331 0.000000
1693775179825268222 145.569212 0.000000
1693775179825317146 145.260479 0.000000
1693775179896721722 145.292011 0.000000
1693775179898233323 144.770693 0.000000
1693775179969597650 145.149981 0.000000
1693775180114680471 145.078025 0.000000
1693775180187764333 144.714409 0.000000
1693775180334904083 145.073809 0.000000
1693775180406023851 145.429887 0.000000
1693775180406932079 144.797966 0.000000
1693775180478952961 144.792799 0.000000
1693775180553641904 145.569688 0.000000
1693775180625894037 144.964739 0.000000
1693775180843639749 145.188220 0.000000
1693775180989743528 145.035699 0.000000
1693775180989842533 145.269362 0.000000
1693775181134647005 144.810392 0.000000
1693775181353022745 145.306120 0.000000
1693775181571114938 145.245532 0.000000
1693775182081825241 145.473809 0.000000
1693775182155240214 145.171562 0.000000
1693775182372188337 144.779710 0.000000
1693775182446190605 144.985194 0.000000
1693775182737690351 145.246204 0.000000
1693775182810575803 144.953074 0.000000
1693775182955497358 145.127584 0.000000
1693775183101162547 145.056469 0.000000
1693775183173526578 145.000139 0.000000
1693775183173894609 145.027919 0.000000
1693775183246840226 145.123795 0.000000
1693775183391131749 145.303918 0.000000
1693775183465247853 145.228866 0.000000
1693775183537047254 144.831147 0.000000
1693775183538317494 144.880287 0.000000
1693775183538525453 145.014895 0.000000
1693775183682812971 144.881951 0.000000
1693775183683297884 144.712526 0.000000
1693775183754440078 145.056128 0.000000
1693775183754506297 145.036934 0.000000
1693775183828380327 144.968639 0.000000
1693775183901588295 145.142656 0.000000
1693775184047241469 145.144472 0.000000
1693775184192936642 145.690677 0.000000
1693775184338537450 145.480699 0.000000
1693775184412224683 145.152257 0.000000
1693775184483854072 145.203805 0.000000
1693775184483916808 145.374722 0.000000
1693775184631091619 145.491100 0.000000
1693775184702463578 145.239028 0.000000
1693775184704170439 145.100616 0.000000
1693775184849747831 145.034094 0.000000
1693775184994724805 144.972219 0.000000
1693775184995167701 144.855361 0.000000
1693775185213716351 145.213293 0.000000
1693775185285473077 145.247879 0.000000
1693775185359586238 145.337964 0.000000
1693775185504968534 144.874415 0.000000
1693775185505105703 144.945089 0.000000
1693775185577685271 145.074138 0.000000
1693775185795230248 145.478421 0.000000
1693775185795783270 145.914130 0.000000
1693775186158310401 145.053872 0.000000
1693775186158703305 144.848935 0.000000
1693775186159348922 144.779699 0.000000
1693775186303414576 145.099854 0.000000
1693775186448735154 145.316168 0.000000
1693775186521833388 144.929711 0.000000
1693775186522639397 144.981757 0.000000
1693775186594305113 145.017233 0.000000
1693775186667218068 145.374506 0.000000
1693775186814265116 145.112810 0.000000
1693775186887158440 144.873284 0.000000
1693775186959531244 145.183510 0.000000
1693775187104218664 145.398408 0.000000
1693775187396579693 145.579546 0.000000
1693775187468477371 144.787455 0.000000
1693775187542219951 144.879138 0.000000
1693775187615129256 144.908699 0.000000
1693775187616069593 144.852740 0.000000
1693775187686654637 145.242741 0.000000
1693775187760188262 145.101451 0.000000
1693775187904728753 145.280366 0.000000
1693775187906056176 145.077279 0.000000
1693775187977781063 145.035933 0.000000
1693775188052031176 145.009004 0.000000
1693775188123511045 145.135313 0.000000
1693775188196221811 144.938520 0.000000
1693775188196275501 145.553401 0.000000
1693775188633206895 144.914542 0.000000
1693775188706136971 144.968868 0.000000
1693775188780229093 145.114376 0.000000
1693775188852608045 145.299289 0.000000
1693775188998076031 145.021984 0.000000
1693775189581134734 145.402982 0.000000
1693775189652926833 145.207285 0.000000
1693775189798373049 145.230094 0.000000
1693775189799675299 144.894829 0.000000
1693775189945593999 145.044507 0.000000
1693775190090792338 145.165854 0.000000
1693775190163564914 144.927724 0.000000
1693775190453714799 145.129553 0.000000
1693775190673000193 145.154427 0.000000
1693775190817489570 144.823158 0.000000
1693775190818320533 145.427308 0.000000
1693775190964574841 145.091518 0.000000
1693775191110259526 144.846832 0.000000
1693775191328930196 145.068866 0.000000
1693775191473057760 144.953214 0.000000
1693775191545598015 144.882176 0.000000
1693775191546789813 145.375142 0.000000
1693775191836831610 145.217268 0.000000
1693775191983052484 145.334728 0.000000
1693775191983120217 145.239275 0.000000
1693775192056766569 145.130074 0.000000
1693775192202165614 145.967321 0.000000
1693775192202214382 145.325654 0.000000
1693775192273805526 145.218053 0.000000
1693775192274022911 145.188836 0.000000
1693775192420112488 145.321179 0.000000
1693775192421056047 144.919915 0.000000
1693775192858062360 145.185960 0.000000
1693775192929320535 145.641454 0.000000
1693775193074988303 145.165319 0.000000
1693775193148259289 144.948134 0.000000
1693775193148322761 144.930182 0.000000
1693775193368286476 144.985091 0.000000
1693775193512789282 144.898902 0.000000
1693775193950660752 146.016327 0.000000
1693775194023951217 145.511865 0.000000
1693775194168381687 145.176471 0.000000
1693775194314116480 145.144746 0.000000
1693775194387237871 145.003236 0.000000
1693775194459891778 145.505712 0.000000
1693775194532946307 145.100812 0.000000
1693775194750128928 145.283151 0.000000
1693775194751464760 145.344610 0.000000
1693775194751492264 145.170465 0.000000
1693775194824735973 145.636963 0.000000
1693775194895296785 145.338640 0.000000
1693775195041023733 144.997897 0.000000
1693775195258822712 144.940779 0.000000
1693775195332431956 145.039488 0.000000
1693775195333635591 145.358786 0.000000
1693775195333707683 145.068385 0.000000
1693775195405390982 145.014331 0.000000
1693775195405728698 145.270972 0.000000
1693775195769881156 144.931710 0.000000
1693775195915596517 145.000895 0.000000
1693775195915805549 145.142704 0.000000
1693775196132829152 145.244372 0.000000
1693775196133069151 145.043740 0.000000
1693775196133833238 145.408468 0.000000
1693775196133964493 145.176669 0.000000
1693775196424078036 145.033606 0.000000
1693775196424209948 144.797472 0.000000
1693775196571035593 144.761047 0.000000
1693775196643153644 146.003009 0.000000
1693775196935210532 144.941192 0.000000
1693775196935428048 145.113502 0.000000
1693775197152317245 145.335934 0.000000
1693775197297267011 145.014612 0.000000
1693775197517337875 144.827341 0.000000
1693775197808184976 144.838236 0.000000
1693775198026799214 145.008917 0.000000
1693775198098588256 145.159792 0.000000
1693775198681713811 144.910093 0.000000
1693775198973123799 144.779398 0.000000
1693775199118590274 144.942852 0.000000
1693775199118826965 145.075726 0.000000
1693775199190502131 144.805842 0.000000
1693775199191813601 145.260038 0.000000
1693775199264670674 144.978968 0.000000
1693775199408922637 145.122583 0.000000
1693775199482835823 144.994981 0.000000
1693775199555169608 145.030036 0.000000
1693775199774063935 145.060553 0.000000
1693775199847487582 145.435179 0.000000
1693775200138361146 145.309567 0.000000
1693775200210770237 145.270851 0.000000
1693775200430488073 145.146795 0.000000
1693775200430514163 145.257257 0.000000
1693775200502842037 145.055867 0.000000
1693775200575919925 145.402394 0.000000
1693775200794000447 144.829499 0.000000
1693775200940305215 145.083888 0.000000
1693775201012320346 145.439150 0.000000
1693775201086000372 145.837378 0.000000
1693775201158781348 145.524558 0.000000
1693775201159037940 145.565112 0.000000
1693775201304670746 145.940672 0.000000
1693775201305187102 145.850958 0.000000
1693775201377387612 144.751264 0.000000
1693775201377517625 144.840637 0.000000
1693775201522563223 145.042445 0.000000
1693775201741876722 145.128028 0.000000
1693775201887862311 145.064682 0.000000
1693775202542468762 145.155875 0.000000
1693775202686478575 144.866821 0.000000
1693775202687414256 144.743043 0.000000
1693775202759355703 145.007842 0.000000
1693775202760509492 145.176840 0.000000
1693775202904639688 145.238048 0.000000
1693775202905944017 145.288190 0.000000
1693775203195793795 145.397012 0.000000
1693775203195890636 145.466384 0.000000
1693775203269105257 144.977330 0.000000
1693775203341075990 145.252777 0.000000
1693775203414809523 145.254344 0.000000
1693775203559189773 145.009234 0.000000
1693775203560826917 145.030238 0.000000
1693775203632275239 144.838594 0.000000
1693775203852183968 145.017335 0.000000
1693775203925211028 145.093350 0.000000
1693775203996046638 145.084307 0.000000
1693775204142963004 144.940680 0.000000
1693775204213881596 145.157295 0.000000
1693775204433694839 144.751608 0.000000
1693775204434208564 145.137506 0.000000
1693775204506474906 145.285344 0.000000
1693775204578453871 145.898121 0.000000
1693775204578839453 145.229766 0.000000
1693775204580233476 145.359213 0.000000
1693775204870624641 144.993703 0.000000
1693775205087206366 145.025734 0.000000
1693775205088870005 144.765423 0.000000
1693775205453814583 145.512133 0.000000
1693775205671146591 144.910873 0.000000
1693775205672808431 144.802283 0.000000
1693775205673783046 144.893412 0.000000
1693775205971226501 145.270456 0.000000
1693775205973594765 145.164680 0.000000
1693775206119350435 145.053793 0.000000
1693775206400493740 144.949416 0.000000
1693775206481196068 145.481813 0.000000
1693775206555783802 145.067108 0.000000
1693775206555984680 145.049642 0.000000
1693775206628607067 145.105943 0.000000
1693775206764352121 145.214695 0.000000
1693775206837200770 145.182290 0.000000
1693775206845242662 145.371300 0.000000
1693775207065632732 145.146359 0.000000
1693775207065694886 144.990968 0.000000
1693775207138628113 145.282566 0.000000
1693775207283967571 145.340325 0.000000
1693775207501804527 144.983043 0.000000
1693775207648114687 144.969161 0.000000
1693775208084298148 144.898020 0.000000
1693775208302347797 145.221902 0.000000
1693775208302413084 145.402001 0.000000
1693775208302798490 145.000734 0.000000
1693775208593487184 145.024776 0.000000
1693775208666371132 145.295727 0.000000
1693775208731872459 145.113991 0.000000
1693775208884960747 145.155860 0.000000
1693775209030411328 145.216917 0.000000
1693775209030757609 145.021629 0.000000
1693775209030858834 144.827156 0.000000
1693775209103336943 145.271936 0.000000
1693775209321765348 145.174152 0.000000
1693775209386993623 145.219239 0.000000
1693775209394794023 145.592356 0.000000
1693775209540236494 145.358927 0.000000
1693775209677908888 145.211235 0.000000
1693775209758592161 145.357329 0.000000
1693775209759421310 145.016496 0.000000
1693775209823785635 144.956712 0.000000
1693775209831553965 145.381536 0.000000
1693775209904593804 145.167437 0.000000
1693775210187383968 145.293895 0.000000
1693775210414527942 145.396510 0.000000
1693775210478294251 145.111683 0.000000
1693775210487783018 145.373331 0.000000
1693775210551257056 145.181465 0.000000
1693775210706312975 145.545280 0.000000
1693775210778700577 145.145646 0.000000
1693775210924262030 145.025882 0.000000
1693775210997160681 144.915977 0.000000
1693775211288074427 145.282569 0.000000
1693775211426507869 145.003565 0.000000
1693775211433947445 145.064592 0.000000
1693775211434068917 145.339442 0.000000
1693775211725064295 145.053218 0.000000
1693775211798007550 145.012372 0.000000
1693775211870897245 145.242131 0.000000
1693775211871144936 145.363984 0.000000
1693775212016236972 145.159188 0.000000
1693775212016299763 145.260087 0.000000
1693775212016601761 145.412657 0.000000
1693775212016693630 145.499499 0.000000
1693775212080713337 145.293796 0.000000
1693775212089105589 145.217368 0.000000
1693775212381315706 145.030814 0.000000
1693775212599297288 145.501861 0.000000
1693775212672250115 145.297956 0.000000
1693775212963847477 145.474422 0.000000
1693775213111893822 145.148640 0.000000
1693775213174836028 145.253157 0.000000
1693775213182054394 145.172916 0.000000
1693775213473237891 145.073709 0.000000
1693775213473311011 145.389769 0.000000
1693775213546455294 145.405881 0.000000
1693775213621338211 145.114619 0.000000
1693775213691615309 145.254670 0.000000
1693775213764694640 145.359069 0.000000
1693775213837600113 145.443730 0.000000
1693775214055649989 144.977777 0.000000
1693775214274130276 145.464163 0.000000
1693775214275937235 144.803967 0.000000
1693775214275993421 145.074201 0.000000
1693775214347421040 145.497305 0.000000
1693775214486817613 145.347972 0.000000
1693775214638763422 145.367391 0.000000
1693775214711183760 145.236311 0.000000
1693775214784958038 146.062063 0.000000
1693775214785868360 145.112444 0.000000
1693775215075625887 145.274772 0.000000
1693775215149067782 145.189084 0.000000
1693775215293740268 145.183340 0.000000
1693775215440185617 145.245939 0.000000
1693775215512684138 145.088618 0.000000
1693775215652461788 145.233947 0.000000
1693775215730618861 145.190450 0.000000
1693775215802970775 145.322588 0.000000
1693775215876169449 145.543482 0.000000
1693775215940222583 145.317640 0.000000
1693775215948923218 145.095188 0.000000
1693775215948943520 144.688743 0.000000
1693775216094378267 145.275386 0.000000
1693775216166972225 145.202032 0.000000
1693775216458300355 145.428505 0.000000
1693775216603737144 145.225874 0.000000
1693775216894863730 145.208542 0.000000
1693775217113082408 145.249809 0.000000
1693775217113192078 145.319841 0.000000
1693775217331221757 145.324809 0.000000
1693775217401486226 145.220502 0.000000
1693775217476745013 145.394220 0.000000
1693775217477381574 144.892198 0.000000
1693775217477382100 145.161800 0.000000
1693775217622516731 145.131630 0.000000
1693775217694943044 145.026420 0.000000
1693775217913390821 144.685297 0.000000
1693775217985712680 145.200991 0.000000
1693775218203824131 145.284737 0.000000
1693775218639967862 145.238852 0.000000
1693775218786290837 145.283627 0.000000
1693775219075070964 145.514530 0.000000
1693775219076517383 145.332056 0.000000
1693775219076946306 144.771080 0.000000
1693775219077157026 144.972990 0.000000
1693775219077179283 144.911647 0.000000
1693775219150107461 145.025903 0.000000
1693775219294983807 145.145351 0.000000
1693775219513015632 145.093970 0.000000
1693775219658149495 145.168744 0.000000
1693775219658210903 145.262317 0.000000
1693775219658215218 145.197967 0.000000
1693775219949549605 145.231172 0.000000
1693775220022395851 145.229969 0.000000
1693775220022871237 145.152519 0.000000
1693775220023305878 145.216802 0.000000
1693775220094706654 144.864469 0.000000
1693775220167615132 145.197305 0.000000
1693775220167680399 144.801264 0.000000
1693775220167780978 144.772427 0.000000
1693775220313002678 145.218487 0.000000
1693775220314511167 144.933183 0.000000
1693775220531665894 145.355982 0.000000
1693775220968380858 145.231552 0.000000
1693775220969286370 145.176744 0.000000
1693775221041082529 144.949563 0.000000
1693775221041480705 144.997892 0.000000
1693775221186375809 145.286029 0.000000
1693775221186441617 145.161749 0.000000
1693775221259206919 145.077963 0.000000
1693775221404979341 145.071070 0.000000
1693775221478384898 144.917535 0.000000
1693775221841523349 145.261652 0.000000
1693775221987635428 145.195207 0.000000
1693775222133402806 145.828845 0.000000
1693775222205771611 145.313583 0.000000
1693775222278922634 144.826210 0.000000
1693775222350931896 145.152792 0.000000
1693775222423961217 145.151130 0.000000
1693775222497026681 145.350960 0.000000
1693775222498041722 145.376464 0.000000
1693775222570391462 145.221508 0.000000
1693775222715818612 145.110945 0.000000
1693775222788546687 145.083152 0.000000
1693775223007033911 145.279224 0.000000
1693775223080184426 144.969016 0.000000
1693775223225582491 145.394432 0.000000
1693775223370744246 144.890538 0.000000
1693775223371206987 144.802829 0.000000
1693775223443695754 145.185800 0.000000
1693775223590125608 145.165538 0.000000
1693775223735076037 145.166030 0.000000
1693775223807533938 145.179079 0.000000
1693775223808448565 144.877869 0.000000
1693775223880179451 145.161945 0.000000
1693775224171589068 145.329228 0.000000
1693775224172087974 144.911956 0.000000
1693775224244621556 145.530455 0.000000
1693775224389868380 145.204837 0.000000
1693775224390145465 145.473927 0.000000
1693775224462748126 145.276810 0.000000
1693775224536239081 144.987659 0.000000
1693775224681219276 144.903011 0.000000
1693775224753684800 145.166992 0.000000
1693775224826646042 145.456295 0.000000
1693775225117843628 145.243343 0.000000
1693775225264330234 144.914153 0.000000
1693775225409535761 145.240208 0.000000
1693775225700871211 145.195016 0.000000
1693775225773146456 145.224308 0.000000
1693775225773217386 145.173049 0.000000
1693775225846062013 145.158461 0.000000
1693775225919322245 145.451244 0.000000
1693775226137772403 144.785364 0.000000
1693775226356319009 145.106495 0.000000
1693775226356345916 144.891714 0.000000
1693775226501506863 145.232819 0.000000
1693775226574034661 144.900034 0.000000
1693775226646826559 144.747074 0.000000
1693775226647746489 144.917165 0.000000
1693775227375084967 145.131548 0.000000
1693775227448556673 144.805822 0.000000
1693775227593795373 145.191211 0.000000
1693775227666318948 145.218988 0.000000
1693775227739112636 145.198892 0.000000
1693775227811489784 145.025367 0.000000
1693775227812084798 144.935463 0.000000
1693775227884919951 144.903853 0.000000
1693775228030122087 145.211753 0.000000
1693775228175951854 144.767422 0.000000
1693775228248880767 145.074883 0.000000
1693775228466478604 145.163001 0.000000
1693775228612533360 145.436994 0.000000
1693775228685528907 144.924036 0.000000
1693775228976866186 145.071354 0.000000
1693775229048786370 145.119809 0.000000
1693775229122189404 144.796387 0.000000
1693775229122237621 144.766307 0.000000
1693775229195185886 145.488162 0.000000
1693775229195459789 145.027325 0.000000
1693775229267244821 144.801296 0.000000
1693775229339647186 145.109423 0.000000
1693775229485922168 144.886112 0.000000
1693775229558072896 145.302050 0.000000
1693775229776182537 145.076627 0.000000
1693775229994476807 145.304818 0.000000
1693775230285765946 144.971999 0.000000
1693775230286240289 144.999634 0.000000
1693775230286339199 145.082120 0.000000
1693775230358410736 145.250375 0.000000
1693775230431966740 145.162789 0.000000
1693775230650185450 144.745967 0.000000
1693775230650626431 145.060158 0.000000
1693775230722634926 145.470418 0.000000
1693775230795505644 145.205517 0.000000
1693775230796013155 144.932512 0.000000
1693775231013814898 145.109558 0.000000
1693775231159569963 145.173131 0.000000
1693775231231609200 144.880444 0.000000
1693775231523165863 144.889256 0.000000
1693775231595606729 145.310277 0.000000
1693775231668998392 145.898081 0.000000
1693775231669210480 146.015054 0.000000
1693775231669510989 145.350918 0.000000
1693775231814162184 144.826387 0.000000
1693775231814388801 144.874779 0.000000
1693775231814426353 144.850238 0.000000
1693775231814815604 144.720751 0.000000
1693775231959702259 145.474166 0.000000
1693775232033602511 145.720926 0.000000
1693775232177513630 145.051007 0.000000
1693775232470078076 145.244667 0.000000
1693775232614689533 145.250328 0.000000
1693775232615194107 144.872464 0.000000
1693775232760241656 145.020712 0.000000
1693775232833513665 144.959439 0.000000
1693775233123716468 145.291751 0.000000
1693775233196582965 145.132392 0.000000
1693775233488532962 144.915175 0.000000
1693775233560821348 144.968505 0.000000
1693775233561292819 144.849333 0.000000
1693775233778307532 145.197086 0.000000
1693775233779000880 145.033941 0.000000
1693775233779539724 145.001826 0.000000
1693775233997684771 144.789685 0.000000
1693775234142977777 144.983851 0.000000
1693775234215640634 144.942544 0.000000
1693775234288073056 145.381796 0.000000
1693775234579276210 144.811048 0.000000
1693775234579889246 145.404834 0.000000
1693775234651330126 145.404898 0.000000
1693775234724110040 144.831760 0.000000
1693775234725134102 145.161522 0.000000
1693775235015542594 145.355560 0.000000
1693775235015583760 145.449063 0.000000
1693775235015624329 145.318298 0.000000
1693775235088925636 145.068882 0.000000
1693775235234662669 145.081653 0.000000
1693775235452358633 145.278761 0.000000
1693775235525006883 145.094697 0.000000
1693775235670397477 145.372212 0.000000
1693775235670793734 144.804552 0.000000
1693775235743927121 145.241344 0.000000
1693775235743997630 145.175050 0.000000
1693775235888543151 145.279538 0.000000
1693775236034396563 145.131723 0.000000
1693775236034542738 145.175626 0.000000
1693775236107757500 145.022416 0.000000
1693775236398659995 144.967131 0.000000
1693775236616961906 145.155027 0.000000
1693775236617447345 144.908965 0.000000
1693775236689879281 145.128622 0.000000
1693775236690375019 144.864262 0.000000
1693775236762884199 144.955079 0.000000
1693775236835761711 144.907632 0.000000
1693775236907982901 145.165232 0.000000
1693775236908058071 145.319531 0.000000
1693775237054114395 144.806872 0.000000
1693775237126098685 145.195112 0.000000
1693775237271810242 145.189236 0.000000
1693775237272149110 144.751519 0.000000
1693775237344711986 145.359018 0.000000
1693775237417244631 145.187485 0.000000
1693775237563488122 144.867590 0.000000
1693775237708536751 145.119559 0.000000
1693775237709089652 145.318963 0.000000
1693775237709389995 145.021035 0.000000
1693775237781376982 144.914799 0.000000
1693775237999364068 145.242421 0.000000
1693775237999736945 144.916073 0.000000
1693775238144903805 145.264757 0.000000
1693775238217988900 145.250198 0.000000
1693775238290440481 145.460720 0.000000
1693775238436047547 145.222741 0.000000
1693775238509850587 144.809925 0.000000
1693775238581845159 144.832813 0.000000
1693775238872564009 145.015243 0.000000
1693775238873520649 144.785077 0.000000
1693775239164908258 145.079072 0.000000
1693775239164968598 145.216091 0.000000
1693775239383680870 144.826669 0.000000
1693775239383775805 145.236047 0.000000
1693775239818639185 145.117246 0.000000
1693775239820203274 144.979993 0.000000
1693775239892967282 145.197753 0.000000
1693775239965773192 144.926156 0.000000
1693775240111014908 145.040242 0.000000
1693775240111080530 145.241305 0.000000
1693775240111751571 144.923831 0.000000
1693775240111834820 145.060729 0.000000
1693775240184524325 145.056781 0.000000
1693775240766860421 145.294132 0.000000
1693775240839414466 145.480475 0.000000
1693775240912459592 144.706756 0.000000
1693775240985160288 145.185503 0.000000
1693775241058040180 145.107938 0.000000
1693775241130408146 145.173431 0.000000
1693775241275719984 145.044781 0.000000
1693775241347443907 145.009053 0.000000
1693775241348518778 144.854002 0.000000
1693775241566740681 145.011241 0.000000
1693775241639626876 144.945796 0.000000
1693775241784507532 144.889892 0.000000
1693775241858141378 144.952136 0.000000
1693775241929860615 144.694206 0.000000
1693775242003098275 144.850801 0.000000
1693775242004102521 145.293059 0.000000
1693775242147799492 145.215509 0.000000
1693775242220570411 145.082926 0.000000
1693775242294624194 145.209765 0.000000
1693775242366147106 145.557164 0.000000
1693775242366345237 144.926487 0.000000
1693775242366775863 145.422571 0.000000
1693775242584295200 145.323009 0.000000
1693775242585141373 144.894833 0.000000
1693775242730091571 144.889792 0.000000
1693775242803711795 144.855522 0.000000
1693775242875665248 145.610548 0.000000
1693775243094101677 144.974507 0.000000
1693775243166839955 145.231977 0.000000
1693775243166908289 144.990621 0.000000
1693775243458276934 145.173989 0.000000
1693775243530615553 145.218468 0.000000
1693775243603522383 145.292423 0.000000
1693775243895673307 145.048285 0.000000
1693775243895741335 145.277548 0.000000
1693775244040349632 145.248467 0.000000
1693775244186099770 144.969362 0.000000
1693775244186149556 145.165248 0.000000
1693775244258647285 145.356943 0.000000
1693775244259246794 144.961242 0.000000
1693775244477471783 144.871840 0.000000
1693775244695336524 145.051939 0.000000
1693775244768238621 145.259129 0.000000
1693775244986274511 145.306501 0.000000
1693775244986338520 145.300822 0.000000
1693775245205061697 145.349089 0.000000
1693775245205134827 145.368976 0.000000
1693775245350466116 145.399773 0.000000
1693775245423284821 145.004068 0.000000
1693775245497044410 144.958616 0.000000
1693775245568505903 145.182176 0.000000
1693775245569583885 145.233135 0.000000
1693775245714386650 145.457482 0.000000
1693775245714664206 144.938119 0.000000
1693775245715226448 144.991033 0.000000
1693775245787284500 145.090770 0.000000
1693775245787366390 145.108350 0.000000
1693775245860833739 144.888463 0.000000
1693775245932702269 145.369493 0.000000
1693775246151571336 144.900072 0.000000
1693775246224319414 144.795013 0.000000
1693775246224567992 144.911534 0.000000
1693775246370288651 145.076531 0.000000
1693775246442120094 145.122915 0.000000
1693775246588797233 145.224685 0.000000
1693775246806881703 145.411986 0.000000
1693775246951488220 145.207065 0.000000
1693775247024783791 145.036819 0.000000
1693775247169890065 145.001616 0.000000
1693775247243167368 144.865295 0.000000
1693775247316056997 144.992085 0.000000
1693775247388076348 145.178878 0.000000
1693775247460937932 144.876845 0.000000
1693775247533822390 145.104024 0.000000
1693775247751854910 145.183604 0.000000
1693775247898044982 145.485718 0.000000
1693775248116468594 145.113407 0.000000
1693775248189125112 145.440622 0.000000
1693775248189454533 145.102802 0.000000
1693775248189562610 145.000374 0.000000
1693775248479896678 144.992086 0.000000
1693775248553592224 144.780874 0.000000
1693775248626378634 144.860569 0.000000
1693775248771029144 145.201291 0.000000
1693775249063587259 144.846075 0.000000
1693775249281734397 144.876505 0.000000
1693775249426640256 145.276787 0.000000
1693775249572236942 145.160582 0.000000
1693775249717571222 145.154312 0.000000
1693775249790494145 145.294518 0.000000
1693775249935635818 145.043019 0.000000
1693775249936394137 145.185541 0.000000
1693775250009815239 145.189925 0.000000
1693775250080880630 145.240192 0.000000
1693775250082426546 144.883507 0.000000
1693775250226796158 144.898757 0.000000
1693775250299521154 144.699382 0.000000
1693775250300727731 144.980216 0.000000
1693775250372297922 144.892953 0.000000
1693775250446408402 145.112564 0.000000
1693775250518080971 145.107799 0.000000
1693775250591365916 144.812206 0.000000
1693775250735472700 145.182883 0.000000
1693775250736640312 144.915250 0.000000
1693775250881209597 145.060413 0.000000
1693775250953353157 145.083782 0.000000
1693775250953911225 144.949209 0.000000
1693775250954456769 144.945706 0.000000
1693775251100526179 145.127485 0.000000
1693775251172676579 144.896616 0.000000
1693775251464279260 145.104425 0.000000
1693775251536243377 145.178844 0.000000
1693775251682744106 144.637053 0.000000
1693775251827422536 145.147155 0.000000
1693775252046657990 145.534141 0.000000
1693775252337350215 145.114814 0.000000
1693775252410397752 145.397041 0.000000
1693775252628316354 144.869113 0.000000
1693775252701590784 145.071012 0.000000
1693775252701707225 144.931568 0.000000
1693775252773344312 144.982708 0.000000
1693775252846029922 144.961112 0.000000
1693775252918492906 145.146128 0.000000
1693775252920210912 144.792079 0.000000
1693775253136765167 145.244271 0.000000
1693775253209740411 145.294657 0.000000
1693775253210938674 144.722009 0.000000
1693775253355066935 145.284846 0.000000
1693775253647080810 145.111056 0.000000
1693775253865686368 144.858248 0.000000
1693775253937748799 145.160209 0.000000
1693775254083773295 145.455622 0.000000
1693775254301788961 145.090889 0.000000
1693775254520366690 144.861355 0.000000
1693775254883489563 145.216281 0.000000
1693775255028750033 145.255980 0.000000
1693775255028786012 144.858439 0.000000
1693775255174334861 145.148047 0.000000
1693775255175538280 145.092102 0.000000
1693775255248460937 144.811424 0.000000
1693775255320804678 145.270939 0.000000
1693775256121351494 145.189714 0.000000
1693775256266995751 144.898708 0.000000
1693775256339200066 145.047934 0.000000
1693775256485685204 144.974804 0.000000
1693775256703413396 144.972257 0.000000
1693775256776499755 145.129775 0.000000
1693775256849373874 145.095972 0.000000
1693775257067752670 145.026826 0.000000
1693775257139836725 145.108354 0.000000
1693775257285116716 145.270729 0.000000
1693775257576640376 145.281735 0.000000
1693775257867675115 145.125961 0.000000
1693775257867729351 145.137212 0.000000
1693775257940912699 145.187469 0.000000
1693775257940952116 144.865966 0.000000
1693775258012977853 145.114049 0.000000
1693775258013036730 145.357154 0.000000
1693775258013039581 145.215740 0.000000
1693775258085950702 145.075104 0.000000
1693775258086834538 145.059057 0.000000
1693775258087114484 145.223459 0.000000
1693775258231803588 145.282700 0.000000
1693775258232406856 145.290258 0.000000
1693775258450634142 145.419682 0.000000
1693775258450882285 144.958088 0.000000
1693775258596453568 145.113795 0.000000
1693775258668987446 145.411730 0.000000
1693775258669561772 144.970944 0.000000
1693775258742488368 144.867956 0.000000
1693775258814100236 145.108115 0.000000
1693775258814189499 145.087311 0.000000
1693775258815282116 144.886018 0.000000
1693775258815781567 145.423433 0.000000
1693775258887955803 144.788415 0.000000
1693775259177930220 145.113833 0.000000
1693775259179103309 144.959208 0.000000
1693775259397083272 144.798362 0.000000
1693775259469008359 145.421904 0.000000
