1693787274841869800 122.067045 0.000000
1693787275327437567 120.413213 0.000000
1693787275772326010 120.495164 0.000000
1693787275853401253 120.563073 0.000000
1693787275916358745 120.501169 0.000000
1693787276068165839 240.965847 0.000000
1693787276198606674 240.796502 0.000000
1693787277355370616 240.727013 0.000000
1693787277449952666 240.757219 0.000000
1693787277542369162 240.779379 0.000000
1693787277724284126 240.634074 0.000000
1693787277826901437 120.421874 0.000000
1693787277992521681 240.699185 0.000000
1693787278039682903 240.705760 0.000000
1693787278065807725 240.674487 0.000000
1693787278163565287 240.579576 0.000000
1693787278306354449 240.513191 0.000000
1693787278469567292 120.460850 0.000000
1693787278607756711 240.724431 0.000000
1693787278739564516 120.386335 0.000000
1693787278797840904 120.384296 0.000000
1693787278854973878 120.343461 0.000000
1693787278887869526 120.310783 0.000000
1693787278939888242 120.395538 0.000000
1693787278979930018 240.794993 0.000000
1693787279159167426 120.492137 0.000000
1693787279464579411 120.448765 0.000000
1693787279539884965 240.737859 0.000000
1693787279750455606 240.697822 0.000000
1693787280038623510 240.868041 0.000000
1693787280164588881 240.706556 0.000000
1693787280372951955 240.742335 0.000000
1693787280390063138 240.710957 0.000000
1693787280466767029 240.702693 0.000000
1693787280500538716 240.733238 0.000000
1693787280576793373 240.687353 0.000000
1693787280704431725 240.599277 0.000000
1693787280789235457 240.631982 0.000000
1693787280990482833 120.484749 0.000000
1693787281017687552 240.707916 0.000000
1693787281034041680 240.733540 0.000000
1693787281048001712 120.416721 0.000000
1693787281102864760 240.676357 0.000000
1693787281174609490 240.622067 0.000000
1693787281285419499 240.741115 0.000000
1693787281412472789 240.869005 0.000000
1693787281413511293 240.817741 0.000000
1693787281415237554 240.602976 0.000000
1693787281610314326 240.609542 0.000000
1693787281904262794 120.496101 0.000000
1693787281972022757 120.425512 0.000000
1693787282152948898 240.608804 0.000000
1693787282197819390 240.624907 0.000000
1693787282264039882 240.532993 0.000000
1693787282276458468 120.403486 0.000000
1693787282277118080 120.462774 0.000000
1693787282318355032 120.507252 0.000000
1693787282336649646 120.518578 0.000000
1693787282349623286 240.614402 0.000000
1693787282358350424 240.663055 0.000000
1693787282417143803 240.766563 0.000000
1693787282561978890 240.656974 0.000000
1693787282569736204 240.712391 0.000000
1693787282649354055 240.821305 0.000000
1693787282657916118 240.541475 0.000000
1693787282793653860 240.768968 0.000000
1693787282799821847 240.624005 0.000000
1693787282830127282 240.551466 0.000000
1693787282842379807 240.713820 0.000000
1693787282858455337 240.660835 0.000000
1693787282939532515 240.699275 0.000000
1693787283103760049 240.607727 0.000000
1693787283155948782 120.294156 0.000000
1693787283164275899 240.808675 0.000000
1693787283176588468 240.752544 0.000000
1693787283205183830 120.377353 0.000000
1693787283229300355 240.690339 0.000000
1693787283311665072 240.640478 0.000000
1693787283477641025 120.303090 0.000000
1693787283596872906 240.617475 0.000000
1693787283652738148 240.588772 0.000000
1693787283674044813 120.458459 0.000000
1693787283685609246 120.512934 0.000000
1693787283710612830 240.782434 0.000000
1693787283773110024 120.346938 0.000000
1693787283774989582 240.747978 0.000000
1693787283870712402 240.657309 0.000000
1693787283993476556 240.532241 0.000000
1693787284011517484 240.676050 0.000000
1693787284109837794 240.751437 0.000000
1693787284113113679 240.811526 0.000000
1693787284190088426 120.427621 0.000000
1693787284207418563 240.579276 0.000000
1693787284415811051 240.706548 0.000000
1693787284470953655 120.362673 0.000000
1693787284528650091 240.699052 0.000000
1693787284572476782 120.520007 0.000000
1693787284634639462 120.328240 0.000000
1693787284639412287 240.811241 0.000000
1693787284656389314 240.554608 0.000000
1693787284736277067 240.658806 0.000000
1693787284747746467 240.642057 0.000000
1693787284812123516 240.693757 0.000000
1693787284833900045 240.869052 0.000000
1693787284833948833 240.824891 0.000000
1693787284839340778 240.671673 0.000000
1693787284899657458 120.381274 0.000000
1693787284936040750 120.362415 0.000000
1693787285123914053 240.683579 0.000000
1693787285140097720 240.593710 0.000000
1693787285338934540 120.492259 0.000000
1693787285393892754 120.282538 0.000000
1693787285442815259 240.989891 0.000000
1693787285461150447 240.771186 0.000000
1693787285651370331 240.742556 0.000000
1693787285680826388 240.454718 0.000000
1693787285716230068 120.422513 0.000000
1693787285810371632 120.293888 0.000000
1693787285825164785 120.363116 0.000000
1693787285844628561 240.632510 0.000000
1693787285860099366 240.620054 0.000000
1693787285884004735 240.658205 0.000000
1693787285885510132 120.394474 0.000000
1693787285988955101 120.450549 0.000000
1693787286072156858 240.781848 0.000000
1693787286073225587 240.636625 0.000000
1693787286209829769 240.640503 0.000000
1693787286262524673 240.835916 0.000000
1693787286371932126 120.432965 0.000000
1693787286377115422 240.637546 0.000000
1693787286432320950 240.554890 0.000000
1693787286437575693 120.488231 0.000000
1693787286482514467 120.598342 0.000000
1693787286674079394 240.565703 0.000000
1693787286695481706 240.554157 0.000000
1693787286766548962 120.440597 0.000000
1693787286768267976 240.747698 0.000000
1693787286787105480 240.596015 0.000000
1693787286892051812 120.353229 0.000000
1693787286974806193 240.615892 0.000000
1693787287011383627 120.364690 0.000000
1693787287131348805 240.648183 0.000000
1693787287156623217 120.316937 0.000000
1693787287176544815 240.513964 0.000000
1693787287262452705 240.729341 0.000000
1693787287388779242 240.635237 0.000000
1693787287538629844 120.315767 0.000000
1693787287640126610 120.337067 0.000000
1693787287759674142 240.518639 0.000000
1693787287772026245 240.613884 0.000000
1693787287790507023 120.321560 0.000000
1693787287814176774 240.600665 0.000000
1693787287816839988 240.704410 0.000000
1693787287861147809 240.659251 0.000000
1693787287958447348 240.880001 0.000000
1693787287960862679 241.126425 0.000000
1693787287975990697 240.794142 0.000000
1693787288031323589 240.605832 0.000000
1693787288076496832 120.487669 0.000000
1693787288097463243 120.514785 0.000000
1693787288222101036 240.710621 0.000000
1693787288335705121 120.304560 0.000000
1693787288461021443 120.772925 0.000000
1693787288462777473 240.652928 0.000000
1693787288477763986 240.690780 0.000000
1693787288495999166 240.467360 0.000000
1693787288509197578 240.635961 0.000000
1693787288536624335 240.633148 0.000000
1693787288565777245 240.541859 0.000000
1693787288581220176 240.652781 0.000000
1693787288586864804 120.382787 0.000000
1693787288741416140 240.726895 0.000000
1693787288757109369 240.625719 0.000000
1693787288766867660 240.600135 0.000000
1693787288794445847 120.529391 0.000000
1693787288804950960 120.323696 0.000000
1693787288921664067 120.351434 0.000000
1693787288952748951 240.670300 0.000000
1693787288970388726 120.429842 0.000000
1693787288996059761 240.689838 0.000000
1693787288997657217 120.358446 0.000000
1693787289021197028 120.395326 0.000000
1693787289051971175 240.678115 0.000000
1693787289060285301 120.494749 0.000000
1693787289093342602 120.344633 0.000000
1693787289118146156 120.454990 0.000000
1693787289123862386 240.638369 0.000000
1693787289140363555 240.689773 0.000000
1693787289169234501 240.731049 0.000000
1693787289181831894 120.348323 0.000000
1693787289230507544 240.772901 0.000000
1693787289290342313 240.558852 0.000000
1693787289313779835 120.358606 0.000000
1693787289409853446 240.594459 0.000000
1693787289415107708 120.379656 0.000000
1693787289415480086 120.329275 0.000000
1693787289479798737 240.629003 0.000000
1693787289487431557 240.797329 0.000000
1693787289518298780 240.710712 0.000000
1693787289518536497 240.494640 0.000000
1693787289563014602 120.539384 0.000000
1693787289564446159 120.279020 0.000000
1693787289583227906 120.268003 0.000000
1693787289587175815 120.320889 0.000000
1693787289629670634 240.711393 0.000000
1693787289640150886 120.528490 0.000000
1693787289661050287 240.471953 0.000000
1693787289697283970 120.396267 0.000000
1693787289706960600 240.776645 0.000000
1693787289740907345 120.448294 0.000000
1693787289773765628 120.375414 0.000000
1693787289775653857 120.750728 0.000000
1693787289781387604 240.672406 0.000000
1693787289786406398 120.385775 0.000000
1693787289865064680 120.401282 0.000000
1693787289965775867 240.501485 0.000000
1693787289990869493 240.828040 0.000000
1693787290068104760 240.652822 0.000000
1693787290126122958 120.402527 0.000000
1693787290329855537 120.350397 0.000000
1693787290357731925 240.685487 0.000000
1693787290376759019 240.617504 0.000000
1693787290391866302 120.456386 0.000000
1693787290411809197 120.430698 0.000000
1693787290445188352 120.354652 0.000000
1693787290463253455 240.638790 0.000000
1693787290564316697 240.522348 0.000000
1693787290601431953 240.646513 0.000000
1693787290613560345 240.725685 0.000000
1693787290634191622 240.806693 0.000000
1693787290754301768 120.399245 0.000000
1693787290800622023 120.339762 0.000000
1693787290826289194 240.575051 0.000000
1693787290848657034 120.490267 0.000000
1693787290890016714 240.605556 0.000000
1693787290895099448 240.783997 0.000000
1693787290909008404 120.430920 0.000000
1693787290949487950 240.621644 0.000000
1693787290972862747 120.492344 0.000000
1693787290992506744 120.444954 0.000000
1693787290993973455 120.372096 0.000000
1693787291046208350 240.593889 0.000000
1693787291098668731 240.579355 0.000000
1693787291113485995 240.583303 0.000000
1693787291230130611 120.456477 0.000000
1693787291301409665 120.333744 0.000000
1693787291301679714 240.513788 0.000000
1693787291325648194 240.549944 0.000000
1693787291344436252 240.498142 0.000000
1693787291422076502 120.376906 0.000000
1693787291425719464 240.673635 0.000000
1693787291436227997 240.584888 0.000000
1693787291465226598 240.632991 0.000000
1693787291465951973 240.741127 0.000000
1693787291561082300 120.332625 0.000000
1693787291596972173 240.725562 0.000000
1693787291638682019 120.366268 0.000000
1693787291671950886 240.571206 0.000000
1693787291699706692 120.337180 0.000000
1693787291752773035 240.765720 0.000000
1693787291767303685 240.523258 0.000000
1693787291859558269 120.418193 0.000000
1693787291867569855 120.423792 0.000000
1693787291893627344 240.681171 0.000000
1693787291986814787 240.625457 0.000000
1693787292000132458 240.555751 0.000000
1693787292030905663 240.641355 0.000000
1693787292041496668 240.700974 0.000000
1693787292089729892 240.660765 0.000000
1693787292174663730 240.537747 0.000000
1693787292250731337 240.598973 0.000000
1693787292255760144 240.573266 0.000000
1693787292336086826 240.517211 0.000000
1693787292347039954 240.512099 0.000000
1693787292419242099 240.653495 0.000000
1693787292429700264 240.649266 0.000000
1693787292452180069 120.270378 0.000000
1693787292460705319 240.677134 0.000000
1693787292488812128 240.558300 0.000000
1693787292489315826 240.622211 0.000000
1693787292568605706 240.654270 0.000000
1693787292601193884 240.601415 0.000000
1693787292607210744 240.693467 0.000000
1693787292619956006 120.558016 0.000000
1693787292703890179 240.608889 0.000000
1693787292771406920 120.445849 0.000000
1693787292778862030 240.551815 0.000000
1693787292830797739 240.956083 0.000000
1693787292834412209 240.497035 0.000000
1693787292904342467 120.389919 0.000000
1693787292968751827 120.236396 0.000000
1693787292969773731 120.376047 0.000000
1693787292981069918 120.293732 0.000000
1693787292985073183 240.568300 0.000000
1693787293004582861 240.520283 0.000000
1693787293068782331 120.369659 0.000000
1693787293071620777 240.558306 0.000000
1693787293081717220 120.447463 0.000000
1693787293082593566 240.741158 0.000000
1693787293127182598 120.394575 0.000000
1693787293183499100 240.603592 0.000000
1693787293212701882 240.560435 0.000000
1693787293228009305 120.371611 0.000000
1693787293270904859 120.398825 0.000000
1693787293337104994 240.631993 0.000000
1693787293349474281 240.651984 0.000000
1693787293362746210 240.681264 0.000000
1693787293386721060 120.309958 0.000000
1693787293389483840 240.546254 0.000000
1693787293406365593 240.608469 0.000000
1693787293425565294 240.585898 0.000000
1693787293485589852 120.377776 0.000000
1693787293500893887 120.374127 0.000000
1693787293501209186 240.734467 0.000000
1693787293544667459 240.800582 0.000000
1693787293567603145 240.621251 0.000000
1693787293569536777 120.412369 0.000000
1693787293579091853 120.375174 0.000000
1693787293591636268 240.683714 0.000000
1693787293592630345 240.520657 0.000000
1693787293652132697 120.766622 0.000000
1693787293652457875 120.542053 0.000000
1693787293666253128 240.667608 0.000000
1693787293744789763 120.282238 0.000000
1693787293772372627 240.952525 0.000000
1693787293786002906 240.713598 0.000000
1693787293831360456 240.730267 0.000000
1693787293909780014 120.359938 0.000000
1693787293909989788 240.536464 0.000000
1693787293921146590 120.331508 0.000000
1693787293951806416 120.428680 0.000000
1693787293955713332 240.674127 0.000000
1693787293968615900 240.563621 0.000000
1693787294000607831 240.639871 0.000000
1693787294056957061 241.112799 0.000000
1693787294067635201 120.401671 0.000000
1693787294152087275 240.598797 0.000000
1693787294192564979 240.739463 0.000000
1693787294220848024 120.468836 0.000000
1693787294230482956 120.489210 0.000000
1693787294262360790 120.380317 0.000000
1693787294262422548 120.424284 0.000000
1693787294265337378 120.354306 0.000000
1693787294298995132 240.600907 0.000000
1693787294328698389 240.656474 0.000000
1693787294368169424 240.793158 0.000000
1693787294407150342 240.575226 0.000000
1693787294426181657 240.480651 0.000000
1693787294430962724 240.682978 0.000000
1693787294495902713 120.391379 0.000000
1693787294502921978 240.532807 0.000000
1693787294527065475 240.604820 0.000000
1693787294536866555 120.254065 0.000000
1693787294546364158 120.379211 0.000000
1693787294563529546 240.610439 0.000000
1693787294615325970 240.486541 0.000000
1693787294650388566 120.720837 0.000000
1693787294703374832 240.549646 0.000000
1693787294743485357 240.540575 0.000000
1693787294745798304 120.372912 0.000000
1693787294790504618 120.291730 0.000000
1693787294829750785 240.638624 0.000000
1693787294878244140 240.892104 0.000000
1693787294882388931 120.373214 0.000000
1693787294887822171 240.648990 0.000000
1693787294910533563 120.308733 0.000000
1693787294912692305 120.382352 0.000000
1693787294935810032 240.520609 0.000000
1693787294938076126 240.671458 0.000000
1693787294938877725 240.648105 0.000000
1693787294942728468 120.394966 0.000000
1693787295006552539 120.335749 0.000000
1693787295071757725 240.635506 0.000000
1693787295107773005 240.566576 0.000000
1693787295112814143 120.406452 0.000000
1693787295126790723 120.429542 0.000000
1693787295157992402 120.390070 0.000000
1693787295159467452 240.632826 0.000000
1693787295197465020 240.695136 0.000000
1693787295198091519 240.532610 0.000000
1693787295202308617 120.353965 0.000000
1693787295234711388 240.621243 0.000000
1693787295262660154 240.532952 0.000000
1693787295266762865 120.329368 0.000000
1693787295270834263 240.787631 0.000000
1693787295291295669 120.407024 0.000000
1693787295468983236 120.423573 0.000000
1693787295490071477 120.374854 0.000000
1693787295509308114 240.684280 0.000000
1693787295524185138 120.503568 0.000000
1693787295535320931 240.623694 0.000000
1693787295548337305 120.483667 0.000000
1693787295562126830 240.672354 0.000000
1693787295630723076 120.358170 0.000000
1693787295661511542 120.490037 0.000000
1693787295678582515 240.639976 0.000000
1693787295704779921 120.282265 0.000000
1693787295772248660 240.575054 0.000000
1693787295775916510 240.573883 0.000000
1693787295794250685 240.611536 0.000000
1693787295805170959 120.300079 0.000000
1693787295858754464 240.585468 0.000000
1693787295861003436 120.288284 0.000000
1693787295871648553 240.581881 0.000000
1693787295882399691 120.309932 0.000000
1693787295923224609 240.655934 0.000000
1693787295956129434 240.830508 0.000000
1693787295958537292 120.338664 0.000000
1693787295959749732 240.659663 0.000000
1693787295975453390 240.610570 0.000000
1693787295981142723 240.532942 0.000000
1693787295995771435 240.670115 0.000000
1693787295998203500 240.622797 0.000000
1693787296090825972 120.336806 0.000000
1693787296114912933 240.654487 0.000000
1693787296139356319 240.625844 0.000000
1693787296155049638 240.759911 0.000000
1693787296175241922 120.381194 0.000000
1693787296265118026 120.395517 0.000000
1693787296275525056 120.446852 0.000000
1693787296293744290 120.449243 0.000000
1693787296311469236 120.354306 0.000000
1693787296355715267 120.282975 0.000000
1693787296389678367 120.295064 0.000000
1693787296416133495 240.523260 0.000000
1693787296417962545 120.325650 0.000000
1693787296420813574 240.590174 0.000000
1693787296422372879 120.341265 0.000000
1693787296422571131 240.595272 0.000000
1693787296441607888 240.735054 0.000000
1693787296448830216 120.410478 0.000000
1693787296484285173 240.589200 0.000000
1693787296507302580 120.329149 0.000000
1693787296548258669 240.502492 0.000000
1693787296614599897 240.601988 0.000000
1693787296627821524 240.664646 0.000000
1693787296627872493 240.808074 0.000000
1693787296663405425 120.339751 0.000000
1693787296686690388 120.430246 0.000000
1693787296745484251 240.655057 0.000000
1693787296756100660 240.711690 0.000000
1693787296825041619 120.385105 0.000000
1693787296825106961 120.317352 0.000000
1693787296863243422 240.684278 0.000000
1693787296902371092 240.564340 0.000000
1693787296902506527 240.520237 0.000000
1693787296999456628 240.575699 0.000000
1693787297040204386 240.590832 0.000000
1693787297041044979 120.363648 0.000000
1693787297068938121 120.465632 0.000000
1693787297094930320 240.642157 0.000000
1693787297116107462 120.386401 0.000000
1693787297152893247 120.406582 0.000000
1693787297153560601 120.424259 0.000000
1693787297159771970 120.402248 0.000000
1693787297160592351 120.354760 0.000000
1693787297161449803 120.384617 0.000000
1693787297250396962 120.323379 0.000000
1693787297261285106 240.567623 0.000000
1693787297370745815 120.323886 0.000000
1693787297423410362 240.628174 0.000000
1693787297445587093 120.435292 0.000000
1693787297446113469 120.479819 0.000000
1693787297466291825 240.708542 0.000000
1693787297491276738 120.311092 0.000000
1693787297501803523 240.748665 0.000000
1693787297537136785 120.359543 0.000000
1693787297543468152 240.614281 0.000000
1693787297544248129 240.589003 0.000000
1693787297558183579 120.379788 0.000000
1693787297582883833 120.329452 0.000000
1693787297605779407 120.327280 0.000000
1693787297612056204 240.531143 0.000000
1693787297713647100 120.359117 0.000000
1693787297717693504 240.559058 0.000000
1693787297720834010 120.336064 0.000000
1693787297723341312 240.581900 0.000000
1693787297774105159 240.606581 0.000000
1693787297801770064 240.911039 0.000000
1693787297841021487 120.472385 0.000000
1693787297862012247 240.684793 0.000000
1693787297915653166 240.620091 0.000000
1693787297922165124 120.372119 0.000000
1693787297961276030 240.425965 0.000000
1693787298021201079 240.641405 0.000000
1693787298055243103 240.589409 0.000000
1693787298076007504 240.637862 0.000000
1693787298102471752 120.336685 0.000000
1693787298141507809 120.280379 0.000000
1693787298200203403 240.639951 0.000000
1693787298206411464 240.695887 0.000000
1693787298209949340 240.828823 0.000000
1693787298224318830 120.340970 0.000000
1693787298241909258 120.343095 0.000000
1693787298289901712 120.291054 0.000000
1693787298299863191 120.497449 0.000000
1693787298321566945 120.338379 0.000000
1693787298344120379 240.672548 0.000000
1693787298362075877 120.507809 0.000000
1693787298420813244 120.408257 0.000000
1693787298424760864 240.609702 0.000000
1693787298463702386 240.606652 0.000000
1693787298482451904 240.821680 0.000000
1693787298482494027 240.524303 0.000000
1693787298493788765 240.658272 0.000000
1693787298508177672 240.832896 0.000000
1693787298517030302 240.697831 0.000000
1693787298527523238 240.798331 0.000000
1693787298530001862 240.626731 0.000000
1693787298541496295 240.740285 0.000000
1693787298549979115 240.821588 0.000000
1693787298636504779 120.462904 0.000000
1693787298679483574 240.693677 0.000000
1693787298684354159 120.429807 0.000000
1693787298711738290 240.631783 0.000000
1693787298742070212 240.487231 0.000000
1693787298748913587 240.569351 0.000000
1693787298795201144 120.390250 0.000000
1693787298845565703 120.498712 0.000000
1693787298857905161 120.325610 0.000000
1693787298918785745 240.630876 0.000000
1693787298953221491 120.402014 0.000000
1693787298969481941 240.753304 0.000000
1693787298989533826 240.579873 0.000000
1693787299010419848 120.390605 0.000000
1693787299013424035 120.422745 0.000000
1693787299054717508 240.769108 0.000000
1693787299067598170 120.455317 0.000000
1693787299068595579 240.436310 0.000000
1693787299100396751 240.666133 0.000000
1693787299101247535 120.289798 0.000000
1693787299107264305 120.401174 0.000000
1693787299111011279 120.342021 0.000000
1693787299123883739 240.496468 0.000000
1693787299139318010 120.476450 0.000000
1693787299198126693 240.581796 0.000000
1693787299198572892 120.309837 0.000000
1693787299199411786 120.351350 0.000000
1693787299209526416 240.588676 0.000000
1693787299222297423 120.452052 0.000000
1693787299313470884 240.805124 0.000000
1693787299347468619 240.611690 0.000000
1693787299370053577 120.378710 0.000000
1693787299425545704 120.378825 0.000000
1693787299459033766 240.617920 0.000000
1693787299462001833 120.311512 0.000000
1693787299472414520 120.416923 0.000000
1693787299513808850 240.580358 0.000000
1693787299560732895 240.536094 0.000000
1693787299561848914 240.601547 0.000000
1693787299621689822 240.761249 0.000000
1693787299628595327 120.360532 0.000000
1693787299634787631 120.426374 0.000000
1693787299677119193 240.693271 0.000000
1693787299718440001 120.406226 0.000000
1693787299767943220 120.323874 0.000000
1693787299780555352 240.550699 0.000000
1693787299813555940 120.329024 0.000000
1693787299893307791 240.802926 0.000000
1693787299941485866 120.369904 0.000000
1693787299953743062 120.412108 0.000000
1693787299984810693 240.714476 0.000000
1693787299990519971 240.639135 0.000000
1693787300031515898 240.638198 0.000000
1693787300034911042 120.410830 0.000000
1693787300054343010 240.705314 0.000000
1693787300199332763 240.610358 0.000000
1693787300200426881 120.327398 0.000000
1693787300217039287 240.757744 0.000000
1693787300256180574 120.334705 0.000000
1693787300279527606 120.438968 0.000000
1693787300286708894 240.483521 0.000000
1693787300291053784 120.344483 0.000000
1693787300335124844 120.432664 0.000000
1693787300338554752 120.393311 0.000000
1693787300434837504 240.656886 0.000000
1693787300436934604 120.389556 0.000000
1693787300443056413 120.489316 0.000000
1693787300482709838 120.500276 0.000000
1693787300486223023 120.372758 0.000000
1693787300520828252 240.578202 0.000000
1693787300531681417 240.649184 0.000000
1693787300543366630 240.764311 0.000000
1693787300574180934 120.371018 0.000000
1693787300578461417 120.391868 0.000000
1693787300594027409 120.341983 0.000000
1693787300639135594 240.697382 0.000000
1693787300639968459 240.735942 0.000000
1693787300649910858 120.693617 0.000000
1693787300669220040 120.371415 0.000000
1693787300696778833 240.751715 0.000000
1693787300720209776 240.710269 0.000000
1693787300752177488 120.296412 0.000000
1693787300758759865 120.454958 0.000000
1693787300773126078 120.379143 0.000000
1693787300791443155 240.568518 0.000000
1693787300810894457 120.332586 0.000000
1693787300817322806 120.524377 0.000000
1693787300920258974 120.498276 0.000000
1693787300922434156 120.423837 0.000000
1693787301000213632 240.584528 0.000000
1693787301058079557 240.722940 0.000000
1693787301069105036 120.388305 0.000000
1693787301076790312 240.766316 0.000000
1693787301077719888 240.650852 0.000000
1693787301106090852 240.586166 0.000000
1693787301114749245 240.483803 0.000000
1693787301218884251 240.587260 0.000000
1693787301260962429 240.801568 0.000000
1693787301341025655 240.545877 0.000000
1693787301342585022 120.315683 0.000000
1693787301371083278 240.795399 0.000000
1693787301399060851 120.470111 0.000000
1693787301419080237 240.605627 0.000000
1693787301470289498 240.716808 0.000000
1693787301470852861 240.520218 0.000000
1693787301488196645 120.343181 0.000000
1693787301501637392 240.717501 0.000000
1693787301525887182 240.673415 0.000000
1693787301556599891 240.623133 0.000000
1693787301603555675 240.589780 0.000000
1693787301618326300 120.375094 0.000000
1693787301645208151 240.702423 0.000000
1693787301683834167 240.657888 0.000000
1693787301724598675 240.451747 0.000000
1693787301733790871 240.700918 0.000000
1693787301751673248 120.260606 0.000000
1693787301758286118 240.571187 0.000000
1693787301787327720 240.701435 0.000000
1693787301862521142 240.524482 0.000000
1693787301874888394 120.354805 0.000000
1693787301895761083 240.802446 0.000000
1693787301966363828 120.449838 0.000000
1693787301995230121 240.626932 0.000000
1693787302034033065 240.704042 0.000000
1693787302090474754 240.776620 0.000000
1693787302101624693 240.554798 0.000000
1693787302120134119 240.559364 0.000000
1693787302131264445 120.481527 0.000000
1693787302148645496 240.586437 0.000000
1693787302183776782 240.607566 0.000000
1693787302194097703 240.704087 0.000000
1693787302196016868 120.342599 0.000000
1693787302212485468 120.353680 0.000000
1693787302213528723 120.448851 0.000000
1693787302266485952 240.583897 0.000000
1693787302268976107 120.310704 0.000000
1693787302281669473 240.720640 0.000000
1693787302311105017 120.501870 0.000000
1693787302342305017 240.661331 0.000000
1693787302361758429 240.588904 0.000000
1693787302369664505 120.395018 0.000000
1693787302372290427 240.860597 0.000000
1693787302383593660 120.352884 0.000000
1693787302402927003 120.366023 0.000000
1693787302431876445 120.628815 0.000000
1693787302473802267 120.400453 0.000000
1693787302514078768 120.438869 0.000000
1693787302561801208 240.786019 0.000000
1693787302629410666 240.688886 0.000000
1693787302645008367 120.788675 0.000000
1693787302764676530 240.636589 0.000000
1693787302765807434 240.629733 0.000000
1693787302781184130 120.471337 0.000000
1693787302826253942 240.712641 0.000000
1693787302835785574 120.314032 0.000000
1693787302857026756 240.567125 0.000000
1693787302871990381 120.417147 0.000000
1693787302876170713 120.409909 0.000000
1693787302884542193 120.425031 0.000000
1693787302897251609 120.332877 0.000000
1693787302901527632 120.334199 0.000000
1693787302901797335 240.632193 0.000000
1693787302901857861 240.430779 0.000000
1693787302922029817 120.387323 0.000000
1693787302936561756 240.617708 0.000000
1693787302965618202 240.764922 0.000000
1693787302993131189 240.777425 0.000000
1693787303005179813 240.487106 0.000000
1693787303007524149 240.737443 0.000000
1693787303013040809 120.517220 0.000000
1693787303069793192 120.453703 0.000000
1693787303087418371 120.371221 0.000000
1693787303090097021 240.527591 0.000000
1693787303167566450 120.432723 0.000000
1693787303182978309 240.649338 0.000000
1693787303240413492 240.717492 0.000000
1693787303262466537 240.644781 0.000000
1693787303262581880 240.585081 0.000000
1693787303300016049 120.643169 0.000000
1693787303300506612 120.388410 0.000000
1693787303308847183 240.579666 0.000000
1693787303344511332 240.452370 0.000000
1693787303367581053 240.787520 0.000000
1693787303406277649 240.760753 0.000000
1693787303453198041 240.632013 0.000000
1693787303454669729 120.466397 0.000000
1693787303469249370 240.654393 0.000000
1693787303472625783 120.443980 0.000000
1693787303539821136 240.445804 0.000000
1693787303541576470 120.475954 0.000000
1693787303544939509 120.434975 0.000000
1693787303572941784 120.525818 0.000000
