1694262166993348317 216.609997 0.000000
1694262167532619907 216.628785 0.000000
1694262168969806438 216.649403 0.000000
1694262169787811013 216.680270 0.000000
1694262170599865926 216.580661 0.000000
1694262170663483456 216.555610 0.000000
1694262170880080913 216.570494 0.000000
1694262172341137105 216.717935 0.000000
1694262173161606746 216.656445 0.000000
1694262173273710661 216.639475 0.000000
1694262174879761384 216.785234 0.000000
1694262175537728141 216.759174 0.000000
1694262177803355306 216.687136 0.000000
1694262179126443047 216.930448 0.000000
1694262179408342520 216.728918 0.000000
1694262179592377871 216.639119 0.000000
1694262180250565703 216.611450 0.000000
1694262180794431914 216.734481 0.000000
1694262181593300945 216.773217 0.000000
1694262183461388159 216.594565 0.000000
1694262183507189335 216.711127 0.000000
1694262184194800304 216.767778 0.000000
1694262184384456139 216.684600 0.000000
1694262185570378040 217.001347 0.000000
1694262186140249190 216.611870 0.000000
1694262186178839608 216.627603 0.000000
1694262186198702886 216.515416 0.000000
1694262186284581911 216.663581 0.000000
1694262187152122197 216.712129 0.000000
1694262187737615753 216.633461 0.000000
1694262189388423473 216.854506 0.000000
1694262190254260387 216.778585 0.000000
1694262190651621849 216.722037 0.000000
1694262191166139291 216.768400 0.000000
1694262191373702232 216.630034 0.000000
1694262191714648536 216.692555 0.000000
1694262192138803687 216.748815 0.000000
1694262192258049982 216.653247 0.000000
1694262192531453502 216.690850 0.000000
1694262193710134005 216.599146 0.000000
1694262193874344527 216.708250 0.000000
1694262195013637708 216.853511 0.000000
1694262195416999768 216.747747 0.000000
1694262196040032936 216.579039 0.000000
1694262198287716518 216.567999 0.000000
1694262199333572161 216.556886 0.000000
1694262200539546244 216.814633 0.000000
1694262200673650264 216.677394 0.000000
1694262201042325704 216.695766 0.000000
1694262201375519771 216.543257 0.000000
1694262201655914808 216.646186 0.000000
1694262201857380482 216.672868 0.000000
1694262202567458153 216.668659 0.000000
1694262202654527016 216.910526 0.000000
1694262202729357263 216.548309 0.000000
1694262204174423994 216.657578 0.000000
1694262204497625168 216.667280 0.000000
1694262204876121821 216.750127 0.000000
1694262207482198084 216.670998 0.000000
1694262211621728886 216.549842 0.000000
1694262211741917964 216.651379 0.000000
1694262213836410416 216.653789 0.000000
1694262213981155190 216.574118 0.000000
1694262215019087901 216.786076 0.000000
1694262216309614877 216.767073 0.000000
1694262216609419144 216.717736 0.000000
1694262219410874318 216.763560 0.000000
1694262219436678640 216.632550 0.000000
1694262220889651007 216.682275 0.000000
1694262220978040453 216.603578 0.000000
1694262222630746896 216.683248 0.000000
1694262224157982967 216.605171 0.000000
1694262227161001726 216.680576 0.000000
1694262228738368708 216.611526 0.000000
1694262229120660647 216.795168 0.000000
1694262230134330298 216.705900 0.000000
1694262231451338026 216.855865 0.000000
1694262231634631637 216.770390 0.000000
1694262232100144236 216.598230 0.000000
1694262233483356746 216.699586 0.000000
1694262233610875914 216.864900 0.000000
1694262233902619745 216.699947 0.000000
1694262236134091531 217.018819 0.000000
1694262236350863595 216.723762 0.000000
1694262237388870399 216.637842 0.000000
1694262238165153921 216.684104 0.000000
1694262238632055124 216.560326 0.000000
1694262239372224737 216.593824 0.000000
1694262240060088597 216.843059 0.000000
1694262241512194235 216.834845 0.000000
1694262241973715025 216.544195 0.000000
1694262242002915133 216.618046 0.000000
1694262247382486506 216.803848 0.000000
1694262248314658154 216.660936 0.000000
1694262249694712926 216.660290 0.000000
1694262250612595855 216.745872 0.000000
1694262252026155834 216.969269 0.000000
1694262252083849292 216.591079 0.000000
1694262252634586503 216.636334 0.000000
1694262252907976788 216.626842 0.000000
1694262254498378507 216.694825 0.000000
1694262255244305899 216.535480 0.000000
1694262255597543622 216.569488 0.000000
1694262256432294022 216.606811 0.000000
1694262257501829153 216.772165 0.000000
1694262258689858956 216.568331 0.000000
1694262260182206465 216.685834 0.000000
1694262261201724992 216.618438 0.000000
1694262261635417551 216.706024 0.000000
1694262261643593361 216.670563 0.000000
1694262261774407351 216.672964 0.000000
1694262262705580444 216.663487 0.000000
1694262263361797885 216.764708 0.000000
1694262264165595633 216.652577 0.000000
1694262264173833918 216.633477 0.000000
1694262264784221170 216.588644 0.000000
1694262264886385327 216.619395 0.000000
1694262265146171552 217.140978 0.000000
1694262266504856631 216.659393 0.000000
1694262268831104082 216.683669 0.000000
1694262269072771274 216.715945 0.000000
1694262270574759471 216.747084 0.000000
1694262270967285967 216.780094 0.000000
1694262271080313080 216.877883 0.000000
1694262271979462000 216.741096 0.000000
1694262272107759756 216.578865 0.000000
1694262272638222758 216.652011 0.000000
1694262272734062065 216.711098 0.000000
1694262272959465984 216.493261 0.000000
1694262274005592799 216.857589 0.000000
1694262274412561102 217.028501 0.000000
1694262277014583264 216.676252 0.000000
1694262278821720666 216.597920 0.000000
1694262279183774787 216.550184 0.000000
1694262279435406549 216.661077 0.000000
1694262279924470133 216.596197 0.000000
1694262280126436829 216.530248 0.000000
1694262280193710823 216.786167 0.000000
1694262280853725741 216.824798 0.000000
1694262281691155270 216.732623 0.000000
1694262282041440356 216.616368 0.000000
1694262282451847711 216.599367 0.000000
1694262283406437176 216.748315 0.000000
1694262283716265587 216.739393 0.000000
1694262284345558119 216.560739 0.000000
1694262284683540940 216.721448 0.000000
1694262285134553997 216.731431 0.000000
1694262285317134409 216.701767 0.000000
1694262286024264330 216.621585 0.000000
1694262286668966458 216.667421 0.000000
1694262287212442150 216.703646 0.000000
1694262287473249472 216.695698 0.000000
1694262288964725597 216.716164 0.000000
1694262291276038267 216.659839 0.000000
1694262291364095842 216.599263 0.000000
1694262292358589908 216.596762 0.000000
1694262294279172794 216.712727 0.000000
1694262295401949021 216.989080 0.000000
1694262296201458302 216.614323 0.000000
1694262296310807880 216.682943 0.000000
1694262296388619063 216.724154 0.000000
1694262298029528068 216.672254 0.000000
1694262299443098838 216.589611 0.000000
1694262299884650144 216.585111 0.000000
1694262301206018149 216.758198 0.000000
1694262303281025937 216.571885 0.000000
1694262304062814011 216.470184 0.000000
1694262304300613692 216.606290 0.000000
1694262305964770617 216.563726 0.000000
1694262306340990070 216.505315 0.000000
1694262313219091713 216.596838 0.000000
1694262313434655738 216.577202 0.000000
1694262316209349361 216.548725 0.000000
1694262316730771574 216.570314 0.000000
1694262317260230828 216.572670 0.000000
1694262317673963852 216.538343 0.000000
1694262317850730824 216.561973 0.000000
1694262318536680202 216.694109 0.000000
1694262319213219112 216.649895 0.000000
1694262319616616443 216.572881 0.000000
1694262321245886464 216.552359 0.000000
1694262322166565189 216.586745 0.000000
1694262322286040573 216.733480 0.000000
1694262322333970075 216.629540 0.000000
1694262322972455157 216.644616 0.000000
1694262323001225554 216.530112 0.000000
1694262323895044669 216.631522 0.000000
1694262325257160372 216.582722 0.000000
1694262325671625836 216.489248 0.000000
1694262325876481975 216.626787 0.000000
1694262325974809284 216.521097 0.000000
1694262325995238573 216.544055 0.000000
1694262326405922086 216.525245 0.000000
1694262329193644518 216.562902 0.000000
1694262332725660594 216.641172 0.000000
1694262333040137993 216.649532 0.000000
