1695149020446071855 145.044983 0.000000
1695149020463835511 145.229027 0.000000
1695149020471842363 145.172464 0.000000
1695149020519474855 145.214172 0.000000
1695149020617396149 144.857064 0.000000
1695149020664250437 145.179094 0.000000
1695149020690108073 145.015213 0.000000
1695149021046417800 145.401807 0.000000
1695149021173847222 145.065410 0.000000
1695149021181848575 145.222855 0.000000
1695149021392703988 145.423554 0.000000
1695149021472839086 145.365365 0.000000
1695149021563593446 145.067663 0.000000
1695149021636337375 144.957643 0.000000
1695149021756713277 144.855002 0.000000
1695149022047327318 144.912013 0.000000
1695149022072651171 145.035164 0.000000
1695149022072740288 145.175833 0.000000
1695149022120417886 145.252020 0.000000
1695149022363279006 144.962639 0.000000
1695149022508546423 145.265018 0.000000
1695149022581644332 144.950175 0.000000
1695149022720751187 145.103015 0.000000
1695149022774976391 145.066954 0.000000
1695149022847821605 145.065516 0.000000
1695149022872612412 145.220620 0.000000
1695149023084372457 145.329366 0.000000
1695149023090468937 145.143413 0.000000
1695149023139015920 145.282525 0.000000
1695149023293013007 145.136037 0.000000
1695149023356758121 145.193780 0.000000
1695149023381202620 145.059080 0.000000
1695149023511497942 145.258320 0.000000
1695149023526296046 145.091076 0.000000
1695149023666908708 145.358250 0.000000
1695149023721494599 145.364426 0.000000
1695149023729487079 145.135052 0.000000
1695149023939665141 145.502779 0.000000
1695149024085012316 145.376715 0.000000
1695149024322172321 145.258932 0.000000
1695149024530019606 145.247466 0.000000
1695149024667479122 145.116807 0.000000
1695149024690153516 145.076241 0.000000
1695149024835212188 145.055379 0.000000
1695149024976751583 145.317414 0.000000
1695149025104028591 145.471501 0.000000
1695149025129111382 145.129494 0.000000
1695149025184758595 145.043332 0.000000
1695149025548770029 145.252191 0.000000
1695149025631934661 145.276445 0.000000
1695149025780870125 145.270688 0.000000
1695149026196142849 145.238313 0.000000
1695149026269141355 145.104934 0.000000
1695149026632486005 145.455123 0.000000
1695149026651325352 145.245712 0.000000
1695149026804490965 145.174081 0.000000
1695149026923316996 145.136060 0.000000
1695149026924761223 145.208634 0.000000
1695149026931609958 145.229087 0.000000
1695149027070167863 145.213536 0.000000
1695149027215989980 145.113015 0.000000
1695149027241074193 145.236825 0.000000
1695149027368454756 145.072865 0.000000
1695149027368497617 145.158613 0.000000
1695149027434120195 145.346374 0.000000
1695149027506959351 144.911059 0.000000
1695149027942911141 145.367061 0.000000
1695149027951063828 145.049298 0.000000
1695149028096068378 144.986364 0.000000
1695149028307722792 145.161187 0.000000
1695149028471426635 145.226803 0.000000
1695149028477374352 145.157045 0.000000
1695149028525355006 145.249313 0.000000
1695149028550451009 145.089352 0.000000
1695149028824304013 145.150982 0.000000
1695149028962711199 144.981737 0.000000
1695149028990056992 145.233148 0.000000
1695149029126355173 145.327120 0.000000
1695149029276049186 144.956720 0.000000
1695149029399085100 145.255216 0.000000
1695149029399579492 144.928238 0.000000
1695149029499998810 145.599143 0.000000
1695149029544297019 145.209450 0.000000
1695149029568309481 145.266133 0.000000
1695149029618226824 145.346759 0.000000
1695149029625058846 145.078833 0.000000
1695149029625101652 145.152965 0.000000
1695149029770135762 145.032371 0.000000
1695149029909184814 145.152493 0.000000
1695149029931739677 144.987575 0.000000
1695149030009819434 145.314415 0.000000
1695149030054646537 145.417051 0.000000
1695149030200256012 145.607896 0.000000
1695149030295181812 145.251792 0.000000
1695149030418520665 145.333182 0.000000
1695149030440650233 145.208806 0.000000
1695149030498220601 145.139286 0.000000
1695149030571505460 144.975835 0.000000
1695149030585553223 145.112851 0.000000
1695149030716257785 145.212441 0.000000
1695149030730835311 145.279632 0.000000
1695149030731198648 145.208641 0.000000
1695149031001757979 145.399478 0.000000
1695149031079301725 145.056203 0.000000
1695149031219876433 145.213576 0.000000
1695149031219915216 145.327193 0.000000
1695149031239926260 145.237339 0.000000
1695149031437968716 145.346827 0.000000
1695149031518048854 145.304932 0.000000
1695149031662725972 145.021574 0.000000
1695149031733790235 145.170294 0.000000
1695149031875399686 145.299781 0.000000
1695149031875443396 145.328647 0.000000
1695149032113436403 145.219189 0.000000
1695149032195516174 145.489460 0.000000
1695149032260189601 145.201211 0.000000
1695149032457187082 145.258318 0.000000
1695149032463082825 145.190409 0.000000
1695149032550388407 145.077468 0.000000
1695149032603177980 145.042769 0.000000
1695149032753896580 145.124523 0.000000
1695149032967314886 145.216332 0.000000
1695149033112657302 145.237130 0.000000
1695149033116052292 145.324882 0.000000
1695149033263293203 145.289284 0.000000
1695149033406739598 145.198394 0.000000
1695149033476702489 145.008094 0.000000
1695149033569090965 145.109912 0.000000
1695149033839871449 145.087262 0.000000
1695149033847131844 145.392814 0.000000
1695149034079049025 145.249680 0.000000
1695149034137353514 145.242065 0.000000
1695149034151934413 145.327045 0.000000
1695149034206065586 144.960986 0.000000
1695149034210906927 145.368742 0.000000
1695149034224159644 145.066369 0.000000
1695149034515633405 145.167183 0.000000
1695149034674618241 145.579090 0.000000
1695149034859306331 145.038183 0.000000
1695149034932036159 145.372923 0.000000
1695149035077484774 145.486570 0.000000
1695149035097624213 145.134785 0.000000
1695149035222670543 145.061308 0.000000
1695149035222714092 145.241200 0.000000
1695149035368349222 145.146555 0.000000
1695149035533996750 145.042939 0.000000
1695149035607633971 144.991504 0.000000
1695149036058507572 145.349288 0.000000
1695149036175100181 145.274453 0.000000
1695149036533276709 145.710562 0.000000
1695149036539532638 145.166811 0.000000
1695149036698662615 145.228349 0.000000
1695149036714535422 145.595814 0.000000
1695149036751193986 145.183726 0.000000
1695149036751678536 145.314080 0.000000
1695149036844388772 145.272758 0.000000
1695149036989621668 145.095261 0.000000
1695149037042218303 145.359923 0.000000
1695149037114655355 144.928396 0.000000
1695149037260081792 145.424066 0.000000
1695149037280774984 145.437282 0.000000
1695149037333666187 145.086183 0.000000
1695149037406018676 145.126683 0.000000
1695149037426226810 145.206231 0.000000
1695149037478580224 144.697699 0.000000
1695149037478671549 145.331051 0.000000
1695149037624012786 144.963537 0.000000
1695149037717248063 145.041536 0.000000
1695149037769565524 144.998745 0.000000
1695149037995430657 145.325375 0.000000
1695149038154331421 145.301983 0.000000
1695149038206015752 145.097596 0.000000
1695149038227334151 145.366211 0.000000
1695149038372529075 145.235400 0.000000
1695149038387900735 145.167868 0.000000
1695149038424586752 145.189770 0.000000
1695149038497353314 144.787311 0.000000
1695149038570637133 145.208157 0.000000
1695149038942238285 145.139631 0.000000
1695149038955878238 145.535597 0.000000
1695149039007140991 145.290347 0.000000
1695149039080648746 145.134786 0.000000
1695149039153005113 144.932462 0.000000
1695149039173699170 145.154194 0.000000
1695149039225362607 145.386359 0.000000
1695149039246663964 145.253196 0.000000
1695149039319688966 145.331085 0.000000
1695149039443979726 145.146795 0.000000
1695149039589241017 145.208185 0.000000
1695149039807560525 145.292961 0.000000
1695149039808052501 145.097611 0.000000
1695149039815651660 145.046705 0.000000
1695149039828795383 145.215797 0.000000
1695149039828834495 145.247271 0.000000
1695149039974365398 145.289547 0.000000
1695149040098582951 145.007924 0.000000
1695149040099289014 144.988869 0.000000
1695149040179920744 145.284899 0.000000
1695149040207683517 145.187130 0.000000
1695149040316666079 144.856413 0.000000
1695149040410777550 145.046911 0.000000
1695149040470721031 145.174613 0.000000
1695149040629103599 145.206737 0.000000
1695149040701858806 145.237923 0.000000
1695149040920090176 145.347682 0.000000
1695149040971956141 145.323429 0.000000
1695149041117665547 145.221111 0.000000
1695149041118059047 145.156701 0.000000
1695149041211714898 145.256394 0.000000
1695149041284508846 145.192088 0.000000
1695149041481624021 144.884824 0.000000
1695149041489686411 145.058667 0.000000
1695149041502582920 145.040246 0.000000
1695149041502625848 145.137185 0.000000
1695149041554391492 144.736970 0.000000
1695149041772665051 145.422513 0.000000
1695149041866893391 145.234874 0.000000
1695149041990795836 144.836401 0.000000
1695149041991226868 145.128112 0.000000
1695149042071817647 144.977358 0.000000
1695149042217432232 145.094159 0.000000
1695149042303971710 145.147611 0.000000
1695149042645909324 145.035125 0.000000
1695149042864773758 145.366022 0.000000
1695149042937360956 145.119721 0.000000
1695149042959345054 145.159699 0.000000
1695149043009164102 144.997130 0.000000
1695149043009913204 145.137945 0.000000
1695149043228650300 145.289044 0.000000
1695149043250614893 145.298074 0.000000
1695149043301539605 145.236465 0.000000
1695149043527966956 145.239148 0.000000
1695149044174790676 145.332562 0.000000
1695149044255748384 145.306633 0.000000
1695149044320249794 145.462238 0.000000
1695149044342940162 145.117937 0.000000
1695149044757177238 145.261972 0.000000
1695149045230257886 145.295680 0.000000
1695149045485070889 145.318740 0.000000
1695149045557807358 145.131901 0.000000
1695149045558284609 144.872435 0.000000
1695149045994884578 145.171574 0.000000
1695149046017355417 145.258055 0.000000
1695149046067352568 145.132612 0.000000
1695149046140104635 145.217599 0.000000
1695149046285906392 145.036279 0.000000
1695149046286349472 145.236739 0.000000
1695149046358397740 145.037268 0.000000
1695149046467481034 145.198077 0.000000
1695149046576574057 145.251712 0.000000
1695149046585903645 145.050416 0.000000
1695149046600242679 145.257128 0.000000
1695149046722042751 145.261472 0.000000
1695149046903978582 145.074515 0.000000
1695149047254631048 145.002202 0.000000
1695149047327530975 145.172257 0.000000
1695149047376700809 145.223206 0.000000
1695149047450342514 144.911685 0.000000
1695149047486146164 145.224990 0.000000
1695149047618808690 145.101422 0.000000
1695149047618826239 145.069963 0.000000
1695149047668439483 145.246933 0.000000
1695149047813822856 145.380202 0.000000
1695149047895809371 145.181238 0.000000
1695149047959705773 145.275783 0.000000
1695149048055486635 145.289662 0.000000
1695149048055529844 145.283224 0.000000
1695149048105522301 145.411281 0.000000
1695149048128521747 145.430411 0.000000
1695149048177974158 144.998319 0.000000
1695149048200667043 145.133243 0.000000
1695149048346834120 145.434678 0.000000
1695149048405926801 145.508052 0.000000
1695149048541768409 145.264633 0.000000
1695149048541818868 145.220918 0.000000
1695149048551073620 145.144187 0.000000
1695149048614395439 144.853496 0.000000
1695149048615000563 145.180198 0.000000
1695149048686822959 145.001126 0.000000
1695149048711260763 145.254735 0.000000
1695149048832545304 145.280265 0.000000
1695149048857003893 145.116910 0.000000
1695149048906007840 145.178601 0.000000
1695149048977708632 145.159185 0.000000
1695149049486918251 145.202014 0.000000
1695149049596328167 145.063705 0.000000
1695149049851066605 145.349676 0.000000
1695149049875482404 145.263529 0.000000
1695149050312720025 145.220864 0.000000
1695149050312763973 145.254128 0.000000
1695149050385721032 145.422731 0.000000
1695149050458490255 145.369940 0.000000
1695149050531130249 145.373322 0.000000
1695149050870319338 145.237852 0.000000
1695149050895129014 145.410582 0.000000
1695149050895185855 145.400792 0.000000
1695149050895385834 145.048819 0.000000
1695149051015620969 145.330826 0.000000
1695149051040469374 145.278957 0.000000
1695149051098917833 145.192571 0.000000
1695149051259044922 145.267730 0.000000
1695149051404407715 145.359146 0.000000
1695149051404670783 145.340280 0.000000
1695149051452528828 145.200091 0.000000
1695149051477421929 145.232808 0.000000
1695149051622599695 145.098922 0.000000
1695149051634425909 145.378874 0.000000
1695149051816702096 145.008519 0.000000
1695149051889144876 145.321125 0.000000
1695149051997814101 145.174287 0.000000
1695149052034603711 145.002023 0.000000
1695149052118202179 145.055301 0.000000
1695149052252753080 144.762061 0.000000
1695149052325642150 145.413734 0.000000
1695149052471283501 145.175785 0.000000
1695149052640933321 145.203661 0.000000
1695149052641582312 145.107768 0.000000
1695149052689637398 144.953096 0.000000
1695149052860007731 144.976714 0.000000
1695149052991466077 145.110678 0.000000
1695149053053094630 145.306416 0.000000
1695149053077970743 145.201147 0.000000
1695149053125926510 145.167948 0.000000
1695149053151189897 145.168985 0.000000
1695149053295902207 145.255655 0.000000
1695149053355576253 145.040652 0.000000
1695149053416765924 145.098658 0.000000
1695149053500759314 145.181472 0.000000
1695149053660180794 145.326102 0.000000
1695149053732592109 145.173712 0.000000
1695149053780813702 145.259466 0.000000
1695149053926309956 144.940467 0.000000
1695149054023941441 145.589759 0.000000
1695149054071292648 145.116214 0.000000
1695149054144958791 145.295755 0.000000
1695149054243053747 145.307842 0.000000
1695149054290167159 145.267983 0.000000
1695149054435975054 145.280297 0.000000
1695149054508216730 145.187641 0.000000
1695149054592172632 145.033056 0.000000
1695149054653775825 145.265527 0.000000
1695149054726103921 145.049954 0.000000
1695149054751969808 145.286994 0.000000
1695149054752920167 145.254419 0.000000
1695149054810621707 145.098205 0.000000
1695149054872293720 144.999211 0.000000
1695149055028182589 144.999476 0.000000
1695149055235420194 145.192639 0.000000
1695149055262127811 145.278350 0.000000
1695149055380797279 145.364044 0.000000
1695149055407842253 145.139180 0.000000
1695149055599368899 145.277874 0.000000
1695149055817669859 145.385378 0.000000
1695149055917370826 145.079346 0.000000
1695149055917413335 145.151886 0.000000
1695149055926770211 145.233148 0.000000
1695149056108790651 145.294771 0.000000
1695149056327384522 145.088468 0.000000
1695149056427088673 145.083560 0.000000
1695149056472535033 145.148212 0.000000
1695149056508601356 145.090382 0.000000
1695149056702796993 145.270669 0.000000
1695149056791240771 144.967319 0.000000
1695149056791575681 145.215535 0.000000
1695149056937051031 145.473223 0.000000
1695149057054662722 145.371322 0.000000
1695149057163432187 145.272401 0.000000
1695149057358405247 145.195087 0.000000
1695149057504014235 145.254224 0.000000
1695149057810926343 145.060831 0.000000
1695149058073989061 145.042327 0.000000
1695149058182417610 145.203082 0.000000
1695149058305165640 145.236472 0.000000
1695149058438224004 145.294621 0.000000
1695149058523611715 145.222014 0.000000
1695149058729223217 145.306124 0.000000
1695149058874128288 144.902630 0.000000
1695149059019376156 145.245532 0.000000
1695149059021320392 145.507790 0.000000
1695149059164742805 145.364205 0.000000
1695149059312038996 145.318722 0.000000
1695149059312081704 145.193193 0.000000
1695149059487956007 145.121669 0.000000
1695149059601192251 145.318314 0.000000
1695149059602612175 144.709837 0.000000
1695149059674758699 145.108072 0.000000
1695149059705893793 145.128297 0.000000
1695149059710940783 144.998960 0.000000
1695149059852343337 145.264012 0.000000
1695149059980049052 145.231452 0.000000
1695149059997614223 145.268403 0.000000
1695149060070216040 145.461612 0.000000
1695149060070498242 145.044274 0.000000
1695149060256894785 144.936990 0.000000
1695149060270993692 145.385918 0.000000
1695149060288377282 145.449977 0.000000
1695149060620905828 144.973009 0.000000
1695149060870854490 144.982808 0.000000
1695149061089619128 145.330530 0.000000
1695149061128538101 144.919922 0.000000
1695149061235313494 145.375918 0.000000
1695149061237406362 145.214843 0.000000
1695149061275689832 145.139219 0.000000
1695149061275848370 145.247650 0.000000
1695149061455003830 144.997452 0.000000
1695149061526221792 145.259277 0.000000
1695149061744889864 145.519213 0.000000
1695149062002378465 145.118980 0.000000
1695149062035492555 144.994050 0.000000
1695149062108437430 144.978662 0.000000
1695149062108441699 145.167659 0.000000
1695149062147283020 144.902031 0.000000
1695149062221301432 145.147693 0.000000
1695149062385539344 145.621214 0.000000
1695149062472365479 145.034847 0.000000
1695149062545223289 145.101663 0.000000
1695149062656301993 145.149878 0.000000
1695149062730856879 145.249780 0.000000
1695149062801876298 144.991515 0.000000
1695149063021259889 145.215426 0.000000
1695149063127714000 145.375371 0.000000
1695149063239265448 145.204062 0.000000
1695149063239598633 145.091192 0.000000
1695149063273468549 145.202067 0.000000
1695149063311114085 144.976252 0.000000
1695149063346498328 145.419971 0.000000
1695149063603278352 145.133253 0.000000
1695149063637025205 145.242290 0.000000
1695149063637485067 145.040458 0.000000
1695149063855427863 144.966793 0.000000
1695149064000847896 144.890889 0.000000
1695149064073666119 145.008263 0.000000
1695149064110951329 144.890356 0.000000
1695149064184776701 144.970009 0.000000
1695149064218956668 145.381524 0.000000
1695149064218995115 145.326405 0.000000
1695149064257013205 144.941226 0.000000
1695149064257686618 145.140123 0.000000
1695149064401694794 145.417936 0.000000
1695149064547374202 144.958846 0.000000
1695149064693331554 144.902454 0.000000
1695149064873621372 145.041618 0.000000
1695149064910847509 145.090847 0.000000
1695149065091820227 145.324177 0.000000
1695149065273783334 145.003923 0.000000
1695149065310109978 145.388180 0.000000
1695149065419300078 144.982637 0.000000
1695149066001389960 144.905720 0.000000
1695149066103067872 145.247979 0.000000
1695149066619116604 144.975507 0.000000
1695149066655362820 144.845595 0.000000
1695149066837408340 145.041671 0.000000
1695149066909719766 145.068173 0.000000
1695149067049017851 145.318099 0.000000
1695149067091869561 145.278380 0.000000
1695149067092333601 145.116242 0.000000
1695149067237043141 145.171996 0.000000
1695149067382603710 145.095666 0.000000
1695149067637417169 145.160387 0.000000
1695149067746519768 144.891466 0.000000
1695149067746730707 145.062675 0.000000
1695149067855535106 145.168776 0.000000
1695149068037743567 145.150731 0.000000
1695149068364723498 145.246061 0.000000
1695149068473772762 145.228496 0.000000
1695149068509827511 145.102242 0.000000
1695149068546693478 144.999580 0.000000
1695149068619055363 145.192282 0.000000
1695149068764839220 145.310996 0.000000
1695149068870766969 145.293566 0.000000
1695149068943899884 145.399526 0.000000
1695149069128256873 145.034409 0.000000
1695149069128793338 145.137241 0.000000
1695149069164537498 145.244584 0.000000
1695149069382742495 145.006647 0.000000
1695149069527814182 145.117568 0.000000
1695149069528436672 145.030321 0.000000
1695149069637186319 144.914182 0.000000
1695149069746131192 144.975552 0.000000
1695149069927899719 145.135968 0.000000
1695149069928296778 144.860582 0.000000
1695149070037057876 145.093537 0.000000
1695149070109473915 145.003939 0.000000
1695149070146521487 145.244521 0.000000
1695149070218793160 144.879706 0.000000
1695149070219043632 144.981428 0.000000
1695149070363785992 144.990394 0.000000
1695149070400318463 144.833547 0.000000
1695149070436713471 145.071041 0.000000
1695149070836635636 144.868985 0.000000
1695149070836863090 145.569125 0.000000
1695149070872860534 145.336334 0.000000
1695149070873611941 145.168811 0.000000
1695149071127509634 144.801389 0.000000
1695149071164309542 144.916351 0.000000
1695149071527573371 145.091175 0.000000
1695149071709614880 145.320897 0.000000
1695149071709657403 145.290734 0.000000
1695149071783121628 145.365864 0.000000
1695149071892209067 145.021964 0.000000
1695149071965284056 145.221325 0.000000
1695149072037610317 145.443428 0.000000
1695149072073935213 145.068422 0.000000
1695149072255153229 144.707947 0.000000
1695149072255195866 145.041932 0.000000
1695149072691713709 145.286028 0.000000
1695149072910172215 144.999084 0.000000
1695149073237255136 144.806593 0.000000
1695149073528648177 145.328741 0.000000
1695149073564625820 145.092150 0.000000
1695149073601361402 145.537591 0.000000
1695149073638046281 145.110227 0.000000
1695149073782900259 145.403826 0.000000
1695149073855549514 144.918976 0.000000
1695149073855586532 145.083992 0.000000
1695149073892287321 145.383308 0.000000
1695149074000663017 145.069349 0.000000
1695149074037590638 145.191588 0.000000
1695149074182805364 145.181220 0.000000
1695149074619259153 144.921563 0.000000
1695149074619304618 145.000192 0.000000
1695149074692216833 145.242501 0.000000
1695149074837331658 145.058305 0.000000
1695149074837362110 145.544261 0.000000
1695149075093202514 144.787903 0.000000
1695149075273970510 145.523371 0.000000
1695149075310944389 144.746035 0.000000
1695149075419113912 144.886339 0.000000
1695149075530546861 145.182076 0.000000
1695149075565168307 145.348846 0.000000
1695149075601581580 145.091395 0.000000
1695149075674048687 144.996704 0.000000
1695149075710502103 145.296298 0.000000
1695149075856097361 145.064127 0.000000
1695149076001126585 144.910469 0.000000
1695149076037724460 145.081337 0.000000
1695149076074249557 145.079903 0.000000
1695149076111658156 144.732847 0.000000
1695149076183115865 144.916992 0.000000
1695149076219171204 144.910782 0.000000
1695149076219214237 145.334530 0.000000
1695149076256564873 144.903251 0.000000
1695149077201213980 145.151004 0.000000
1695149077274298238 144.959393 0.000000
1695149077310641607 145.076554 0.000000
1695149077383483527 144.744865 0.000000
1695149077456228063 144.817036 0.000000
1695149077965195776 144.848864 0.000000
1695149078292666951 144.849314 0.000000
1695149078547495187 145.059978 0.000000
1695149078947693576 145.107809 0.000000
1695149079129929019 145.319792 0.000000
1695149079165828667 145.256097 0.000000
1695149079275342521 145.646662 0.000000
1695149079311721434 145.378026 0.000000
1695149079420582933 145.261778 0.000000
1695149079565834780 145.249349 0.000000
1695149079566157532 144.854962 0.000000
1695149079639262205 145.531918 0.000000
1695149079675632300 145.079518 0.000000
1695149079784603621 145.339758 0.000000
1695149079929975253 144.893910 0.000000
1695149080039625194 145.098079 0.000000
1695149080147954427 145.013504 0.000000
1695149080257795716 145.140678 0.000000
1695149080402919482 145.052982 0.000000
1695149080439203153 145.151170 0.000000
1695149080584684180 144.919443 0.000000
1695149080838833852 145.187457 0.000000
1695149080948572234 144.654130 0.000000
1695149081020734802 145.111835 0.000000
1695149081057586542 145.100614 0.000000
1695149081129649913 145.128812 0.000000
1695149081166279401 145.027242 0.000000
1695149081203114039 145.190962 0.000000
1695149081639063200 145.041743 0.000000
1695149081639631694 145.043593 0.000000
1695149081675660772 144.939009 0.000000
1695149081712339103 144.939231 0.000000
1695149081857312127 145.162243 0.000000
1695149081857363997 145.580952 0.000000
1695149081894268692 144.942805 0.000000
1695149081966606803 145.210292 0.000000
1695149082075368977 145.060692 0.000000
1695149082112355555 145.069765 0.000000
1695149082330403291 145.203819 0.000000
1695149082330519168 145.285247 0.000000
1695149082403179205 145.026281 0.000000
1695149082439289664 145.118436 0.000000
1695149082620866287 145.080125 0.000000
1695149082621416815 145.152943 0.000000
1695149082766353370 144.934102 0.000000
1695149082802554824 144.757366 0.000000
1695149082984171247 145.018709 0.000000
1695149083275313035 145.290547 0.000000
1695149083275404150 145.359987 0.000000
1695149083275419456 145.143731 0.000000
1695149083529817643 144.829028 0.000000
1695149083530083604 145.057171 0.000000
1695149083566126426 144.914263 0.000000
1695149083566660566 145.381421 0.000000
1695149083857125972 145.179923 0.000000
1695149083857153218 145.422807 0.000000
1695149084221018471 145.065454 0.000000
1695149084366251323 145.266457 0.000000
1695149084439457289 145.536094 0.000000
1695149084548578020 145.216656 0.000000
1695149084584936303 145.476197 0.000000
1695149084766442855 145.250319 0.000000
1695149085094428401 145.080057 0.000000
1695149085203801146 145.410741 0.000000
1695149085458335129 145.680227 0.000000
1695149085676316793 145.155551 0.000000
1695149085822357526 145.007642 0.000000
1695149085858879248 144.839193 0.000000
1695149085931736014 145.037415 0.000000
1695149085967335597 145.015141 0.000000
1695149086004142882 145.269952 0.000000
1695149086040329840 144.963389 0.000000
1695149086259494693 145.416201 0.000000
1695149086404025731 145.346406 0.000000
1695149086404094128 144.928841 0.000000
1695149086404568239 145.070509 0.000000
1695149086622194460 145.437172 0.000000
1695149086622193608 145.372559 0.000000
1695149086950184394 145.828968 0.000000
1695149087349718361 145.085244 0.000000
1695149087385776479 144.842191 0.000000
1695149087422448143 145.425857 0.000000
1695149087495348240 144.882549 0.000000
1695149087567544298 145.093548 0.000000
1695149087640601361 144.892269 0.000000
1695149087640639702 145.188586 0.000000
1695149087640755016 144.947548 0.000000
1695149087749000104 145.042879 0.000000
1695149088040302577 145.192772 0.000000
1695149088076471985 145.118384 0.000000
1695149088222108018 144.929076 0.000000
1695149088294936789 145.158605 0.000000
1695149088367183670 145.074043 0.000000
1695149088658474515 144.912392 0.000000
1695149088731386260 144.884668 0.000000
1695149088876157248 145.038538 0.000000
1695149088876782791 145.205050 0.000000
1695149089022105065 145.369202 0.000000
1695149089095013834 145.060691 0.000000
1695149089131766938 144.963806 0.000000
1695149089167741109 145.634532 0.000000
1695149089203890863 145.223568 0.000000
1695149089240113482 145.004867 0.000000
1695149089276698716 144.855588 0.000000
1695149089385832766 145.626898 0.000000
1695149089386094859 145.095360 0.000000
1695149089422041141 145.340052 0.000000
1695149089495023819 144.995027 0.000000
1695149089640554406 145.056994 0.000000
1695149089749354325 145.357864 0.000000
1695149089895457409 145.135403 0.000000
1695149089931064262 145.201811 0.000000
1695149089931104168 144.698050 0.000000
1695149089967854337 145.368330 0.000000
1695149090040787898 145.332315 0.000000
1695149090076409358 145.303303 0.000000
1695149090186181543 144.838858 0.000000
1695149090331856992 145.026845 0.000000
1695149090367533753 145.175747 0.000000
1695149090512988414 145.069009 0.000000
1695149090513009279 145.473068 0.000000
1695149090767606506 145.083496 0.000000
1695149090767994080 145.056949 0.000000
1695149090804399241 145.589369 0.000000
1695149090949315760 145.005353 0.000000
1695149090949362075 144.991812 0.000000
1695149091058462360 145.162153 0.000000
1695149091058995033 144.892148 0.000000
1695149091276695347 145.255959 0.000000
1695149091276996819 145.107447 0.000000
1695149091458680727 145.045262 0.000000
1695149091676145949 145.139006 0.000000
1695149091712905624 145.119893 0.000000
1695149091930741245 145.124697 0.000000
1695149092003509841 144.813278 0.000000
1695149092404293493 145.207943 0.000000
1695149092731457736 145.121985 0.000000
1695149092949248078 144.840468 0.000000
1695149093094325253 145.075518 0.000000
1695149093239960556 144.960276 0.000000
1695149093422320208 145.126838 0.000000
1695149093422422335 145.385688 0.000000
1695149093530977877 144.921531 0.000000
1695149093785973373 145.173438 0.000000
1695149093931727342 145.403095 0.000000
1695149094114091432 145.111577 0.000000
1695149094404485859 144.821550 0.000000
1695149094586581696 145.331846 0.000000
1695149095059486632 144.984865 0.000000
1695149095277648810 144.925589 0.000000
1695149095349993068 145.122877 0.000000
1695149095532527509 145.294818 0.000000
1695149095532633158 145.482042 0.000000
1695149095641418699 145.078338 0.000000
1695149095750722494 144.996191 0.000000
1695149095932125961 145.058109 0.000000
1695149096004528338 145.208846 0.000000
1695149096077660771 145.094188 0.000000
1695149096222913337 145.293128 0.000000
1695149096440863056 145.039659 0.000000
1695149096441321963 145.130809 0.000000
1695149096513652667 145.090354 0.000000
1695149096514013775 145.122353 0.000000
1695149096550407014 144.878992 0.000000
1695149096550838197 144.845580 0.000000
1695149096732236442 145.334019 0.000000
1695149096877612429 145.374287 0.000000
1695149097060150232 145.123329 0.000000
1695149097095854386 145.251450 0.000000
1695149097132738470 144.817595 0.000000
1695149097241559471 144.947805 0.000000
1695149097387235117 145.299498 0.000000
1695149097459750293 144.795419 0.000000
1695149097496270176 145.078936 0.000000
1695149097496529016 145.202425 0.000000
1695149097496647655 145.335105 0.000000
1695149097641629296 145.356649 0.000000
1695149097641903023 145.371960 0.000000
1695149097787334009 145.166080 0.000000
1695149097896628578 144.891547 0.000000
1695149097932734419 145.429306 0.000000
1695149098078217932 145.419842 0.000000
1695149098187078645 145.083068 0.000000
1695149098223741606 144.908397 0.000000
1695149098332654882 144.642796 0.000000
1695149098405384169 145.118698 0.000000
1695149098478451107 144.872758 0.000000
1695149098515004564 145.103787 0.000000
1695149098733117487 145.118662 0.000000
1695149098768708169 144.958208 0.000000
1695149098951201447 144.938089 0.000000
1695149099096062664 145.119604 0.000000
1695149099096896619 145.256546 0.000000
1695149099351315644 145.167820 0.000000
1695149099532397554 145.081685 0.000000
1695149099569326367 145.081741 0.000000
1695149099932729055 144.899723 0.000000
1695149100151208811 145.053338 0.000000
1695149100368971406 144.901478 0.000000
1695149100405587994 145.242920 0.000000
1695149100441495746 144.933396 0.000000
1695149100441810505 145.026468 0.000000
1695149100477774764 145.084995 0.000000
1695149100659955109 145.065485 0.000000
1695149100769627737 145.029261 0.000000
1695149100950692342 145.173677 0.000000
1695149100950735370 145.266205 0.000000
1695149101314355765 145.317962 0.000000
1695149101423795307 145.111094 0.000000
1695149101460232006 145.004096 0.000000
1695149101568798501 145.000936 0.000000
1695149101605460011 145.166818 0.000000
1695149101642337039 144.683489 0.000000
1695149101678337995 144.758031 0.000000
1695149101751181237 144.807084 0.000000
1695149101787644483 144.662892 0.000000
1695149101860388440 144.845936 0.000000
1695149101932784160 144.935284 0.000000
1695149101932863981 145.217009 0.000000
1695149101968948811 144.966540 0.000000
1695149102187014876 145.211640 0.000000
1695149102368853646 145.050603 0.000000
1695149102623631812 145.015506 0.000000
1695149102696591166 144.962939 0.000000
1695149102805353238 145.191941 0.000000
1695149102914198284 144.893521 0.000000
1695149102987344766 144.909034 0.000000
1695149103350545978 145.382713 0.000000
1695149103387642591 145.062219 0.000000
1695149103423867863 145.124892 0.000000
1695149103641890494 145.074019 0.000000
1695149103714888393 145.082842 0.000000
1695149104042525471 145.350408 0.000000
1695149104042801392 145.488870 0.000000
1695149104224456741 145.123488 0.000000
1695149104588934567 145.712138 0.000000
1695149104589105342 145.849465 0.000000
1695149104770391842 145.359032 0.000000
1695149104843335305 145.069230 0.000000
1695149105097283952 144.805377 0.000000
1695149105170532848 144.953710 0.000000
1695149105316130050 145.143995 0.000000
1695149105388051713 145.227355 0.000000
1695149105570562442 145.467722 0.000000
1695149105679302210 144.915720 0.000000
1695149105679341614 145.495906 0.000000
1695149105788172161 145.035858 0.000000
1695149106079195278 145.055706 0.000000
1695149106079560513 144.804449 0.000000
1695149106333947839 145.001708 0.000000
1695149106334139217 144.717948 0.000000
1695149106443154701 144.813325 0.000000
1695149106479691917 144.876811 0.000000
1695149106480245678 145.321885 0.000000
1695149106515818108 145.135686 0.000000
1695149106879151623 145.415497 0.000000
1695149107134004487 145.115912 0.000000
1695149107279423262 144.770876 0.000000
1695149107315894566 145.208257 0.000000
1695149107461275520 144.799947 0.000000
1695149107715765863 145.530712 0.000000
1695149107715858897 145.135654 0.000000
1695149107788229212 144.742375 0.000000
1695149107861562453 145.183744 0.000000
1695149108006729034 144.941619 0.000000
1695149108261382889 144.787551 0.000000
1695149108297459190 145.270555 0.000000
1695149108334110911 144.874438 0.000000
1695149108588351353 145.085779 0.000000
1695149108625189389 145.156311 0.000000
1695149108661216157 144.795976 0.000000
1695149108879656636 145.454943 0.000000
1695149109024866493 144.996577 0.000000
1695149109061293257 145.039395 0.000000
1695149109097946664 145.114171 0.000000
1695149109316124280 145.122281 0.000000
1695149109352448177 145.171257 0.000000
1695149109534042441 145.192825 0.000000
1695149109643608375 144.904722 0.000000
1695149109679710538 145.001523 0.000000
1695149109716410954 144.910100 0.000000
1695149109825144552 144.981164 0.000000
1695149109861472353 145.204221 0.000000
1695149109898283308 145.074450 0.000000
1695149110007178779 145.087891 0.000000
1695149110116180624 145.116146 0.000000
1695149110116223500 145.170088 0.000000
1695149110298187603 145.375061 0.000000
1695149110406758330 144.924949 0.000000
1695149110407242558 145.008838 0.000000
1695149110479581450 145.224865 0.000000
1695149110698187509 144.982900 0.000000
1695149110734019866 145.068759 0.000000
1695149110770670539 145.070221 0.000000
1695149110807336059 144.903460 0.000000
1695149110843113794 144.960827 0.000000
1695149111061462374 145.059760 0.000000
1695149111061718259 144.971426 0.000000
1695149111134416576 145.406347 0.000000
1695149111170864475 144.859494 0.000000
1695149111207453502 145.070888 0.000000
1695149111352522014 145.343858 0.000000
1695149111570390851 145.268257 0.000000
1695149111643073502 145.186913 0.000000
1695149111643652500 145.025300 0.000000
1695149111679253541 145.064494 0.000000
1695149111788673944 145.598779 0.000000
1695149112152468159 145.241801 0.000000
1695149112188888892 145.542537 0.000000
1695149112298017830 145.535543 0.000000
1695149112298026750 145.422195 0.000000
1695149112516530024 145.412154 0.000000
1695149112516938176 145.374329 0.000000
1695149112589267625 145.194306 0.000000
1695149112734420491 144.997611 0.000000
1695149113098563748 144.959260 0.000000
1695149113170514617 145.073920 0.000000
1695149113243408725 145.337399 0.000000
1695149113280212341 145.000623 0.000000
1695149113352840747 145.365747 0.000000
1695149113425236732 144.812938 0.000000
1695149113643591519 145.044425 0.000000
1695149113680076904 145.022600 0.000000
1695149113752883708 145.044669 0.000000
1695149113934256347 145.045641 0.000000
1695149113970561538 145.300691 0.000000
1695149114080247563 145.154717 0.000000
1695149114370822027 144.989935 0.000000
1695149114407117993 145.115543 0.000000
1695149114480068589 145.371630 0.000000
1695149114480175513 145.602054 0.000000
1695149114698145622 145.202314 0.000000
1695149114734324005 145.250241 0.000000
1695149114734753242 144.943819 0.000000
1695149114843821646 144.913201 0.000000
1695149114879445496 145.119030 0.000000
1695149114879729046 144.972942 0.000000
1695149114952801000 144.908509 0.000000
1695149114989275139 144.941322 0.000000
1695149115206854472 145.124334 0.000000
1695149115207193461 145.117015 0.000000
1695149115243193982 144.979966 0.000000
1695149115679545908 145.112020 0.000000
1695149116115715649 144.972306 0.000000
1695149116152530100 145.214371 0.000000
1695149116297345165 145.132951 0.000000
1695149116479923385 145.139556 0.000000
1695149116515634747 145.060046 0.000000
1695149116516200667 145.142919 0.000000
1695149116551869955 145.278061 0.000000
1695149116624981423 145.055935 0.000000
1695149116661099516 145.344012 0.000000
1695149116806414307 145.355393 0.000000
1695149116880045325 145.248771 0.000000
1695149116916060836 144.861594 0.000000
1695149116952196890 145.058034 0.000000
1695149117315819620 145.118445 0.000000
1695149117352851990 145.520883 0.000000
1695149117788733400 145.272138 0.000000
1695149117824902157 144.962539 0.000000
1695149117897828200 144.924644 0.000000
1695149118261578025 145.379559 0.000000
1695149118298108892 144.835858 0.000000
1695149118516347358 144.955911 0.000000
1695149118552837673 144.786083 0.000000
1695149118588937495 145.141664 0.000000
1695149118588980300 144.825113 0.000000
1695149118661533487 145.078192 0.000000
1695149118770920615 145.425903 0.000000
1695149118989245599 144.905405 0.000000
1695149119316680414 145.540354 0.000000
1695149119425727932 145.431825 0.000000
1695149119461665106 145.084168 0.000000
1695149119462049734 145.111312 0.000000
1695149119716483022 144.902622 0.000000
1695149119825298407 145.073073 0.000000
1695149120007600917 144.993845 0.000000
1695149120044503122 145.162686 0.000000
1695149120152977809 145.320445 0.000000
1695149120443978003 145.253954 0.000000
1695149120516490827 145.292915 0.000000
1695149120589285904 144.987121 0.000000
1695149120662117175 145.142273 0.000000
1695149120953165606 144.886486 0.000000
1695149121134844024 145.427970 0.000000
1695149121171323313 144.950594 0.000000
1695149121171484271 144.980923 0.000000
1695149121243795413 145.034308 0.000000
1695149121316480858 144.939809 0.000000
1695149121462204367 144.781140 0.000000
1695149121680725715 145.238069 0.000000
1695149121789569813 144.855562 0.000000
1695149121898658168 145.002673 0.000000
1695149121971471276 144.939298 0.000000
1695149121971631666 145.047990 0.000000
1695149122044253870 144.896708 0.000000
1695149122153188592 145.143273 0.000000
1695149122226181646 144.934432 0.000000
1695149122371751377 145.851943 0.000000
1695149122408258114 145.050883 0.000000
1695149122443980597 145.406393 0.000000
1695149122698806386 145.034032 0.000000
1695149122880782990 145.137275 0.000000
1695149122917086308 144.821759 0.000000
1695149122953742250 145.108044 0.000000
1695149123026449291 144.974028 0.000000
1695149123171688297 145.237419 0.000000
1695149123208084887 144.767630 0.000000
1695149123208127306 145.097506 0.000000
1695149123426202380 145.258427 0.000000
1695149123463019006 144.823109 0.000000
1695149123571551597 145.346701 0.000000
1695149123571594488 144.653098 0.000000
1695149123608718033 144.972244 0.000000
1695149123644569097 145.293120 0.000000
1695149123790379263 145.095688 0.000000
1695149123935658946 145.160345 0.000000
1695149124154370847 145.026230 0.000000
1695149124190535116 145.093146 0.000000
1695149124226762928 145.254448 0.000000
1695149124226851288 145.278997 0.000000
1695149124371838980 144.986016 0.000000
1695149124372475703 145.623346 0.000000
1695149124517105015 145.127616 0.000000
1695149124553682696 144.851351 0.000000
1695149124553722755 145.084321 0.000000
1695149124553760896 144.840048 0.000000
1695149124699001371 145.238913 0.000000
1695149124735439134 144.979835 0.000000
1695149124771303758 144.803060 0.000000
1695149124916727390 145.160436 0.000000
1695149124916770959 145.464820 0.000000
1695149125098799565 145.070846 0.000000
1695149125208264129 144.900655 0.000000
1695149125462696885 144.720017 0.000000
1695149125498782891 145.318057 0.000000
1695149125535242342 144.941871 0.000000
1695149125644124385 145.339138 0.000000
1695149125753797426 145.674991 0.000000
1695149125862379461 145.151938 0.000000
1695149125899044076 145.183929 0.000000
1695149126117293692 145.064598 0.000000
1695149126189562536 145.077529 0.000000
1695149126335328925 145.074116 0.000000
1695149126371959861 145.042550 0.000000
1695149126408219317 145.084341 0.000000
1695149126589952471 145.324772 0.000000
1695149126626056651 145.090474 0.000000
1695149126662728153 144.823374 0.000000
1695149126772173465 145.491666 0.000000
1695149127098964301 145.044604 0.000000
1695149127099176391 145.274341 0.000000
1695149127499589828 145.280769 0.000000
1695149127572338806 145.165976 0.000000
1695149127608073537 144.890774 0.000000
1695149127789913133 144.897733 0.000000
1695149127863632676 145.114142 0.000000
1695149128117592848 144.683871 0.000000
1695149128153753071 145.331589 0.000000
1695149128190312509 145.033961 0.000000
1695149128299334049 144.810099 0.000000
1695149128517963464 145.072822 0.000000
1695149128627126474 145.242115 0.000000
1695149128663852048 145.774342 0.000000
1695149128736280645 145.341537 0.000000
1695149128918548432 144.911029 0.000000
1695149128954182429 144.680020 0.000000
1695149129026886930 145.036962 0.000000
1695149129063006853 145.067940 0.000000
1695149129172225851 145.273714 0.000000
1695149129172432876 144.770704 0.000000
1695149129208969852 145.155478 0.000000
1695149129245041672 145.002003 0.000000
1695149129281871119 145.206603 0.000000
1695149129426912789 145.393477 0.000000
1695149129426988152 145.183410 0.000000
1695149129463192452 145.273306 0.000000
1695149129572160817 145.246374 0.000000
1695149129826928643 145.261426 0.000000
1695149129862844385 145.140823 0.000000
1695149129936133520 145.035194 0.000000
1695149130008204254 145.357391 0.000000
1695149130008554387 144.871969 0.000000
1695149130153772137 145.085371 0.000000
1695149130154160922 144.938030 0.000000
1695149130263123183 144.785015 0.000000
1695149130299153059 145.481144 0.000000
1695149130335679465 144.752717 0.000000
1695149130336153089 145.044998 0.000000
1695149130481558398 145.112147 0.000000
1695149130590002236 145.082534 0.000000
1695149130917332567 145.178158 0.000000
1695149130917381034 145.290521 0.000000
1695149130917436990 144.739822 0.000000
1695149130990312852 144.736658 0.000000
1695149131062739380 145.355762 0.000000
1695149131135573157 144.850221 0.000000
1695149131135591040 145.173330 0.000000
1695149131172159108 144.981726 0.000000
1695149131208277368 145.158148 0.000000
1695149131389616568 145.171108 0.000000
1695149131426445386 145.121885 0.000000
1695149131571651175 145.095173 0.000000
1695149131644903089 145.106975 0.000000
1695149131644933183 145.065257 0.000000
1695149131761200710 144.925705 0.000000
1695149131833811947 144.665104 0.000000
1695149131833907428 144.777034 0.000000
1695149131863650285 145.123269 0.000000
1695149131979543551 145.032240 0.000000
1695149132154281279 145.058446 0.000000
1695149132154594900 145.415328 0.000000
1695149132197646214 144.683828 0.000000
1695149132226653674 145.097269 0.000000
1695149132270059798 145.255820 0.000000
1695149132270619895 145.161321 0.000000
1695149132372377590 145.072869 0.000000
1695149132488680000 145.181482 0.000000
1695149132634370668 145.034012 0.000000
1695149132707049851 144.905060 0.000000
1695149132736134851 145.004929 0.000000
1695149132779023053 144.822707 0.000000
1695149132809060924 145.458625 0.000000
1695149132809119489 145.210866 0.000000
1695149133172516058 144.981928 0.000000
1695149133172918351 144.985144 0.000000
1695149133246151176 145.579204 0.000000
1695149133360840633 145.286312 0.000000
1695149133361023095 144.771048 0.000000
1695149133391435445 145.249479 0.000000
1695149133505764330 144.738749 0.000000
1695149133537107344 145.265060 0.000000
1695149133650998952 145.228549 0.000000
1695149133682928127 145.345575 0.000000
1695149133755077223 145.040875 0.000000
1695149133755183906 145.190514 0.000000
1695149133796380003 145.378558 0.000000
1695149133828116970 145.187071 0.000000
1695149133901166226 145.399569 0.000000
1695149133942600372 144.930167 0.000000
1695149133973588461 145.434738 0.000000
1695149134046583496 145.089208 0.000000
1695149134161134980 145.217582 0.000000
1695149134232480194 145.124497 0.000000
1695149134234043710 145.289412 0.000000
1695149134524608553 145.238588 0.000000
1695149134556301121 145.016912 0.000000
1695149134556312259 145.058357 0.000000
1695149134628274412 144.885638 0.000000
1695149134628988245 144.981265 0.000000
1695149134742655319 145.080358 0.000000
1695149135033743567 144.848635 0.000000
1695149135106607754 144.913371 0.000000
1695149135251671756 144.726052 0.000000
1695149135470011042 145.101438 0.000000
1695149135502712333 145.342823 0.000000
1695149135502758946 145.599126 0.000000
1695149135793934530 145.326390 0.000000
1695149136011649473 144.720995 0.000000
1695149136051261560 144.986757 0.000000
1695149136156828387 145.449411 0.000000
1695149136229971086 144.989746 0.000000
1695149136342049039 144.856665 0.000000
1695149136342145308 144.995434 0.000000
1695149136448247113 145.331793 0.000000
1695149136448350515 145.288113 0.000000
1695149136486930090 144.739735 0.000000
1695149136560315573 144.940986 0.000000
1695149136666423522 145.097295 0.000000
1695149136666459427 145.046747 0.000000
1695149136739793501 145.275240 0.000000
1695149136957523230 145.246476 0.000000
1695149137030383073 145.211297 0.000000
1695149137030721832 145.095104 0.000000
1695149137103524972 144.992918 0.000000
1695149137103575623 145.005520 0.000000
1695149137175767916 145.381583 0.000000
1695149137248795590 145.265763 0.000000
1695149137466845036 145.178410 0.000000
1695149137466889047 145.264106 0.000000
1695149137578377072 145.094433 0.000000
1695149137578410279 145.005173 0.000000
1695149137612610796 145.559355 0.000000
1695149137796561196 145.318350 0.000000
1695149137830776725 145.224192 0.000000
1695149137869053148 145.180493 0.000000
1695149137869421091 145.185825 0.000000
1695149138049080407 144.987897 0.000000
1695149138086900679 144.881405 0.000000
1695149138121850703 144.884157 0.000000
1695149138160256098 145.014337 0.000000
1695149138267367469 145.377589 0.000000
1695149138267415386 144.772128 0.000000
1695149138378416878 145.202268 0.000000
1695149138413402394 145.464542 0.000000
1695149138594909541 145.239259 0.000000
1695149138777042872 145.162784 0.000000
1695149138777100889 145.274503 0.000000
1695149138849562841 144.980059 0.000000
1695149138995003364 145.004094 0.000000
1695149139285800442 145.256291 0.000000
1695149139467837903 145.205491 0.000000
1695149139468526585 144.897635 0.000000
1695149139576884587 144.830059 0.000000
1695149139649739722 145.216569 0.000000
1695149139759232588 144.897368 0.000000
1695149139794695693 144.954333 0.000000
1695149139868415309 145.267666 0.000000
1695149140049368136 144.816405 0.000000
1695149140340758348 145.362867 0.000000
1695149140341030255 145.157578 0.000000
1695149140377599028 145.492275 0.000000
1695149140377668055 145.715004 0.000000
1695149140450285799 145.106529 0.000000
1695149140740591372 145.018805 0.000000
1695149140813812702 145.246904 0.000000
1695149140886467353 145.366848 0.000000
1695149140886521959 145.142717 0.000000
1695149140959306114 145.490945 0.000000
1695149141286210794 144.929178 0.000000
1695149141286241427 145.103912 0.000000
1695149141395564611 144.860664 0.000000
1695149141577297957 144.878001 0.000000
1695149141904741292 145.221596 0.000000
1695149142013727674 145.219285 0.000000
1695149142086241987 144.818822 0.000000
1695149142340640996 145.159074 0.000000
1695149142522999550 145.117251 0.000000
1695149142632213577 145.287468 0.000000
1695149142922519997 145.264549 0.000000
1695149142922577287 145.012396 0.000000
1695149142995409749 145.259944 0.000000
1695149143031940596 144.826658 0.000000
1695149143214021116 145.277065 0.000000
1695149143249784801 145.146328 0.000000
1695149143359484599 145.387852 0.000000
1695149143468260112 145.120272 0.000000
1695149143504686350 145.087773 0.000000
1695149143868162074 145.011111 0.000000
1695149143904600476 145.044351 0.000000
1695149143904716999 145.171489 0.000000
1695149144341181424 144.991796 0.000000
1695149144377627820 145.268721 0.000000
1695149144814209731 145.073846 0.000000
1695149144814159218 145.126319 0.000000
1695149144886534199 145.075309 0.000000
1695149145031456588 144.753712 0.000000
1695149145068500589 145.179733 0.000000
1695149145141182723 145.004364 0.000000
1695149145468692396 145.049895 0.000000
1695149145760382877 145.763204 0.000000
1695149145796093943 145.124252 0.000000
1695149145796139112 145.172363 0.000000
1695149146160048445 145.342135 0.000000
1695149146305867002 145.224875 0.000000
1695149146414788291 144.747712 0.000000
1695149146451123898 145.254244 0.000000
1695149146596651736 144.989717 0.000000
1695149146669097792 144.931308 0.000000
1695149146996430303 145.165205 0.000000
1695149147032364853 145.109085 0.000000
1695149147032409684 145.245836 0.000000
1695149147032456590 145.226127 0.000000
1695149147068925383 145.164945 0.000000
1695149147105341215 144.946227 0.000000
1695149147141803824 145.068833 0.000000
1695149147214411312 145.040104 0.000000
1695149147287192852 144.721980 0.000000
1695149147323250433 145.039937 0.000000
1695149147396452909 144.916734 0.000000
1695149147504883030 145.190637 0.000000
1695149147759487631 144.937639 0.000000
1695149147868526689 145.032904 0.000000
1695149148050967833 145.471525 0.000000
1695149148196117404 145.146952 0.000000
1695149148196309032 144.779111 0.000000
1695149148233106245 145.232121 0.000000
1695149148305366398 144.946197 0.000000
1695149148596043591 145.333171 0.000000
1695149148814420629 145.314021 0.000000
1695149148850813846 145.178630 0.000000
1695149148923854554 144.957382 0.000000
1695149148960303290 145.213213 0.000000
1695149149068953784 145.028985 0.000000
1695149149105629676 144.969134 0.000000
1695149149287134827 145.387685 0.000000
1695149149287179583 145.388690 0.000000
1695149149323243534 145.134705 0.000000
1695149149432713330 144.946041 0.000000
1695149149432955453 145.043753 0.000000
1695149149468936988 145.174993 0.000000
1695149149577798606 144.630116 0.000000
1695149149614152794 144.797530 0.000000
1695149149868837870 145.263884 0.000000
1695149150050790588 145.126143 0.000000
1695149150159448407 145.080296 0.000000
1695149150195767879 145.334161 0.000000
1695149150414190664 145.089318 0.000000
1695149150414233171 145.083890 0.000000
1695149150486475969 145.252832 0.000000
1695149150632326577 145.304293 0.000000
1695149150668584059 144.919498 0.000000
1695149150777426316 145.094768 0.000000
1695149150814258762 145.410745 0.000000
1695149151068857984 145.013173 0.000000
1695149151141369851 145.439821 0.000000
1695149151177952421 145.089000 0.000000
1695149151214653558 145.266456 0.000000
1695149151287117757 144.912005 0.000000
1695149151650758911 145.261013 0.000000
1695149151723076890 145.144384 0.000000
1695149151759851068 144.913304 0.000000
1695149151795998242 144.892920 0.000000
1695149151905202627 145.407422 0.000000
1695149151977984645 144.920154 0.000000
1695149152013699446 145.053635 0.000000
1695149152232436412 145.040110 0.000000
1695149152487415326 145.380956 0.000000
1695149152522828990 145.122385 0.000000
1695149152668318358 144.949154 0.000000
1695149152668601888 144.944793 0.000000
1695149152740892036 145.335000 0.000000
1695149152813504779 144.955670 0.000000
1695149152886601437 145.310523 0.000000
1695149152923371474 145.557157 0.000000
1695149152996572920 145.116229 0.000000
1695149153141539255 145.100923 0.000000
1695149153250865244 145.153475 0.000000
1695149153323410766 145.024246 0.000000
1695149153360058000 144.972633 0.000000
1695149153468911364 145.114560 0.000000
1695149153577731577 145.060528 0.000000
1695149153578152644 144.878826 0.000000
1695149153687005387 144.963870 0.000000
1695149153759794230 144.813567 0.000000
1695149153832081708 145.071708 0.000000
1695149153978198264 145.186022 0.000000
1695149154014358165 145.187762 0.000000
1695149154050400385 145.120257 0.000000
1695149154268715804 145.151598 0.000000
1695149154320266604 145.290066 0.000000
1695149154414156674 145.094907 0.000000
1695149154414268231 145.022417 0.000000
1695149154486850658 144.944832 0.000000
1695149154523576908 145.327084 0.000000
1695149154741980578 145.173757 0.000000
1695149154813947141 145.041737 0.000000
1695149154959355721 145.358265 0.000000
1695149154995712163 144.985629 0.000000
1695149155069131119 145.048877 0.000000
1695149155141456242 144.884472 0.000000
1695149155214287361 145.184847 0.000000
1695149155214293730 144.807342 0.000000
1695149155286848384 145.111855 0.000000
1695149155395747647 145.070004 0.000000
1695149155504738589 144.885453 0.000000
1695149155577634211 145.374529 0.000000
1695149155649926508 145.183692 0.000000
1695149155759909292 145.104765 0.000000
1695149155868004850 145.236903 0.000000
1695149156123188045 144.976733 0.000000
1695149156232094674 144.917351 0.000000
1695149156287201363 145.563168 0.000000
1695149156341189615 145.184072 0.000000
1695149156341368107 145.212125 0.000000
1695149156450541156 145.067511 0.000000
1695149156450585679 145.204533 0.000000
1695149156595504732 145.130437 0.000000
1695149156595914147 144.890174 0.000000
1695149156632126362 145.295800 0.000000
1695149156741087883 145.173743 0.000000
1695149156741200585 145.284430 0.000000
1695149156741622232 145.196844 0.000000
1695149156850243469 145.221045 0.000000
1695149156886371626 145.135967 0.000000
1695149156995622585 145.377466 0.000000
1695149157031978826 145.065647 0.000000
1695149157068702290 145.118088 0.000000
1695149157104542871 145.319246 0.000000
1695149157540778591 145.026591 0.000000
1695149157832291666 144.977660 0.000000
1695149158050765167 145.328582 0.000000
1695149158159246030 145.091565 0.000000
1695149158195859558 144.994781 0.000000
1695149158195893087 145.021854 0.000000
1695149158304828426 144.902747 0.000000
1695149158595530644 145.377246 0.000000
1695149158618354036 145.434732 0.000000
1695149158668269180 144.647049 0.000000
1695149158777376934 144.788505 0.000000
1695149158813270872 144.959760 0.000000
1695149158850206643 144.870076 0.000000
1695149159068497340 145.127326 0.000000
1695149159249749186 144.834225 0.000000
1695149159577263272 145.332584 0.000000
1695149159649794800 145.146988 0.000000
1695149159686252385 144.853483 0.000000
1695149159711231528 145.609621 0.000000
1695149159795144419 145.347277 0.000000
1695149159795561769 145.213872 0.000000
1695149159904394647 145.031550 0.000000
1695149159940705969 145.142230 0.000000
1695149160013870462 145.074053 0.000000
1695149160195211101 144.972369 0.000000
1695149160413947361 145.261491 0.000000
1695149160486330665 144.792830 0.000000
1695149160740874074 145.049939 0.000000
1695149160777161230 145.409789 0.000000
1695149160813276327 144.859034 0.000000
1695149160922524748 145.420195 0.000000
1695149160958994758 145.105203 0.000000
1695149161067635983 145.008171 0.000000
1695149161176747861 144.919246 0.000000
1695149161249979498 145.004703 0.000000
1695149161395644217 145.220347 0.000000
1695149161467842925 144.765522 0.000000
1695149161503921673 145.155536 0.000000
1695149161504902827 144.947444 0.000000
1695149161540188970 145.310242 0.000000
1695149161540664009 144.967872 0.000000
1695149161613259330 145.067395 0.000000
1695149161758550379 144.995406 0.000000
1695149161940539041 144.925832 0.000000
1695149162049347221 145.141667 0.000000
1695149162086300620 144.900461 0.000000
1695149162740562000 145.170191 0.000000
1695149162813357349 144.873297 0.000000
1695149162885946928 144.955701 0.000000
1695149162995108915 145.032541 0.000000
1695149163104196700 145.306137 0.000000
1695149163322779706 145.032718 0.000000
1695149163358733450 144.862637 0.000000
1695149163467605790 145.221948 0.000000
1695149163503925336 144.798472 0.000000
1695149163504416619 145.247731 0.000000
1695149163540812278 145.021880 0.000000
1695149163649120752 145.289688 0.000000
1695149163721742034 145.196697 0.000000
1695149163721856666 145.217203 0.000000
1695149163867504913 144.902272 0.000000
1695149163976116787 145.041482 0.000000
1695149163976665299 145.118781 0.000000
1695149164157983228 145.138490 0.000000
1695149164194344598 144.988930 0.000000
1695149164194400435 145.020971 0.000000
1695149164303211848 145.265207 0.000000
1695149164303794003 144.845764 0.000000
1695149164412289774 145.269838 0.000000
1695149164412446061 144.941683 0.000000
1695149164703484940 145.325703 0.000000
1695149164739857354 145.439878 0.000000
1695149164776100526 145.178610 0.000000
1695149164957857229 145.051754 0.000000
1695149165285168592 145.292434 0.000000
1695149165285262808 145.198975 0.000000
1695149165321758703 144.849641 0.000000
1695149165466846520 145.198474 0.000000
1695149165576206511 144.959377 0.000000
1695149165612410355 144.950235 0.000000
1695149165685205841 144.914377 0.000000
1695149165721300081 145.141526 0.000000
1695149165793973705 144.985174 0.000000
1695149165939534515 145.505347 0.000000
1695149166012580804 144.914957 0.000000
1695149166048871575 145.218072 0.000000
1695149166376260089 145.054431 0.000000
1695149166521490896 145.228395 0.000000
1695149166557858370 145.144089 0.000000
1695149166558422537 145.259268 0.000000
1695149166703996631 145.048646 0.000000
1695149166849076150 145.077502 0.000000
1695149166921845684 145.356428 0.000000
1695149166922144831 145.055200 0.000000
1695149167030871818 144.850964 0.000000
1695149167031302827 144.801865 0.000000
1695149167140256186 145.222472 0.000000
1695149167358294625 145.060697 0.000000
1695149167430929569 144.909056 0.000000
1695149167467847414 145.078838 0.000000
1695149167758430787 144.858693 0.000000
1695149167758551450 144.754617 0.000000
1695149167831190072 145.328060 0.000000
1695149167977216710 145.562217 0.000000
1695149168012875366 145.059431 0.000000
1695149168158727563 144.923259 0.000000
1695149168304385857 145.094042 0.000000
1695149168559279913 145.023521 0.000000
1695149168595417078 145.235913 0.000000
1695149168595488110 144.900029 0.000000
1695149169031459505 145.057849 0.000000
1695149169104530394 145.041336 0.000000
1695149169322289176 145.042866 0.000000
1695149169467784619 145.061556 0.000000
1695149169468542480 145.484673 0.000000
1695149169576977058 144.886317 0.000000
1695149169722357213 145.326339 0.000000
1695149169759057037 145.383767 0.000000
1695149170013497195 145.315499 0.000000
1695149170123189853 145.289395 0.000000
1695149170159445525 145.321779 0.000000
1695149170268189827 144.918400 0.000000
1695149170304613277 145.166135 0.000000
1695149170304659647 145.256682 0.000000
1695149170304743857 145.046465 0.000000
1695149170449864232 145.118820 0.000000
1695149170449907782 145.198084 0.000000
1695149170595129785 145.220264 0.000000
1695149170740757402 144.903367 0.000000
1695149170922787180 145.197955 0.000000
1695149170923303914 145.120905 0.000000
1695149170996258115 145.237888 0.000000
1695149171177502145 145.159608 0.000000
1695149171213963811 145.015730 0.000000
1695149171286901654 145.168347 0.000000
1695149171468586899 145.220781 0.000000
1695149171468654488 145.248902 0.000000
1695149171504894274 145.177254 0.000000
1695149171505090580 145.220895 0.000000
1695149171505493343 145.552846 0.000000
1695149171650895510 145.336257 0.000000
1695149171686908168 144.936087 0.000000
1695149171686950437 144.996157 0.000000
1695149171795878509 145.017614 0.000000
1695149171868566652 144.932798 0.000000
1695149171941752670 145.181427 0.000000
1695149172123544090 145.280514 0.000000
1695149172232402378 144.943578 0.000000
1695149172232451846 145.082527 0.000000
1695149172232528625 145.089795 0.000000
1695149172268988569 144.988147 0.000000
1695149172523350072 145.005243 0.000000
1695149172632451498 145.139052 0.000000
1695149172741145851 144.986700 0.000000
1695149172777694788 145.031024 0.000000
1695149172850187859 144.940648 0.000000
1695149172850729145 145.010618 0.000000
1695149172960234748 145.220127 0.000000
1695149173178111854 145.012530 0.000000
1695149173286528392 145.007925 0.000000
1695149173468605385 145.136741 0.000000
1695149173468656509 144.862573 0.000000
1695149173504750659 145.300779 0.000000
1695149173613721553 145.140635 0.000000
1695149173650230091 145.352068 0.000000
1695149173650260214 145.297893 0.000000
1695149173722997272 144.927166 0.000000
1695149173941234882 145.252957 0.000000
1695149174413817865 145.076270 0.000000
1695149174522953153 145.155852 0.000000
1695149174559191065 145.370622 0.000000
1695149174668314018 144.946074 0.000000
1695149174740815783 145.335732 0.000000
1695149174850045241 144.948127 0.000000
1695149174995668518 144.664267 0.000000
1695149174995723251 144.983542 0.000000
1695149174995761550 144.772243 0.000000
1695149175213982599 144.965641 0.000000
1695149175214172454 145.119963 0.000000
1695149175214208465 145.111628 0.000000
1695149175359135434 144.961316 0.000000
1695149175359177430 144.707945 0.000000
1695149175650217658 145.161134 0.000000
1695149175868306954 145.053682 0.000000
1695149175940692550 145.333779 0.000000
1695149176013349427 145.040058 0.000000
1695149176159166668 144.966577 0.000000
1695149176414102234 145.343793 0.000000
1695149176414288620 145.548759 0.000000
1695149176523094702 145.374657 0.000000
1695149176850520910 145.030115 0.000000
1695149176995425944 144.902234 0.000000
1695149177105125553 145.151868 0.000000
1695149177141116813 145.689267 0.000000
1695149177178040613 145.229323 0.000000
1695149177650410438 145.547565 0.000000
1695149177686891209 144.975494 0.000000
1695149177758918446 145.015388 0.000000
1695149177759387051 145.150269 0.000000
1695149178050305224 145.296698 0.000000
1695149178050325904 145.307856 0.000000
1695149178159687303 144.976559 0.000000
1695149178196205643 145.163681 0.000000
1695149178341356418 145.221910 0.000000
1695149178523456173 144.888822 0.000000
1695149178596259127 145.219754 0.000000
1695149178632919683 145.349352 0.000000
1695149178741736606 145.475699 0.000000
1695149178814492118 145.393953 0.000000
1695149178960112421 145.278693 0.000000
1695149179214414154 145.378336 0.000000
1695149179214421699 144.936073 0.000000
1695149179360208703 145.114261 0.000000
1695149179468975723 145.098877 0.000000
1695149179686833620 145.197749 0.000000
1695149179796447201 144.876692 0.000000
1695149179832729502 145.344758 0.000000
1695149179905357828 144.991996 0.000000
1695149179941584417 145.092012 0.000000
1695149180086997531 144.920464 0.000000
1695149180196129011 145.375641 0.000000
1695149180305703175 145.138701 0.000000
1695149180596591883 145.025731 0.000000
1695149180668976667 145.068746 0.000000
1695149180705594572 144.786419 0.000000
1695149180778519556 145.404710 0.000000
1695149180814540634 145.205539 0.000000
1695149181142555430 145.232702 0.000000
1695149181142689103 145.319306 0.000000
1695149181178384274 145.017734 0.000000
1695149181505494665 144.782139 0.000000
1695149181542051830 144.906994 0.000000
1695149181760991877 145.462549 0.000000
1695149181833345087 145.178176 0.000000
1695149181833478813 145.014582 0.000000
1695149181941611471 145.093397 0.000000
1695149181978687882 144.937056 0.000000
1695149182160110263 144.740671 0.000000
1695149182196617434 144.992312 0.000000
1695149182414828183 145.350962 0.000000
1695149182415131124 145.071656 0.000000
1695149182706104379 145.319079 0.000000
1695149182742842801 145.375691 0.000000
1695149182887765828 145.249232 0.000000
1695149183105975259 145.319198 0.000000
1695149183106018030 145.143299 0.000000
1695149183178982137 144.872216 0.000000
1695149183215325970 145.099623 0.000000
1695149183251604306 144.895612 0.000000
1695149183324670892 145.083646 0.000000
1695149183396697890 145.239270 0.000000
1695149183579189044 144.937393 0.000000
1695149183869951923 144.982970 0.000000
1695149183870043477 145.032525 0.000000
1695149183906008051 145.068661 0.000000
1695149183906452955 145.276063 0.000000
1695149184052259194 144.929801 0.000000
1695149184087683192 144.784925 0.000000
1695149184087713701 144.906080 0.000000
1695149184269255829 145.096340 0.000000
1695149184378116215 144.994843 0.000000
1695149184524174065 144.864407 0.000000
1695149184596882988 144.988228 0.000000
1695149184669292119 144.990083 0.000000
1695149184741909306 145.024543 0.000000
1695149184778271011 145.093524 0.000000
1695149184924219521 145.250565 0.000000
1695149185105896523 145.328982 0.000000
1695149185287458707 145.114137 0.000000
1695149185287831727 145.449386 0.000000
1695149185396500726 144.941441 0.000000
1695149185432583282 145.079050 0.000000
1695149185578626037 145.408789 0.000000
1695149185614968487 144.953738 0.000000
1695149185651184588 145.261713 0.000000
1695149185869198740 145.187919 0.000000
1695149185978576574 145.154278 0.000000
1695149186159976247 144.966840 0.000000
1695149186268913931 145.119630 0.000000
1695149186305021055 145.042483 0.000000
1695149186378402159 145.079902 0.000000
1695149186451406764 145.125418 0.000000
1695149186632636936 145.205630 0.000000
1695149186742167388 144.856866 0.000000
1695149186777969721 145.158160 0.000000
1695149186777976661 144.637027 0.000000
1695149186887494072 144.782947 0.000000
1695149186923691736 145.058753 0.000000
1695149186923859523 145.047504 0.000000
1695149187033169228 145.191588 0.000000
1695149187214477263 145.191006 0.000000
1695149187214945121 144.940383 0.000000
1695149187359603318 145.124353 0.000000
1695149187432984016 145.117292 0.000000
1695149187469175609 145.304946 0.000000
1695149187469234926 145.386983 0.000000
1695149187469357283 144.682274 0.000000
1695149187505543866 145.369201 0.000000
1695149187723979321 145.099483 0.000000
1695149187796436226 145.348327 0.000000
1695149187869784289 145.636402 0.000000
1695149187906004950 145.046789 0.000000
1695149187942028790 145.125430 0.000000
1695149188051446257 145.240344 0.000000
1695149188088247608 145.378097 0.000000
1695149188451831807 145.340997 0.000000
1695149188523698123 145.239849 0.000000
1695149188996748224 145.018169 0.000000
1695149188996776766 145.532384 0.000000
1695149189179086993 145.003909 0.000000
1695149189215168545 144.914030 0.000000
1695149189396988165 145.133696 0.000000
1695149189433918275 145.312212 0.000000
1695149189542744661 145.146316 0.000000
1695149189615194447 144.892352 0.000000
1695149189651526656 145.227240 0.000000
1695149189688125929 144.904588 0.000000
1695149189906033357 145.210416 0.000000
1695149190051501738 145.466466 0.000000
1695149190051597588 144.996651 0.000000
1695149190051661808 145.077841 0.000000
