1693776549902625269 144.711491 0.000000
1693776550119579227 144.616054 0.000000
1693776550119659444 144.479952 0.000000
1693776550192014779 144.646410 0.000000
1693776550409452559 144.689300 0.000000
1693776550626864843 144.577163 0.000000
1693776550627114760 144.745165 0.000000
1693776550698939550 144.680078 0.000000
1693776550771817070 144.636391 0.000000
1693776551071159651 144.482118 0.000000
1693776551134022756 144.616856 0.000000
1693776551134077764 144.575529 0.000000
1693776551422446031 144.473412 0.000000
1693776551423362886 144.751434 0.000000
1693776551568366181 144.586846 0.000000
1693776551713135767 144.398272 0.000000
1693776551784868313 144.649797 0.000000
1693776551857494292 144.492667 0.000000
1693776552003530752 145.052921 0.000000
1693776552146852930 144.649452 0.000000
1693776552219158734 144.764735 0.000000
1693776552437525802 144.528921 0.000000
1693776552509172286 144.731988 0.000000
1693776552510072165 144.651326 0.000000
1693776552581075969 144.545550 0.000000
1693776552654144348 144.845503 0.000000
1693776552726968354 144.538258 0.000000
1693776552727146795 144.441402 0.000000
1693776552871843401 144.603736 0.000000
1693776552944440834 144.436436 0.000000
1693776553160263635 144.623296 0.000000
1693776553234360207 144.818781 0.000000
1693776553595161651 144.655105 0.000000
1693776553666953468 144.624349 0.000000
1693776553667545100 144.783158 0.000000
1693776553739706664 144.523950 0.000000
1693776553814176801 144.666661 0.000000
1693776553814207843 144.573986 0.000000
1693776553958495328 144.518812 0.000000
1693776554175770022 144.496360 0.000000
1693776554246352190 144.668195 0.000000
1693776554246601224 144.614335 0.000000
1693776554319129481 144.647347 0.000000
1693776554320805407 144.669719 0.000000
1693776554327827082 144.618144 0.000000
1693776554538183032 144.609343 0.000000
1693776554681400806 144.908009 0.000000
1693776554682603736 144.485520 0.000000
1693776554754146995 144.970214 0.000000
1693776554755447297 144.711241 0.000000
1693776554755483336 144.603340 0.000000
1693776554900264755 144.698130 0.000000
1693776554972477393 144.502886 0.000000
1693776555043417117 144.646891 0.000000
1693776555043855888 144.523569 0.000000
1693776555261506864 144.450899 0.000000
1693776555695137289 144.613243 0.000000
1693776555768298139 144.501733 0.000000
1693776555839880269 144.618068 0.000000
1693776556130673526 144.877869 0.000000
1693776556354514134 144.563331 0.000000
1693776556492181318 144.680338 0.000000
1693776556565186600 144.521579 0.000000
1693776556782754437 144.400854 0.000000
1693776556855189046 144.682483 0.000000
1693776556926829873 144.525212 0.000000
1693776557078042492 144.510559 0.000000
1693776557360823123 144.707116 0.000000
1693776557361728185 144.741842 0.000000
1693776557506622536 144.535592 0.000000
1693776557650726509 144.354300 0.000000
1693776557723773097 144.853672 0.000000
1693776557795814466 145.248036 0.000000
1693776558013142214 144.730004 0.000000
1693776558231055545 144.555447 0.000000
1693776558231429876 144.735733 0.000000
1693776558303172650 144.607123 0.000000
1693776558375304455 144.760184 0.000000
1693776558376114275 144.571636 0.000000
1693776558520589246 144.678414 0.000000
1693776558521080609 144.631956 0.000000
1693776558592928016 145.054981 0.000000
1693776558665753100 144.557187 0.000000
1693776558810790549 144.794650 0.000000
1693776559171840200 144.568499 0.000000
1693776559245553691 144.533467 0.000000
1693776559462989877 144.876310 0.000000
1693776559607418640 144.466887 0.000000
1693776559679990809 144.465861 0.000000
1693776559751079987 144.529543 0.000000
1693776559751486653 144.621652 0.000000
1693776559754498053 144.544242 0.000000
1693776559824069813 144.536338 0.000000
1693776559824676250 144.425415 0.000000
1693776559967950205 144.633118 0.000000
1693776560040258901 144.492963 0.000000
1693776560113224415 144.612705 0.000000
1693776560113253228 144.615324 0.000000
1693776560257362752 144.571766 0.000000
1693776560330211139 144.605574 0.000000
1693776560330406911 144.467473 0.000000
1693776560331067036 144.540639 0.000000
1693776560333099178 144.532212 0.000000
1693776560475872352 144.490214 0.000000
1693776560547844559 144.792475 0.000000
1693776560619881188 144.508904 0.000000
1693776560620052953 144.617723 0.000000
1693776560692391668 144.529623 0.000000
1693776560910063683 144.753098 0.000000
1693776561199371452 144.724266 0.000000
1693776561199393032 144.710398 0.000000
1693776561488761488 144.651472 0.000000
1693776561489529716 144.659927 0.000000
1693776561633654612 144.733092 0.000000
1693776561923614158 144.717145 0.000000
1693776562213629480 144.731138 0.000000
1693776562431721887 145.413119 0.000000
1693776562431839842 145.171367 0.000000
1693776562503984255 145.006894 0.000000
1693776562576969673 145.102895 0.000000
1693776562648804615 144.613022 0.000000
1693776562648849705 144.506504 0.000000
1693776562649009091 144.642771 0.000000
1693776562720832427 144.685145 0.000000
1693776562865877019 144.528826 0.000000
1693776562866460362 144.422122 0.000000
1693776562938006658 144.540257 0.000000
1693776563010602823 144.753935 0.000000
1693776563011795279 144.459209 0.000000
1693776563300574618 144.603721 0.000000
1693776563300706856 144.475060 0.000000
1693776563372973950 144.424323 0.000000
1693776563373217752 144.479747 0.000000
1693776563445506833 144.782522 0.000000
1693776563663314824 144.653436 0.000000
1693776563808074257 144.569395 0.000000
1693776563879931011 144.532254 0.000000
1693776564025087388 144.643357 0.000000
1693776564314139382 144.829882 0.000000
1693776564458837036 144.679481 0.000000
1693776564531239294 144.515806 0.000000
1693776564604771689 144.543440 0.000000
1693776564677213695 144.669118 0.000000
1693776564747769030 144.611033 0.000000
1693776564820215116 144.563242 0.000000
1693776564964847323 144.602116 0.000000
1693776565037025795 144.533983 0.000000
1693776565039938325 144.962786 0.000000
1693776565255996602 144.437129 0.000000
1693776565400314724 144.669163 0.000000
1693776565471756271 144.777515 0.000000
1693776565544071357 144.606346 0.000000
1693776565544738992 144.435013 0.000000
1693776565689282477 144.528410 0.000000
1693776565761214651 144.627380 0.000000
1693776565833854413 144.666562 0.000000
1693776566051230218 144.600197 0.000000
1693776566051809265 144.541972 0.000000
1693776566052205438 144.887712 0.000000
1693776566196652223 144.489114 0.000000
1693776566341239319 144.570032 0.000000
1693776566558532974 144.574994 0.000000
1693776566631140991 144.619286 0.000000
1693776566775661357 144.546803 0.000000
1693776566921181275 144.562329 0.000000
1693776566993580252 144.610355 0.000000
1693776567137681262 144.505942 0.000000
1693776567282238123 144.549133 0.000000
1693776567499173744 144.653481 0.000000
1693776567499499351 144.582436 0.000000
1693776567644318473 144.831526 0.000000
1693776567716470154 144.621817 0.000000
1693776567861466493 144.643232 0.000000
1693776567862519454 144.654469 0.000000
1693776567934990413 144.818891 0.000000
1693776568007181369 144.552697 0.000000
1693776568078650682 144.654083 0.000000
1693776568078652145 144.613809 0.000000
1693776568513941698 144.520400 0.000000
1693776568514053538 144.577518 0.000000
1693776568658577748 144.796880 0.000000
1693776568659438297 144.827702 0.000000
1693776569021776481 144.774689 0.000000
1693776569093570565 144.757207 0.000000
1693776569310528231 144.818255 0.000000
1693776569383547501 144.699804 0.000000
1693776569455905948 144.752968 0.000000
1693776569527636354 144.506208 0.000000
1693776569528046208 144.720608 0.000000
1693776569818859170 144.939469 0.000000
1693776569891155883 144.439719 0.000000
1693776569963366887 144.510443 0.000000
1693776570107324077 144.492381 0.000000
1693776570253139310 144.526914 0.000000
1693776570469189663 144.629465 0.000000
1693776570542271658 144.426553 0.000000
1693776570614008594 144.591583 0.000000
1693776571122062618 144.422914 0.000000
1693776571267093482 144.468010 0.000000
1693776571267161721 144.435244 0.000000
1693776571339497526 144.447872 0.000000
1693776571410401306 144.584435 0.000000
1693776571628664883 145.651750 0.000000
1693776571628725063 145.042713 0.000000
1693776571628884951 144.438701 0.000000
1693776571629091221 144.660984 0.000000
1693776571701198728 144.537677 0.000000
1693776571845750838 144.525228 0.000000
1693776571918176788 144.524050 0.000000
1693776571991185767 144.578082 0.000000
1693776572062708676 144.522201 0.000000
1693776572207754385 144.408195 0.000000
1693776572425204523 144.641173 0.000000
1693776572497258346 144.613027 0.000000
1693776572569888199 144.474409 0.000000
1693776572787452814 144.712253 0.000000
1693776572931798543 144.572519 0.000000
1693776573004094199 144.670686 0.000000
1693776574090901989 144.643338 0.000000
1693776574164541362 144.852500 0.000000
1693776574308717738 144.606632 0.000000
1693776574380637849 144.734785 0.000000
1693776574454204308 144.592239 0.000000
1693776574598889789 144.600112 0.000000
1693776574671229622 144.575825 0.000000
1693776574816089043 144.795828 0.000000
1693776574960112948 144.534058 0.000000
1693776574960371214 144.470836 0.000000
1693776574960606031 144.580245 0.000000
1693776574960847263 144.511887 0.000000
1693776575032759757 144.488452 0.000000
1693776575322207397 144.744548 0.000000
1693776575395037777 144.700275 0.000000
1693776575395092339 144.441222 0.000000
1693776575539731065 144.831992 0.000000
1693776575539860266 144.813264 0.000000
1693776575540202713 144.607379 0.000000
1693776575830279463 144.769131 0.000000
1693776575974593088 144.639744 0.000000
1693776576264672759 144.821497 0.000000
1693776576336681808 144.600639 0.000000
1693776576337529145 144.804007 0.000000
1693776576337592818 144.697485 0.000000
1693776576482166804 144.558828 0.000000
1693776576554945855 144.715440 0.000000
1693776576698549728 144.537806 0.000000
1693776576771117357 144.572262 0.000000
1693776576915946993 144.535406 0.000000
1693776577205720305 144.479351 0.000000
1693776577206469990 144.591227 0.000000
1693776577640133628 144.429290 0.000000
1693776577640926273 144.534895 0.000000
1693776577784437105 144.645788 0.000000
1693776577930727857 144.880139 0.000000
1693776578219079260 144.635485 0.000000
1693776578220545919 144.750081 0.000000
1693776578292184240 144.430236 0.000000
1693776578581589556 144.661821 0.000000
1693776578870688875 144.455350 0.000000
1693776578944489479 144.577344 0.000000
1693776579160541504 144.444542 0.000000
1693776579377160000 144.534534 0.000000
1693776579377167151 144.591843 0.000000
1693776579885386897 144.618695 0.000000
1693776580030267396 144.470100 0.000000
1693776580030346160 144.515776 0.000000
1693776580247366973 144.666571 0.000000
1693776580536675038 144.521509 0.000000
1693776580536932572 144.502575 0.000000
1693776580609008392 144.463910 0.000000
1693776580681914909 144.586680 0.000000
1693776580754182354 144.477106 0.000000
1693776580971322676 144.704264 0.000000
1693776580971452563 144.659811 0.000000
1693776581043909224 144.486583 0.000000
1693776581116171767 144.467193 0.000000
1693776581188512669 144.665053 0.000000
1693776581260040442 144.600588 0.000000
1693776581260241906 144.558901 0.000000
1693776581404825344 144.552441 0.000000
1693776581694736042 144.418800 0.000000
1693776581768072536 144.571215 0.000000
1693776581911567881 144.665293 0.000000
1693776581983486458 144.562524 0.000000
1693776582274554480 144.540483 0.000000
1693776582418690847 144.615307 0.000000
1693776582563406513 144.679903 0.000000
1693776582636200660 144.629691 0.000000
1693776582779996866 144.432797 0.000000
1693776582925688834 144.429961 0.000000
1693776583142333607 144.731528 0.000000
1693776583431511005 144.562664 0.000000
1693776583431900829 144.660271 0.000000
1693776583432196856 144.377107 0.000000
1693776583503441469 144.563828 0.000000
1693776583648920572 144.625050 0.000000
1693776583649334641 144.569897 0.000000
1693776583721604511 144.627791 0.000000
1693776583794058651 144.715706 0.000000
1693776583865776015 144.666276 0.000000
1693776583939071168 144.783599 0.000000
1693776584011129902 144.597611 0.000000
1693776584300884125 144.576617 0.000000
1693776584445757576 144.474006 0.000000
1693776584446633006 144.754045 0.000000
1693776585024970678 144.448745 0.000000
1693776585097101425 144.482402 0.000000
1693776585458848344 144.601194 0.000000
1693776585532534280 144.428808 0.000000
1693776585821474951 144.855201 0.000000
1693776585892980988 144.417793 0.000000
1693776585965656238 144.485234 0.000000
1693776586037540891 144.451506 0.000000
1693776586109752552 144.554331 0.000000
1693776586182879928 144.423060 0.000000
1693776586183069981 144.563271 0.000000
1693776586254777888 144.472711 0.000000
1693776586400082160 144.507085 0.000000
1693776586400791501 144.418050 0.000000
1693776586471660901 144.557278 0.000000
1693776586688521047 144.483440 0.000000
1693776586688832954 144.573818 0.000000
1693776586688926701 144.608742 0.000000
1693776586690066878 144.414328 0.000000
1693776586979105237 144.380731 0.000000
1693776587051056846 144.527148 0.000000
1693776587196412953 144.541836 0.000000
1693776587268491729 144.691259 0.000000
1693776587341085258 144.743059 0.000000
1693776587629247892 144.595396 0.000000
1693776587702545425 144.606281 0.000000
1693776587846914474 144.459044 0.000000
1693776587847599418 144.632002 0.000000
1693776587848053410 144.396755 0.000000
1693776587992202652 144.409732 0.000000
1693776588063563497 144.447236 0.000000
1693776588209415012 144.569611 0.000000
1693776588281463698 144.564799 0.000000
1693776588353108248 144.565316 0.000000
1693776588425734759 144.570207 0.000000
1693776588497258452 144.558906 0.000000
1693776588571581898 144.710245 0.000000
1693776588716169727 144.591352 0.000000
1693776588788479536 144.512854 0.000000
1693776588932614289 144.667439 0.000000
1693776588932695420 144.723650 0.000000
1693776588932874259 144.416410 0.000000
1693776589004696628 144.500681 0.000000
1693776589437691680 144.550281 0.000000
1693776589510882559 144.460542 0.000000
1693776589655361860 144.472504 0.000000
1693776589655395598 144.502054 0.000000
1693776589728102888 144.813414 0.000000
1693776589799487522 144.579213 0.000000
1693776589945072362 144.557077 0.000000
1693776590018334512 144.668607 0.000000
1693776590235463949 144.622504 0.000000
1693776590235634846 144.683777 0.000000
1693776590379264309 144.441653 0.000000
1693776590380358536 144.713576 0.000000
1693776590523455950 144.416716 0.000000
1693776590596326650 144.471067 0.000000
1693776590742258622 144.596178 0.000000
1693776590813195063 144.590119 0.000000
1693776590814366265 144.604482 0.000000
1693776590885779772 144.519264 0.000000
1693776591031805914 144.491715 0.000000
1693776591175104767 144.458668 0.000000
1693776591175924279 144.605183 0.000000
1693776591320908104 144.514393 0.000000
1693776591392926269 144.557237 0.000000
1693776591464661626 144.610491 0.000000
1693776591465474568 144.584230 0.000000
1693776591537066169 144.458277 0.000000
1693776591681911277 144.437539 0.000000
1693776591753356052 144.466747 0.000000
1693776591826837869 144.402091 0.000000
1693776591898486584 144.418434 0.000000
1693776591971415067 144.719013 0.000000
1693776592406117914 144.667459 0.000000
1693776592550609824 144.457911 0.000000
1693776592623209277 144.465474 0.000000
1693776592838933497 144.614009 0.000000
1693776592912299565 144.635956 0.000000
1693776592984214630 144.705963 0.000000
1693776592985178629 144.501052 0.000000
1693776593128728696 144.631405 0.000000
1693776593128759063 144.593957 0.000000
1693776593129703530 144.509050 0.000000
1693776593274073311 144.712431 0.000000
1693776593346565756 144.527839 0.000000
1693776593418434953 144.443436 0.000000
1693776593708410341 144.393045 0.000000
1693776593708809064 144.405514 0.000000
1693776593926119468 144.986491 0.000000
1693776593926474123 145.025082 0.000000
1693776593999181860 145.104654 0.000000
1693776594217053863 145.363685 0.000000
1693776594505332803 144.713731 0.000000
1693776594650253912 144.871929 0.000000
1693776594651254641 144.397876 0.000000
1693776594722256039 144.854268 0.000000
1693776594868911305 144.748026 0.000000
1693776595085712337 144.558270 0.000000
1693776595520831323 144.644666 0.000000
1693776595591795333 145.129490 0.000000
1693776595810400149 144.730255 0.000000
1693776595810882402 144.717289 0.000000
1693776595955971758 145.070312 0.000000
1693776595956076209 144.800440 0.000000
1693776596100586910 144.599400 0.000000
1693776596100942106 144.585872 0.000000
1693776596245460799 144.769356 0.000000
1693776596246141874 144.523313 0.000000
1693776596317513599 144.540543 0.000000
1693776596318024779 144.700240 0.000000
1693776596389470281 144.728276 0.000000
1693776596463221274 144.673994 0.000000
1693776596896658329 144.750517 0.000000
1693776596967634800 144.726832 0.000000
1693776596970797802 144.686759 0.000000
1693776597186469896 144.632377 0.000000
1693776597188618623 144.987579 0.000000
1693776597547151907 144.620820 0.000000
1693776597548792310 144.820510 0.000000
1693776597550587794 144.642817 0.000000
1693776597550711061 144.569862 0.000000
1693776598126517421 144.679707 0.000000
1693776598127964484 144.778788 0.000000
1693776598274612107 144.583083 0.000000
1693776598417213497 144.477667 0.000000
1693776598418122227 144.587613 0.000000
1693776598563829456 144.445006 0.000000
1693776598636333717 144.654629 0.000000
1693776598853984683 144.537777 0.000000
1693776598925379070 144.431028 0.000000
1693776599213084210 144.605806 0.000000
1693776599215463868 144.542068 0.000000
1693776599287252519 144.841193 0.000000
1693776599288865494 144.636782 0.000000
1693776599431819258 144.550021 0.000000
1693776599576899784 144.656949 0.000000
1693776599648371962 144.483530 0.000000
1693776599721412758 144.525208 0.000000
1693776599865938091 144.861616 0.000000
1693776599867620792 144.470510 0.000000
1693776599937697664 144.574241 0.000000
1693776599938663637 144.537160 0.000000
1693776600156893074 144.601044 0.000000
1693776600444868106 144.627717 0.000000
1693776600519123047 144.911529 0.000000
1693776600591842755 144.657190 0.000000
1693776600807032803 144.647301 0.000000
1693776600808715845 144.425274 0.000000
1693776601024748266 144.737462 0.000000
1693776601096841332 144.614165 0.000000
1693776601241542796 144.597366 0.000000
1693776601386901994 144.605433 0.000000
1693776601458963354 144.556501 0.000000
1693776601532963909 144.566881 0.000000
1693776601603822128 144.839840 0.000000
1693776601604172509 144.479596 0.000000
1693776601822296982 144.580917 0.000000
1693776602111939716 144.906555 0.000000
1693776602113075640 145.261256 0.000000
1693776602113394222 144.810752 0.000000
1693776602183899189 144.563020 0.000000
1693776602184961331 144.516137 0.000000
1693776602256455442 144.578191 0.000000
1693776602330934133 144.684749 0.000000
1693776602475592952 144.608391 0.000000
1693776602620312632 144.620087 0.000000
1693776602837462918 144.535887 0.000000
1693776602909463647 144.632453 0.000000
1693776602981756566 144.507021 0.000000
1693776603053532908 144.709236 0.000000
1693776603126376720 144.605589 0.000000
1693776603198801576 144.477446 0.000000
1693776603271301528 144.635915 0.000000
1693776603272410629 144.549615 0.000000
1693776603343542105 144.704590 0.000000
1693776603416658186 145.066417 0.000000
1693776603560837616 144.766367 0.000000
1693776603706785172 144.553829 0.000000
1693776604069212825 144.984045 0.000000
1693776604212397482 144.626819 0.000000
1693776604503430282 145.232564 0.000000
1693776604720933514 144.880841 0.000000
1693776604937792806 144.608642 0.000000
1693776605011395680 144.455074 0.000000
1693776605011716612 144.736519 0.000000
1693776605372391415 144.494621 0.000000
1693776605446097164 144.806167 0.000000
1693776605446127935 144.808978 0.000000
1693776605518490997 144.479111 0.000000
1693776605806991593 144.617132 0.000000
1693776605808758997 144.514202 0.000000
1693776605879656433 144.549539 0.000000
1693776606025850997 144.527588 0.000000
1693776606096900597 144.784472 0.000000
1693776606314436189 144.550652 0.000000
1693776606315665555 144.477877 0.000000
1693776606386423542 144.598338 0.000000
1693776606459167135 144.705929 0.000000
1693776606603714274 144.691791 0.000000
1693776606748366252 144.629194 0.000000
1693776606822300532 144.521393 0.000000
1693776607037923497 144.670701 0.000000
1693776607039116143 144.923996 0.000000
1693776607257079416 144.904216 0.000000
1693776607400711945 144.608547 0.000000
1693776607400936523 144.420774 0.000000
1693776607472550261 144.604432 0.000000
1693776607472589557 144.666100 0.000000
1693776607545461485 144.509345 0.000000
1693776607546187104 144.424247 0.000000
1693776607547338153 144.643218 0.000000
1693776607619345312 144.573154 0.000000
1693776607836426963 144.531191 0.000000
1693776607981143576 144.703888 0.000000
1693776608197164166 144.668516 0.000000
1693776608342242256 144.907538 0.000000
1693776608777953580 144.715009 0.000000
1693776608849350208 144.544603 0.000000
1693776609066585617 144.704786 0.000000
1693776609212151100 144.738840 0.000000
1693776609356261162 144.730776 0.000000
1693776609501583756 144.643634 0.000000
1693776609574163603 144.678840 0.000000
1693776609718507538 144.639158 0.000000
1693776609793039494 144.705787 0.000000
1693776609863220603 144.602147 0.000000
1693776609865192624 144.610451 0.000000
1693776610081794974 144.611970 0.000000
1693776610082231334 144.879713 0.000000
1693776610154572355 144.484247 0.000000
1693776610154742276 144.457540 0.000000
1693776610516733569 144.539546 0.000000
1693776610950042681 144.692803 0.000000
1693776610950141877 144.678409 0.000000
1693776610950760683 144.813579 0.000000
1693776611023264984 144.510438 0.000000
1693776611239304318 144.729849 0.000000
1693776611529029088 144.680560 0.000000
1693776611529781154 144.722747 0.000000
1693776611601708146 144.809644 0.000000
1693776611603047829 144.552086 0.000000
1693776611748548066 144.493609 0.000000
1693776611966400461 144.931914 0.000000
1693776612256163616 144.617387 0.000000
1693776612471584633 144.863166 0.000000
1693776612546011993 144.536989 0.000000
1693776612761574818 144.543024 0.000000
1693776612762473119 144.595406 0.000000
1693776612763074458 144.884193 0.000000
1693776612979647094 144.746623 0.000000
1693776613050924751 144.703061 0.000000
1693776613196690516 144.500258 0.000000
1693776613268394033 144.753284 0.000000
1693776613269156303 144.414154 0.000000
1693776613270435044 144.436637 0.000000
1693776613343058908 144.590104 0.000000
1693776613486783312 145.077489 0.000000
1693776613631273158 144.699638 0.000000
1693776613632544938 144.735211 0.000000
1693776613704972476 144.546913 0.000000
1693776613778112667 144.932856 0.000000
1693776614211305168 144.556329 0.000000
1693776614211514260 144.573028 0.000000
1693776614211846629 144.561056 0.000000
1693776614212287219 144.515240 0.000000
1693776614282744741 144.773641 0.000000
1693776614430189831 145.203742 0.000000
1693776614500191537 144.763147 0.000000
1693776614572876581 144.552484 0.000000
1693776614574746173 144.621598 0.000000
1693776614790525555 145.076114 0.000000
1693776614937093493 144.579164 0.000000
1693776615007356501 144.595236 0.000000
1693776615081988040 144.587111 0.000000
1693776615152918698 144.483751 0.000000
1693776615299417835 144.644274 0.000000
1693776615515215753 144.773696 0.000000
1693776615516093636 144.604127 0.000000
1693776615805135712 144.998976 0.000000
1693776616022713412 144.770609 0.000000
1693776616168299624 144.542984 0.000000
1693776616384869027 144.695710 0.000000
1693776616458448626 145.051909 0.000000
1693776616892552113 144.880384 0.000000
1693776616892789967 145.032068 0.000000
1693776616965348981 144.706855 0.000000
1693776617109587165 144.562490 0.000000
1693776617181650911 144.503432 0.000000
1693776617182528609 144.547029 0.000000
1693776617183070761 144.501623 0.000000
1693776617326542261 144.589473 0.000000
1693776617327303859 144.648921 0.000000
1693776617472418598 144.442901 0.000000
1693776617616210093 144.720452 0.000000
1693776617616302869 144.660458 0.000000
1693776617834344549 144.790390 0.000000
1693776618051557931 144.503266 0.000000
1693776618051721246 144.624133 0.000000
1693776618196385056 144.647442 0.000000
1693776618341018186 144.958687 0.000000
1693776618341810936 144.738530 0.000000
1693776618414199102 145.281859 0.000000
1693776618559787018 144.908520 0.000000
1693776618922193312 144.472369 0.000000
1693776618993179610 144.540142 0.000000
1693776619066026785 144.703563 0.000000
1693776619137716640 144.528219 0.000000
1693776619211596749 144.521639 0.000000
1693776619427020901 144.666406 0.000000
1693776619573654185 144.775320 0.000000
1693776619645140678 144.825828 0.000000
1693776619861580073 144.734921 0.000000
1693776619863348750 144.536714 0.000000
1693776620079573576 144.659074 0.000000
1693776620151325071 144.482233 0.000000
1693776620295875231 144.709772 0.000000
1693776620295948256 144.610751 0.000000
1693776620514608261 144.487389 0.000000
1693776620730906492 144.655873 0.000000
1693776620803483272 144.720462 0.000000
1693776620803832921 144.610476 0.000000
1693776620805372711 144.725619 0.000000
1693776621022546105 144.591707 0.000000
1693776621238752081 144.724547 0.000000
1693776621239307509 144.440885 0.000000
1693776621311762185 144.545645 0.000000
1693776621455122967 144.535642 0.000000
1693776621456292274 144.806532 0.000000
1693776621527632240 144.700080 0.000000
1693776621602096514 144.726938 0.000000
1693776621891711699 144.449326 0.000000
1693776621964130411 144.593832 0.000000
1693776621964227136 144.597901 0.000000
1693776622107489068 144.911211 0.000000
1693776622107850585 144.669659 0.000000
1693776622253388214 144.559286 0.000000
1693776622253767321 144.705738 0.000000
1693776622325262234 144.698180 0.000000
1693776622397576462 144.698420 0.000000
1693776622398488435 144.475005 0.000000
1693776622542972707 144.759448 0.000000
1693776622615230275 144.984772 0.000000
1693776622688896836 144.879577 0.000000
1693776622833900833 144.686694 0.000000
1693776622834129691 144.828102 0.000000
1693776622905066409 144.639860 0.000000
1693776623122463583 144.752898 0.000000
1693776623122691213 144.676108 0.000000
1693776623194781927 144.633615 0.000000
1693776623268690507 144.857561 0.000000
1693776623341023670 145.129158 0.000000
1693776623413584433 144.784096 0.000000
1693776623557772270 144.924437 0.000000
1693776623702419847 144.621010 0.000000
1693776623703191063 144.543024 0.000000
1693776623920865864 144.515234 0.000000
1693776623993239215 145.074166 0.000000
1693776623993439061 145.252566 0.000000
1693776624137797781 144.551489 0.000000
1693776624210939982 144.997432 0.000000
1693776624282489065 144.821348 0.000000
1693776624646412947 145.019528 0.000000
1693776624717961774 144.512057 0.000000
1693776624789498237 144.708547 0.000000
1693776625007425091 144.755594 0.000000
1693776625079720330 144.793321 0.000000
1693776625296852684 144.646891 0.000000
1693776625443091660 144.478996 0.000000
1693776625658830936 144.774733 0.000000
1693776625659513545 144.623767 0.000000
1693776625659685786 144.779525 0.000000
1693776625660069408 144.579479 0.000000
1693776625732568338 144.786536 0.000000
1693776625950520980 144.792224 0.000000
1693776626022822535 144.673114 0.000000
1693776626385542644 145.069409 0.000000
1693776626385739738 145.045053 0.000000
1693776626456294877 144.650689 0.000000
1693776626675361478 144.644832 0.000000
1693776626747227765 144.735388 0.000000
1693776626964071295 144.531171 0.000000
1693776627109805513 144.630488 0.000000
1693776627181569711 144.507852 0.000000
1693776627326318203 144.810057 0.000000
1693776627326969925 144.703065 0.000000
1693776627544020128 144.845674 0.000000
1693776627761037904 144.721570 0.000000
1693776628050472499 144.634116 0.000000
1693776628050628958 144.566749 0.000000
1693776628051154647 144.553123 0.000000
1693776628124684400 144.650269 0.000000
1693776628195524056 144.677001 0.000000
1693776628195576063 144.860518 0.000000
1693776628559794690 145.146785 0.000000
1693776628632410977 144.592905 0.000000
1693776628703938019 144.590394 0.000000
1693776628776756737 144.580185 0.000000
1693776628849764591 144.874305 0.000000
1693776628922832534 145.011234 0.000000
1693776629357311940 145.077954 0.000000
1693776629502850743 145.091281 0.000000
1693776629502883665 145.081032 0.000000
1693776629574977340 144.687625 0.000000
1693776629718393757 144.636396 0.000000
1693776629792639587 144.571991 0.000000
1693776630008155282 144.747976 0.000000
1693776630081980052 144.571973 0.000000
1693776630082504954 144.644832 0.000000
1693776630154720463 144.356191 0.000000
1693776630443851656 144.796219 0.000000
1693776630444686780 144.659205 0.000000
1693776630589376887 144.662282 0.000000
1693776630661974880 144.518354 0.000000
1693776630805524669 144.449468 0.000000
1693776630879361486 144.715910 0.000000
1693776631024230419 144.732420 0.000000
1693776631240462522 144.483792 0.000000
1693776631241003582 144.357482 0.000000
1693776631384389317 144.615868 0.000000
1693776631457153558 144.450007 0.000000
1693776631601615549 144.657256 0.000000
1693776631819293542 144.511386 0.000000
1693776631892032650 144.481391 0.000000
1693776632036799846 144.879888 0.000000
1693776632109181768 144.528540 0.000000
1693776632110987060 145.144619 0.000000
1693776632183055011 144.499082 0.000000
1693776632473081884 144.883929 0.000000
1693776632544407557 144.403940 0.000000
1693776632545227686 144.567691 0.000000
1693776632906699901 144.643874 0.000000
1693776632979001685 144.696071 0.000000
1693776633050465565 144.618786 0.000000
1693776633123758216 144.628824 0.000000
1693776633123977582 144.701929 0.000000
1693776633269261476 144.560530 0.000000
1693776633269548281 144.798155 0.000000
1693776633413485560 144.932054 0.000000
1693776633704032652 144.826815 0.000000
1693776633921406913 144.649146 0.000000
1693776633921533363 144.577905 0.000000
1693776634356332498 144.732836 0.000000
1693776634573301492 144.688614 0.000000
1693776634935588698 144.724126 0.000000
1693776635007942575 144.862162 0.000000
1693776635153374313 145.018095 0.000000
1693776635153540294 144.876204 0.000000
1693776635370424860 144.547533 0.000000
1693776635443406737 144.609151 0.000000
1693776635515314957 144.637670 0.000000
1693776635589046997 144.579108 0.000000
1693776635732272920 144.731287 0.000000
1693776636023445259 144.529032 0.000000
1693776636095782496 144.829401 0.000000
1693776636168416791 144.656318 0.000000
1693776636602852846 144.545280 0.000000
1693776636747082772 144.868281 0.000000
1693776636747629174 144.738705 0.000000
1693776636748546218 144.752977 0.000000
1693776637109720625 144.959649 0.000000
1693776637328409877 144.653005 0.000000
1693776637399806385 144.638557 0.000000
1693776637544295408 144.553824 0.000000
1693776637617005965 144.640682 0.000000
1693776637617079706 144.592931 0.000000
1693776637761923756 144.640978 0.000000
1693776637762221644 144.653983 0.000000
1693776637981064971 144.964655 0.000000
1693776638051638773 144.574984 0.000000
1693776638125247170 144.491288 0.000000
1693776638850547583 144.596619 0.000000
1693776638922260448 144.801897 0.000000
1693776638993416370 144.854474 0.000000
1693776639284020056 144.613503 0.000000
1693776639429422250 145.277659 0.000000
1693776639572649596 144.571290 0.000000
1693776639574440500 144.951735 0.000000
1693776639791244104 144.660591 0.000000
1693776640081923456 144.524551 0.000000
1693776640154157087 144.495919 0.000000
1693776640226650303 144.487299 0.000000
1693776640297351226 144.665985 0.000000
1693776640370571509 144.642751 0.000000
1693776640371223166 144.657485 0.000000
1693776640442430028 144.616005 0.000000
1693776640515041293 144.603440 0.000000
1693776640659724152 144.968480 0.000000
1693776640659757971 144.835820 0.000000
1693776640876966998 144.814823 0.000000
1693776641022880542 144.832409 0.000000
1693776641093513768 144.582802 0.000000
1693776641238428162 144.596040 0.000000
1693776641384728531 144.788621 0.000000
1693776641455828294 144.836021 0.000000
1693776641673656582 144.570828 0.000000
1693776641745623082 144.822264 0.000000
1693776641818505844 144.576537 0.000000
1693776641962659321 144.548096 0.000000
1693776641964681934 144.943979 0.000000
1693776642036742638 144.618695 0.000000
1693776642107376190 144.702501 0.000000
1693776642253001905 144.691695 0.000000
1693776642324379448 144.811865 0.000000
1693776642616359756 144.858599 0.000000
1693776642687399530 144.658130 0.000000
1693776642832378379 144.501332 0.000000
1693776642833587558 144.525333 0.000000
1693776643122864121 144.526842 0.000000
1693776643195215851 144.761438 0.000000
1693776643412694968 144.528250 0.000000
1693776643413307929 144.490442 0.000000
1693776643485197194 144.495829 0.000000
1693776643628706161 144.760275 0.000000
1693776643701227066 144.785258 0.000000
1693776643702603490 144.784115 0.000000
1693776643702749342 144.593053 0.000000
1693776644063294692 144.642099 0.000000
1693776644064907676 144.642310 0.000000
1693776644065116131 144.597805 0.000000
1693776644137039491 144.479669 0.000000
1693776644280957279 144.768179 0.000000
1693776644354003272 144.668060 0.000000
1693776644355462789 144.641117 0.000000
1693776644498671983 144.619308 0.000000
1693776644571222843 144.630187 0.000000
1693776644572463256 144.448409 0.000000
1693776644643150728 145.071849 0.000000
1693776644789109433 144.617448 0.000000
1693776644861986847 144.771500 0.000000
1693776645222841068 144.789392 0.000000
1693776645296766488 144.521855 0.000000
1693776645514274085 144.717249 0.000000
1693776645730267532 144.581443 0.000000
1693776645804445284 145.233832 0.000000
1693776645876786365 144.795617 0.000000
1693776645949146391 144.534572 0.000000
1693776646021001100 144.476920 0.000000
1693776646092651184 144.592134 0.000000
1693776646236801453 144.604472 0.000000
1693776646236844554 144.606061 0.000000
1693776646237528130 144.767752 0.000000
1693776646237983430 144.466200 0.000000
1693776646238682271 144.630964 0.000000
1693776646310863255 144.687124 0.000000
1693776646599333479 144.882449 0.000000
1693776646600441408 144.530134 0.000000
1693776646816907501 144.640211 0.000000
1693776646889685660 144.491659 0.000000
1693776647251641345 144.760055 0.000000
1693776647396545084 144.415918 0.000000
1693776647469249261 144.737502 0.000000
1693776647470234269 144.984091 0.000000
1693776647614963055 144.636021 0.000000
1693776647759533538 144.554485 0.000000
1693776647759588967 144.613223 0.000000
1693776647976555745 144.659651 0.000000
1693776648193383815 144.448199 0.000000
1693776648338911842 144.618605 0.000000
1693776648628650805 144.617883 0.000000
1693776648628658212 144.694828 0.000000
1693776648772258302 144.585298 0.000000
1693776648772641438 144.582947 0.000000
1693776648918279120 144.543325 0.000000
1693776649062305803 144.816817 0.000000
1693776649135381936 144.726707 0.000000
1693776649279064412 144.568849 0.000000
1693776649279680007 144.659148 0.000000
1693776649280503252 144.821503 0.000000
1693776649352417082 144.494612 0.000000
1693776649353024822 144.556024 0.000000
1693776649570179087 144.590339 0.000000
1693776649641010595 144.738179 0.000000
1693776649787364418 144.529339 0.000000
1693776650076122148 145.056455 0.000000
1693776650076853069 144.433981 0.000000
1693776650149231878 145.011795 0.000000
1693776650149564242 144.830183 0.000000
1693776650222424341 144.927319 0.000000
1693776650293268879 144.658293 0.000000
1693776650366532443 144.494116 0.000000
1693776650584050985 144.516367 0.000000
1693776650800601129 144.698455 0.000000
1693776651019748823 144.612666 0.000000
1693776651308197007 144.969096 0.000000
1693776651453374177 144.758731 0.000000
1693776651526026413 144.547369 0.000000
1693776651816576729 144.858218 0.000000
1693776651816623794 144.734820 0.000000
1693776651887906106 144.431003 0.000000
1693776651961175483 144.545244 0.000000
1693776652105966860 144.659931 0.000000
1693776652249709431 144.645618 0.000000
1693776652322785815 144.415026 0.000000
1693776652539673994 144.742804 0.000000
1693776652756603776 144.529017 0.000000
1693776652757718862 144.645237 0.000000
1693776652830770898 144.480503 0.000000
1693776653118908003 144.592966 0.000000
1693776653119905590 144.482073 0.000000
1693776653335800753 144.677718 0.000000
1693776653335914433 144.597872 0.000000
1693776653481617167 145.017980 0.000000
1693776653625489309 144.712429 0.000000
1693776653628235311 144.681392 0.000000
1693776653699089382 144.928672 0.000000
1693776653842750357 144.632367 0.000000
1693776653844221777 144.729213 0.000000
1693776653915393847 144.798063 0.000000
1693776653915723790 144.511842 0.000000
1693776654134369873 144.529232 0.000000
1693776654278153900 144.577485 0.000000
1693776654422273544 144.593131 0.000000
1693776654423112657 144.447532 0.000000
1693776654712497014 144.960546 0.000000
1693776654784997988 144.528476 0.000000
1693776655002559024 144.691113 0.000000
1693776655726230637 144.578149 0.000000
1693776655798966913 144.648234 0.000000
1693776655872699508 144.739060 0.000000
1693776655874001022 145.233597 0.000000
1693776655943312828 144.663249 0.000000
1693776655943956060 144.496351 0.000000
1693776655945635003 144.504535 0.000000
1693776656090018455 144.809506 0.000000
1693776656090087499 144.635922 0.000000
1693776656234681068 144.615469 0.000000
1693776656235317294 144.428496 0.000000
1693776656524807453 144.763252 0.000000
1693776656594647954 144.700972 0.000000
1693776656811840037 144.703367 0.000000
1693776656884304410 144.647628 0.000000
1693776656956672320 144.721440 0.000000
1693776657029175012 144.618845 0.000000
1693776657031383894 144.314387 0.000000
1693776657246763788 144.946267 0.000000
1693776657319112928 144.877859 0.000000
1693776657320041965 144.561237 0.000000
1693776657391570651 144.800383 0.000000
1693776657391573799 144.862282 0.000000
1693776657392818541 144.463960 0.000000
1693776657464078791 144.733903 0.000000
1693776657753798329 144.604818 0.000000
1693776657826113841 144.654664 0.000000
1693776657827272959 144.473327 0.000000
1693776657970874352 144.660738 0.000000
1693776658117384199 144.913150 0.000000
1693776658188406806 144.735848 0.000000
1693776658189340209 144.500089 0.000000
1693776658333305830 144.695575 0.000000
1693776658406741574 144.606163 0.000000
1693776658406912401 144.465662 0.000000
1693776658478975431 144.664582 0.000000
1693776658479045113 144.673417 0.000000
1693776658913160527 144.842923 0.000000
1693776658913265026 144.518622 0.000000
1693776658913655324 144.498474 0.000000
1693776659058811721 144.437142 0.000000
1693776659202565653 144.696852 0.000000
1693776659348252129 144.369550 0.000000
1693776659565449444 144.983655 0.000000
1693776659565787751 144.493535 0.000000
1693776659783671584 144.913752 0.000000
1693776659855046532 144.748718 0.000000
1693776660073589228 144.655285 0.000000
1693776660580492844 144.617689 0.000000
1693776660724341938 144.598805 0.000000
1693776660725757007 144.454788 0.000000
1693776660869262837 144.505687 0.000000
1693776660942720376 144.661661 0.000000
1693776660942877009 144.750344 0.000000
1693776661230818917 144.747778 0.000000
1693776661448301957 144.498906 0.000000
1693776661520753520 144.594840 0.000000
1693776661521089142 144.448885 0.000000
1693776661593695275 144.468365 0.000000
1693776661594654959 144.799120 0.000000
1693776661955942198 144.685911 0.000000
1693776662028962445 144.635589 0.000000
1693776662029626471 144.737852 0.000000
1693776662100471235 144.581454 0.000000
1693776662172928597 144.603650 0.000000
1693776662173231604 144.488175 0.000000
1693776662317560929 144.674539 0.000000
1693776662318542459 144.417818 0.000000
1693776662825453652 144.491985 0.000000
1693776662897247110 144.708659 0.000000
1693776662969525344 144.665298 0.000000
1693776663043687696 144.852580 0.000000
1693776663259120242 144.731492 0.000000
1693776663331804633 144.748972 0.000000
1693776663332964192 144.820566 0.000000
1693776663333091907 144.773516 0.000000
1693776663405728671 144.416210 0.000000
1693776663550833682 144.841865 0.000000
1693776663911019306 144.764264 0.000000
1693776663912255960 144.617798 0.000000
1693776663912670825 144.692427 0.000000
1693776664055623538 144.579940 0.000000
1693776664200816219 144.860818 0.000000
1693776664202011687 144.507862 0.000000
1693776664272930328 144.827431 0.000000
1693776664274570621 144.486327 0.000000
1693776664707335616 144.487732 0.000000
1693776664781037255 144.654534 0.000000
1693776664999397767 144.625526 0.000000
1693776665070527424 144.557507 0.000000
1693776665070744495 144.572613 0.000000
1693776665144109504 144.460211 0.000000
1693776665214708887 145.067164 0.000000
1693776665287792065 144.476662 0.000000
1693776665578860428 144.750597 0.000000
1693776665721216403 144.660132 0.000000
1693776665722746904 144.393335 0.000000
1693776665722885335 144.406468 0.000000
1693776665938261984 144.627771 0.000000
1693776665938738131 144.531477 0.000000
1693776665939440912 144.520486 0.000000
1693776666011366416 144.576983 0.000000
1693776666083416495 144.463234 0.000000
1693776666155437226 144.699458 0.000000
1693776666300627938 144.591321 0.000000
1693776666372624433 144.527980 0.000000
1693776666372830327 144.757128 0.000000
1693776666372891885 144.418761 0.000000
1693776666446776750 144.354345 0.000000
1693776666446861948 144.346387 0.000000
1693776666517597648 144.670015 0.000000
1693776666807841802 144.729553 0.000000
1693776666879894311 144.754481 0.000000
1693776666953737861 145.018366 0.000000
1693776667024717974 144.815819 0.000000
1693776667242184911 144.827592 0.000000
1693776667242665074 144.632687 0.000000
1693776667533490055 144.682433 0.000000
1693776667749381796 144.522190 0.000000
1693776667751286614 144.863480 0.000000
1693776667894527292 144.636591 0.000000
1693776667968622812 144.569120 0.000000
1693776668184074704 144.895915 0.000000
1693776668184199279 144.562274 0.000000
1693776668186073963 144.666295 0.000000
1693776668402323827 145.211550 0.000000
1693776668403166218 144.548141 0.000000
1693776668474055405 144.711917 0.000000
1693776668620205075 144.660486 0.000000
1693776668692472283 144.479166 0.000000
1693776668764309397 144.579013 0.000000
1693776668982465789 144.576912 0.000000
1693776669053778868 144.945156 0.000000
1693776669054074431 144.838362 0.000000
1693776669127429051 144.705271 0.000000
1693776669198918415 144.822620 0.000000
1693776669271720355 144.800709 0.000000
1693776669416338875 144.517755 0.000000
1693776669561417019 144.913071 0.000000
1693776669561569188 144.549479 0.000000
1693776669562147279 144.617622 0.000000
1693776669778688286 144.668025 0.000000
1693776669924435358 144.959173 0.000000
1693776670068985223 144.682213 0.000000
1693776670141053439 144.495157 0.000000
1693776670285776462 144.748543 0.000000
1693776670504060762 144.531107 0.000000
1693776670865311782 144.705046 0.000000
1693776670937876574 144.726105 0.000000
1693776671227853411 144.858594 0.000000
1693776671228123730 145.090112 0.000000
1693776671228509508 144.892643 0.000000
1693776671590347239 144.584596 0.000000
1693776671663075256 144.602282 0.000000
1693776671663627496 144.706715 0.000000
1693776671735353082 145.125390 0.000000
1693776671881548425 144.897033 0.000000
1693776671881575990 144.948846 0.000000
1693776672023978456 144.566990 0.000000
1693776672242972709 144.423364 0.000000
1693776672604415740 144.805600 0.000000
1693776672604444236 144.673904 0.000000
1693776672750505130 144.925543 0.000000
1693776672821142359 144.605620 0.000000
1693776672893000017 144.515523 0.000000
1693776673038861308 144.705623 0.000000
1693776673183852721 144.758681 0.000000
1693776673255917509 144.494597 0.000000
1693776673256716088 144.459615 0.000000
1693776673328782411 144.694382 0.000000
1693776673400790637 144.875393 0.000000
1693776673472556705 144.682925 0.000000
1693776673762545785 144.573285 0.000000
1693776673834476251 144.682465 0.000000
1693776673835758325 144.642837 0.000000
1693776673835931714 144.594474 0.000000
1693776673979768143 144.634511 0.000000
1693776673981239869 144.907733 0.000000
1693776674415909198 144.473122 0.000000
1693776674486599467 144.620465 0.000000
1693776675067153242 144.511390 0.000000
1693776675067404482 144.644931 0.000000
1693776675139153983 144.742774 0.000000
1693776675212164080 145.002719 0.000000
1693776675284299718 144.699299 0.000000
1693776675356983283 144.570469 0.000000
1693776675357809521 144.917331 0.000000
1693776675501866338 144.763206 0.000000
1693776675502245055 144.419877 0.000000
1693776675573592307 144.663775 0.000000
1693776675573765616 144.746062 0.000000
1693776675646972152 144.912063 0.000000
1693776675791371051 144.482909 0.000000
1693776675792383733 144.974177 0.000000
1693776675792428793 145.041945 0.000000
1693776676080964365 144.682128 0.000000
1693776676154391499 144.556545 0.000000
1693776676155402552 144.574904 0.000000
1693776676733624170 144.727935 0.000000
1693776676734062806 144.621552 0.000000
1693776676877905209 144.690903 0.000000
1693776676879058017 144.491630 0.000000
1693776677095396603 144.604032 0.000000
1693776677604055896 144.793086 0.000000
1693776677892786096 144.568358 0.000000
1693776677966381648 144.574938 0.000000
1693776678182709780 144.584742 0.000000
1693776678327162153 144.432411 0.000000
1693776678327506068 144.584190 0.000000
1693776678471399756 144.769722 0.000000
1693776678617537602 144.394183 0.000000
1693776678690618460 144.751414 0.000000
1693776678834583920 144.734635 0.000000
1693776678834948719 144.630243 0.000000
1693776678979569068 144.758431 0.000000
1693776679050763667 144.463414 0.000000
1693776679051478551 144.600297 0.000000
1693776679052638280 144.865620 0.000000
1693776679340292119 144.670676 0.000000
1693776679341939319 144.460452 0.000000
1693776679487058178 144.818893 0.000000
1693776679631638669 144.682053 0.000000
1693776679848227293 144.761824 0.000000
1693776679993085285 144.947073 0.000000
1693776680211149933 145.051538 0.000000
1693776680283254860 144.689971 0.000000
1693776680356943508 144.958756 0.000000
1693776680429009650 144.976488 0.000000
1693776680502144865 145.464385 0.000000
1693776680575137353 144.971115 0.000000
1693776680647787804 144.649602 0.000000
1693776680790792277 144.690317 0.000000
1693776680936057377 144.521685 0.000000
1693776680936168386 144.435298 0.000000
1693776681081406819 144.925207 0.000000
1693776681082223124 144.425034 0.000000
1693776681226194306 144.912941 0.000000
1693776681372090180 144.824339 0.000000
1693776681589570513 145.116299 0.000000
1693776681662824329 145.169417 0.000000
1693776681734392507 144.682308 0.000000
1693776681807572014 144.872060 0.000000
1693776681879300390 144.421366 0.000000
1693776681951809162 144.500751 0.000000
1693776681952624008 144.746343 0.000000
1693776682095603308 144.487024 0.000000
1693776682242324206 144.762284 0.000000
1693776682314884253 144.596278 0.000000
1693776682530282941 144.865485 0.000000
1693776682675262782 144.669413 0.000000
1693776682821915737 144.574588 0.000000
1693776682965360410 144.682759 0.000000
1693776683109385157 144.523815 0.000000
1693776683110026310 144.658663 0.000000
1693776683183794528 144.509296 0.000000
1693776683254776168 144.470992 0.000000
1693776683327863068 144.507968 0.000000
1693776683399037739 144.670328 0.000000
1693776683834013907 144.935443 0.000000
1693776683979553642 144.758676 0.000000
1693776684051703478 144.955945 0.000000
1693776684341217302 144.464646 0.000000
1693776684486885485 144.740624 0.000000
1693776684559779258 145.530924 0.000000
1693776684705835926 145.354693 0.000000
1693776684776676369 144.416665 0.000000
1693776684777393694 144.486032 0.000000
1693776684778175258 144.619226 0.000000
1693776684923142524 144.702937 0.000000
1693776684993524689 144.707760 0.000000
1693776684994109282 145.073213 0.000000
1693776685066648665 144.833249 0.000000
1693776685356108684 144.619558 0.000000
1693776685356217748 144.474438 0.000000
1693776685430442199 144.763130 0.000000
1693776685718379006 144.586997 0.000000
1693776685863647439 144.872366 0.000000
1693776686007964131 144.582446 0.000000
1693776686081619993 144.498897 0.000000
1693776686226105002 144.470706 0.000000
1693776686298082658 144.323346 0.000000
1693776686298456884 144.502841 0.000000
1693776686443092785 144.620981 0.000000
1693776686588173410 144.535862 0.000000
1693776686732472516 144.760660 0.000000
1693776687021257399 144.702249 0.000000
1693776687022006853 144.635612 0.000000
1693776687166266397 144.591878 0.000000
1693776687240328921 144.508555 0.000000
1693776687240552131 144.569065 0.000000
1693776687383806596 144.686262 0.000000
1693776687384198022 144.634382 0.000000
1693776687385063180 144.555979 0.000000
1693776687528864107 144.650679 0.000000
1693776687602380464 144.794394 0.000000
1693776687746530905 144.709648 0.000000
1693776687818492292 144.687260 0.000000
1693776687819948467 144.829912 0.000000
1693776687891975865 145.226124 0.000000
1693776687964919452 144.509315 0.000000
1693776688108928538 144.440014 0.000000
1693776688181781943 144.687811 0.000000
1693776688182812892 144.763919 0.000000
1693776688252780729 144.564971 0.000000
1693776688470214460 144.628548 0.000000
1693776688470426573 144.560189 0.000000
1693776688544125701 144.757448 0.000000
1693776688688713760 144.545615 0.000000
1693776688762420836 144.641603 0.000000
1693776688832430817 144.651271 0.000000
1693776688979327419 144.501928 0.000000
1693776689122067517 144.585098 0.000000
1693776689194814944 144.479191 0.000000
1693776689195820735 144.761533 0.000000
1693776689196081231 144.475206 0.000000
1693776689196321420 144.618750 0.000000
1693776689266977675 144.903077 0.000000
1693776689341239297 144.459069 0.000000
1693776689484154422 144.653786 0.000000
1693776689484520339 144.716207 0.000000
1693776689629213102 144.676220 0.000000
1693776689846428453 144.808682 0.000000
1693776689848339908 144.584727 0.000000
1693776690063542760 144.733104 0.000000
1693776690208369389 144.720989 0.000000
1693776690282431868 144.782738 0.000000
1693776690354424097 144.445522 0.000000
1693776690500232000 144.525463 0.000000
1693776690572570261 144.562249 0.000000
1693776690643665963 144.957566 0.000000
1693776690643815015 144.816160 0.000000
1693776690644137936 144.793482 0.000000
1693776690644722036 144.415023 0.000000
1693776690860584464 144.752311 0.000000
1693776690861032562 144.888969 0.000000
1693776690861960552 144.479185 0.000000
1693776691078335747 144.580667 0.000000
1693776691295208664 144.662238 0.000000
1693776691369074964 144.942504 0.000000
1693776691440174922 144.632636 0.000000
1693776691514359660 144.670817 0.000000
1693776691731360517 144.589161 0.000000
1693776691875203431 145.114890 0.000000
1693776692238128198 144.601084 0.000000
1693776692310499224 144.735653 0.000000
1693776692456688139 145.239670 0.000000
1693776692528546286 144.710018 0.000000
1693776692529050936 144.557934 0.000000
1693776692601732500 144.655933 0.000000
1693776692673546184 144.528365 0.000000
1693776692964221100 144.849819 0.000000
1693776693180057573 144.459590 0.000000
1693776693252161362 144.656889 0.000000
1693776693326262425 144.665268 0.000000
1693776693543186500 144.488327 0.000000
1693776693543292928 144.612034 0.000000
1693776693615022996 144.933187 0.000000
1693776693760239552 144.687202 0.000000
1693776693904760936 144.916980 0.000000
1693776693977584727 144.805164 0.000000
1693776694121692863 144.677712 0.000000
1693776694122000550 144.528991 0.000000
1693776694122116324 144.514854 0.000000
1693776694268205748 144.716974 0.000000
1693776694412433724 145.064829 0.000000
1693776694484673465 144.860538 0.000000
1693776694558025564 144.845037 0.000000
1693776694630721983 144.630593 0.000000
1693776694703257898 144.592424 0.000000
1693776694703376058 144.733082 0.000000
1693776694847013479 144.701814 0.000000
1693776695208684055 144.637685 0.000000
1693776695354767570 144.402788 0.000000
1693776695354900700 144.429710 0.000000
1693776695644318250 144.723174 0.000000
1693776695715708043 144.542974 0.000000
1693776695716781632 144.604342 0.000000
1693776695789583686 144.386189 0.000000
1693776695860310490 144.560330 0.000000
1693776695934286001 144.681758 0.000000
1693776696295236932 144.862949 0.000000
1693776696296819751 144.597045 0.000000
1693776696368984769 144.842195 0.000000
1693776696439921066 144.651547 0.000000
1693776696442045262 144.918270 0.000000
1693776696586135975 144.638255 0.000000
1693776696586623485 144.566777 0.000000
1693776696802084965 144.685430 0.000000
1693776696876667985 144.571516 0.000000
1693776697237133852 144.527793 0.000000
1693776697383428634 144.609831 0.000000
1693776697601482818 144.688017 0.000000
1693776697745495372 144.866623 0.000000
1693776697890450308 144.532051 0.000000
1693776698033542492 144.552857 0.000000
1693776698106747435 145.038958 0.000000
1693776698253029342 144.415222 0.000000
1693776698395647625 144.560680 0.000000
1693776698542904642 144.604577 0.000000
1693776698902638200 144.595451 0.000000
1693776699194060062 144.692499 0.000000
1693776699194327939 144.607444 0.000000
1693776699409766956 144.468656 0.000000
1693776699626683266 144.583930 0.000000
1693776699846429444 144.468666 0.000000
1693776699915830547 144.654349 0.000000
1693776700063273191 144.455134 0.000000
1693776700208534713 144.668471 0.000000
1693776700278291764 144.711777 0.000000
1693776700278835143 144.689896 0.000000
1693776700352055978 144.542447 0.000000
1693776700497111154 144.398774 0.000000
1693776700497856538 144.504034 0.000000
1693776700713839102 144.900739 0.000000
1693776701003904114 144.738123 0.000000
1693776701656246224 144.695920 0.000000
1693776701729184846 145.012462 0.000000
1693776701947668651 144.654453 0.000000
1693776702018713951 144.592220 0.000000
1693776702308601335 144.531347 0.000000
1693776702309680388 145.013249 0.000000
1693776702381703999 144.463943 0.000000
1693776702382214214 144.532416 0.000000
1693776702452955940 144.561577 0.000000
1693776702453805072 144.696012 0.000000
1693776702525778006 144.816642 0.000000
1693776702597911570 144.586195 0.000000
1693776702670625920 144.830483 0.000000
1693776702815371957 144.585533 0.000000
1693776702815610798 144.591136 0.000000
1693776702889465362 144.678405 0.000000
1693776702960436456 144.814787 0.000000
1693776703105810594 144.565256 0.000000
1693776703178795027 144.870777 0.000000
1693776703251053517 145.203286 0.000000
1693776703251621920 144.821608 0.000000
1693776703396983976 145.055347 0.000000
1693776703468605687 144.616230 0.000000
1693776703613982217 145.114790 0.000000
1693776703759139175 144.892433 0.000000
1693776703975792955 144.889631 0.000000
1693776704121352089 144.773390 0.000000
1693776704192854128 144.630467 0.000000
1693776704194144992 144.893550 0.000000
1693776704266641846 144.747104 0.000000
1693776704410018160 144.668156 0.000000
1693776704483812424 144.872300 0.000000
1693776704484280724 144.870812 0.000000
1693776704699824791 144.580657 0.000000
1693776704917517633 144.552632 0.000000
1693776704989705158 144.783754 0.000000
1693776704990776677 144.494182 0.000000
1693776705135695511 144.456137 0.000000
1693776705207781502 144.787962 0.000000
1693776705279426009 144.715771 0.000000
1693776705352167788 144.759985 0.000000
1693776705352695497 144.756723 0.000000
1693776705497528561 144.613398 0.000000
1693776705570479962 144.748558 0.000000
1693776705642051874 144.810165 0.000000
1693776705642860175 144.898447 0.000000
1693776705714587698 144.679020 0.000000
1693776705933114668 144.785489 0.000000
1693776706078152765 144.541911 0.000000
1693776706148961229 144.719982 0.000000
1693776706149041982 144.638552 0.000000
1693776706223004593 144.604312 0.000000
1693776706223610969 144.466300 0.000000
1693776706293848279 144.815288 0.000000
1693776706294811000 144.458358 0.000000
1693776706295921866 144.474462 0.000000
1693776706657256049 144.475156 0.000000
1693776707020379788 144.656508 0.000000
1693776707237527372 144.600066 0.000000
1693776707453384127 144.589703 0.000000
1693776707454889235 144.626634 0.000000
1693776707598414244 144.626669 0.000000
1693776707744391738 144.559453 0.000000
1693776707888155608 145.016466 0.000000
1693776707888740339 144.530591 0.000000
1693776707961344327 144.481556 0.000000
1693776708178603256 144.566113 0.000000
1693776708394868090 144.534886 0.000000
1693776708395839456 144.723851 0.000000
1693776708395869707 144.585208 0.000000
1693776708467832577 144.413553 0.000000
1693776708540389767 144.534434 0.000000
1693776708684938851 144.533968 0.000000
1693776708758082405 144.747510 0.000000
1693776708901880440 144.602844 0.000000
1693776708902516090 144.587127 0.000000
1693776708974413308 144.567271 0.000000
1693776708975328278 144.590479 0.000000
1693776709120882135 144.519143 0.000000
1693776709338798007 144.920543 0.000000
1693776709555997522 144.558615 0.000000
1693776709698576680 144.564535 0.000000
1693776710061328834 144.418680 0.000000
1693776710062594745 144.717350 0.000000
1693776710206264086 144.500580 0.000000
1693776710495683124 144.698010 0.000000
1693776710713718580 145.022304 0.000000
1693776710786843371 144.839936 0.000000
1693776710859509489 144.624779 0.000000
1693776710930347402 144.459439 0.000000
1693776711004856068 145.175567 0.000000
1693776711149734834 144.855140 0.000000
1693776711219823032 144.511601 0.000000
1693776711294527208 144.484382 0.000000
1693776711582065440 144.800208 0.000000
1693776711583973676 144.612943 0.000000
1693776711656393907 144.488121 0.000000
1693776711799079392 144.632458 0.000000
1693776711945581511 144.543194 0.000000
1693776712017415092 144.469633 0.000000
1693776712088981937 144.930001 0.000000
1693776712161602894 144.636742 0.000000
1693776712379068589 144.535997 0.000000
1693776712379812495 144.476324 0.000000
1693776712450918958 144.715998 0.000000
1693776712452074773 145.319267 0.000000
1693776712452655460 144.763793 0.000000
1693776712743090684 144.659992 0.000000
1693776712885540566 144.687470 0.000000
1693776712886871755 144.451667 0.000000
1693776713250326143 144.658398 0.000000
1693776713467206736 144.461780 0.000000
1693776713540283133 144.856404 0.000000
1693776713682661850 144.711496 0.000000
1693776713755186174 144.575795 0.000000
1693776713829596075 144.698772 0.000000
1693776713973718711 144.495889 0.000000
1693776714046522720 144.690342 0.000000
1693776714117057371 144.744002 0.000000
1693776714407389515 145.010407 0.000000
1693776714551791050 144.614316 0.000000
1693776714551802752 144.784727 0.000000
1693776714552339983 144.932526 0.000000
1693776714769294513 144.559658 0.000000
1693776714843072158 144.462216 0.000000
1693776714986637000 144.750186 0.000000
1693776714986882983 144.663731 0.000000
1693776715059189178 144.820625 0.000000
1693776715204167110 144.801035 0.000000
1693776715205362707 144.606437 0.000000
1693776715276436600 144.784727 0.000000
1693776715349387686 144.817489 0.000000
1693776715349734554 144.809024 0.000000
1693776715639788109 144.728389 0.000000
1693776715711316037 144.594466 0.000000
1693776715928743538 144.894267 0.000000
1693776716436245643 144.540954 0.000000
1693776716436275012 144.427270 0.000000
1693776716508220281 144.585447 0.000000
1693776716726018660 144.513852 0.000000
1693776716726178573 144.443362 0.000000
1693776716870206778 144.640577 0.000000
1693776717015301667 144.763302 0.000000
1693776717161453416 145.072156 0.000000
1693776717232928387 144.714097 0.000000
1693776717305711688 144.502876 0.000000
1693776717594526460 144.433519 0.000000
1693776717595004623 144.551870 0.000000
1693776717667538763 144.606642 0.000000
1693776718028855040 144.652068 0.000000
1693776718175143016 144.954682 0.000000
1693776718537595949 144.541370 0.000000
1693776718754064577 144.712795 0.000000
1693776718755398126 144.539741 0.000000
1693776718826719735 144.766053 0.000000
1693776718827452450 144.519584 0.000000
1693776718971683633 144.956742 0.000000
1693776718972104463 145.021422 0.000000
1693776718972232651 144.541270 0.000000
1693776719044014251 144.616129 0.000000
1693776719117928800 144.984577 0.000000
