1693776551096197794 94.289394 174.276532 174 16 0.000000
1693776552089826855 94.106034 166.057945 165 16 0.000000
1693776553094998449 96.955783 167.135641 168 16 0.000000
1693776554100485591 91.349010 175.039535 176 16 0.000000
1693776555105667629 93.383439 170.118443 171 16 0.000000
1693776556099889590 94.461655 170.987972 170 16 0.000000
1693776557105526311 97.102872 164.075174 165 16 0.000000
1693776558099262320 95.797692 167.046377 166 16 0.000000
1693776559104746211 95.678795 164.100073 165 16 0.000000
1693776560109739835 98.955814 163.185136 164 16 0.000000
1693776561103399233 93.045244 171.084785 170 16 0.000000
1693776562105529676 94.162694 172.632190 173 16 0.000000
1693776563113770819 96.470433 165.634972 167 16 0.000000
1693776564120767451 98.394963 162.860555 164 16 0.000000
1693776565105464365 92.477866 172.641957 170 16 0.000000
1693776566124265474 91.835660 173.733612 177 16 0.000000
1693776567124631842 95.815262 165.939201 166 16 0.000000
1693776568121661621 98.875416 163.485583 163 16 0.000000
1693776569128892530 91.889131 172.750864 174 16 0.000000
1693776570129623909 97.859923 163.880119 164 16 0.000000
1693776571118869351 96.006702 167.804665 166 16 0.000000
1693776572134123052 90.339603 177.295586 180 16 0.000000
1693776573135654593 91.421990 173.733920 174 16 0.000000
1693776574125179500 94.737425 168.767858 167 16 0.000000
1693776575132803026 95.890908 166.728956 168 16 0.000000
1693776576140471065 96.066268 166.721554 168 16 0.000000
1693776577135270079 98.600345 161.841747 161 16 0.000000
1693776578137371426 92.811380 172.637219 173 16 0.000000
1693776579146449934 92.411311 174.416553 176 16 0.000000
1693776580135495040 98.687400 161.772219 160 16 0.000000
1693776581142910019 93.837711 171.726632 173 16 0.000000
1693776582152403523 95.010453 167.410689 169 16 0.000000
1693776583140283783 94.307059 170.061117 168 16 0.000000
1693776584146156724 93.708181 169.007420 170 16 0.000000
1693776585156314328 95.642050 168.290557 170 16 0.000000
1693776586158984609 96.057299 164.560577 165 16 0.000000
1693776587152319891 99.343276 162.080219 161 16 0.000000
1693776588161360174 98.925816 160.548605 162 16 0.000000
1693776589158686146 94.743400 170.455816 170 16 0.000000
1693776590165736643 96.332050 164.837805 166 16 0.000000
1693776591170798972 91.552942 175.113506 176 16 0.000000
1693776592163021899 96.938079 166.293294 165 16 0.000000
1693776593168919954 94.294901 168.009059 169 16 0.000000
1693776594175813751 95.077386 169.829223 171 16 0.000000
1693776595166202159 92.703152 171.649828 170 16 0.000000
1693776596169601126 98.526241 164.441069 165 16 0.000000
1693776597180284299 93.554716 168.203057 170 16 0.000000
1693776598181753278 95.608585 166.755040 167 16 0.000000
1693776599174581535 95.297779 171.228009 170 16 0.000000
1693776600185594120 90.343289 175.072021 177 16 0.000000
1693776601187282937 93.084196 167.716757 168 16 0.000000
1693776602178209663 98.935305 168.529089 167 16 0.000000
1693776603189885165 93.717774 168.038071 170 16 0.000000
1693776604192274272 95.276338 165.604354 166 16 0.000000
1693776605181994374 96.612808 169.744944 168 16 0.000000
1693776606185425867 93.571952 169.418658 170 16 0.000000
1693776607196700170 92.031614 174.037844 176 16 0.000000
1693776608186984496 93.704561 172.677701 171 16 0.000000
1693776609190295062 92.532188 169.439040 170 16 0.000000
1693776610201605149 97.109572 160.188277 162 16 0.000000
1693776611202519899 98.061028 169.844630 170 16 0.000000
1693776612192020575 95.490035 166.750774 165 16 0.000000
1693776613207281574 91.425155 172.369450 175 16 0.000000
1693776614207507264 93.628778 173.960739 174 16 0.000000
1693776615194310748 95.112005 168.219912 166 16 0.000000
1693776616212515143 92.789851 169.906964 173 16 0.000000
1693776617211160691 95.386133 172.233270 172 16 0.000000
1693776618212970700 95.192981 163.703696 164 16 0.000000
1693776619213710020 94.083442 169.874406 170 16 0.000000
1693776620218023963 97.571381 165.286982 166 16 0.000000
1693776621207571112 96.185904 166.742922 165 16 0.000000
1693776622219831421 94.502169 166.953100 169 16 0.000000
1693776623222821442 95.470282 169.493230 170 16 0.000000
1693776624212530814 94.093136 170.757205 169 16 0.000000
1693776625223680131 94.777573 167.136541 169 16 0.000000
1693776626233171478 92.398073 173.354609 175 16 0.000000
1693776627215938998 90.845464 180.103648 177 16 0.000000
1693776628228403974 93.225416 167.907020 170 16 0.000000
1693776629238113084 92.373748 173.317255 175 16 0.000000
1693776630219794104 93.002655 174.191024 171 16 0.000000
1693776631232898237 94.680626 165.826967 168 16 0.000000
1693776632243305728 92.423836 171.218045 173 16 0.000000
1693776633237328571 94.976955 170.016211 169 16 0.000000
1693776634237803505 95.676851 164.921687 165 16 0.000000
1693776635234831094 96.839473 166.494884 166 16 0.000000
1693776636240267729 93.929852 173.059129 174 16 0.000000
1693776637241945840 91.440952 173.708499 174 16 0.000000
1693776638253535138 96.148642 161.132586 163 16 0.000000
1693776639246048171 96.805089 172.289929 171 16 0.000000
1693776640247451543 95.619208 166.765982 167 16 0.000000
1693776641260145085 97.343443 161.944337 164 16 0.000000
1693776642251234640 96.961339 166.483440 165 16 0.000000
1693776643252342620 90.898956 174.806320 175 16 0.000000
1693776644245369153 93.884675 172.200836 171 16 0.000000
1693776645256263222 93.835060 165.200297 167 16 0.000000
1693776646257837502 93.642435 178.718668 179 16 0.000000
1693776647250461439 91.670820 170.255817 169 16 0.000000
1693776648249555100 97.439739 165.149662 165 16 0.000000
1693776649261604187 92.481757 176.868927 179 16 0.000000
1693776650255017320 92.644421 172.133788 171 16 0.000000
1693776651254629919 92.726598 169.065504 169 16 0.000000
1693776652265541111 95.006047 171.132750 173 16 0.000000
1693776653264558180 92.069743 174.171177 174 16 0.000000
1693776654258947170 92.787740 168.947973 168 16 0.000000
1693776655269569657 93.607098 173.160586 175 16 0.000000
1693776656270695804 95.042936 167.811035 168 16 0.000000
1693776657271916646 91.135855 171.790270 172 16 0.000000
1693776658273396672 94.287360 173.742842 174 16 0.000000
1693776659275922822 91.372410 176.554038 177 16 0.000000
1693776660280653064 91.895607 170.194913 171 16 0.000000
1693776661280842636 94.389545 170.967593 171 16 0.000000
1693776662280263368 91.910216 174.100869 174 16 0.000000
1693776663285273351 93.737246 170.147543 171 16 0.000000
1693776664286403512 93.927876 169.808077 170 16 0.000000
1693776665286076184 94.895839 171.056026 171 16 0.000000
1693776666289296041 89.829983 176.431904 177 16 0.000000
1693776667289532767 91.886449 174.958572 175 16 0.000000
1693776668290367316 90.499534 176.852432 177 16 0.000000
1693776669293281751 91.907435 173.494333 174 16 0.000000
1693776670293709642 95.750738 167.928178 168 16 0.000000
1693776671295243979 94.948786 165.745680 166 16 0.000000
1693776672298478028 92.653881 172.442317 173 16 0.000000
1693776673299795741 93.852148 172.772330 173 16 0.000000
1693776674300466503 93.755123 168.886702 169 16 0.000000
1693776675303454474 94.694330 171.487621 172 16 0.000000
1693776676304298129 93.476048 171.855015 172 16 0.000000
1693776677306731358 93.444059 168.589761 169 16 0.000000
1693776678307826372 93.442403 173.809694 174 16 0.000000
1693776679309431694 97.050472 158.745166 159 16 0.000000
1693776680311394233 96.984127 170.665043 171 16 0.000000
1693776681313196239 95.535232 167.697830 168 16 0.000000
1693776682313999750 92.304049 171.861883 172 16 0.000000
1693776683315459127 95.609853 166.756661 167 16 0.000000
1693776684317406170 94.406227 170.667680 171 16 0.000000
1693776685319311050 94.339837 167.680589 168 16 0.000000
1693776686320573304 93.883902 170.784451 171 16 0.000000
1693776687322278609 91.892854 175.700374 176 16 0.000000
1693776688323885716 93.733861 169.727209 170 16 0.000000
1693776689325490297 93.709989 171.724476 172 16 0.000000
1693776690327379209 94.341189 168.681382 169 16 0.000000
1693776691330215171 91.966281 173.507926 174 16 0.000000
1693776692331775524 95.208280 168.736715 169 16 0.000000
1693776693333086216 96.514297 162.786646 163 16 0.000000
1693776694336518841 95.412622 171.411597 172 16 0.000000
1693776695338154303 93.264678 168.724042 169 16 0.000000
1693776696339725697 96.373959 165.739578 166 16 0.000000
1693776697341454236 93.892458 170.704908 171 16 0.000000
1693776698343651065 95.887930 168.629568 169 16 0.000000
1693776699344770527 96.341226 162.817738 163 16 0.000000
1693776700346332769 95.777323 167.737922 168 16 0.000000
1693776701349827705 94.600197 170.404477 171 16 0.000000
1693776702352029336 95.544729 168.628743 169 16 0.000000
1693776703352368797 95.376845 167.942987 168 16 0.000000
1693776704353592861 93.316662 171.789719 172 16 0.000000
1693776705356824785 92.185160 170.449126 171 16 0.000000
1693776706358265174 93.118107 174.748286 175 16 0.000000
1693776707359976127 94.361771 167.713058 168 16 0.000000
1693776708363240547 94.478457 168.450084 169 16 0.000000
1693776709364736184 95.128777 170.744651 171 16 0.000000
1693776710365985337 96.178220 165.792885 166 16 0.000000
1693776711368061185 95.678053 165.656108 166 16 0.000000
1693776712370871608 93.276790 174.509588 175 16 0.000000
1693776713371982449 95.600088 166.814686 167 16 0.000000
1693776714373649395 94.139066 168.718764 169 16 0.000000
1693776715375370858 93.322641 172.702696 173 16 0.000000
1693776716377917982 94.086635 170.565549 171 16 0.000000
1693776717379098210 90.918337 173.794883 174 16 0.000000
1693776718381410814 92.958197 173.598534 174 16 0.000000
1693776719383197038 94.624817 169.696870 170 16 0.000000
