1695213263158749144 218.255529 0.000000
1695213263369781138 218.813560 0.000000
1695213264251957455 145.933821 0.000000
1695213264615313280 145.770006 0.000000
1695213265178763018 146.317101 0.000000
1695213266622320894 145.429159 0.000000
1695213266944196544 145.917248 0.000000
1695213267435292797 217.854450 0.000000
1695213267508275891 144.974147 0.000000
1695213268310108839 146.106487 0.000000
1695213268382014479 145.703751 0.000000
1695213268465128564 217.775402 0.000000
1695213268683928054 145.150797 0.000000
1695213268684067518 145.818293 0.000000
1695213269109541061 145.131623 0.000000
1695213269182857999 145.673606 0.000000
1695213269473261340 201.850023 0.000000
1695213269473282183 218.236653 0.000000
1695213269473316387 218.276120 0.000000
1695213270056543739 146.135284 0.000000
1695213270710014540 145.188530 0.000000
1695213270929334418 145.515268 0.000000
1695213273566076543 145.914794 0.000000
1695213274202819102 145.750182 0.000000
1695213274585811923 145.267822 0.000000
1695213274802762462 146.572547 0.000000
1695213274805109929 146.481139 0.000000
1695213274931118125 145.883433 0.000000
1695213275149010321 145.612758 0.000000
1695213275670453281 145.425128 0.000000
1695213276532154177 145.401718 0.000000
1695213276616802664 146.086994 0.000000
1695213277041654320 145.427508 0.000000
1695213278424477025 145.391409 0.000000
1695213279238016950 145.681327 0.000000
1695213279754585004 145.129480 0.000000
1695213280172358746 145.471012 0.000000
1695213281566360803 145.924515 0.000000
1695213282429080193 145.556258 0.000000
1695213282802842641 146.028116 0.000000
1695213282813166195 146.008362 0.000000
1695213283302996368 146.110161 0.000000
1695213283521862232 146.134663 0.000000
1695213283894171712 145.525553 0.000000
1695213283977278853 145.310775 0.000000
1695213285923591094 146.299038 0.000000
1695213287242198202 145.392348 0.000000
1695213288981535992 145.410680 0.000000
1695213290019284309 145.131366 0.000000
1695213290091826815 145.149674 0.000000
1695213290237873652 146.044918 0.000000
1695213290508305297 145.287258 0.000000
1695213290966234436 146.142847 0.000000
1695213291236764269 145.160359 0.000000
1695213291403330601 146.116504 0.000000
1695213292059250198 145.910957 0.000000
1695213292132475897 146.069956 0.000000
1695213293371103207 145.851417 0.000000
1695213293444603709 146.169607 0.000000
1695213294001496348 145.180674 0.000000
1695213294464090473 145.764260 0.000000
1695213294520748771 146.033940 0.000000
1695213295093156545 145.544956 0.000000
1695213295821678130 146.063970 0.000000
1695213296138103660 145.726887 0.000000
1695213296330941094 145.612136 0.000000
1695213296403338858 145.346739 0.000000
1695213296694774609 145.897001 0.000000
1695213296702909611 145.680333 0.000000
1695213296921427175 145.780677 0.000000
1695213297932025037 145.840388 0.000000
1695213298595291407 146.229482 0.000000
1695213298612702751 145.609876 0.000000
1695213300044105675 145.768650 0.000000
1695213300217002316 145.851201 0.000000
1695213300705743999 145.401129 0.000000
1695213300726393518 145.836822 0.000000
1695213301207037820 145.209410 0.000000
1695213301892725017 145.974096 0.000000
1695213302179728184 146.190980 0.000000
1695213303490998293 145.652494 0.000000
1695213303901457220 145.832221 0.000000
1695213303931378469 145.552846 0.000000
1695213304077269545 145.886681 0.000000
1695213304147645674 146.421133 0.000000
1695213304337939438 145.509867 0.000000
1695213304411051892 145.045198 0.000000
1695213304441602221 146.101886 0.000000
1695213305868336173 146.593671 0.000000
1695213307063819127 145.986795 0.000000
1695213307177357614 145.286483 0.000000
1695213307281833074 146.417944 0.000000
1695213307471867611 145.945599 0.000000
1695213308049952349 145.321549 0.000000
1695213308340907223 145.292889 0.000000
1695213309030841037 146.434397 0.000000
1695213309141924611 145.422825 0.000000
1695213309579621084 145.767326 0.000000
1695213310670486411 145.456109 0.000000
1695213311108778728 145.868743 0.000000
1695213311360754141 145.730054 0.000000
1695213311980274656 145.153989 0.000000
1695213312089342789 145.891089 0.000000
1695213313219027499 218.390423 0.000000
1695213313363757616 145.855310 0.000000
1695213313472954601 146.128963 0.000000
1695213313872300706 145.003888 0.000000
1695213314528991010 146.391432 0.000000
1695213314709305793 145.838050 0.000000
1695213315984109897 145.903858 0.000000
1695213317910838840 145.223738 0.000000
1695213318239388588 145.665349 0.000000
1695213319076812856 145.203453 0.000000
1695213319623889994 145.827814 0.000000
1695213321040830739 145.387222 0.000000
1695213321077643141 145.496173 0.000000
1695213321405485232 218.575152 0.000000
1695213321878645977 145.892637 0.000000
1695213322824673700 145.675729 0.000000
1695213322898570955 146.293351 0.000000
1695213323334302849 146.049476 0.000000
1695213323625590587 145.881303 0.000000
1695213324133829186 145.530232 0.000000
1695213324205768950 145.201403 0.000000
1695213324716440661 145.964412 0.000000
1695213325225707416 145.338236 0.000000
1695213327118563303 145.622321 0.000000
1695213327518351383 145.894542 0.000000
1695213327773156356 145.943724 0.000000
1695213327845939574 145.553184 0.000000
1695213328501317846 145.584378 0.000000
1695213328864327178 145.247053 0.000000
1695213329374708923 145.593608 0.000000
1695213329884171665 145.344493 0.000000
1695213330102339981 145.551357 0.000000
1695213330612793924 146.062863 0.000000
1695213331050305398 146.383528 0.000000
1695213332142187837 145.371890 0.000000
1695213333452310251 146.343019 0.000000
1695213333560180927 145.451241 0.000000
1695213334290118679 145.772903 0.000000
1695213335126608095 145.484818 0.000000
1695213335855588289 145.683762 0.000000
1695213336946466986 218.042898 0.000000
1695213336947135985 144.891701 0.000000
1695213338112200190 145.454003 0.000000
1695213338185023973 145.603184 0.000000
1695213338330085680 145.907988 0.000000
1695213339130721673 145.093151 0.000000
1695213339640041545 146.471616 0.000000
1695213339712347063 145.901106 0.000000
1695213339784405584 145.008450 0.000000
1695213340331241096 145.978911 0.000000
1695213341422086854 218.035870 0.000000
1695213341568254291 145.611085 0.000000
1695213341750438012 145.706882 0.000000
1695213341859431249 145.982803 0.000000
1695213342187615100 145.451455 0.000000
1695213342586697042 145.201844 0.000000
1695213343933991037 145.435414 0.000000
1695213345317660372 146.452152 0.000000
1695213347064276819 218.789083 0.000000
1695213347064294049 182.102903 0.000000
1695213348956678763 145.616344 0.000000
1695213349392592617 145.578003 0.000000
1695213349500681907 217.783699 0.000000
1695213349683349412 145.275724 0.000000
1695213349901467306 145.539701 0.000000
1695213350483856649 145.734529 0.000000
1695213350701031198 145.263972 0.000000
1695213350738327029 145.948954 0.000000
1695213351503603095 146.337620 0.000000
1695213351503737894 145.914073 0.000000
1695213351720992294 145.129122 0.000000
1695213353104477003 145.436849 0.000000
1695213353140168696 145.988102 0.000000
1695213353759691250 145.653099 0.000000
1695213354050589067 145.580442 0.000000
1695213354158616917 145.036799 0.000000
1695213355143743139 145.687450 0.000000
1695213355396317060 145.394709 0.000000
1695213355506875969 145.924959 0.000000
1695213355797423928 146.005614 0.000000
1695213356378577965 145.424185 0.000000
1695213357325385948 145.698762 0.000000
1695213357543839921 146.140824 0.000000
1695213358342947695 145.910709 0.000000
1695213358780904069 145.214837 0.000000
1695213359144491665 145.569251 0.000000
1695213360747474387 145.867114 0.000000
1695213361801550362 146.179027 0.000000
1695213361910598952 144.947188 0.000000
1695213362638600964 145.519107 0.000000
1695213363365767304 145.855476 0.000000
1695213363657601467 145.116004 0.000000
1695213363984052843 145.545743 0.000000
1695213364493986651 146.181260 0.000000
1695213364675988412 218.298794 0.000000
1695213365040988389 146.412004 0.000000
1695213365260005168 146.874974 0.000000
1695213365294487354 145.200030 0.000000
1695213365658911551 145.504063 0.000000
1695213366350939235 145.498042 0.000000
1695213366642535671 145.784012 0.000000
1695213367005254451 145.214997 0.000000
1695213368025579653 145.736555 0.000000
1695213369190593085 145.714845 0.000000
1695213369263149138 145.443850 0.000000
1695213369480982999 145.089561 0.000000
1695213370099693951 146.013972 0.000000
1695213371154903709 145.387680 0.000000
1695213371301257629 146.048863 0.000000
1695213371481632882 145.470369 0.000000
1695213372573837567 146.253778 0.000000
1695213373664898288 145.535165 0.000000
1695213374028994947 146.170733 0.000000
1695213375340835038 146.122749 0.000000
1695213375521897550 145.707888 0.000000
1695213376067958169 145.549301 0.000000
1695213376396813141 145.947945 0.000000
1695213376541545222 145.751421 0.000000
1695213376759478573 145.960895 0.000000
1695213376759525773 145.238101 0.000000
1695213377779719457 146.369223 0.000000
1695213378364589338 149.244409 0.000000
1695213379177416200 145.352720 0.000000
1695213379250446702 144.981590 0.000000
1695213379541337719 145.159384 0.000000
1695213380196317678 145.148610 0.000000
1695213380487242540 145.799608 0.000000
1695213380632874602 145.448654 0.000000
1695213380705947037 145.939319 0.000000
1695213380778746289 146.362532 0.000000
1695213381505939320 145.689725 0.000000
1695213381901709983 145.484016 0.000000
1695213382119800930 145.819908 0.000000
1695213382629226853 145.513085 0.000000
1695213383396946474 145.300107 0.000000
1695213383613771809 145.013448 0.000000
1695213386596236113 145.519079 0.000000
1695213386777681101 146.107641 0.000000
1695213386923115323 145.469995 0.000000
1695213387252219187 146.042365 0.000000
1695213388378762236 146.109677 0.000000
1695213388378807111 145.988900 0.000000
1695213388560697873 145.481020 0.000000
1695213389070981267 146.126327 0.000000
1695213389434190568 145.360442 0.000000
1695213389435292130 146.263256 0.000000
1695213389578841441 145.380629 0.000000
1695213389871228364 145.159270 0.000000
1695213389943917797 145.421546 0.000000
1695213390089427130 145.535143 0.000000
1695213390598515804 145.526051 0.000000
1695213390634528141 145.722743 0.000000
1695213391362943562 146.013288 0.000000
1695213391363091051 146.165593 0.000000
1695213392054226777 145.315651 0.000000
1695213392272533140 145.274152 0.000000
1695213392963960919 146.060972 0.000000
1695213393072678547 145.478169 0.000000
1695213393473195426 145.820705 0.000000
1695213394092487046 145.233089 0.000000
1695213394492202325 145.726468 0.000000
1695213394967119600 146.248796 0.000000
1695213395621988682 145.367463 0.000000
1695213395657459590 145.774789 0.000000
1695213396276087097 146.203248 0.000000
1695213396422114040 145.884426 0.000000
1695213397221671080 145.736879 0.000000
1695213398349649451 145.871290 0.000000
1695213398531651034 146.223150 0.000000
1695213399041090802 218.443568 0.000000
1695213399041188234 217.899866 0.000000
1695213399041371276 217.627196 0.000000
1695213400349854672 145.562205 0.000000
1695213400349929782 145.086667 0.000000
1695213400497116799 145.598029 0.000000
1695213400532743761 145.352116 0.000000
1695213400713769224 145.269107 0.000000
1695213400787217669 145.332835 0.000000
1695213400787573217 145.739702 0.000000
1695213401806305311 145.508874 0.000000
1695213402460530472 145.376102 0.000000
1695213402607540416 145.851173 0.000000
1695213403262726412 146.086790 0.000000
1695213403626405951 145.396045 0.000000
1695213404426485485 145.331191 0.000000
1695213404534785478 145.091100 0.000000
1695213405445430760 145.349176 0.000000
1695213405517384801 145.492790 0.000000
1695213407337529527 146.186372 0.000000
1695213407955706915 145.980627 0.000000
1695213408573708869 217.903606 0.000000
1695213408682952802 145.594025 0.000000
1695213410029693908 145.479503 0.000000
1695213410248687732 145.423106 0.000000
1695213410683833037 145.207485 0.000000
1695213410866074909 145.805801 0.000000
1695213410976364511 147.039723 0.000000
1695213412140771204 145.139071 0.000000
1695213412249773514 146.348847 0.000000
1695213412795317241 145.088964 0.000000
1695213413450712730 145.103034 0.000000
1695213414178868053 145.824988 0.000000
1695213414322908262 145.030692 0.000000
1695213414615710818 145.933030 0.000000
1695213414941861616 146.112695 0.000000
1695213415196598422 145.128343 0.000000
1695213415852199980 145.905179 0.000000
1695213415924901250 145.333991 0.000000
1695213416689195775 146.422902 0.000000
1695213417819728973 145.771561 0.000000
1695213419639930053 145.426002 0.000000
1695213420076666861 218.474637 0.000000
1695213420439783797 145.188580 0.000000
1695213420440941189 145.163848 0.000000
1695213420877124794 145.323740 0.000000
1695213421240703867 145.756527 0.000000
1695213421458615831 145.347058 0.000000
1695213421677712450 145.450739 0.000000
1695213422149020970 145.210449 0.000000
1695213423132195406 145.294872 0.000000
1695213423786277542 145.412355 0.000000
1695213424187001367 145.719059 0.000000
1695213424370817543 146.032851 0.000000
1695213425751844211 145.291974 0.000000
1695213426114603956 145.584833 0.000000
1695213426369373640 145.838658 0.000000
1695213426915646921 218.554147 0.000000
1695213427133442496 144.892576 0.000000
1695213428226123069 219.440866 0.000000
1695213428735254445 146.118313 0.000000
1695213428954351416 145.691117 0.000000
1695213430044915889 145.756752 0.000000
1695213430336217075 145.549665 0.000000
1695213430808790977 145.416292 0.000000
1695213431610444955 146.154297 0.000000
1695213431719509313 145.595185 0.000000
1695213431938517880 146.237677 0.000000
1695213432410607384 145.757163 0.000000
