1694264321177210599 155.306364 107.615951 107 16 0.000000
1694264322184110840 160.876036 96.335265 97 16 0.000000
1694264323183697295 152.457352 106.043851 106 16 0.000000
1694264324173049962 159.253530 102.086952 101 16 0.000000
1694264325183040289 159.011250 99.010852 100 16 0.000000
1694264326179502589 156.149382 103.365677 103 16 0.000000
1694264327187139962 160.593209 98.249638 99 16 0.000000
1694264328188949393 157.048579 102.813960 103 16 0.000000
1694264329161136081 157.799648 101.832291 99 16 0.000000
1694264330176818283 152.904522 105.347913 107 16 0.000000
1694264331192443363 161.247496 99.446146 101 16 0.000000
1694264332184475295 155.764565 99.795176 99 16 0.000000
1694264333175597319 156.957759 102.913671 102 16 0.000000
1694264334191575782 147.409552 107.285729 109 16 0.000000
1694264335189290242 158.096165 103.235954 103 16 0.000000
1694264336196604679 148.585960 106.223046 107 16 0.000000
1694264337192451305 155.435681 103.429572 103 16 0.000000
1694264338197806970 150.175712 105.435333 106 16 0.000000
1694264339200690207 153.334815 105.695245 106 16 0.000000
1694264340194199014 153.648937 103.672959 103 16 0.000000
1694264341184620426 159.558805 103.996141 103 16 0.000000
1694264342200563562 150.055491 102.367932 104 16 0.000000
1694264343196553176 155.079471 103.414733 103 16 0.000000
1694264344207389450 148.741734 108.820805 110 16 0.000000
1694264345206734904 158.455393 98.064173 98 16 0.000000
1694264346179471788 154.959017 104.858778 102 16 0.000000
1694264347195081142 160.822014 101.416956 103 16 0.000000
1694264348177050813 161.636478 99.799417 98 16 0.000000
1694264349204355392 161.789146 98.315535 101 16 0.000000
1694264350214042038 155.042715 104.983055 106 16 0.000000
1694264351203966990 148.104862 104.048286 103 16 0.000000
1694264352220254548 157.144070 102.333246 104 16 0.000000
1694264353217961527 151.275981 104.239029 104 16 0.000000
1694264354191000095 167.356568 97.632293 95 16 0.000000
1694264355206683872 164.480761 96.486738 98 16 0.000000
1694264356213747255 153.479205 105.256525 106 16 0.000000
1694264357223023260 155.421318 100.071735 101 16 0.000000
1694264358223270009 153.190940 104.974089 105 16 0.000000
1694264359220875181 157.502072 102.244867 102 16 0.000000
1694264360229601311 155.896792 105.083032 106 16 0.000000
1694264361219516620 159.414750 98.998367 98 16 0.000000
1694264362194430156 157.521907 102.573201 100 16 0.000000
1694264363228530866 165.421837 91.867260 95 16 0.000000
1694264364226414527 154.765689 105.222687 105 16 0.000000
1694264365207740144 157.929342 104.960065 103 16 0.000000
1694264366231646134 155.998584 100.595174 103 16 0.000000
1694264367235849762 158.161913 100.577205 101 16 0.000000
1694264368228396731 159.654060 99.743394 99 16 0.000000
1694264369231833304 153.620327 106.633563 107 16 0.000000
1694264370230170971 151.690247 103.171505 103 16 0.000000
1694264371217654128 159.100789 105.318251 104 16 0.000000
1694264372233293342 157.421196 99.444761 101 16 0.000000
1694264373234401939 151.975769 103.884820 104 16 0.000000
1694264374225113799 153.237169 104.975023 104 16 0.000000
1694264375246983643 154.475037 101.774214 104 16 0.000000
1694264376189320335 164.442396 100.813223 95 16 0.000000
1694264377248541019 162.217074 96.297213 102 16 0.000000
1694264378235751200 155.086320 104.334433 103 16 0.000000
1694264379252529106 146.401793 108.184870 110 16 0.000000
1694264380252742147 159.926886 99.978700 100 16 0.000000
1694264381238517332 163.894407 97.385287 96 16 0.000000
1694264382254706402 158.210464 102.343158 104 16 0.000000
1694264383252244870 158.462617 100.246762 100 16 0.000000
1694264384256552572 156.599460 101.562515 102 16 0.000000
1694264385249558891 157.126272 102.718379 102 16 0.000000
1694264386258832146 151.371642 106.016880 107 16 0.000000
1694264387259592452 155.498207 99.924013 100 16 0.000000
1694264388257509382 156.242228 104.217092 104 16 0.000000
1694264389262848616 153.944041 103.447682 104 16 0.000000
1694264390259205803 155.701116 102.372909 102 16 0.000000
1694264391263882429 164.305926 98.539166 99 16 0.000000
1694264392252673968 155.540442 105.178900 104 16 0.000000
1694264393268856694 164.622089 94.471197 96 16 0.000000
1694264394259949893 157.763573 103.925639 103 16 0.000000
1694264395265822545 160.785141 98.422013 99 16 0.000000
1694264396261712735 163.936057 98.404423 98 16 0.000000
1694264397241018760 148.806531 107.218776 105 16 0.000000
1694264398270727334 156.866331 101.970599 105 16 0.000000
1694264399273048866 156.966155 99.768385 100 16 0.000000
1694264400263257571 157.250655 101.998699 101 16 0.000000
1694264401279006627 151.399923 109.278961 111 16 0.000000
1694264402270349824 150.864307 101.881983 101 16 0.000000
1694264403280201437 156.320458 100.014679 101 16 0.000000
1694264404281953964 161.818906 100.823302 101 16 0.000000
1694264405275783155 159.256390 101.627136 101 16 0.000000
1694264406282035010 164.505251 98.384901 99 16 0.000000
1694264407282451702 156.368789 102.957101 103 16 0.000000
1694264408280928756 159.416462 98.149476 98 16 0.000000
1694264409258156347 153.500807 105.400215 103 16 0.000000
1694264410280196935 156.162608 100.778777 103 16 0.000000
1694264411258508139 154.665411 106.305644 104 16 0.000000
1694264412286144288 156.700525 102.176250 105 16 0.000000
1694264413290647265 167.169020 93.578608 94 16 0.000000
1694264414290785359 157.167725 103.985640 104 16 0.000000
1694264415291631291 156.521956 100.914639 101 16 0.000000
1694264416289240038 160.606660 99.237295 99 16 0.000000
1694264417292935606 149.842826 105.609712 106 16 0.000000
1694264418289339885 157.755052 105.378919 105 16 0.000000
1694264419297737457 158.337194 100.158903 101 16 0.000000
1694264420278840904 148.795184 104.983833 103 16 0.000000
1694264421294872735 157.769986 101.374791 103 16 0.000000
1694264422301712495 153.155406 101.307071 102 16 0.000000
1694264423295142762 149.402151 110.727461 110 16 0.000000
1694264424291431010 157.671423 102.380013 102 16 0.000000
1694264425300088659 157.247107 100.133070 101 16 0.000000
1694264426281298133 160.667107 101.915029 100 16 0.000000
1694264427296961892 153.787689 105.349827 107 16 0.000000
1694264428304505742 149.335064 103.221319 104 16 0.000000
1694264429296714956 158.050193 102.800897 102 16 0.000000
1694264430313170885 151.356521 106.251535 108 16 0.000000
1694264431303592136 150.908978 103.996152 103 16 0.000000
1694264432294504887 159.753458 100.917059 100 16 0.000000
1694264433310521092 159.342792 100.392116 102 16 0.000000
1694264434307011696 157.698796 102.359201 102 16 0.000000
1694264435319331794 153.591615 105.697794 107 16 0.000000
1694264436317502001 151.678768 103.188816 103 16 0.000000
1694264437308999529 161.799944 97.831810 97 16 0.000000
1694264438320415315 155.207966 104.803591 106 16 0.000000
1694264439322787884 152.687071 100.760931 101 16 0.000000
1694264440309814474 151.890123 108.406398 107 16 0.000000
1694264441280063114 151.118008 107.189024 104 16 0.000000
1694264442320149813 161.922651 95.184373 99 16 0.000000
1694264443324988935 161.263379 100.513599 101 16 0.000000
1694264444322448657 155.543977 104.264864 104 16 0.000000
1694264445326979592 154.198585 102.535425 103 16 0.000000
1694264446310264209 161.105054 99.665946 98 16 0.000000
1694264447327009262 165.246833 97.369542 99 16 0.000000
1694264448330130568 155.141323 101.682617 102 16 0.000000
1694264449332499153 157.489474 103.754249 104 16 0.000000
1694264450334664939 152.142028 104.773084 105 16 0.000000
1694264451336387469 146.892254 108.812567 109 16 0.000000
1694264452313750401 146.539315 108.455106 106 16 0.000000
1694264453334604558 157.345763 99.916331 102 16 0.000000
1694264454332463391 156.455514 104.223159 104 16 0.000000
1694264455337210784 155.424706 102.513341 103 16 0.000000
1694264456342167992 157.890483 99.506721 100 16 0.000000
1694264457337733123 164.132009 98.436542 98 16 0.000000
1694264458330219815 149.591049 110.832739 110 16 0.000000
1694264459346018635 156.226226 98.444675 100 16 0.000000
1694264460342051210 154.166737 106.422229 106 16 0.000000
1694264461346988155 159.935045 99.508725 100 16 0.000000
1694264462349073595 152.026142 103.783566 104 16 0.000000
1694264463340199984 158.780763 102.913212 102 16 0.000000
1694264464338068021 153.176106 105.224054 105 16 0.000000
1694264465348659964 154.828907 102.910255 104 16 0.000000
1694264466344306960 155.709759 102.445948 102 16 0.000000
1694264467353592327 164.861634 95.116806 96 16 0.000000
1694264468352574240 156.606429 102.103947 102 16 0.000000
1694264469343503861 157.872717 100.915345 100 16 0.000000
1694264470359256304 156.604177 102.387151 104 16 0.000000
1694264471338726159 155.701802 104.137969 102 16 0.000000
1694264472359219747 156.257726 101.911483 104 16 0.000000
1694264473362363317 148.974296 105.667822 106 16 0.000000
1694264474355028606 159.010670 103.761045 103 16 0.000000
1694264475346430572 149.107717 108.936641 108 16 0.000000
1694264476362088094 150.879433 104.365888 106 16 0.000000
1694264477369362007 151.841126 103.248975 104 16 0.000000
1694264478369165424 156.419514 104.020449 104 16 0.000000
1694264479359913934 154.271877 102.952461 102 16 0.000000
1694264480358966046 154.407412 103.097729 103 16 0.000000
1694264481370446852 149.968496 107.762794 109 16 0.000000
1694264482367250217 151.364020 102.327097 102 16 0.000000
1694264483355931393 152.180318 109.236447 108 16 0.000000
1694264484371683405 157.946453 101.402707 103 16 0.000000
1694264485341392275 147.574989 107.248679 104 16 0.000000
1694264486364630150 151.464974 107.501875 110 16 0.000000
1694264487380419919 156.889995 101.398934 103 16 0.000000
1694264488379029426 161.549064 95.132281 95 16 0.000000
