1694263145719934625 256.591890 0.000000
1694263146054022472 256.729387 0.000000
1694263146632776302 256.719423 0.000000
1694263149898757604 256.838996 0.000000
1694263150628437645 256.721488 0.000000
1694263151199395084 256.978510 0.000000
1694263154498767127 256.652237 0.000000
1694263155098169162 256.646645 0.000000
1694263155836134353 256.673927 0.000000
1694263159210193129 256.636290 0.000000
1694263159572424754 256.781332 0.000000
1694263159940455241 256.646424 0.000000
1694263159994494917 256.912787 0.000000
1694263162111556118 256.657780 0.000000
1694263162837200860 256.661094 0.000000
1694263163743058288 256.630883 0.000000
1694263164842644095 256.739220 0.000000
1694263164908314960 257.057714 0.000000
1694263166684389808 256.825019 0.000000
1694263167933475595 256.698043 0.000000
1694263169634904741 256.757818 0.000000
1694263169830662669 256.667644 0.000000
1694263171143943324 256.580647 0.000000
1694263172508112388 256.830713 0.000000
1694263173767728709 256.768312 0.000000
1694263176811400679 256.798046 0.000000
1694263177658638122 256.628658 0.000000
1694263177844302169 256.676860 0.000000
1694263178664933405 256.589436 0.000000
1694263178873884995 256.734839 0.000000
1694263181352702550 256.622814 0.000000
1694263181679670913 256.690938 0.000000
1694263183019527787 256.653616 0.000000
1694263183174618069 256.621220 0.000000
1694263183929835948 256.669934 0.000000
1694263184480341780 256.798522 0.000000
1694263184737013498 256.644059 0.000000
1694263185303015288 256.653115 0.000000
1694263185475424666 256.721067 0.000000
1694263187388923213 256.757458 0.000000
1694263195349255511 256.679280 0.000000
1694263195882072100 256.707897 0.000000
1694263196082329238 256.715744 0.000000
1694263196226348893 256.826488 0.000000
1694263198678562675 256.672193 0.000000
1694263201008150320 256.855987 0.000000
1694263201970991706 256.668300 0.000000
1694263202519834598 256.754746 0.000000
1694263202709389197 256.685320 0.000000
1694263204292469092 256.539290 0.000000
1694263205221747589 256.665614 0.000000
1694263206080108329 256.660026 0.000000
1694263206113791848 256.663515 0.000000
1694263211271892975 256.624609 0.000000
1694263213072230123 256.686087 0.000000
1694263213308580191 256.562770 0.000000
1694263214076244317 256.638010 0.000000
1694263214226995111 256.616059 0.000000
1694263214919024905 256.682729 0.000000
1694263216190453669 256.630533 0.000000
1694263216929232517 256.644560 0.000000
1694263220677040215 256.726044 0.000000
1694263221075552194 256.839373 0.000000
1694263221623303588 256.726305 0.000000
1694263221835519792 256.773039 0.000000
1694263222054617650 256.670914 0.000000
1694263223039356922 256.761893 0.000000
1694263223603225781 256.653752 0.000000
1694263223761460811 256.711831 0.000000
1694263226098369267 256.644024 0.000000
1694263227630088813 256.578181 0.000000
1694263227988420244 256.718777 0.000000
1694263228010462089 256.628829 0.000000
1694263228568977950 256.647803 0.000000
1694263230826555547 256.668526 0.000000
1694263233956262020 256.698806 0.000000
1694263234746767560 256.716965 0.000000
1694263235371179755 256.611430 0.000000
1694263235568076206 256.821727 0.000000
1694263236562650980 256.745561 0.000000
1694263236926966359 256.671389 0.000000
1694263237981007300 256.795549 0.000000
1694263238878180527 256.724592 0.000000
1694263238975339940 256.596875 0.000000
1694263239269918494 256.691511 0.000000
1694263241301925953 256.693725 0.000000
1694263242004084424 256.706369 0.000000
1694263245084208482 256.539712 0.000000
1694263245340836069 256.602609 0.000000
1694263247389499464 257.007994 0.000000
1694263248248257333 256.678274 0.000000
1694263249945242133 256.696246 0.000000
1694263254421756584 256.748643 0.000000
1694263254880222330 256.567277 0.000000
1694263255920136110 256.656950 0.000000
1694263257047723957 256.729494 0.000000
1694263257569787231 256.561142 0.000000
1694263257786194727 256.892592 0.000000
1694263258911778796 256.710960 0.000000
1694263259181332228 256.584672 0.000000
1694263259343613482 256.682409 0.000000
1694263260750528408 256.626995 0.000000
1694263262601868558 256.753118 0.000000
1694263263099512360 256.930950 0.000000
1694263263717187164 256.572324 0.000000
1694263265532124851 256.622660 0.000000
1694263267319841073 256.606724 0.000000
1694263268213997018 256.913075 0.000000
1694263268709232645 256.696693 0.000000
1694263270195423419 256.683768 0.000000
1694263271671375396 256.625672 0.000000
1694263271961603901 256.692533 0.000000
1694263272859655015 256.666983 0.000000
1694263273477572657 256.847984 0.000000
1694263273854888019 256.802669 0.000000
1694263274006037197 256.647537 0.000000
1694263274729869706 256.836392 0.000000
1694263275402746535 256.604589 0.000000
1694263276227916849 256.555284 0.000000
1694263276654529331 256.793332 0.000000
1694263277874925039 257.035419 0.000000
1694263277875091566 256.894206 0.000000
1694263278388617739 257.018109 0.000000
1694263282033192685 256.682700 0.000000
1694263282089565714 256.659110 0.000000
1694263284189844606 256.736304 0.000000
1694263284873270472 256.684834 0.000000
1694263286020988382 256.641298 0.000000
1694263286920277370 256.591984 0.000000
1694263288420720452 256.574008 0.000000
1694263288439423034 256.649057 0.000000
1694263289809587141 256.693310 0.000000
1694263290925019688 256.778438 0.000000
1694263291390494950 256.620075 0.000000
1694263292290475489 256.689300 0.000000
1694263292547183944 256.681663 0.000000
1694263293452727344 256.703238 0.000000
1694263294399559270 256.610969 0.000000
1694263296296296122 256.752021 0.000000
1694263297570097185 256.460945 0.000000
1694263298075732879 256.599601 0.000000
1694263298748600902 256.674015 0.000000
1694263299366473040 256.602845 0.000000
1694263299857884098 256.690704 0.000000
1694263301510625918 256.663586 0.000000
1694263301727755281 256.593078 0.000000
1694263302402506853 256.729418 0.000000
1694263302730426577 256.819879 0.000000
1694263303749670355 256.765087 0.000000
1694263304587398205 256.643814 0.000000
1694263306856609542 256.872928 0.000000
1694263307353924588 256.682285 0.000000
1694263307682067008 256.665535 0.000000
1694263308099482799 256.745737 0.000000
1694263308215990590 256.700743 0.000000
1694263308244342696 256.705554 0.000000
1694263308621411692 256.678622 0.000000
1694263309299335464 256.738440 0.000000
1694263309985048932 256.725189 0.000000
