1694263141502262145 236.341925 69.676463 69 16 0.000000
1694263142512473063 240.587975 65.332902 66 16 0.000000
1694263143503574682 242.871278 63.565627 63 16 0.000000
1694263144502265609 255.802416 66.086456 66 16 0.000000
1694263145512403372 236.124485 65.337677 66 16 0.000000
1694263146458594510 239.734951 68.696479 65 16 0.000000
1694263147468776221 234.317648 68.304539 69 16 0.000000
1694263148465867666 243.352875 67.195447 67 16 0.000000
1694263149489138153 235.642357 66.453594 68 16 0.000000
1694263150485889839 244.869173 66.215084 66 16 0.000000
1694263151504639513 254.891469 62.822101 64 16 0.000000
1694263152519887175 245.640091 65.993750 67 16 0.000000
1694263153516693402 230.881433 70.224280 70 16 0.000000
1694263154501248171 239.730704 62.972627 62 16 0.000000
1694263155511420585 246.348139 67.315241 68 16 0.000000
1694263156516436888 249.688393 62.685551 63 16 0.000000
1694263157521282941 222.559811 71.652768 72 16 0.000000
1694263158525159708 236.923218 66.741256 67 16 0.000000
1694263159523749546 242.817510 66.093204 66 16 0.000000
1694263160444729235 253.165123 66.233814 61 16 0.000000
1694263161469264600 243.403794 65.395500 67 16 0.000000
1694263162479870273 239.095382 66.296876 67 16 0.000000
1694263163490008102 251.068213 64.347656 65 16 0.000000
1694263164500214783 244.888717 65.333175 66 16 0.000000
1694263165515516957 232.901985 65.990192 67 16 0.000000
1694263166525923907 230.912381 69.279022 70 16 0.000000
1694263167517034760 239.095169 67.600905 67 16 0.000000
1694263168527496553 244.063858 67.295971 68 16 0.000000
1694263169535412590 232.847212 66.473789 67 16 0.000000
1694263170536732493 222.685379 69.907738 70 16 0.000000
1694263171532762551 249.281981 66.263010 66 16 0.000000
1694263172531186143 241.227650 67.105832 67 16 0.000000
1694263173535072940 247.401147 62.756085 63 16 0.000000
1694263174534307583 233.976216 66.050547 66 16 0.000000
1694263175534560257 237.287262 69.982320 70 16 0.000000
1694263176484549772 236.913733 70.527091 67 16 0.000000
1694263177494724504 232.225637 68.305021 69 16 0.000000
1694263178504668177 228.824086 69.310800 70 16 0.000000
1694263179514703123 252.526668 63.364143 64 16 0.000000
1694263180524764286 250.261092 63.362492 64 16 0.000000
1694263181541017183 231.558890 71.832522 73 16 0.000000
1694263182544822762 241.279441 63.757360 64 16 0.000000
1694263183548130802 241.383320 63.788983 64 16 0.000000
1694263184520722721 237.106371 71.972639 70 16 0.000000
1694263185530857976 243.607736 63.357837 64 16 0.000000
1694263186540997691 238.406918 68.307392 69 16 0.000000
1694263187551162991 244.154592 67.315719 68 16 0.000000
1694263188548672051 247.745635 60.149827 60 16 0.000000
1694263189553890908 255.584099 60.683306 61 16 0.000000
1694263190545898633 235.013106 70.563965 70 16 0.000000
1694263191506019994 238.090492 70.824375 68 16 0.000000
1694263192516152277 239.757768 64.348017 65 16 0.000000
1694263193519113932 228.554051 71.787387 72 16 0.000000
1694263194529503711 226.786029 69.280184 70 16 0.000000
1694263195546572896 235.874988 69.808440 71 16 0.000000
1694263196550042131 239.988644 64.775269 65 16 0.000000
1694263197555665910 236.370524 68.614132 69 16 0.000000
1694263198550581978 242.032240 65.332142 65 16 0.000000
1694263199561008736 245.552873 66.308616 67 16 0.000000
1694263200539530978 235.351598 66.426692 65 16 0.000000
1694263201546621455 228.612030 71.493085 72 16 0.000000
1694263202562801916 243.386665 65.933172 67 16 0.000000
1694263203554739675 232.664092 67.544561 67 16 0.000000
1694263204565185072 245.119230 62.348743 63 16 0.000000
1694263205505442134 243.656595 68.066494 64 16 0.000000
1694263206568793925 241.331750 63.008309 67 16 0.000000
1694263207515396585 251.173691 68.666615 65 16 0.000000
1694263208536630048 227.383622 71.482186 73 16 0.000000
1694263209546881269 260.815956 61.370871 62 16 0.000000
1694263210537171900 248.246882 64.627495 64 16 0.000000
1694263211563588296 235.227209 68.198442 70 16 0.000000
1694263212573920340 230.449796 66.314832 67 16 0.000000
1694263213568880246 232.135848 69.349529 69 16 0.000000
1694263214572696722 230.927827 69.733861 70 16 0.000000
1694263215555062742 226.082666 70.238586 69 16 0.000000
1694263216571562702 235.045768 68.863751 70 16 0.000000
1694263217572636798 248.156003 63.931340 64 16 0.000000
1694263218577577995 251.377620 61.695146 62 16 0.000000
1694263219565861849 233.566509 68.806137 68 16 0.000000
1694263220521806454 228.924058 73.226016 70 16 0.000000
1694263221531957910 243.377194 66.326671 67 16 0.000000
1694263222542509756 240.707193 65.310856 66 16 0.000000
1694263223553182258 238.544262 68.271374 69 16 0.000000
1694263224569484739 247.411397 61.989418 63 16 0.000000
1694263225579989466 232.164857 73.230741 74 16 0.000000
1694263226583827563 242.898859 62.759114 63 16 0.000000
1694263227562856536 233.479304 69.456578 68 16 0.000000
1694263228588024633 230.619434 70.232384 72 16 0.000000
1694263229583524520 233.767185 63.284783 63 16 0.000000
1694263230574219440 246.251116 68.638692 68 16 0.000000
1694263231580759709 240.543297 65.571150 66 16 0.000000
1694263232584161737 228.963263 69.762665 70 16 0.000000
1694263233592879467 227.695849 70.386390 71 16 0.000000
1694263234591262708 241.362315 67.108504 67 16 0.000000
1694263235546172391 236.815959 67.022040 64 16 0.000000
1694263236544198989 236.345725 66.130502 66 16 0.000000
1694263237566991024 246.987923 67.462395 69 16 0.000000
1694263238577463566 244.905510 65.315976 66 16 0.000000
1694263239588300306 256.934230 58.367491 59 16 0.000000
1694263240598656970 255.782028 65.323461 66 16 0.000000
1694263241596193121 238.451584 66.163017 66 16 0.000000
1694263242588146800 241.333208 67.543477 67 16 0.000000
1694263243598178347 241.269001 66.334563 67 16 0.000000
1694263244570117356 224.989150 69.963243 68 16 0.000000
1694263245590802489 251.446233 64.662450 66 16 0.000000
1694263246597128255 239.301510 66.578820 67 16 0.000000
1694263247600508217 238.520102 68.767579 69 16 0.000000
1694263248601599421 233.250222 64.929156 65 16 0.000000
1694263249602811038 231.409294 67.917704 68 16 0.000000
1694263250550825631 232.159059 72.783688 69 16 0.000000
1694263251582143988 247.260328 63.995758 66 16 0.000000
1694263252592540696 232.178653 68.290009 69 16 0.000000
1694263253566741107 239.283465 68.774351 67 16 0.000000
1694263254592804578 233.004364 68.221904 70 16 0.000000
1694263255603358371 248.093326 63.331608 64 16 0.000000
1694263256591675239 233.670854 68.803844 68 16 0.000000
1694263257602202977 234.822364 66.301990 67 16 0.000000
1694263258587783263 259.440341 64.936364 64 16 0.000000
1694263259598519566 238.490187 65.298930 66 16 0.000000
1694263260604972444 248.794590 64.583252 65 16 0.000000
1694263261604066155 247.526270 63.057148 63 16 0.000000
1694263262616159987 240.102033 67.187442 68 16 0.000000
1694263263610290271 234.881959 67.395596 67 16 0.000000
1694263264576752924 245.784046 66.220869 64 16 0.000000
1694263265593384909 248.758288 63.936608 65 16 0.000000
1694263266603787762 237.762135 67.299889 68 16 0.000000
1694263267595229235 249.242276 66.569739 66 16 0.000000
1694263268605710906 231.798918 65.315389 66 16 0.000000
1694263269615949533 237.187269 69.290560 70 16 0.000000
1694263270614943828 218.471520 74.074497 74 16 0.000000
1694263271614877424 247.421684 63.004182 63 16 0.000000
1694263272625145183 236.456035 68.298735 69 16 0.000000
1694263273595353967 232.998973 72.149410 70 16 0.000000
1694263274589195823 238.450823 66.408956 66 16 0.000000
1694263275627621992 254.389932 60.668733 63 16 0.000000
1694263276626576881 220.469158 74.077427 74 16 0.000000
1694263277625062699 248.024518 64.097057 64 16 0.000000
1694263278630657135 239.191632 66.627246 67 16 0.000000
1694263279631066654 232.808528 66.972569 67 16 0.000000
1694263280585447746 240.517448 69.154770 66 16 0.000000
1694263281617606861 242.005028 62.974794 65 16 0.000000
1694263282606582268 227.689293 71.791467 71 16 0.000000
1694263283612402455 250.311141 63.629667 64 16 0.000000
1694263284627249463 240.521652 70.946648 72 16 0.000000
1694263285633660541 239.850111 61.605045 62 16 0.000000
1694263286628298025 222.490809 72.388183 72 16 0.000000
1694263287637985220 235.790197 67.347591 68 16 0.000000
1694263288618521849 221.313888 76.488728 75 16 0.000000
1694263289629166680 218.610088 71.241645 72 16 0.000000
1694263290621945888 236.560232 69.501859 69 16 0.000000
1694263291632143209 231.450662 67.313579 68 16 0.000000
1694263292642149196 248.061065 63.365970 64 16 0.000000
1694263293639634072 245.312975 63.158839 63 16 0.000000
1694263294610957566 233.975859 67.948534 66 16 0.000000
1694263295621459902 229.335861 72.241294 73 16 0.000000
1694263296606957599 239.776927 65.956532 65 16 0.000000
1694263297617118876 242.593483 68.305924 69 16 0.000000
1694263298633235260 226.876069 68.889747 70 16 0.000000
1694263299643551016 237.690828 67.305685 68 16 0.000000
1694263300646147600 251.013299 64.831664 65 16 0.000000
1694263301639605687 242.086654 65.428019 65 16 0.000000
1694263302650175916 222.500233 71.246909 72 16 0.000000
1694263303617248988 247.034602 68.247175 66 16 0.000000
1694263304640810833 240.748928 64.480702 66 16 0.000000
1694263305651244861 250.887737 64.328803 65 16 0.000000
1694263306641051884 233.944941 66.679665 66 16 0.000000
1694263307651184090 242.764143 65.337982 66 16 0.000000
1694263308655251170 230.884540 69.716445 70 16 0.000000
1694263309621437313 255.591421 63.134833 61 16 0.000000
