1694831796512428762 195.227437 12401.276525 12400 200 0.000000
1694831797590656568 194.928957 1039.668950 1121 200 0.000000
1694831798603740024 190.816133 1039.401026 1053 200 0.000000
1694831799614950497 196.716665 1008.691990 1020 200 0.000000
1694831800616691407 200.564883 1034.199634 1036 200 0.000000
1694831801628126737 199.700862 971.886188 983 200 0.000000
1694831802634215165 196.459455 1029.730540 1036 200 0.000000
1694831803645668862 197.490753 1018.336180 1030 200 0.000000
1694831804650631839 200.698406 998.046793 1003 200 0.000000
1694831805658037103 200.435428 961.877058 969 200 0.000000
1694831806666998211 197.993645 1034.727588 1044 200 0.000000
1694831807677647896 194.521930 1012.220340 1023 200 0.000000
1694831808685678884 201.354639 1004.929403 1013 200 0.000000
1694831809691550378 195.489352 1030.946786 1037 200 0.000000
1694831810708515749 196.289950 1020.683749 1038 200 0.000000
1694831811715610930 192.821751 1038.630691 1046 200 0.000000
1694831812724724095 194.460276 1028.625931 1038 200 0.000000
1694831813738641125 193.194154 1020.793504 1035 200 0.000000
1694831814745090083 193.389349 1038.304145 1045 200 0.000000
1694831815751626825 196.363846 1006.421283 1013 200 0.000000
1694831816763141896 188.083138 1089.454864 1102 200 0.000000
1694831817769449851 191.971425 1037.455723 1044 200 0.000000
1694831818786447587 195.667367 998.035703 1015 200 0.000000
1694831819797189633 199.486852 1002.233842 1013 200 0.000000
1694831820807952131 201.684000 1003.203134 1014 200 0.000000
1694831821816973306 193.232603 1039.621445 1049 200 0.000000
1694831822828258994 200.658418 1002.683976 1014 200 0.000000
1694831823839089705 193.088442 1012.038903 1023 200 0.000000
1694831824849027887 196.713645 1007.982407 1018 200 0.000000
1694831825859793918 194.782226 1050.688338 1062 200 0.000000
1694831826867144332 188.673124 1060.207042 1068 200 0.000000
1694831827874618762 197.368571 1011.440013 1019 200 0.000000
1694831828884998103 198.353506 1015.460252 1026 200 0.000000
1694831829886537659 195.308618 1030.413502 1032 200 0.000000
1694831830899896198 197.628580 992.738490 1006 200 0.000000
1694831831915439982 196.447934 1021.127950 1037 200 0.000000
1694831832921968110 197.292506 1020.339005 1027 200 0.000000
1694831833926070199 199.021946 1012.845148 1017 200 0.000000
1694831834938253786 194.594112 1014.638070 1027 200 0.000000
1694831835947518793 199.604153 976.948671 986 200 0.000000
1694831836954748246 198.260778 1043.456281 1051 200 0.000000
1694831837961954054 197.406771 998.802894 1006 200 0.000000
1694831838962778325 201.689105 992.182139 993 200 0.000000
1694831839976687464 197.783700 1019.815197 1034 200 0.000000
1694831840986340954 198.616500 994.400632 1004 200 0.000000
1694831841995089490 197.159465 1011.153871 1020 200 0.000000
1694831843005280061 188.845780 1089.893339 1101 200 0.000000
1694831844013329654 196.546672 1005.902939 1014 200 0.000000
1694831845021411105 193.119599 1035.630488 1044 200 0.000000
1694831846027526412 200.729637 994.915890 1001 200 0.000000
1694831847042184525 194.978006 1015.120237 1030 199 0.000000
1694831848050794299 201.304917 973.617371 982 200 0.000000
1694831849057794821 199.089797 991.062100 998 200 0.000000
1694831850071540404 197.976781 1050.559485 1065 199 0.000000
1694831851079537703 190.484056 1047.621761 1056 200 0.000000
1694831852084443983 191.833582 1049.849189 1055 200 0.000000
1694831853094716496 199.932565 993.791252 1004 200 0.000000
1694831854092247156 197.243291 1017.512466 1015 200 0.000000
1694831855107098779 193.451650 1017.882895 1033 200 0.000000
1694831856108763121 198.807915 1021.300240 1023 200 0.000000
1694831857120097618 187.732656 1068.884776 1081 200 0.000000
1694831858127754699 188.918399 1044.998343 1053 200 0.000000
1694831859129134474 191.712016 1052.547687 1054 200 0.000000
1694831860144436339 190.217021 1041.069625 1057 200 0.000000
1694831861149099996 200.069471 1009.293023 1014 200 0.000000
1694831862144497434 192.737847 1037.776478 1033 199 0.000000
1694831863161806858 198.612969 994.780955 1012 200 0.000000
1694831864171524404 199.479282 1007.212226 1017 200 0.000000
1694831865178254849 197.480480 1031.060618 1038 200 0.000000
1694831866184126677 195.889520 999.133216 1005 200 0.000000
1694831867199267931 198.144573 990.995146 1006 200 0.000000
1694831868207210785 195.714993 1053.631172 1062 200 0.000000
1694831869211630523 193.333947 1029.450045 1034 200 0.000000
1694831870223389528 195.409123 1029.889581 1042 200 0.000000
1694831871234266445 208.071144 933.842572 944 200 0.000000
1694831872242620965 190.292358 1078.985657 1088 200 0.000000
1694831873254505908 192.016126 1037.667264 1050 200 0.000000
1694831874262959904 199.079144 990.625356 999 200 0.000000
1694831875273546312 197.815536 1016.241630 1027 200 0.000000
1694831876285552893 198.959364 1020.744305 1033 200 0.000000
1694831877293690016 200.053746 973.082020 981 200 0.000000
1694831878301168350 194.624465 1042.205996 1050 200 0.000000
1694831879306372712 195.308858 1045.558533 1051 200 0.000000
1694831880321666288 200.367388 990.846454 1006 200 0.000000
1694831881334660626 192.897841 1042.453961 1056 200 0.000000
1694831882341542978 194.979393 1017.000585 1024 200 0.000000
1694831883348853511 200.797590 999.691821 1007 200 0.000000
1694831884358613932 190.641114 1024.995623 1035 200 0.000000
1694831885371678006 192.264029 1049.291864 1063 200 0.000000
1694831886382678928 196.812619 1018.792406 1030 200 0.000000
1694831887387426959 193.962091 1022.146724 1027 200 0.000000
1694831888401010832 192.617956 1048.753835 1063 200 0.000000
1694831889407506272 197.332436 1014.411095 1021 200 0.000000
1694831890419654815 189.680464 1039.372989 1052 200 0.000000
1694831891428583263 192.090004 1058.548980 1068 200 0.000000
1694831892430476455 197.914042 1006.095238 1008 200 0.000000
1694831893448242626 196.120946 1032.653688 1051 200 0.000000
1694831894457001922 200.226101 967.525174 976 200 0.000000
1694831895464073132 200.875626 1005.887157 1013 200 0.000000
1694831896473459679 198.315062 1009.524061 1019 200 0.000000
1694831897474958972 207.394382 991.513221 993 200 0.000000
1694831898481315396 197.683247 974.803928 981 200 0.000000
1694831899495075005 197.735432 1023.911355 1038 200 0.000000
1694831900501945684 198.191044 1016.019254 1023 200 0.000000
1694831901514395466 191.922108 1050.916336 1064 200 0.000000
1694831902526707605 192.462639 1034.265897 1047 200 0.000000
1694831903528664530 193.224408 1027.988308 1030 200 0.000000
1694831904548342106 194.938135 1010.123304 1030 200 0.000000
1694831905555945514 195.368595 1045.054017 1053 200 0.000000
1694831906568567991 192.995389 1024.073580 1037 200 0.000000
1694831907569103305 192.655285 1066.429223 1067 200 0.000000
1694831908584720258 189.364606 1031.885040 1048 200 0.000000
1694831909592101625 194.156302 1005.577514 1013 200 0.000000
1694831910602255493 194.874174 1055.284778 1066 200 0.000000
1694831911610704213 194.907536 1030.295266 1039 200 0.000000
1694831912615826217 192.294977 1024.751247 1030 200 0.000000
1694831913626261467 194.128838 1041.135465 1052 200 0.000000
1694831914635911582 194.699035 1018.174573 1028 200 0.000000
1694831915644572208 194.159000 1038.010159 1047 200 0.000000
1694831916649629014 195.009004 1034.767337 1040 200 0.000000
1694831917656489459 198.739438 1004.111361 1011 200 0.000000
1694831918669517398 191.539500 1029.586661 1043 200 0.000000
1694831919666759870 193.820784 1028.836963 1026 200 0.000000
1694831920687939683 196.067569 1023.326149 1045 200 0.000000
1694831921691264758 192.356417 1045.523660 1049 200 0.000000
1694831922699568918 190.753001 1048.294547 1057 200 0.000000
1694831923712510763 192.706693 1041.520984 1055 200 0.000000
1694831924723090232 191.859267 1024.164840 1035 200 0.000000
1694831925730934007 192.645751 1068.618063 1077 200 0.000000
1694831926742416380 196.352372 991.613887 1003 200 0.000000
1694831927741478918 189.860427 1082.014287 1081 200 0.000000
1694831928761058369 191.900875 1030.817221 1051 200 0.000000
1694831929770950868 192.021713 1035.753891 1046 200 0.000000
1694831930781368916 192.797210 1045.111863 1056 200 0.000000
1694831931787927249 192.992874 1024.282372 1031 200 0.000000
1694831932782008934 191.429685 1046.191767 1040 199 0.000000
1694831933806238576 193.172544 1050.545696 1076 200 0.000000
1694831934810067732 191.566858 1044.998518 1049 200 0.000000
1694831935822544749 189.186993 1058.789479 1072 200 0.000000
1694831936827607839 190.990012 1022.821335 1028 200 0.000000
1694831937832048062 203.409733 979.650135 984 200 0.000000
1694831938841202371 195.982365 1024.620329 1034 200 0.000000
1694831939848373951 192.124538 1033.587498 1041 200 0.000000
1694831940857328307 200.414680 999.054153 1008 200 0.000000
1694831941858458319 199.410811 1006.862132 1008 200 0.000000
1694831942868797524 207.864754 984.817743 995 200 0.000000
1694831943876471069 195.288838 1011.240279 1019 200 0.000000
1694831944884901246 194.875981 1043.205613 1052 200 0.000000
1694831945893514253 202.527942 948.827758 957 200 0.000000
1694831946895722679 190.283071 1083.606899 1086 200 0.000000
1694831947906823532 191.914286 1030.559941 1042 200 0.000000
