1693995730675996394 144.512345 0.000000
1693995731111107340 144.483933 0.000000
1693995731400853024 144.721235 0.000000
1693995732050906824 144.584141 0.000000
1693995733354343229 144.554753 0.000000
1693995733425903007 144.460429 0.000000
1693995734077714111 144.476050 0.000000
1693995734657571335 144.537114 0.000000
1693995735525799157 144.894708 0.000000
1693995735887056513 144.796648 0.000000
1693995736031044860 144.573840 0.000000
1693995736755664229 144.482460 0.000000
1693995737767690737 144.503890 0.000000
1693995738925609782 144.570760 0.000000
1693995740444142472 144.520954 0.000000
1693995741095257207 144.600750 0.000000
1693995741529242271 144.661185 0.000000
1693995741602263902 144.450400 0.000000
1693995742327376888 145.439936 0.000000
1693995742398592788 144.563789 0.000000
1693995742616759488 144.608187 0.000000
1693995743773635169 144.722854 0.000000
1693995744280543310 144.494553 0.000000
1693995745945142025 144.783559 0.000000
1693995747103196665 144.635962 0.000000
1693995747537559336 144.619513 0.000000
1693995747610341822 144.600614 0.000000
1693995747682748674 144.747556 0.000000
1693995748261552370 144.612798 0.000000
1693995748551055166 144.567788 0.000000
1693995748622174384 144.537428 0.000000
1693995749925727556 144.518698 0.000000
1693995750286055231 144.663305 0.000000
1693995751371531475 144.526692 0.000000
1693995751372489201 144.612667 0.000000
1693995751444576821 144.681682 0.000000
1693995751806813653 144.657361 0.000000
1693995752023449622 144.800900 0.000000
1693995752311225669 144.845870 0.000000
1693995753471323833 144.535718 0.000000
1693995753831584613 144.412512 0.000000
1693995754771905689 144.487016 0.000000
1693995754772853206 144.440207 0.000000
1693995756217697394 144.503118 0.000000
1693995756218318884 144.463546 0.000000
1693995757231697795 144.543467 0.000000
1693995758895341916 144.518223 0.000000
1693995759402171139 144.544339 0.000000
1693995759617019959 144.570795 0.000000
1693995760704107206 144.560211 0.000000
1693995762003975779 144.607460 0.000000
1693995762221112316 144.588967 0.000000
1693995762367652292 144.554898 0.000000
1693995763307462371 144.469761 0.000000
1693995764827178350 144.630630 0.000000
1693995765045274782 144.837351 0.000000
1693995766563480734 144.761048 0.000000
1693995767577860920 144.554528 0.000000
1693995768010892629 144.709257 0.000000
1693995768370946503 144.633922 0.000000
1693995769024222305 144.405827 0.000000
1693995769529537830 144.528191 0.000000
1693995769746553726 144.652194 0.000000
1693995770832267817 144.561669 0.000000
1693995771193699373 144.528822 0.000000
1693995771264996276 144.663846 0.000000
1693995772061756934 144.495965 0.000000
1693995772205006453 144.763002 0.000000
1693995772422284759 144.472547 0.000000
1693995773000699997 144.523991 0.000000
1693995773579363015 144.546895 0.000000
1693995773796488360 144.692277 0.000000
1693995774447917190 144.484550 0.000000
1693995774449960760 144.431116 0.000000
1693995774664787137 144.518819 0.000000
1693995775894987588 144.707593 0.000000
1693995776835299737 144.567893 0.000000
1693995777052377367 144.629601 0.000000
1693995777705126715 144.902732 0.000000
1693995777993440777 144.598420 0.000000
1693995779297004588 144.503249 0.000000
1693995779441072093 144.561952 0.000000
1693995780020041999 144.548448 0.000000
1693995780309652233 144.586210 0.000000
1693995782408133213 144.547125 0.000000
1693995782623994526 144.577591 0.000000
1693995783131616290 144.613024 0.000000
1693995783493289658 144.561207 0.000000
1693995783926509178 144.661695 0.000000
1693995783926785986 144.675535 0.000000
1693995784360198038 144.575860 0.000000
1693995785373472706 144.842256 0.000000
1693995786602227712 144.722001 0.000000
1693995786675201106 144.511327 0.000000
1693995787905287646 145.044706 0.000000
1693995789064372905 144.688980 0.000000
1693995790292473039 144.538048 0.000000
1693995790293171953 144.527775 0.000000
1693995790799523967 144.701705 0.000000
1693995791089505213 144.696959 0.000000
1693995791884887407 144.626905 0.000000
1693995792174582098 144.688355 0.000000
1693995793332095068 144.739141 0.000000
1693995793402627620 144.520298 0.000000
1693995794705842414 144.871454 0.000000
1693995794779119879 144.808202 0.000000
1693995794851282624 145.290633 0.000000
1693995795502098619 144.569683 0.000000
1693995795717985732 144.657030 0.000000
1693995797960467180 144.673994 0.000000
1693995800348648312 144.642356 0.000000
1693995800783270271 144.588251 0.000000
1693995801652556457 144.512029 0.000000
1693995805123505407 144.548333 0.000000
1693995805990549803 144.595802 0.000000
1693995806714802453 144.646548 0.000000
1693995807005032624 144.523275 0.000000
1693995807365163051 144.578398 0.000000
1693995807437536345 144.726858 0.000000
1693995807438409189 144.463656 0.000000
1693995807439360179 144.468267 0.000000
1693995809463314358 144.905022 0.000000
1693995809825381636 144.538916 0.000000
1693995809826206864 144.521616 0.000000
1693995810259365853 144.479844 0.000000
1693995811924665921 144.527058 0.000000
1693995812069414198 144.780964 0.000000
1693995812213331850 144.613224 0.000000
1693995813298323797 144.509162 0.000000
1693995813516879342 144.460679 0.000000
1693995814239229486 144.660584 0.000000
1693995816265691333 144.548912 0.000000
1693995816843540930 144.663261 0.000000
1693995817349594032 144.660124 0.000000
1693995817784286888 144.518679 0.000000
1693995818000706152 144.631892 0.000000
1693995818074058407 144.588654 0.000000
1693995818725464187 145.000353 0.000000
1693995819738789016 144.664688 0.000000
1693995819955503722 144.513402 0.000000
1693995820316800103 144.565072 0.000000
1693995822054066240 144.621563 0.000000
1693995822488944905 144.561688 0.000000
1693995822632578016 144.527870 0.000000
1693995822777184704 144.590371 0.000000
1693995823356865402 144.510054 0.000000
1693995824441297303 144.511733 0.000000
1693995825165075320 144.550598 0.000000
1693995825816371330 145.035585 0.000000
1693995826538608527 144.622225 0.000000
1693995826972605849 144.626033 0.000000
1693995828203197196 144.492809 0.000000
1693995830662719297 144.472507 0.000000
1693995832472191834 144.858579 0.000000
1693995833412314377 144.720066 0.000000
1693995834062200350 144.583294 0.000000
1693995834859436614 144.487772 0.000000
1693995836884560520 144.485818 0.000000
1693995837173385579 144.599823 0.000000
1693995837680053978 144.568785 0.000000
1693995837896792529 144.614782 0.000000
1693995841301100966 144.684444 0.000000
1693995843037131104 144.421893 0.000000
1693995843107572609 144.647393 0.000000
1693995843325447977 144.803861 0.000000
1693995846004792787 144.641977 0.000000
1693995846291702455 144.668682 0.000000
1693995846655656467 144.634122 0.000000
1693995847667788534 144.707808 0.000000
1693995848608300457 144.543363 0.000000
1693995848680285567 144.450117 0.000000
1693995850416719249 144.613274 0.000000
1693995850488978072 144.712344 0.000000
1693995851213504229 144.484314 0.000000
1693995852513379214 144.660700 0.000000
1693995852948763976 144.966756 0.000000
1693995855841967262 144.582562 0.000000
1693995855915742675 144.668563 0.000000
1693995856132792801 144.705914 0.000000
1693995856203809127 144.615394 0.000000
1693995857723317456 144.526627 0.000000
1693995858157388569 144.548666 0.000000
1693995859316245427 144.774724 0.000000
1693995860545386172 144.500101 0.000000
1693995860759908884 144.550648 0.000000
1693995860832135568 144.657747 0.000000
1693995862208818203 144.552637 0.000000
1693995862713270937 144.628625 0.000000
1693995863149119100 144.690072 0.000000
1693995863364873570 144.607475 0.000000
1693995863655312775 144.487396 0.000000
1693995865100895077 144.586101 0.000000
1693995865825030830 144.650413 0.000000
1693995866981360143 144.554813 0.000000
1693995867487760689 144.607775 0.000000
1693995867923029912 144.541657 0.000000
1693995868864235722 144.763202 0.000000
1693995869224721835 144.870972 0.000000
1693995869443086836 144.758641 0.000000
1693995872047589272 144.513727 0.000000
1693995872192082802 144.618936 0.000000
1693995873423290612 144.499019 0.000000
1693995876245090527 144.522648 0.000000
1693995876967608451 144.704375 0.000000
1693995878343426807 144.951840 0.000000
1693995878850394120 144.706389 0.000000
1693995880947916232 144.868968 0.000000
1693995881382732297 144.623497 0.000000
1693995884928332541 144.549366 0.000000
1693995885798029346 144.612221 0.000000
1693995886810027390 144.575475 0.000000
1693995887027228862 144.661195 0.000000
1693995887607499355 144.454319 0.000000
1693995888112900418 144.723325 0.000000
1693995888619427026 144.850755 0.000000
1693995889343214865 144.504651 0.000000
1693995890139662320 144.464869 0.000000
1693995891370489188 144.705062 0.000000
1693995892239186209 144.581023 0.000000
1693995892528146811 144.477596 0.000000
1693995892600275659 144.507347 0.000000
1693995892889335479 144.588191 0.000000
1693995896580115903 144.479552 0.000000
1693995896581086749 144.562820 0.000000
1693995898387795286 144.568210 0.000000
1693995898822318320 144.435501 0.000000
