1695147175200291925 144.546960 0.000000
1695147175236946126 144.477501 0.000000
1695147175309389586 144.553877 0.000000
1695147175454176302 144.481985 0.000000
1695147175597943681 144.377706 0.000000
1695147175598164270 144.377775 0.000000
1695147175670487093 145.123875 0.000000
1695147175670673276 144.390017 0.000000
1695147175671040887 144.476184 0.000000
1695147175960364744 144.751603 0.000000
1695147175960471741 144.485679 0.000000
1695147176177484010 144.457007 0.000000
1695147176467297265 144.648256 0.000000
1695147176539013643 144.586846 0.000000
1695147176683988110 144.484666 0.000000
1695147176756255640 144.651802 0.000000
1695147176756305041 144.626354 0.000000
1695147176756451154 144.450892 0.000000
1695147176828180320 144.471661 0.000000
1695147176973541557 144.693027 0.000000
1695147177046105248 144.577574 0.000000
1695147177118499459 144.584678 0.000000
1695147177190140361 144.374158 0.000000
1695147177190461164 144.434022 0.000000
1695147177190841966 144.421597 0.000000
1695147177335296873 144.482358 0.000000
1695147177479333197 144.563437 0.000000
1695147177479353236 144.396377 0.000000
1695147177552324885 144.348315 0.000000
1695147177696608909 144.653619 0.000000
1695147177697069654 144.654716 0.000000
1695147177768855304 144.781093 0.000000
1695147177841110444 144.430978 0.000000
1695147177985986135 144.653712 0.000000
1695147178058493293 144.655323 0.000000
1695147178203068140 144.565775 0.000000
1695147178275320779 144.631658 0.000000
1695147178275969369 144.510666 0.000000
1695147178420456269 144.384820 0.000000
1695147178564902519 144.755820 0.000000
1695147178565572643 144.759773 0.000000
1695147178637496547 144.428367 0.000000
1695147178637933969 144.543261 0.000000
1695147178709422801 144.513977 0.000000
1695147178782107140 144.383175 0.000000
1695147178854811315 144.561980 0.000000
1695147178998709418 144.556174 0.000000
1695147179287856507 144.627110 0.000000
1695147179288434110 144.390563 0.000000
1695147179289070932 144.605995 0.000000
1695147179433722234 144.645090 0.000000
1695147179433749368 144.535294 0.000000
1695147179650531725 144.373826 0.000000
1695147179723304773 144.487123 0.000000
1695147179867693413 144.410127 0.000000
1695147179867700384 144.387238 0.000000
1695147180048203394 144.499019 0.000000
1695147180085047071 144.503949 0.000000
1695147180085443287 144.493212 0.000000
1695147180157086821 144.633274 0.000000
1695147180157307210 144.481362 0.000000
1695147180301587078 144.491050 0.000000
1695147180301905345 144.480274 0.000000
1695147180374192248 144.698680 0.000000
1695147180518531795 144.455019 0.000000
1695147180664220457 144.714167 0.000000
1695147180880155881 144.437021 0.000000
1695147181025851236 144.473204 0.000000
1695147181603182484 144.470118 0.000000
1695147181603232279 144.504664 0.000000
1695147181675484345 144.566474 0.000000
1695147181748816287 144.417482 0.000000
1695147181821118063 144.456450 0.000000
1695147181892654873 144.813360 0.000000
1695147181965201022 144.401237 0.000000
1695147181965320890 144.467922 0.000000
1695147182110028696 144.393323 0.000000
1695147182110255789 144.466900 0.000000
1695147182290610565 144.733194 0.000000
1695147182326676827 144.438672 0.000000
1695147182327723334 144.935205 0.000000
1695147182435053079 144.426710 0.000000
1695147182760578196 144.583160 0.000000
1695147182761792782 144.452087 0.000000
1695147182834214233 144.474762 0.000000
1695147182941698810 144.760248 0.000000
1695147182978575315 144.481770 0.000000
1695147183050603444 144.524359 0.000000
1695147183050970199 144.469693 0.000000
1695147183195767834 144.786986 0.000000
1695147183231586469 145.108678 0.000000
1695147183268201226 144.606604 0.000000
1695147183485063944 144.544652 0.000000
1695147183557846990 144.519630 0.000000
1695147184136214350 145.262515 0.000000
1695147184208949110 144.603330 0.000000
1695147184353551656 144.830033 0.000000
1695147184426406477 144.596243 0.000000
1695147184498704557 144.414603 0.000000
1695147184607004881 144.963627 0.000000
1695147184716290648 144.691362 0.000000
1695147184932598551 144.580198 0.000000
1695147184932811366 144.409374 0.000000
1695147184933464419 144.568440 0.000000
1695147185077138340 144.527151 0.000000
1695147185077512726 144.646470 0.000000
1695147185439260010 144.772101 0.000000
1695147185584464095 144.465606 0.000000
1695147185584738411 144.649768 0.000000
1695147185801548651 144.603760 0.000000
1695147185873252240 144.380301 0.000000
1695147186307841019 144.756055 0.000000
1695147186452325075 144.492667 0.000000
1695147186453116452 144.967906 0.000000
1695147186453119939 144.820790 0.000000
1695147186453198609 144.819374 0.000000
1695147186560953601 144.885476 0.000000
1695147186597452141 144.390033 0.000000
1695147186597974459 144.759090 0.000000
1695147186814454316 144.601526 0.000000
1695147186959466429 145.052935 0.000000
1695147187321078814 144.431578 0.000000
1695147187321360299 144.423510 0.000000
1695147187321841906 144.649179 0.000000
1695147187393468539 144.552555 0.000000
1695147187466033793 144.664310 0.000000
1695147187501850460 144.615610 0.000000
1695147187538631812 144.437865 0.000000
1695147187683012874 144.513775 0.000000
1695147187755438335 144.405104 0.000000
1695147187973121134 144.604641 0.000000
1695147188044831348 144.338322 0.000000
1695147188117584445 144.403138 0.000000
1695147188334173197 144.392317 0.000000
1695147188334259789 144.436696 0.000000
1695147188405845990 144.458717 0.000000
1695147188478990037 144.389186 0.000000
1695147188479448052 144.463643 0.000000
1695147188623244636 144.428136 0.000000
1695147188623423574 144.422616 0.000000
1695147188840578523 144.375579 0.000000
1695147188912252572 144.449157 0.000000
1695147189130230019 144.394012 0.000000
1695147189346694414 144.517984 0.000000
1695147189346724495 144.476238 0.000000
1695147189347216039 144.485685 0.000000
1695147189491369440 144.639379 0.000000
1695147189635798002 144.443404 0.000000
1695147189925514452 144.395126 0.000000
1695147189925936872 144.450443 0.000000
1695147190069906783 144.576773 0.000000
1695147190142515213 144.455243 0.000000
1695147190287197572 144.590033 0.000000
1695147190358973567 144.460648 0.000000
1695147190359288134 144.450149 0.000000
1695147190432028454 144.449107 0.000000
1695147190575779086 144.531566 0.000000
1695147190576963043 144.598999 0.000000
1695147190648693143 144.423709 0.000000
1695147190720524988 144.447619 0.000000
1695147190792918134 144.485984 0.000000
1695147191010474271 144.400150 0.000000
1695147191155410896 144.445657 0.000000
1695147191372149945 144.484880 0.000000
1695147192168200347 144.464403 0.000000
1695147192240204762 144.385715 0.000000
1695147192384718609 144.623188 0.000000
1695147192385214802 144.562807 0.000000
1695147192456940739 144.489381 0.000000
1695147192674106939 144.647371 0.000000
1695147192674322018 144.752817 0.000000
1695147192674386435 144.682953 0.000000
1695147193036283961 144.598697 0.000000
1695147193107862373 144.450301 0.000000
1695147193325864133 144.504833 0.000000
1695147193360885675 144.569372 0.000000
1695147193542343225 144.399472 0.000000
1695147193613998404 144.396550 0.000000
1695147193831344804 144.709714 0.000000
1695147193975752028 144.442872 0.000000
1695147194048183597 144.454931 0.000000
1695147194265206984 144.587087 0.000000
1695147194337796436 144.595593 0.000000
1695147194338217332 144.659739 0.000000
1695147194518546213 144.769451 0.000000
1695147194555563796 144.502677 0.000000
1695147194626921572 144.478065 0.000000
1695147194771836567 144.432476 0.000000
1695147194844660168 144.450880 0.000000
1695147194844685143 144.372169 0.000000
1695147195133366652 144.543795 0.000000
1695147195205922710 144.580592 0.000000
1695147195351043844 144.441347 0.000000
1695147195495887623 144.640507 0.000000
1695147195713062596 144.507751 0.000000
1695147195713377450 144.696471 0.000000
1695147195858083926 144.692760 0.000000
1695147195858244861 144.801955 0.000000
1695147196002171402 144.722919 0.000000
1695147196002880124 144.468107 0.000000
1695147196074896638 144.506401 0.000000
1695147196219761800 144.856378 0.000000
1695147196291794273 144.430017 0.000000
1695147196436702396 144.449097 0.000000
1695147196508821897 144.438440 0.000000
1695147196581197692 144.358306 0.000000
1695147196581919487 144.511223 0.000000
1695147196726279668 144.423652 0.000000
1695147197087577595 144.507344 0.000000
1695147197231636577 144.487079 0.000000
1695147197305448993 144.659527 0.000000
1695147197955326173 144.461950 0.000000
1695147197955748950 144.472663 0.000000
1695147198027617956 144.541334 0.000000
1695147198027903897 144.462170 0.000000
1695147198063616560 144.518110 0.000000
1695147198244600356 144.562332 0.000000
1695147198245096245 144.478949 0.000000
1695147198390240005 144.471749 0.000000
1695147198462017920 144.501180 0.000000
1695147198462035640 144.532121 0.000000
1695147198606336085 144.482723 0.000000
1695147198824152045 144.356479 0.000000
1695147198895926319 144.728220 0.000000
1695147198896238018 144.561952 0.000000
1695147198932175847 144.877852 0.000000
1695147198968315375 144.584787 0.000000
1695147199040475316 144.534893 0.000000
1695147199040499418 144.562264 0.000000
1695147199040864930 144.589619 0.000000
1695147199076625611 144.434124 0.000000
1695147199185098289 144.472321 0.000000
1695147199330256318 144.552164 0.000000
1695147199330304030 144.452321 0.000000
1695147199474246053 144.523641 0.000000
1695147199764198639 144.442134 0.000000
1695147199908614491 144.640467 0.000000
1695147199908691448 144.484944 0.000000
1695147199909075236 144.400187 0.000000
1695147199980806028 144.568045 0.000000
1695147200126199591 144.693931 0.000000
1695147200488200768 144.725703 0.000000
1695147200560389849 144.645001 0.000000
1695147200560818616 144.530414 0.000000
1695147200560858303 144.528904 0.000000
1695147200633237581 144.489826 0.000000
1695147200705213875 144.348553 0.000000
1695147200705418381 144.468723 0.000000
1695147200777659652 144.480951 0.000000
1695147200777998435 144.589569 0.000000
1695147200849793460 144.577938 0.000000
1695147200850262985 144.693214 0.000000
1695147200922426588 144.506720 0.000000
1695147200922484094 144.504958 0.000000
1695147201428911989 144.407812 0.000000
1695147201573275660 144.480960 0.000000
1695147201718255576 144.542757 0.000000
1695147201862726365 144.454210 0.000000
1695147201935599551 144.545283 0.000000
1695147202007434529 144.410288 0.000000
1695147202079374255 144.557885 0.000000
1695147202368744205 144.459317 0.000000
1695147202441525225 144.606459 0.000000
1695147202513836057 144.487314 0.000000
1695147202658195382 144.415501 0.000000
1695147202948136019 144.434810 0.000000
1695147202948194813 144.431894 0.000000
1695147203019805640 144.647418 0.000000
1695147203092807733 144.682236 0.000000
1695147203382174671 144.612764 0.000000
1695147203454012297 144.776569 0.000000
1695147203526821193 144.552904 0.000000
1695147203598692698 144.667332 0.000000
1695147203598718743 144.446792 0.000000
1695147203743128999 144.417044 0.000000
1695147203816502150 144.549153 0.000000
1695147203888178736 144.488468 0.000000
1695147203888233900 144.504651 0.000000
1695147203960966147 144.365339 0.000000
1695147204033040062 144.847189 0.000000
1695147204033210977 144.454566 0.000000
1695147204105229578 145.038619 0.000000
1695147204141051090 144.528462 0.000000
1695147204178137211 144.749418 0.000000
1695147204178312214 144.735427 0.000000
1695147204250396743 144.530493 0.000000
1695147204322516808 144.405085 0.000000
1695147204322949833 144.484014 0.000000
1695147204394553972 144.668883 0.000000
1695147204685786219 144.652911 0.000000
1695147204757591204 144.416855 0.000000
1695147204830081785 144.355868 0.000000
1695147204830347764 144.546831 0.000000
1695147204830398366 144.454001 0.000000
1695147205046797209 144.504557 0.000000
1695147205191992902 144.532144 0.000000
1695147205336030581 144.731659 0.000000
1695147205372056796 144.546419 0.000000
1695147205408977582 144.410198 0.000000
1695147205481124517 144.459876 0.000000
1695147205626028004 144.647358 0.000000
1695147205626268016 144.744640 0.000000
1695147205697957697 144.627471 0.000000
1695147205698420563 144.619247 0.000000
1695147205698449318 144.607517 0.000000
1695147205843293269 144.863529 0.000000
1695147205915814387 144.522652 0.000000
1695147205987848766 144.357694 0.000000
1695147206132315958 144.507126 0.000000
1695147206132774836 144.646650 0.000000
1695147206421251174 144.502036 0.000000
1695147206493841665 144.615739 0.000000
1695147206566987551 144.417100 0.000000
1695147206855505775 144.598607 0.000000
1695147207000296863 144.787968 0.000000
1695147207144911262 144.600371 0.000000
1695147207362338917 144.732955 0.000000
1695147207869896311 144.775306 0.000000
1695147207942798388 144.688987 0.000000
1695147208015108360 144.453304 0.000000
1695147208087120370 144.718246 0.000000
1695147208122763041 144.454522 0.000000
1695147208231666269 144.426541 0.000000
1695147208232270898 144.440900 0.000000
1695147208304260677 144.442601 0.000000
1695147208304751112 144.483169 0.000000
1695147208449264980 144.445538 0.000000
1695147208593400772 144.435036 0.000000
1695147208593741450 144.459748 0.000000
1695147208738307058 144.484369 0.000000
1695147208738399369 144.407762 0.000000
1695147208883180450 144.411489 0.000000
1695147209027012478 144.409563 0.000000
1695147209027264607 144.404044 0.000000
1695147209027879130 144.496049 0.000000
1695147209027901896 144.487284 0.000000
1695147209100022519 144.467674 0.000000
1695147209244087398 144.517680 0.000000
1695147209244766234 144.573072 0.000000
1695147209244795107 144.527868 0.000000
1695147209388744499 144.622332 0.000000
1695147209461189497 144.486481 0.000000
1695147209605913022 144.705782 0.000000
1695147209678342516 144.608852 0.000000
1695147209895886121 144.602946 0.000000
1695147210112811124 144.457755 0.000000
1695147210401935162 144.648463 0.000000
1695147210474011076 144.652559 0.000000
1695147211125472941 144.550339 0.000000
1695147211126018512 144.465271 0.000000
1695147211126051274 144.460098 0.000000
1695147211197919570 144.711973 0.000000
1695147211342640035 144.547347 0.000000
1695147211560149312 144.476738 0.000000
1695147211631998314 144.415803 0.000000
1695147211704011593 144.478071 0.000000
1695147211704441972 144.451643 0.000000
1695147212138758439 144.414355 0.000000
1695147212283139754 144.472697 0.000000
1695147212427674610 144.519861 0.000000
1695147212572795191 144.513080 0.000000
1695147212717209483 144.400067 0.000000
1695147212717669602 144.573248 0.000000
1695147212717921670 144.452113 0.000000
1695147212753065013 144.512225 0.000000
1695147212934110560 144.696394 0.000000
1695147213007191075 144.477026 0.000000
1695147213079339424 144.478201 0.000000
1695147213223409205 144.588115 0.000000
1695147213223751460 144.433399 0.000000
1695147213296127778 144.692517 0.000000
1695147213368960158 144.784408 0.000000
1695147213730036812 144.592206 0.000000
1695147213802382209 144.458479 0.000000
1695147213947717353 144.472625 0.000000
1695147214019195029 144.527934 0.000000
1695147214019865792 144.492949 0.000000
1695147214091844555 144.421398 0.000000
1695147214164378969 144.495305 0.000000
1695147214164778036 144.486574 0.000000
1695147214237197838 144.468596 0.000000
1695147214272501731 144.615352 0.000000
1695147214308733244 144.641301 0.000000
1695147214381254351 144.499204 0.000000
1695147214381614659 144.407839 0.000000
1695147214453859975 144.382737 0.000000
1695147214599222309 145.013579 0.000000
1695147214599289574 144.947394 0.000000
1695147214671425171 145.308997 0.000000
1695147214671701475 144.943102 0.000000
1695147214816512147 144.694746 0.000000
1695147215105922158 144.580064 0.000000
1695147215141547220 144.559006 0.000000
1695147215322861547 144.690352 0.000000
1695147215322905800 144.493723 0.000000
1695147215395070678 144.727258 0.000000
1695147215395676554 144.471753 0.000000
1695147215467586690 144.428760 0.000000
1695147215540331431 144.535686 0.000000
1695147215612185930 144.348315 0.000000
1695147215612566612 144.701812 0.000000
1695147215757263056 144.551178 0.000000
1695147215973851537 144.579122 0.000000
1695147216046622010 144.428565 0.000000
1695147216118952671 144.411296 0.000000
1695147216697346052 144.562912 0.000000
1695147216769777871 144.484506 0.000000
1695147216769821061 144.668351 0.000000
1695147216770582275 144.559040 0.000000
1695147216914562278 144.828025 0.000000
1695147217059692507 144.835746 0.000000
1695147217059757564 144.773123 0.000000
1695147217131612382 144.485463 0.000000
1695147217204530095 144.747715 0.000000
1695147217276175196 144.545840 0.000000
1695147217276200684 144.419874 0.000000
1695147217348769978 144.452625 0.000000
1695147217494355158 144.630730 0.000000
1695147217565700680 144.785959 0.000000
1695147217638594173 144.562239 0.000000
1695147217855818314 144.460577 0.000000
1695147218000187350 144.483942 0.000000
1695147218144651932 144.722442 0.000000
1695147218434716730 144.534714 0.000000
1695147218434737321 144.529095 0.000000
1695147218542666982 144.611505 0.000000
1695147218579472138 144.450259 0.000000
1695147218651034138 144.464823 0.000000
1695147218723718558 144.667613 0.000000
1695147218723903363 144.422360 0.000000
1695147218724170078 144.429981 0.000000
1695147219013664153 144.840215 0.000000
1695147219086082879 144.725812 0.000000
1695147219302646992 144.453821 0.000000
1695147219303065663 144.446559 0.000000
1695147219519991803 144.590151 0.000000
1695147219737075847 144.412405 0.000000
1695147219809131040 144.603903 0.000000
1695147219881614711 144.615544 0.000000
1695147219954019319 144.521010 0.000000
1695147220026737094 144.463976 0.000000
1695147220170733052 144.502584 0.000000
1695147220315446171 144.502798 0.000000
1695147220315753395 144.442745 0.000000
1695147220568708491 144.492123 0.000000
1695147220822201023 144.441670 0.000000
1695147220967083762 144.397404 0.000000
1695147221111697933 144.436416 0.000000
1695147221473334344 144.579063 0.000000
1695147221618572168 144.569179 0.000000
1695147221691337048 144.689336 0.000000
1695147221763027015 144.475398 0.000000
1695147221907905858 144.661127 0.000000
1695147221908511422 144.571339 0.000000
1695147221979992390 144.414247 0.000000
1695147221980536942 144.514947 0.000000
1695147222052946230 144.473043 0.000000
1695147222053173979 144.503769 0.000000
1695147222124901676 144.577955 0.000000
1695147222269152760 144.434266 0.000000
1695147222414031134 144.520371 0.000000
1695147222631007264 144.507603 0.000000
1695147222631253006 144.567481 0.000000
1695147222775631891 144.608486 0.000000
1695147222848620364 144.632762 0.000000
1695147223282711037 144.439973 0.000000
1695147223354898789 144.662030 0.000000
1695147223500362718 144.529439 0.000000
1695147223644371096 144.545588 0.000000
1695147223934090149 144.570367 0.000000
1695147224006406881 144.629338 0.000000
1695147224079099721 144.410754 0.000000
1695147224223577651 144.565893 0.000000
1695147224369038196 144.614377 0.000000
1695147224440366210 144.481106 0.000000
1695147224585326824 144.411349 0.000000
1695147224657555887 144.551100 0.000000
1695147224657822123 144.412567 0.000000
1695147224874664628 144.533666 0.000000
1695147224946983562 144.570362 0.000000
1695147224947027186 144.517562 0.000000
1695147225092086762 144.759057 0.000000
1695147225237185515 144.670699 0.000000
1695147225308817534 144.521930 0.000000
1695147225453778545 144.661816 0.000000
1695147225526255527 144.669512 0.000000
1695147225598374264 144.577806 0.000000
1695147225815362865 144.572750 0.000000
1695147225815796769 144.448622 0.000000
1695147226032808753 144.727967 0.000000
1695147226068653378 144.556044 0.000000
1695147226177741789 144.467521 0.000000
1695147226322246259 144.715355 0.000000
1695147226322533689 144.564824 0.000000
1695147226394608814 144.447673 0.000000
1695147226611419184 144.615447 0.000000
1695147226611518605 144.654630 0.000000
1695147226611692161 144.612984 0.000000
1695147226683942170 144.602286 0.000000
1695147226828654770 144.474769 0.000000
1695147226828855651 144.454867 0.000000
1695147226901202231 144.536473 0.000000
1695147226973134820 144.491672 0.000000
1695147226973348881 144.683935 0.000000
1695147227189835070 144.396999 0.000000
1695147227262149509 144.810945 0.000000
1695147227479098404 144.451887 0.000000
1695147227479359716 144.387655 0.000000
1695147227587371579 144.568130 0.000000
1695147227623537393 144.467405 0.000000
1695147227768087088 144.389856 0.000000
1695147227840439248 144.770533 0.000000
1695147227913366963 144.470219 0.000000
1695147227985415350 144.406076 0.000000
1695147228130139206 144.409776 0.000000
1695147228202409109 144.412313 0.000000
1695147228274470627 144.635820 0.000000
1695147228382831132 144.473262 0.000000
1695147228780823016 144.525103 0.000000
1695147228781469491 144.468928 0.000000
1695147229142632531 144.615212 0.000000
1695147229359781953 144.887507 0.000000
1695147229359805973 144.870846 0.000000
1695147229577414316 144.578578 0.000000
1695147229721560333 144.673595 0.000000
1695147229793756992 144.565016 0.000000
1695147229794519167 144.536691 0.000000
1695147229866793708 144.579853 0.000000
1695147229938846496 144.509496 0.000000
1695147230011229586 144.419445 0.000000
1695147230011398644 144.511066 0.000000
1695147230083323891 144.465439 0.000000
1695147230083760000 144.364649 0.000000
1695147230228452163 144.613041 0.000000
1695147230300454743 144.447387 0.000000
1695147230373121039 144.643865 0.000000
1695147230662671118 144.578364 0.000000
1695147230807327780 144.560736 0.000000
1695147230879387424 144.762649 0.000000
1695147230879407487 144.693224 0.000000
1695147231096576800 144.732224 0.000000
1695147231168735296 144.543350 0.000000
1695147231241106271 144.516759 0.000000
1695147231314275024 144.673146 0.000000
1695147231349551161 144.526886 0.000000
1695147231386134794 144.449199 0.000000
1695147231459037359 144.609313 0.000000
1695147231820014952 144.561895 0.000000
1695147232037423390 144.532179 0.000000
1695147232109562839 144.722672 0.000000
1695147232110301596 144.440970 0.000000
1695147232182017515 144.565652 0.000000
1695147232326572898 144.546597 0.000000
1695147232326642531 144.545620 0.000000
1695147232471746836 144.751935 0.000000
1695147232616726996 144.861394 0.000000
1695147232616749110 144.854420 0.000000
1695147232833171196 144.370007 0.000000
1695147233050177602 144.442518 0.000000
1695147233050517055 144.530997 0.000000
1695147233051000848 144.615975 0.000000
1695147233267636343 144.596363 0.000000
1695147233267863834 144.424642 0.000000
1695147233412123278 144.473129 0.000000
1695147233412477118 144.598956 0.000000
1695147233412650361 144.537654 0.000000
1695147233484663594 144.597349 0.000000
1695147233484753870 144.594490 0.000000
1695147233557190870 144.493284 0.000000
1695147233701679165 144.448757 0.000000
1695147233773684993 144.417942 0.000000
1695147233918627777 144.676678 0.000000
1695147233991291975 144.429970 0.000000
1695147234135785368 144.823404 0.000000
1695147234497844647 144.422556 0.000000
1695147234714706842 144.675697 0.000000
1695147234715258725 144.524331 0.000000
1695147234859776903 144.499867 0.000000
1695147235148764328 144.876924 0.000000
1695147235148819964 144.636448 0.000000
1695147235293485120 144.688872 0.000000
1695147235438782526 144.649751 0.000000
1695147235510893212 144.782238 0.000000
1695147235511145291 144.706156 0.000000
1695147235800704528 144.571638 0.000000
1695147235873042636 144.746128 0.000000
1695147235944856441 144.609695 0.000000
1695147236125337440 144.440369 0.000000
1695147236234297356 144.471632 0.000000
1695147236234745209 144.411644 0.000000
1695147236234767906 144.578660 0.000000
1695147236306684551 144.588091 0.000000
1695147236451601053 144.613562 0.000000
1695147236668895830 144.687180 0.000000
1695147236740745862 144.546309 0.000000
1695147236740978870 144.375638 0.000000
1695147236885940777 144.507767 0.000000
1695147237103030233 144.558681 0.000000
1695147237247975257 144.544102 0.000000
1695147237392299688 144.387318 0.000000
1695147237464910591 144.625550 0.000000
1695147237537393530 144.683645 0.000000
1695147237827301721 144.668512 0.000000
1695147238043567699 144.577376 0.000000
1695147238044292273 144.501720 0.000000
1695147238079356125 144.569843 0.000000
1695147238260502986 144.651586 0.000000
1695147238260523554 144.502053 0.000000
1695147238260679084 144.549025 0.000000
1695147238260775214 144.608794 0.000000
1695147238550493271 144.560305 0.000000
1695147238839820565 144.442330 0.000000
1695147238984252400 144.527077 0.000000
1695147238984314507 144.534858 0.000000
1695147239128199388 144.482787 0.000000
1695147239201333158 144.444803 0.000000
1695147239273715738 144.687323 0.000000
1695147239273736829 144.587371 0.000000
1695147239346044236 144.790574 0.000000
1695147239418267846 144.533246 0.000000
1695147239634750003 144.470552 0.000000
1695147239635343752 144.517020 0.000000
1695147239635553307 144.716576 0.000000
1695147239707458649 144.487832 0.000000
1695147239780139576 144.466409 0.000000
1695147240068728350 144.437536 0.000000
1695147240069292697 144.515841 0.000000
1695147240142073572 144.531814 0.000000
1695147240286992954 145.523631 0.000000
1695147240359181072 145.270054 0.000000
1695147240431848722 144.591974 0.000000
1695147240432059793 144.643526 0.000000
1695147240793859186 144.506186 0.000000
1695147241010924909 144.610608 0.000000
1695147241083128271 144.522124 0.000000
1695147241083342359 144.525363 0.000000
1695147241444966416 144.527934 0.000000
1695147241589938800 144.558569 0.000000
1695147241661779809 144.699246 0.000000
1695147241806562991 144.544316 0.000000
1695147241951182453 144.493855 0.000000
1695147241951466905 144.447753 0.000000
1695147242023922770 144.637653 0.000000
1695147242167907667 144.497164 0.000000
1695147242240738419 144.556439 0.000000
1695147242603059780 144.475106 0.000000
1695147242892219818 144.405910 0.000000
1695147243036225571 144.739851 0.000000
1695147243289168580 144.862153 0.000000
1695147243325563817 144.589801 0.000000
1695147243542560268 144.540936 0.000000
1695147243686964067 144.394834 0.000000
1695147243687181259 144.437840 0.000000
1695147243760122694 144.481208 0.000000
1695147243831438152 144.510026 0.000000
1695147243904187535 144.483905 0.000000
1695147244266142282 144.341662 0.000000
1695147244266367421 144.418588 0.000000
1695147244301842693 144.437479 0.000000
1695147244338123345 144.458893 0.000000
1695147244482704826 144.606823 0.000000
1695147244483244301 144.743994 0.000000
1695147244483505467 144.859166 0.000000
1695147244555644448 144.510343 0.000000
1695147244555804310 144.559662 0.000000
1695147244699645292 144.562856 0.000000
1695147244844474644 144.551618 0.000000
1695147244989409316 144.612075 0.000000
1695147245061794005 144.432048 0.000000
1695147245133974329 144.584836 0.000000
1695147245351192899 144.491324 0.000000
1695147245568438160 144.513299 0.000000
1695147245712833707 144.568293 0.000000
1695147245713449573 144.559107 0.000000
1695147245785271079 144.558342 0.000000
1695147245858310227 144.586386 0.000000
1695147246074863691 144.769469 0.000000
1695147246219949705 144.660322 0.000000
1695147246292684877 144.465009 0.000000
1695147246726600456 144.548630 0.000000
1695147246799043742 144.608330 0.000000
1695147246943430441 144.697559 0.000000
1695147246943650561 144.499039 0.000000
1695147247232402263 144.464280 0.000000
1695147247305290049 144.529248 0.000000
1695147247377303641 144.639119 0.000000
1695147247377780979 144.560773 0.000000
1695147247450062008 144.710399 0.000000
1695147247594594637 144.716637 0.000000
1695147247594603442 145.014861 0.000000
1695147247811953535 144.523311 0.000000
1695147247812115787 144.488335 0.000000
1695147248100662050 144.492558 0.000000
1695147248100841694 144.500477 0.000000
1695147248101293919 144.408999 0.000000
1695147248318546689 144.466984 0.000000
1695147248390222916 144.457556 0.000000
1695147248715470059 144.535994 0.000000
1695147248896757590 144.373826 0.000000
1695147248969448890 144.366897 0.000000
1695147249692316911 144.782462 0.000000
1695147249692712324 144.676492 0.000000
1695147249910067331 144.891317 0.000000
1695147249910552438 145.052479 0.000000
1695147250054853128 144.403612 0.000000
1695147250235096478 144.566035 0.000000
1695147250488145508 144.351573 0.000000
1695147250561454716 144.596588 0.000000
1695147250632928300 144.359036 0.000000
1695147250633245866 144.456554 0.000000
1695147250705594550 144.434572 0.000000
1695147250850187766 144.915631 0.000000
1695147251103914631 145.320035 0.000000
1695147251357286959 144.607514 0.000000
1695147251357584801 144.521557 0.000000
1695147251357733656 144.671888 0.000000
1695147251357773939 144.591568 0.000000
1695147251357906676 144.599828 0.000000
1695147251430227683 144.434013 0.000000
1695147251501780658 144.501899 0.000000
1695147251574263780 144.663548 0.000000
1695147251574395728 144.715443 0.000000
1695147251646671964 144.370744 0.000000
1695147251646752971 144.373422 0.000000
1695147251646906963 144.441042 0.000000
1695147251791144260 144.531681 0.000000
1695147251791167990 144.536191 0.000000
1695147251791516136 144.376402 0.000000
1695147251864125902 144.426420 0.000000
1695147251936049979 144.488104 0.000000
1695147252080670426 144.449461 0.000000
1695147252188741310 144.520679 0.000000
1695147252369890107 144.486064 0.000000
1695147252514890924 144.543736 0.000000
1695147252731886743 144.382613 0.000000
1695147252948049051 144.472224 0.000000
1695147253093805442 144.461269 0.000000
1695147253237766003 144.449298 0.000000
1695147253238355516 144.430829 0.000000
1695147253310041439 144.477833 0.000000
1695147253382319651 144.775871 0.000000
1695147253382906589 144.536911 0.000000
1695147253527728559 144.529947 0.000000
1695147253599738816 144.422702 0.000000
1695147253743842809 144.502473 0.000000
1695147253744657540 144.333018 0.000000
1695147253888468596 144.434766 0.000000
1695147254033365250 144.561828 0.000000
1695147254105633512 144.408170 0.000000
1695147254323480290 144.709565 0.000000
1695147254467625929 144.548789 0.000000
1695147254467962678 144.475715 0.000000
1695147254612304147 144.423333 0.000000
1695147254648545769 145.177006 0.000000
1695147254756922466 144.973734 0.000000
1695147254829698455 144.862254 0.000000
1695147255047300040 144.542830 0.000000
1695147255264462787 144.629728 0.000000
1695147255372110305 144.553025 0.000000
1695147255408885451 144.673495 0.000000
1695147255409062419 144.623939 0.000000
1695147255480987767 144.556205 0.000000
1695147255553464260 144.741697 0.000000
1695147255553504102 144.460624 0.000000
1695147255626301423 144.662786 0.000000
1695147256457384940 144.647629 0.000000
1695147256710493479 144.382855 0.000000
1695147256819090389 144.552263 0.000000
1695147256856258377 145.276019 0.000000
1695147256928346907 145.571027 0.000000
1695147257072867135 144.441537 0.000000
1695147257146048328 144.620698 0.000000
1695147257218407491 144.392257 0.000000
1695147257652186644 144.539118 0.000000
1695147257724354017 144.720943 0.000000
1695147257796907246 144.326430 0.000000
1695147257868840825 144.624823 0.000000
1695147257869170128 144.508367 0.000000
1695147258158084101 144.559398 0.000000
1695147258230552017 144.661251 0.000000
1695147258230601477 144.623396 0.000000
1695147258303222509 144.404175 0.000000
1695147258447758347 144.484330 0.000000
1695147258448092081 144.507601 0.000000
1695147258519847040 144.643562 0.000000
1695147258519877178 144.630272 0.000000
1695147258592738136 144.446560 0.000000
1695147258665024405 144.462736 0.000000
1695147258809888958 144.590548 0.000000
1695147258954385089 144.478514 0.000000
1695147259026840580 144.387502 0.000000
1695147259387554608 144.495997 0.000000
1695147259459887851 144.476687 0.000000
1695147259604524136 144.576186 0.000000
1695147259605249086 144.462747 0.000000
1695147259749987865 144.522711 0.000000
1695147260074499769 144.475900 0.000000
1695147260111130027 144.653694 0.000000
1695147260328000072 144.566607 0.000000
1695147260328306748 144.532368 0.000000
1695147260363895127 144.573468 0.000000
1695147260617343680 144.456902 0.000000
1695147260907073413 144.448429 0.000000
1695147261052069084 144.499969 0.000000
1695147261196564727 144.536525 0.000000
1695147261341604044 144.604299 0.000000
1695147261413305965 144.590110 0.000000
1695147261992496422 144.628513 0.000000
1695147262245471925 144.591733 0.000000
1695147262281979261 144.597261 0.000000
1695147262281996673 144.572508 0.000000
1695147262282069715 144.442470 0.000000
1695147262282304124 144.465373 0.000000
1695147262427193432 145.115052 0.000000
1695147262572215915 144.688669 0.000000
1695147262716930324 144.535237 0.000000
1695147262897174531 144.488505 0.000000
1695147262934378784 144.448917 0.000000
1695147263006406622 144.789576 0.000000
1695147263006464334 144.594015 0.000000
1695147263367767489 144.477648 0.000000
1695147263367789009 144.420771 0.000000
1695147263512500611 144.479413 0.000000
1695147263513060186 144.512862 0.000000
1695147263585070337 144.594409 0.000000
1695147263657587185 144.495049 0.000000
1695147263875043913 144.663239 0.000000
1695147264019083753 144.528930 0.000000
1695147264020251958 144.618587 0.000000
1695147264308719305 144.478348 0.000000
1695147264380809207 144.489612 0.000000
1695147264525691719 144.559196 0.000000
1695147264597962374 144.906574 0.000000
1695147264742894621 144.609688 0.000000
1695147264742913198 144.641490 0.000000
1695147264887301257 144.679038 0.000000
1695147264887889698 144.423320 0.000000
1695147265105089974 144.676984 0.000000
1695147265321518036 144.488915 0.000000
1695147265394753980 144.584740 0.000000
1695147265467125113 144.585277 0.000000
1695147265755988849 144.448918 0.000000
1695147265756402806 144.403022 0.000000
1695147266118273051 144.442516 0.000000
1695147266118294026 144.463380 0.000000
1695147266118379345 144.494113 0.000000
1695147266226115516 144.459521 0.000000
1695147266370560096 144.429011 0.000000
1695147266552614377 144.612785 0.000000
1695147267131527348 144.380261 0.000000
1695147267348844069 144.530816 0.000000
1695147267420622507 144.522317 0.000000
1695147267493297415 144.404013 0.000000
1695147267782373118 144.394924 0.000000
1695147267782543597 144.434452 0.000000
1695147267854658885 144.468973 0.000000
1695147267926910744 144.557737 0.000000
1695147268071692693 144.669750 0.000000
1695147268180218881 144.795459 0.000000
1695147268289197477 144.530846 0.000000
1695147268361320608 144.485854 0.000000
1695147268434029476 144.796159 0.000000
1695147268434055638 144.851825 0.000000
1695147268505802691 144.476193 0.000000
1695147268506500519 144.621931 0.000000
1695147268506625877 144.673396 0.000000
1695147268796290880 144.583366 0.000000
1695147268831352780 144.460248 0.000000
1695147269012879821 144.368198 0.000000
1695147269158107964 144.525551 0.000000
1695147269374627795 144.431716 0.000000
1695147269374759020 144.371014 0.000000
1695147269446250376 144.462388 0.000000
1695147269627313243 144.478353 0.000000
1695147269664263751 144.547802 0.000000
1695147269880613068 144.582035 0.000000
1695147269880856340 144.390577 0.000000
1695147269881136705 144.435719 0.000000
1695147269881197441 144.484102 0.000000
1695147269952957802 144.474616 0.000000
1695147270170711171 144.574443 0.000000
1695147270315296087 144.652305 0.000000
1695147270351015374 144.621507 0.000000
1695147270387593843 144.632820 0.000000
1695147270387663726 144.722189 0.000000
1695147270495612531 144.581369 0.000000
1695147270531913796 144.437952 0.000000
1695147270532119963 144.449413 0.000000
1695147270748970387 144.497318 0.000000
1695147270821373869 144.445963 0.000000
1695147270821888459 144.427455 0.000000
1695147270893231418 144.390477 0.000000
1695147270966331144 144.584090 0.000000
1695147271001687275 144.513948 0.000000
1695147271037992819 144.564368 0.000000
1695147271110174315 144.501233 0.000000
1695147271110386412 144.430070 0.000000
1695147271182810358 144.780868 0.000000
1695147271255953171 144.479349 0.000000
1695147271400572250 144.539134 0.000000
1695147271400653359 144.628873 0.000000
1695147271616906473 144.438755 0.000000
1695147271834631999 144.659119 0.000000
1695147271979204699 144.780841 0.000000
1695147272124127243 144.712863 0.000000
1695147272485788063 144.425454 0.000000
1695147272557906982 144.402254 0.000000
1695147272630180592 144.454424 0.000000
1695147272703056458 144.464675 0.000000
1695147273136625605 144.505550 0.000000
1695147273209196822 144.655568 0.000000
1695147273281566750 144.471748 0.000000
1695147273426596498 144.670327 0.000000
1695147273499125708 144.648525 0.000000
1695147273570453947 144.381082 0.000000
1695147273571371351 144.534792 0.000000
1695147273643022242 144.489236 0.000000
1695147273643816173 144.613368 0.000000
1695147273788588594 144.541312 0.000000
1695147273932058430 144.432195 0.000000
1695147273932578142 144.419163 0.000000
1695147274077494825 144.382900 0.000000
1695147274294238924 144.592573 0.000000
1695147274294562304 144.350146 0.000000
1695147274330076552 144.504799 0.000000
1695147274510971883 144.956407 0.000000
1695147274510993941 144.728412 0.000000
1695147274511068198 144.644888 0.000000
1695147274511196233 144.372836 0.000000
1695147274583420076 144.535897 0.000000
1695147274691449346 144.474269 0.000000
1695147274727889571 144.442781 0.000000
1695147274800726222 144.522661 0.000000
1695147274945100091 144.677752 0.000000
1695147274945200180 144.458037 0.000000
1695147275016994938 144.492765 0.000000
1695147275017495606 144.491046 0.000000
1695147275162183008 144.419233 0.000000
1695147275379222433 144.428128 0.000000
1695147275596371820 144.566673 0.000000
1695147275885043400 144.564131 0.000000
1695147275885967387 144.525710 0.000000
1695147275958092842 144.586631 0.000000
1695147276102206089 144.561629 0.000000
1695147276174581644 144.711344 0.000000
1695147276392072960 144.546478 0.000000
1695147276392183464 144.570758 0.000000
1695147276463756432 144.511285 0.000000
1695147276608406212 144.568210 0.000000
1695147276681341144 144.494890 0.000000
1695147276898085124 144.770667 0.000000
1695147276898201505 144.412423 0.000000
1695147277223189245 144.458898 0.000000
1695147277260511909 144.511931 0.000000
1695147277332108499 144.371725 0.000000
1695147277332162817 144.466836 0.000000
1695147277332335578 144.410943 0.000000
1695147277405161878 144.469443 0.000000
1695147277405262780 144.532458 0.000000
1695147277476895272 144.552205 0.000000
1695147277549675820 144.594174 0.000000
1695147277693890591 144.579319 0.000000
1695147277694355156 144.439306 0.000000
1695147277874295505 144.748766 0.000000
1695147277911227454 144.368779 0.000000
1695147277982592992 144.417363 0.000000
1695147278091246615 144.529379 0.000000
1695147278127854711 144.492871 0.000000
1695147278417121519 144.404846 0.000000
1695147278489726433 144.476963 0.000000
1695147278705946547 144.465006 0.000000
1695147278706131708 144.484911 0.000000
1695147278923715041 144.788521 0.000000
1695147279068820295 144.594485 0.000000
1695147279068928630 144.575799 0.000000
1695147279140534595 144.483125 0.000000
1695147279213487329 144.613273 0.000000
1695147279430114147 144.335166 0.000000
1695147279502129224 144.455661 0.000000
1695147279574523044 144.404385 0.000000
1695147279719090068 144.555663 0.000000
1695147279864149655 144.442482 0.000000
1695147279936502071 144.423811 0.000000
1695147279937081141 144.617015 0.000000
1695147280081549257 144.451802 0.000000
1695147280225443078 144.457406 0.000000
1695147280225955884 144.412241 0.000000
1695147280297835248 144.529597 0.000000
1695147280442569652 144.725517 0.000000
1695147280442807760 144.429661 0.000000
1695147280442974338 144.554035 0.000000
1695147280732551031 144.492398 0.000000
1695147280876896022 144.460171 0.000000
1695147280877073267 144.492619 0.000000
1695147281021960904 144.495529 0.000000
1695147281239304767 144.608772 0.000000
1695147281456224377 144.582240 0.000000
1695147281528462812 144.581227 0.000000
1695147281528559995 144.518450 0.000000
1695147281528653656 144.494356 0.000000
1695147281673374842 144.635451 0.000000
1695147281890279549 144.888623 0.000000
1695147281890374767 144.701701 0.000000
1695147281890651305 144.557577 0.000000
1695147282035142428 144.715098 0.000000
1695147282180008162 144.552682 0.000000
1695147282252152898 144.468411 0.000000
1695147282252640970 144.559186 0.000000
1695147282324872895 144.477270 0.000000
1695147282541347335 144.783200 0.000000
1695147282614158640 144.475884 0.000000
1695147282685794416 144.384459 0.000000
1695147282685842875 144.465066 0.000000
1695147282903375394 144.478132 0.000000
1695147282975956086 144.556060 0.000000
1695147283120250352 144.461970 0.000000
1695147283120617504 144.608336 0.000000
1695147283193221704 144.647723 0.000000
1695147283265298027 144.442384 0.000000
1695147283337705856 144.443473 0.000000
1695147283409756245 144.651363 0.000000
1695147283627492818 144.545309 0.000000
1695147283699463498 144.497454 0.000000
1695147283843829743 144.617428 0.000000
1695147283916055426 144.567141 0.000000
1695147283988491918 144.461489 0.000000
1695147283988984106 144.437147 0.000000
1695147284060643268 144.363255 0.000000
1695147284096891472 144.466672 0.000000
1695147284132936079 144.485363 0.000000
1695147284205808880 144.509685 0.000000
1695147284278168901 144.444248 0.000000
1695147284278347758 144.384189 0.000000
1695147284422984189 144.485565 0.000000
1695147284495381128 144.949677 0.000000
1695147284640040035 144.651702 0.000000
1695147284857943127 144.584658 0.000000
1695147284929235746 144.444921 0.000000
1695147284929652501 144.498149 0.000000
1695147285002220055 144.691011 0.000000
1695147285002951467 144.603625 0.000000
1695147285073940548 144.432085 0.000000
1695147285365575612 145.351651 0.000000
1695147285510605001 144.951525 0.000000
1695147285583344363 144.731851 0.000000
1695147285655426990 144.556146 0.000000
1695147285655523181 144.523527 0.000000
1695147285727321285 144.401880 0.000000
1695147286016174855 144.468850 0.000000
1695147286200962257 144.447415 0.000000
1695147286234376504 144.339162 0.000000
1695147286381488312 147.585292 0.000000
1695147286526382441 144.713019 0.000000
1695147286743430544 144.823851 0.000000
1695147286888201955 144.415234 0.000000
1695147287177766621 144.652778 0.000000
1695147287467731292 144.443248 0.000000
1695147287539933531 144.652732 0.000000
1695147287829654411 145.027400 0.000000
1695147287829726933 144.979944 0.000000
1695147287901941163 144.965490 0.000000
1695147287974359241 144.623967 0.000000
1695147288046501662 144.527797 0.000000
1695147288190983103 144.495575 0.000000
1695147288407979707 144.535343 0.000000
1695147288553096203 144.457562 0.000000
1695147288770405154 144.427002 0.000000
1695147288915122476 144.450349 0.000000
1695147289276369694 144.862090 0.000000
1695147289348828018 144.535404 0.000000
1695147289420894172 144.404481 0.000000
1695147289605261979 144.491969 0.000000
1695147289638307283 144.488086 0.000000
1695147289638579345 144.529062 0.000000
1695147289638603707 144.454473 0.000000
1695147289782785491 144.442258 0.000000
1695147289782923494 144.396289 0.000000
1695147289783299701 144.543998 0.000000
1695147289927330389 144.640556 0.000000
1695147290145271284 144.835920 0.000000
1695147290217591990 144.673084 0.000000
1695147290290047504 144.613739 0.000000
1695147290329470893 144.459344 0.000000
1695147290362721512 144.496845 0.000000
1695147290507277955 144.557806 0.000000
1695147290507370316 144.465796 0.000000
1695147291085956280 144.450585 0.000000
1695147291086392421 144.477651 0.000000
1695147291303668417 144.550435 0.000000
1695147291303669408 144.633513 0.000000
1695147291375289155 144.393936 0.000000
1695147291519737033 144.515802 0.000000
1695147291591984541 144.837876 0.000000
1695147291809297243 144.661957 0.000000
1695147292026886647 144.622855 0.000000
1695147292064952813 144.463576 0.000000
1695147292387801113 144.423781 0.000000
1695147292461218880 144.367075 0.000000
1695147292532368022 144.475632 0.000000
1695147292677007968 144.653882 0.000000
1695147292749249720 144.644807 0.000000
1695147292749638086 144.415924 0.000000
1695147292749710231 144.452211 0.000000
1695147292966742461 144.718067 0.000000
1695147293111915647 144.434634 0.000000
1695147293256791639 144.382114 0.000000
1695147293328137771 144.555503 0.000000
1695147293400729206 144.438884 0.000000
1695147293583416417 144.436729 0.000000
1695147293763006248 144.493970 0.000000
1695147293906884594 144.409775 0.000000
1695147293979737867 144.464880 0.000000
1695147294124419080 144.644653 0.000000
1695147294124763524 144.527400 0.000000
1695147294196332120 144.670819 0.000000
1695147294196396295 144.692610 0.000000
1695147294269277077 144.473809 0.000000
1695147294341017628 144.615658 0.000000
1695147294486106299 144.448357 0.000000
1695147294486262372 144.476310 0.000000
1695147294558208342 144.520149 0.000000
1695147294630784414 144.421855 0.000000
1695147294702918832 144.704819 0.000000
1695147294702982259 144.735408 0.000000
1695147294775622839 144.463897 0.000000
1695147294920561111 144.714333 0.000000
1695147294920786502 144.767149 0.000000
1695147295064868255 144.474024 0.000000
1695147295282828615 144.602577 0.000000
1695147295392260668 144.502410 0.000000
1695147295427247778 144.568715 0.000000
1695147295572383467 144.645889 0.000000
1695147295644035363 144.497017 0.000000
1695147295788492218 144.417836 0.000000
1695147295933323972 144.438467 0.000000
1695147296006470094 144.435310 0.000000
1695147296150428127 144.548975 0.000000
1695147296295525653 144.344713 0.000000
1695147296367689036 144.728519 0.000000
1695147296440070587 144.759759 0.000000
1695147296584797886 144.450631 0.000000
1695147296657122163 144.602799 0.000000
1695147296801866538 144.731171 0.000000
1695147297164150530 144.672258 0.000000
1695147297164198642 144.696959 0.000000
1695147297308638021 144.603674 0.000000
1695147297526088705 144.750882 0.000000
1695147297670715958 144.475563 0.000000
1695147297707423744 144.479666 0.000000
1695147297742932062 144.413510 0.000000
1695147298032412588 144.463418 0.000000
1695147298105090449 144.465090 0.000000
1695147298177076750 144.598808 0.000000
1695147298177550951 144.662556 0.000000
1695147298249947530 144.584850 0.000000
1695147298466771095 144.485931 0.000000
1695147298467116377 144.619371 0.000000
1695147298683964262 144.775758 0.000000
1695147298829150743 144.558433 0.000000
1695147299046124777 145.045769 0.000000
1695147299118376594 144.932910 0.000000
1695147299335925107 144.463933 0.000000
1695147299479771143 144.429210 0.000000
1695147299552175576 144.419128 0.000000
1695147299553168887 144.451990 0.000000
1695147299769629388 144.438415 0.000000
1695147299914509105 144.624554 0.000000
1695147300781583804 144.434444 0.000000
1695147300854306344 144.795913 0.000000
1695147300927132964 144.485812 0.000000
1695147301252556136 144.981834 0.000000
1695147301289361517 144.756988 0.000000
1695147301506623207 144.787317 0.000000
1695147301614186072 144.452087 0.000000
1695147301650754797 144.567412 0.000000
1695147301651079343 144.532289 0.000000
1695147301866938318 144.452862 0.000000
1695147302012927435 144.698076 0.000000
1695147302156996944 144.384513 0.000000
1695147302373977391 144.614917 0.000000
1695147302374015985 144.683321 0.000000
1695147302409760892 144.601795 0.000000
1695147302446770087 144.419171 0.000000
1695147302518919659 144.479789 0.000000
1695147302590992361 144.478896 0.000000
1695147302735477043 144.682632 0.000000
1695147302736039492 144.466250 0.000000
1695147302844324135 144.662336 0.000000
1695147303025548768 144.710794 0.000000
1695147303025981745 144.743467 0.000000
1695147303097416980 144.654149 0.000000
1695147303170378545 144.496089 0.000000
1695147303676871923 144.476388 0.000000
1695147303749362343 144.533588 0.000000
1695147303749401930 144.726941 0.000000
1695147303749503251 144.505345 0.000000
1695147303821957350 144.536431 0.000000
1695147303966793992 144.583701 0.000000
1695147304038838934 144.443530 0.000000
1695147304110569601 144.532850 0.000000
1695147304111583530 144.467247 0.000000
1695147304255480705 144.455253 0.000000
1695147304327450170 144.465714 0.000000
1695147304545545939 144.492279 0.000000
1695147304690075229 144.710376 0.000000
1695147304690428459 144.824741 0.000000
1695147304763011889 144.654012 0.000000
1695147305015473676 144.449069 0.000000
1695147305413410885 144.560294 0.000000
1695147305485628908 144.478533 0.000000
1695147305486405113 144.639755 0.000000
1695147305558249925 144.458576 0.000000
1695147305631226170 144.808109 0.000000
1695147305811204008 144.481726 0.000000
1695147305991583189 144.416857 0.000000
1695147306137571274 144.415828 0.000000
1695147306426156280 145.376888 0.000000
1695147306570825091 144.567796 0.000000
1695147306571267864 144.386048 0.000000
1695147306788090765 144.486390 0.000000
1695147306860396132 144.629472 0.000000
1695147306932647542 144.452446 0.000000
1695147306932676891 144.422600 0.000000
1695147307005043380 144.552515 0.000000
1695147307222006715 144.734522 0.000000
1695147307258143632 144.614704 0.000000
1695147307367276093 144.551747 0.000000
1695147307583618482 144.380042 0.000000
1695147307583708217 144.457790 0.000000
1695147307801366932 144.432453 0.000000
1695147307836595984 144.510694 0.000000
1695147307872865260 144.605072 0.000000
1695147308162775027 144.525404 0.000000
1695147308270482893 144.483415 0.000000
1695147308596497129 144.541749 0.000000
1695147308704244832 144.457793 0.000000
1695147308813459442 144.553042 0.000000
1695147308813491570 144.553231 0.000000
1695147308814007032 144.586410 0.000000
1695147309102568366 144.442567 0.000000
1695147309609909182 144.546047 0.000000
1695147309827009616 144.714110 0.000000
1695147309827039511 144.665490 0.000000
1695147309899308078 144.604829 0.000000
1695147310115903131 144.475393 0.000000
1695147310405510135 144.533939 0.000000
1695147310406308696 144.735578 0.000000
1695147310477837945 144.422568 0.000000
1695147310550707303 144.436997 0.000000
1695147310839281261 144.482996 0.000000
1695147310911608950 144.442706 0.000000
1695147310985039675 144.423487 0.000000
1695147311056995238 144.465696 0.000000
1695147311128407301 144.405476 0.000000
1695147311201321397 144.488469 0.000000
1695147311490610979 144.542391 0.000000
1695147311490910420 144.702303 0.000000
1695147311635057893 144.433760 0.000000
1695147311635377552 144.453462 0.000000
1695147311708022411 144.491254 0.000000
1695147311852377278 144.755152 0.000000
1695147311924757513 144.566016 0.000000
1695147312576247006 144.629899 0.000000
1695147312649073368 144.546012 0.000000
1695147312721753572 144.623802 0.000000
1695147312793583562 144.409859 0.000000
1695147312865604472 144.458053 0.000000
1695147312865634727 144.463892 0.000000
1695147312974308042 144.778097 0.000000
1695147313010591234 144.566642 0.000000
1695147313082445980 144.499160 0.000000
1695147313083058214 144.559535 0.000000
1695147313083420138 144.599829 0.000000
1695147313228253939 144.782667 0.000000
1695147313228293814 144.740599 0.000000
1695147313372278304 144.630428 0.000000
1695147313408575291 144.915909 0.000000
1695147313517553793 144.498891 0.000000
1695147313589275742 144.551816 0.000000
1695147313589301978 144.560090 0.000000
1695147313589490637 144.517846 0.000000
1695147313589908971 144.523488 0.000000
1695147313734836986 144.430033 0.000000
1695147313806554727 144.404273 0.000000
1695147313806727506 144.555772 0.000000
1695147313806944022 144.455704 0.000000
1695147313878989443 144.455158 0.000000
1695147313951073009 144.650502 0.000000
1695147314023879435 144.739545 0.000000
1695147314168096050 144.677970 0.000000
1695147314168156921 144.631045 0.000000
1695147314312965418 144.596496 0.000000
1695147314385543154 144.583258 0.000000
1695147314565854669 144.460356 0.000000
1695147314602343559 144.365132 0.000000
1695147314747731000 144.482169 0.000000
1695147315108723620 144.901192 0.000000
1695147315109508021 144.497731 0.000000
1695147315181017227 144.667264 0.000000
1695147315181037904 144.586300 0.000000
1695147315181969259 144.491323 0.000000
1695147315326067004 144.983460 0.000000
1695147315326376408 144.396321 0.000000
1695147315470637926 144.710552 0.000000
1695147315688376498 144.628035 0.000000
1695147315688400673 144.624668 0.000000
1695147315688630360 144.721597 0.000000
1695147315905748629 144.585053 0.000000
1695147315977518622 144.590922 0.000000
1695147316050273651 144.674622 0.000000
1695147316194761293 144.598492 0.000000
1695147316339944368 144.440938 0.000000
1695147316411586173 144.541812 0.000000
1695147316484155187 144.503284 0.000000
1695147316484269106 144.629748 0.000000
1695147316557104945 144.444521 0.000000
1695147316701509646 144.392900 0.000000
1695147316918596330 144.602418 0.000000
1695147316990929393 144.503890 0.000000
1695147317063120978 144.514582 0.000000
1695147317135223689 144.501662 0.000000
1695147317207315256 144.735928 0.000000
1695147317351944585 144.620738 0.000000
1695147317352697495 144.633114 0.000000
1695147317352732854 144.681624 0.000000
1695147317352782534 144.558246 0.000000
1695147317352824263 144.527339 0.000000
1695147317569725024 144.424655 0.000000
1695147317641466058 144.475015 0.000000
1695147317786658796 144.637121 0.000000
1695147317786684528 144.667261 0.000000
1695147317858851702 144.565088 0.000000
1695147317859362242 144.711885 0.000000
1695147317894546705 144.542428 0.000000
1695147318039027148 144.462986 0.000000
1695147318148143797 144.489756 0.000000
1695147318364686120 144.809522 0.000000
1695147318509221715 144.500067 0.000000
1695147318509903898 144.551510 0.000000
1695147318582605113 145.440095 0.000000
1695147318582646637 144.870711 0.000000
1695147318655156003 144.997296 0.000000
1695147318727155082 144.501527 0.000000
1695147319016768380 144.650832 0.000000
1695147319017047220 144.413759 0.000000
1695147319088882540 144.375986 0.000000
1695147319089583405 144.508855 0.000000
1695147319306617996 144.458185 0.000000
1695147319378526775 144.592132 0.000000
1695147319668218844 144.701643 0.000000
1695147319812703651 144.586435 0.000000
1695147320029671697 144.506442 0.000000
1695147320174067575 144.599295 0.000000
1695147320174209843 144.527743 0.000000
1695147320247130097 144.389150 0.000000
1695147320391060083 144.462110 0.000000
1695147320680978812 144.528084 0.000000
1695147320716471289 144.539405 0.000000
1695147320970338002 144.462147 0.000000
1695147321042212690 144.414080 0.000000
1695147321114909700 144.565031 0.000000
1695147321115009014 144.423302 0.000000
1695147321187250800 144.445504 0.000000
1695147321404189201 144.769166 0.000000
1695147321548718000 144.506621 0.000000
1695147321620879288 144.657887 0.000000
1695147321693505914 144.486773 0.000000
1695147321837896058 144.616689 0.000000
1695147321838395556 144.418143 0.000000
1695147321838449593 144.481135 0.000000
1695147321982605622 144.510455 0.000000
1695147322199720288 144.447602 0.000000
1695147322200013722 144.467629 0.000000
1695147322200165657 144.540624 0.000000
1695147322272250831 144.409940 0.000000
1695147322344543990 145.015229 0.000000
1695147322344696226 145.083728 0.000000
1695147322416819156 144.595962 0.000000
1695147322489557065 144.766926 0.000000
1695147322850749600 144.567124 0.000000
1695147323068334777 144.737262 0.000000
1695147323140284789 144.494789 0.000000
1695147323465798827 144.664015 0.000000
1695147323574461387 144.546067 0.000000
1695147323574772006 144.495969 0.000000
1695147323719673808 144.612626 0.000000
1695147323863849877 144.524021 0.000000
1695147324008258849 144.400784 0.000000
1695147324080785128 144.647262 0.000000
1695147324081234808 144.501347 0.000000
1695147324081329434 144.497668 0.000000
1695147324225488761 144.643087 0.000000
1695147324297882960 144.731324 0.000000
1695147324333897358 144.590809 0.000000
1695147324515101364 144.656140 0.000000
1695147324515700047 144.584348 0.000000
1695147324587914861 144.449864 0.000000
1695147324877175623 144.647207 0.000000
1695147324877275346 144.629792 0.000000
1695147325094202043 144.458785 0.000000
1695147325383222518 144.450465 0.000000
1695147325564055042 144.409196 0.000000
1695147325673000250 144.392522 0.000000
1695147325745598484 144.458115 0.000000
1695147325889891511 145.221363 0.000000
1695147326107728279 144.543626 0.000000
1695147326396101484 144.492475 0.000000
1695147326469343041 144.383393 0.000000
1695147326540926391 144.409355 0.000000
1695147326612925005 144.498639 0.000000
1695147326685968949 144.555681 0.000000
1695147326830009217 144.417566 0.000000
1695147326938358746 144.631494 0.000000
1695147326974638235 144.368209 0.000000
1695147327192722060 144.519717 0.000000
1695147327264080093 144.848388 0.000000
1695147327264259512 144.396176 0.000000
1695147327408984859 144.430973 0.000000
1695147327553724801 144.642897 0.000000
1695147327626678518 144.565342 0.000000
1695147327879032951 144.497223 0.000000
1695147327915819358 144.606274 0.000000
1695147328060539188 144.757241 0.000000
1695147328205012944 144.740285 0.000000
1695147328494281814 144.503207 0.000000
1695147328495026318 144.440994 0.000000
1695147328784099743 144.577480 0.000000
1695147329001222047 144.588272 0.000000
1695147329001845543 144.543898 0.000000
1695147329109125106 144.436602 0.000000
1695147329145897849 144.637878 0.000000
1695147329218724648 144.427657 0.000000
1695147329291117710 144.665264 0.000000
1695147329291217339 144.766031 0.000000
1695147329362940217 144.455780 0.000000
1695147329435330014 144.404305 0.000000
1695147329435911264 144.615058 0.000000
1695147329507376806 144.468630 0.000000
1695147329724821883 144.441480 0.000000
1695147329796718321 144.486502 0.000000
1695147329942244412 145.005485 0.000000
1695147330014200862 145.264094 0.000000
1695147330014418130 144.534995 0.000000
1695147330086617609 144.519585 0.000000
1695147330521416795 144.539815 0.000000
1695147330593537881 144.399297 0.000000
1695147330882596569 144.834448 0.000000
1695147330882653925 144.705555 0.000000
1695147330882822473 144.712795 0.000000
1695147330955522150 144.674160 0.000000
1695147331099743215 144.523112 0.000000
1695147331099887337 144.615461 0.000000
1695147331317297503 144.354937 0.000000
1695147331317419416 144.438554 0.000000
1695147331533632810 144.489846 0.000000
1695147331606689718 144.561503 0.000000
1695147331714522106 144.833727 0.000000
1695147331751049689 144.537103 0.000000
1695147331967677858 144.527502 0.000000
1695147331968230926 144.678418 0.000000
1695147332040772343 144.556825 0.000000
1695147332329519944 144.622566 0.000000
1695147332329561849 144.610291 0.000000
1695147332474757033 144.575336 0.000000
1695147332654816964 144.422063 0.000000
1695147332691697450 144.657941 0.000000
1695147332799471634 144.640614 0.000000
1695147332908391745 144.419263 0.000000
1695147332980741573 144.417331 0.000000
1695147333052749857 144.448074 0.000000
1695147333124808775 144.456406 0.000000
1695147333269880934 144.422686 0.000000
1695147333305647256 144.642108 0.000000
1695147333342800032 144.559416 0.000000
1695147333486960716 144.657110 0.000000
1695147333559330752 144.438519 0.000000
1695147333667227621 144.595817 0.000000
1695147333703802289 144.509543 0.000000
1695147333704136002 144.469678 0.000000
1695147333811689893 144.449712 0.000000
1695147333848826635 144.429768 0.000000
1695147333920844023 144.474042 0.000000
1695147333992764090 144.557337 0.000000
1695147334065781337 144.568639 0.000000
1695147334210429391 144.529764 0.000000
1695147334282791551 144.555143 0.000000
1695147334282984401 144.569798 0.000000
1695147334390751462 144.743993 0.000000
1695147334499976132 144.604180 0.000000
1695147334644335456 144.646750 0.000000
1695147334644708395 144.720361 0.000000
1695147334861935628 144.510528 0.000000
1695147335078552584 144.523836 0.000000
1695147335079230815 144.677395 0.000000
1695147335079254353 144.700715 0.000000
1695147335440706858 144.467001 0.000000
1695147335513163554 144.391238 0.000000
1695147335802998324 144.412635 0.000000
1695147336019668972 144.533712 0.000000
1695147336019797307 144.435903 0.000000
1695147336019967665 144.563426 0.000000
1695147336236607333 144.583116 0.000000
1695147336454333247 144.564044 0.000000
1695147336489689521 144.563731 0.000000
1695147336526808864 144.529075 0.000000
1695147336598565062 144.609222 0.000000
1695147336598597050 144.473746 0.000000
1695147336743594400 144.358795 0.000000
1695147336779323635 144.925805 0.000000
1695147337032524694 144.700420 0.000000
1695147337105766932 144.598136 0.000000
1695147337177579402 144.399890 0.000000
1695147337177942719 144.525262 0.000000
1695147337249408236 144.580161 0.000000
1695147337466678462 144.477686 0.000000
1695147337538753363 144.579195 0.000000
1695147337611149556 144.440154 0.000000
1695147337828448766 144.581883 0.000000
1695147337828508213 144.572092 0.000000
1695147337901226476 144.576415 0.000000
1695147337973068062 144.670960 0.000000
1695147337973149252 144.632225 0.000000
1695147337973408794 144.436090 0.000000
1695147338009086167 144.559908 0.000000
1695147338045468269 144.403517 0.000000
1695147338117781692 144.623289 0.000000
1695147338262324298 144.536208 0.000000
1695147338479730272 144.692219 0.000000
1695147338769678357 144.628247 0.000000
1695147338913916728 144.601855 0.000000
1695147338985876109 144.443575 0.000000
1695147338986081853 144.482484 0.000000
1695147339058941059 144.477469 0.000000
1695147339348045895 144.375305 0.000000
1695147339419381496 144.502320 0.000000
1695147339564763123 144.372778 0.000000
1695147339709059649 144.722240 0.000000
1695147339782085853 144.599158 0.000000
1695147339926177677 144.690631 0.000000
1695147340070899221 144.708257 0.000000
1695147340071691570 144.514860 0.000000
1695147340143306746 144.418931 0.000000
1695147340143607197 144.509407 0.000000
1695147340216461323 144.463968 0.000000
1695147340288430487 144.414426 0.000000
1695147340432835307 144.392222 0.000000
1695147340939846822 144.771760 0.000000
1695147340940132893 144.931676 0.000000
1695147340975357437 144.879008 0.000000
1695147341084526571 144.432570 0.000000
1695147341229104465 144.389328 0.000000
1695147341337219840 144.878771 0.000000
1695147341481925517 144.688145 0.000000
1695147341807852389 144.771980 0.000000
1695147342242575939 144.475132 0.000000
1695147342314767029 144.634070 0.000000
1695147342459816883 144.540936 0.000000
1695147342532213463 144.578274 0.000000
1695147342747970482 144.457820 0.000000
1695147342749017901 144.459561 0.000000
1695147342820983585 144.493302 0.000000
1695147342892866306 144.413193 0.000000
1695147342894080675 144.543054 0.000000
1695147343038548440 144.459361 0.000000
1695147343182936183 144.395112 0.000000
1695147343254690641 144.523896 0.000000
1695147343255364185 144.353962 0.000000
1695147343326716499 144.447407 0.000000
1695147343906211999 144.474863 0.000000
1695147344340083470 144.553925 0.000000
1695147344340083164 144.512187 0.000000
1695147344485344121 144.467272 0.000000
