1695148824453682819 72.361253 208.988918 195 16 0.000000
1695148825466339305 72.312953 207.375363 210 16 0.000000
1695148826479032629 72.322249 207.367804 210 16 0.000000
1695148827492352810 72.355627 207.239536 210 16 0.000000
1695148828505132034 72.349041 207.350230 210 16 0.000000
1695148829518059016 72.351065 207.319981 210 16 0.000000
1695148830530943874 72.334494 207.328601 210 16 0.000000
1695148831471577734 72.325036 207.307003 195 16 0.000000
1695148832484187121 72.335561 207.385007 210 16 0.000000
1695148833496946335 72.330352 207.354318 210 16 0.000000
1695148834510394757 72.382944 207.213318 210 16 0.000000
1695148835523517584 72.338701 207.279903 210 16 0.000000
1695148836536430023 72.337534 207.322937 210 16 0.000000
1695148837477104104 72.346383 207.298165 195 16 0.000000
1695148838490362880 72.378579 207.252085 210 16 0.000000
1695148839503531049 72.351380 201.348616 204 16 0.000000
1695148840516263637 72.334011 193.535791 196 16 0.000000
1695148841529638488 72.369778 193.413129 196 16 0.000000
1695148842542657716 72.338524 193.481021 196 16 0.000000
1695148843555082536 72.339803 187.668249 190 16 0.000000
1695148844496538448 72.366705 199.690714 188 16 0.000000
1695148845509446407 72.336551 193.502289 196 16 0.000000
1695148846522455101 72.351948 193.483033 196 16 0.000000
1695148847535396257 72.360405 193.495941 196 16 0.000000
1695148848548780214 72.338638 193.411383 196 16 0.000000
1695148849562399747 72.354454 193.366451 196 16 0.000000
1695148850502168302 72.328099 193.664697 182 16 0.000000
1695148851515421421 72.372559 193.436368 196 16 0.000000
1695148852528411207 72.345738 193.486649 196 16 0.000000
1695148853542463935 72.403364 193.283838 196 16 0.000000
1695148854555465959 72.350831 193.484308 196 16 0.000000
1695148855568806194 72.368347 193.419733 196 16 0.000000
1695148856509632384 72.357939 193.446996 182 16 0.000000
1695148857522122806 72.317617 193.582082 196 16 0.000000
1695148858535186587 72.349834 193.472520 196 16 0.000000
1695148859548207438 72.343266 193.480713 196 16 0.000000
1695148860561457844 72.362884 193.436882 196 16 0.000000
1695148861574382439 72.336727 193.499108 196 16 0.000000
1695148862587329795 72.352323 193.494750 196 16 0.000000
1695148863528350268 72.370819 193.407053 182 16 0.000000
1695148864541503964 72.351881 193.455353 196 16 0.000000
1695148865554394162 72.346741 193.505669 196 16 0.000000
1695148866567298542 72.337003 193.502960 196 16 0.000000
1695148867580118619 72.333988 193.519080 196 16 0.000000
1695148868593712681 72.378292 193.371298 196 16 0.000000
1695148869534280018 72.357563 193.500234 182 16 0.000000
1695148870547448756 72.341417 193.452465 196 16 0.000000
1695148871560566754 72.367574 193.462177 196 16 0.000000
1695148872573685399 72.350442 193.462038 196 16 0.000000
1695148873587100965 72.374716 193.405344 196 16 0.000000
1695148874600043039 72.346081 193.495771 196 16 0.000000
1695148875613345694 72.359099 193.426902 196 16 0.000000
1695148876553922838 72.350192 193.498219 182 16 0.000000
1695148877566817679 72.322122 193.504788 196 16 0.000000
1695148878579666949 72.349226 189.564243 192 16 0.000000
1695148879592576973 72.338880 179.680326 182 16 0.000000
1695148880605624300 72.340121 179.655959 182 16 0.000000
1695148881619158609 72.397106 179.569654 182 16 0.000000
1695148882560002088 72.352676 179.626049 169 16 0.000000
1695148883573012812 72.346655 179.662464 182 16 0.000000
1695148884586300344 72.359299 179.613387 182 16 0.000000
1695148885599093322 72.342731 179.701090 182 16 0.000000
1695148886612382512 72.371453 179.613079 182 16 0.000000
1695148887626016436 72.389078 179.552003 182 16 0.000000
1695148888566627170 72.332856 179.670496 169 16 0.000000
1695148889579965108 72.372573 176.643937 179 16 0.000000
1695148890592865162 72.332148 165.860394 168 16 0.000000
1695148891606812462 72.407502 165.689081 168 16 0.000000
1695148892619471558 72.338387 165.899855 168 16 0.000000
1695148893632539081 72.338975 165.832985 168 16 0.000000
1695148894646405657 72.421948 157.811684 160 16 0.000000
1695148895588094862 72.424042 151.854774 143 16 0.000000
1695148896601271871 72.353460 151.997117 154 16 0.000000
1695148897614293681 72.353670 152.020439 154 16 0.000000
1695148898627031177 72.333926 152.063095 154 16 0.000000
1695148899640072992 72.334222 152.017422 154 16 0.000000
1695148900652866588 72.339407 152.054672 154 16 0.000000
1695148901594369875 72.400968 139.139188 131 16 0.000000
1695148902606808049 72.313059 138.280045 140 16 0.000000
1695148903620247767 72.377096 138.143393 140 16 0.000000
1695148904633777539 72.373869 138.131114 140 16 0.000000
1695148905646787390 72.354903 138.202013 140 16 0.000000
1695148906659769046 72.350241 138.205859 140 16 0.000000
1695148907600720210 72.364681 138.158076 130 16 0.000000
1695148908613625617 72.337412 138.216260 140 16 0.000000
1695148909626945515 72.373186 138.159731 140 16 0.000000
1695148910640076765 72.346032 138.185446 140 16 0.000000
1695148911652948525 72.344656 138.220861 140 16 0.000000
1695148912665883192 72.334256 138.212261 140 16 0.000000
1695148913607011344 72.384486 138.132091 130 16 0.000000
1695148914620045720 72.343731 138.198672 140 16 0.000000
1695148915632867579 72.339902 138.227658 140 16 0.000000
1695148916645487443 72.320151 138.255233 140 16 0.000000
1695148917658485085 72.331870 138.203687 140 16 0.000000
1695148918671844082 72.374155 138.154399 140 16 0.000000
1695148919612465800 72.346809 138.206456 130 16 0.000000
1695148920625310880 72.337241 138.224498 140 16 0.000000
1695148921637938446 72.306202 138.254180 140 16 0.000000
1695148922650703723 72.331571 138.235389 140 16 0.000000
1695148923663203971 72.307028 138.271581 140 16 0.000000
1695148924676112122 72.350199 138.215888 140 16 0.000000
1695148925616705111 72.329556 138.210680 130 16 0.000000
1695148926629657336 72.358956 126.363302 128 16 0.000000
1695148927642352492 72.319444 124.420474 126 16 0.000000
1695148928655773787 72.370517 124.331316 126 16 0.000000
1695148929668903927 72.360190 124.367043 126 16 0.000000
1695148930681779639 72.340421 124.398281 126 16 0.000000
1695148931694817927 72.351698 124.378322 126 16 0.000000
1695148932635545560 72.337821 124.371804 117 16 0.000000
1695148933648334507 72.327216 124.408940 126 16 0.000000
1695148934660911510 72.327862 124.434989 126 16 0.000000
1695148935674046880 72.347705 124.366399 126 16 0.000000
1695148936655899997 75.541244 119.162430 117 16 0.000000
1695148937693538508 74.078018 121.429567 126 16 0.000000
1695148938634238996 72.353788 124.375395 117 16 0.000000
1695148939649141023 72.481554 124.149920 126 16 0.000000
1695148940663920424 72.464625 124.164913 126 16 0.000000
1695148941677468137 72.382489 124.315802 126 16 0.000000
1695148942690541630 72.354943 124.374005 126 16 0.000000
1695148943703576516 72.323135 124.378734 126 16 0.000000
1695148944643586126 72.312267 124.466814 117 16 0.000000
1695148945656825307 72.356224 124.353659 126 16 0.000000
1695148946670641963 72.421148 124.282826 126 16 0.000000
1695148947685860710 72.497663 124.111181 126 16 0.000000
1695148948698989895 72.351169 124.367166 126 16 0.000000
1695148949713393681 72.438540 124.210898 126 16 0.000000
1695148950654310417 72.366831 124.346809 117 16 0.000000
1695148951667770217 72.377938 124.326587 126 16 0.000000
1695148952681339012 72.376914 124.313227 126 16 0.000000
1695148953695468843 72.386729 124.244445 126 16 0.000000
1695148954708885908 72.437289 124.331835 126 16 0.000000
1695148955723217493 72.462090 118.304507 120 16 0.000000
1695148956664436059 72.356497 122.182039 115 16 0.000000
1695148957677200017 72.338250 110.588450 112 16 0.000000
1695148958691683479 72.445545 110.401008 112 16 0.000000
1695148959705407765 72.393906 110.483693 112 16 0.000000
1695148960718508435 72.344574 110.551696 112 16 0.000000
1695148961658909979 72.335155 110.591064 104 15 0.000000
1695148962671280237 72.310456 110.631453 112 16 0.000000
1695148963685622245 72.440764 110.416413 112 16 0.000000
1695148964698797982 72.341355 110.543504 112 16 0.000000
1695148965711593184 72.316785 110.585042 112 16 0.000000
1695148966724119235 72.325984 110.614440 112 16 0.000000
1695148967736712286 72.326903 110.607117 112 16 0.000000
1695148968678165625 72.408708 110.467508 104 16 0.000000
1695148969692484959 72.428974 110.418872 112 16 0.000000
1695148970705897053 72.369389 110.517723 112 16 0.000000
1695148971718749683 72.344410 110.578775 112 16 0.000000
1695148972732020827 72.379049 110.533103 112 16 0.000000
1695148973674071775 72.446271 110.397423 104 16 0.000000
1695148974687909127 72.405095 97.648801 99 16 0.000000
1695148975701548803 72.368534 96.681298 98 16 0.000000
1695148976715329463 72.426115 96.667846 98 16 0.000000
1695148977728324836 72.337084 96.742796 98 16 0.000000
1695148978741660118 72.383287 96.710338 98 16 0.000000
1695148979682710345 72.366918 96.700474 91 16 0.000000
1695148980695981653 72.358789 96.716440 98 16 0.000000
1695148981709875347 72.419320 96.657081 98 16 0.000000
1695148982723633007 72.369326 96.670047 98 16 0.000000
1695148983736305472 72.311552 96.773641 98 16 0.000000
1695148984749392179 72.364980 96.734064 98 16 0.000000
1695148985689980468 72.350393 96.747967 91 16 0.000000
1695148986705859937 72.540389 96.468137 98 16 0.000000
1695148987719030055 72.381359 96.726105 98 16 0.000000
1695148988733369369 72.427511 96.614610 98 16 0.000000
1695148989747636065 72.442745 96.621533 98 16 0.000000
1695148990760575673 72.329988 96.748115 98 16 0.000000
1695148991701201891 72.359330 96.744061 91 16 0.000000
1695148992714532553 72.341198 96.710784 98 16 0.000000
