1694833370593361394 128.125500 1638.568205 1584 200 0.000000
1694833371606779280 127.037045 1569.934631 1591 200 0.000000
1694833372621423553 127.404645 1568.037397 1591 200 0.000000
1694833373635911194 127.627037 1571.236371 1594 200 0.000000
1694833374651113691 127.519282 1557.324816 1581 200 0.000000
1694833375668320160 128.148535 1551.307503 1578 200 0.000000
1694833376685429995 127.928928 1557.353852 1584 200 0.000000
1694833377693197344 128.917309 1545.991674 1558 200 0.000000
1694833378704913083 128.189079 1552.807857 1571 200 0.000000
1694833379711248380 129.723557 1547.198010 1557 200 0.000000
1694833380723191564 128.971540 1538.623971 1557 200 0.000000
1694833381731672367 127.776546 1560.763361 1574 200 0.000000
1694833382746631523 128.298265 1564.595054 1588 200 0.000000
1694833383758624333 127.304047 1562.264052 1581 200 0.000000
1694833384765897282 128.018967 1572.562882 1584 200 0.000000
1694833385778588160 127.996824 1558.224770 1578 200 0.000000
1694833386789047162 128.905456 1558.697579 1575 200 0.000000
1694833387799382520 128.492198 1555.918901 1572 200 0.000000
1694833388813106132 127.734103 1573.407138 1595 200 0.000000
1694833389824722325 129.125262 1541.098401 1559 200 0.000000
1694833390836273479 127.423310 1564.922753 1583 200 0.000000
1694833391845867358 128.498960 1563.005259 1578 200 0.000000
1694833392860336627 128.723256 1546.621606 1569 200 0.000000
1694833393870266298 128.844735 1545.652141 1561 200 0.000000
1694833394880910037 128.235574 1566.328429 1583 199 0.000000
1694833395892491666 128.130166 1563.887504 1582 200 0.000000
1694833396905609225 128.514660 1559.542706 1580 200 0.000000
1694833397911965137 128.467422 1550.147429 1560 200 0.000000
1694833398920441902 127.648484 1566.719309 1580 200 0.000000
1694833399926857018 127.864447 1558.005208 1568 200 0.000000
1694833400936067502 128.838348 1558.644115 1573 200 0.000000
1694833401950564232 128.946008 1557.422370 1580 200 0.000000
1694833402958537944 127.810977 1550.635804 1563 200 0.000000
1694833403971417825 128.573167 1566.819538 1587 200 0.000000
1694833404987971193 127.851965 1559.190020 1585 200 0.000000
1694833406003000808 128.339810 1558.574931 1582 200 0.000000
1694833407009567628 128.787521 1542.868631 1553 200 0.000000
1694833408024873843 129.349911 1555.195881 1579 200 0.000000
1694833409038370677 128.648704 1550.078871 1571 200 0.000000
1694833410045475003 128.021525 1569.847293 1581 200 0.000000
1694833411052407504 128.007278 1553.232173 1564 200 0.000000
1694833412061790789 128.859627 1555.405241 1570 200 0.000000
1694833413074439738 128.483180 1559.276718 1579 199 0.000000
1694833414088182866 130.732062 1528.986985 1550 200 0.000000
1694833415092685875 128.294822 1548.029069 1555 200 0.000000
1694833416109391485 128.133741 1561.907546 1588 200 0.000000
1694833417118093051 127.602248 1578.266385 1592 200 0.000000
1694833418133155323 128.978143 1557.540059 1581 200 0.000000
1694833419144428044 128.053352 1555.465662 1573 200 0.000000
1694833420154667392 128.367181 1561.016097 1577 200 0.000000
1694833421167609911 132.324966 1518.348865 1538 200 0.000000
1694833422178213969 127.302610 1561.442407 1578 199 0.000000
1694833423190973686 128.291366 1554.169262 1574 200 0.000000
1694833424201840210 129.285106 1542.241181 1559 200 0.000000
1694833425209745967 128.506398 1556.693111 1569 200 0.000000
1694833426218940601 126.278549 1586.413546 1601 200 0.000000
1694833427232647478 125.405516 1596.122021 1618 200 0.000000
1694833428241751905 128.916873 1539.979431 1554 200 0.000000
1694833429253012522 128.057152 1576.250541 1594 200 0.000000
1694833430262737033 127.822543 1563.792863 1579 200 0.000000
1694833431271016225 128.858299 1545.206935 1558 200 0.000000
1694833432278248095 128.186677 1570.641342 1582 200 0.000000
1694833433289041997 128.310517 1553.234528 1570 200 0.000000
1694833434299920230 128.622771 1559.040301 1576 200 0.000000
1694833435309642817 128.644117 1548.940253 1564 200 0.000000
1694833436319430377 128.768426 1556.763182 1572 200 0.000000
1694833437331940370 127.971935 1569.367180 1589 200 0.000000
1694833438343009715 127.931212 1551.822388 1569 200 0.000000
1694833439354255421 128.381811 1565.396015 1583 200 0.000000
1694833440364340760 128.629500 1542.443974 1558 200 0.000000
1694833441374815108 129.438778 1549.767093 1566 200 0.000000
1694833442382657491 129.328752 1550.837797 1563 200 0.000000
1694833443389714625 130.225322 1539.138099 1550 200 0.000000
1694833444396715948 128.568931 1548.160844 1559 200 0.000000
1694833445410367866 127.743169 1561.680118 1583 200 0.000000
1694833446419951197 129.535007 1543.210911 1558 200 0.000000
1694833447435296541 126.657680 1583.697572 1608 200 0.000000
1694833448442669549 128.591989 1549.574968 1561 200 0.000000
1694833449456193715 128.659094 1565.823553 1587 200 0.000000
1694833450467958163 129.328772 1531.977036 1550 200 0.000000
1694833451476688505 128.881756 1556.412050 1570 200 0.000000
1694833452486590491 128.048572 1563.518119 1579 199 0.000000
1694833453496691596 128.551090 1557.269787 1573 200 0.000000
1694833454509886680 127.887433 1550.540534 1571 200 0.000000
1694833455520161913 127.394778 1580.757317 1597 200 0.000000
1694833456526126339 129.594447 1549.756621 1559 200 0.000000
1694833457532924149 127.005518 1573.304973 1584 200 0.000000
1694833458543826092 128.165442 1566.917557 1584 200 0.000000
1694833459549939131 128.940356 1541.576255 1551 200 0.000000
1694833460557142270 126.761243 1565.721821 1577 200 0.000000
1694833461571172444 129.003448 1562.083657 1584 200 0.000000
1694833462577891982 127.043867 1575.414112 1586 200 0.000000
1694833463590200265 126.983361 1576.594666 1596 200 0.000000
1694833464604892981 129.111131 1541.353233 1564 200 0.000000
1694833465617405573 129.713946 1546.647450 1566 200 0.000000
1694833466629426777 128.850621 1549.374852 1568 200 0.000000
1694833467637237701 129.084260 1551.878402 1564 200 0.000000
1694833468644524009 128.021853 1555.664906 1567 200 0.000000
1694833469653508239 129.321115 1545.118277 1559 200 0.000000
1694833470666433367 128.823420 1562.800635 1583 200 0.000000
1694833471674355909 128.194913 1562.619992 1575 200 0.000000
1694833472680906458 127.731466 1559.782616 1570 200 0.000000
1694833473687459484 128.439996 1557.791795 1568 200 0.000000
1694833474699717985 127.613889 1560.866135 1580 200 0.000000
1694833475710105979 129.552383 1552.868827 1569 200 0.000000
1694833476718057230 130.038543 1535.788549 1548 200 0.000000
1694833477729564549 127.587838 1568.945689 1587 200 0.000000
1694833478738726028 129.736522 1535.928478 1550 200 0.000000
1694833479751129882 130.152473 1539.899130 1559 200 0.000000
1694833480768481838 130.010658 1537.324637 1564 200 0.000000
1694833481780856195 127.742198 1568.589677 1588 200 0.000000
1694833482787130514 126.986078 1581.079788 1591 200 0.000000
1694833483797679204 130.241664 1522.934901 1539 200 0.000000
1694833484808177579 129.666453 1535.876040 1552 200 0.000000
1694833485822092927 128.263692 1559.301693 1581 200 0.000000
1694833486836639066 128.690346 1562.274976 1585 200 0.000000
1694833487849799115 127.942756 1564.412150 1585 200 0.000000
1694833488862924100 128.576771 1554.596019 1575 200 0.000000
1694833489872497433 128.253453 1555.112433 1570 200 0.000000
1694833490886701082 128.813806 1553.928551 1576 200 0.000000
1694833491899892165 128.317250 1549.559638 1570 200 0.000000
1694833492913775435 128.624295 1561.323581 1583 200 0.000000
1694833493925160586 129.523982 1544.416731 1562 200 0.000000
1694833494941294368 129.225762 1557.865728 1583 200 0.000000
1694833495955040777 128.085482 1559.561574 1581 200 0.000000
1694833496962625353 129.881136 1537.339944 1549 200 0.000000
1694833497970175000 129.088728 1537.393312 1549 200 0.000000
1694833498983099456 129.357808 1550.954715 1571 200 0.000000
1694833499991713468 128.867628 1551.634230 1565 200 0.000000
1694833500999896573 128.678967 1550.313358 1563 200 0.000000
1694833502009646362 129.885059 1542.956697 1558 200 0.000000
1694833503021933943 127.684948 1567.736395 1587 200 0.000000
1694833504035388441 130.147140 1540.276285 1561 200 0.000000
1694833505046975761 128.205274 1553.993372 1572 200 0.000000
1694833506058946943 127.935889 1558.344770 1577 200 0.000000
1694833507073565474 127.828151 1572.019431 1595 199 0.000000
1694833508086371786 129.162894 1552.122880 1572 200 0.000000
1694833509097065968 128.059990 1566.250398 1583 200 0.000000
1694833510110983097 129.780006 1537.600925 1559 200 0.000000
1694833511119722240 127.932463 1561.355167 1575 200 0.000000
1694833512131571664 128.113180 1555.567404 1574 200 0.000000
1694833513140027511 127.743369 1573.693072 1587 200 0.000000
1694833514150368510 128.572044 1551.951315 1568 200 0.000000
1694833515157860962 128.536409 1552.368909 1564 200 0.000000
1694833516163290414 129.936356 1544.613633 1553 200 0.000000
1694833517176667549 127.663237 1569.997923 1591 200 0.000000
1694833518191798170 128.472456 1551.524407 1575 200 0.000000
1694833519208050786 128.964547 1549.811579 1575 200 0.000000
1694833520214818086 128.072090 1555.473594 1566 200 0.000000
1694833521228679534 127.564694 1574.179641 1596 200 0.000000
1694833522234925966 128.363318 1557.272565 1567 200 0.000000
1694833523245759585 130.081382 1542.291305 1559 200 0.000000
1694833524255318841 128.324345 1553.153111 1568 200 0.000000
1694833525262153551 128.939544 1549.410280 1560 200 0.000000
1694833526269433578 128.445314 1550.710608 1562 200 0.000000
1694833527279758477 129.599621 1550.986347 1567 200 0.000000
1694833528290808234 128.019624 1560.754064 1578 200 0.000000
1694833529297656728 128.132932 1555.348218 1566 200 0.000000
1694833530304519814 129.436435 1553.331236 1564 200 0.000000
1694833531313395762 127.679155 1565.116299 1579 200 0.000000
1694833532320884580 129.338875 1539.471130 1551 200 0.000000
1694833533328384711 129.022061 1558.312507 1570 200 0.000000
1694833534339929519 128.626117 1549.115637 1567 200 0.000000
1694833535347496164 128.226585 1559.202053 1571 200 0.000000
1694833536358364604 129.138081 1546.195311 1563 200 0.000000
1694833537371707017 127.557041 1573.999104 1595 200 0.000000
1694833538380038777 127.655765 1558.018764 1571 200 0.000000
1694833539392592129 129.087477 1554.486236 1574 200 0.000000
