1694355833366629578 141.215029 1094.113683 1094 160 0.000000
1694355834375914881 141.438312 1129.512020 1140 160 0.000000
1694355835385343382 140.525395 1142.230564 1153 160 0.000000
1694355836397170403 140.750292 1138.534528 1152 160 0.000000
1694355837408420327 140.946621 1138.195478 1151 160 0.000000
1694355838385078413 141.324182 1170.317449 1143 160 0.000000
1694355839401320254 141.703372 1126.700313 1145 160 0.000000
1694355840424519429 141.205997 1124.903130 1151 160 0.000000
1694355841436967753 140.411018 1138.823623 1153 160 0.000000
1694355842452140950 141.466006 1127.886394 1145 160 0.000000
1694355843463840563 141.565248 1130.770312 1144 160 0.000000
1694355844472013489 141.950495 1128.774677 1138 160 0.000000
1694355845479984794 141.160265 1126.024117 1135 160 0.000000
1694355846488406869 140.939758 1131.470674 1141 160 0.000000
1694355847495802065 141.485752 1136.594608 1145 160 0.000000
1694355848504718412 141.492028 1120.013480 1130 159 0.000000
1694355849515808606 141.598158 1135.408229 1148 160 0.000000
1694355850521189101 141.884580 1134.893724 1141 160 0.000000
1694355851533900213 142.052569 1126.678504 1141 160 0.000000
1694355852545279907 140.627089 1138.049522 1151 160 0.000000
1694355853557860192 142.463470 1117.935961 1132 160 0.000000
1694355854567257298 140.838372 1130.377774 1141 160 0.000000
1694355855576070792 141.611951 1134.005434 1144 160 0.000000
1694355856585030455 140.418479 1139.787812 1150 160 0.000000
1694355857593063144 141.593224 1129.923834 1139 160 0.000000
1694355858597395928 141.572072 1129.107811 1134 160 0.000000
1694355859607987102 141.200049 1133.000086 1145 160 0.000000
1694355860617985849 142.773890 1118.813248 1130 160 0.000000
1694355861624934674 140.600570 1143.057217 1151 160 0.000000
1694355862637991300 141.793295 1128.268579 1143 160 0.000000
1694355863647676533 142.041397 1122.131928 1133 160 0.000000
1694355864657197949 141.523377 1130.238503 1141 160 0.000000
1694355865666278022 141.716679 1123.795877 1134 160 0.000000
1694355866674774289 140.998095 1136.345309 1146 160 0.000000
1694355867681683642 141.447557 1136.149894 1144 160 0.000000
1694355868691881683 141.713018 1132.451274 1144 160 0.000000
1694355869698949372 141.202338 1130.013419 1138 160 0.000000
1694355870706101405 141.605987 1127.932762 1136 160 0.000000
1694355871714791400 141.068937 1141.084191 1151 160 0.000000
1694355872723196161 141.404287 1124.548406 1134 160 0.000000
1694355873733240032 141.240746 1136.584181 1148 160 0.000000
1694355874740987277 141.358130 1137.189984 1146 160 0.000000
1694355875749160298 140.699440 1129.766435 1139 160 0.000000
1694355876755952097 141.100499 1123.370295 1131 160 0.000000
1694355877765584753 142.447831 1125.161704 1136 160 0.000000
1694355878767065391 141.708300 1139.313089 1141 160 0.000000
1694355879779611101 141.845526 1125.875059 1140 160 0.000000
1694355880787386888 141.280858 1130.211755 1139 160 0.000000
1694355881798395526 141.335200 1129.565028 1142 160 0.000000
1694355882807863499 141.703058 1129.307738 1140 160 0.000000
1694355883816941790 140.577221 1135.689889 1146 160 0.000000
1694355884827113722 140.779279 1143.369746 1155 160 0.000000
1694355885837096690 141.954065 1129.721969 1141 160 0.000000
1694355886841176345 141.157893 1133.376153 1138 160 0.000000
1694355887851918017 141.671586 1121.948483 1134 160 0.000000
1694355888860073822 141.270069 1139.704852 1149 160 0.000000
1694355889864176895 141.494436 1124.386425 1129 159 0.000000
1694355890872291505 142.072127 1118.920360 1128 160 0.000000
1694355891880828865 140.994324 1138.282188 1148 160 0.000000
1694355892890877361 141.687126 1139.549238 1151 160 0.000000
1694355893900621990 141.617072 1117.114110 1128 160 0.000000
1694355894911237890 140.973868 1136.930408 1149 160 0.000000
1694355895915862585 141.049465 1134.752198 1140 160 0.000000
1694355896921578211 141.122112 1141.475757 1148 160 0.000000
1694355897931380731 141.273814 1130.914180 1142 160 0.000000
1694355898940370733 140.733045 1131.824902 1142 160 0.000000
1694355899953407143 141.388556 1133.226775 1148 160 0.000000
1694355900952681611 142.040344 1135.824088 1135 160 0.000000
1694355901966371896 142.921337 1103.887468 1119 160 0.000000
1694355902974320865 142.063903 1129.025459 1138 159 0.000000
1694355903976290917 141.213212 1144.744798 1147 160 0.000000
1694355904984276645 140.989684 1132.952509 1142 160 0.000000
1694355905988573027 141.311152 1129.148750 1134 160 0.000000
1694355906990400853 141.388253 1133.927406 1136 160 0.000000
1694355907998248986 140.964367 1135.091633 1144 160 0.000000
1694355909003675321 140.793288 1132.852676 1139 160 0.000000
1694355910014034208 141.110190 1131.281295 1143 159 0.000000
1694355911018841208 142.287459 1127.579691 1133 160 0.000000
1694355912030522234 140.827026 1132.767845 1146 160 0.000000
1694355913035266841 141.108405 1134.616934 1140 160 0.000000
1694355914045311835 141.125175 1136.583042 1148 160 0.000000
1694355915049872683 140.695325 1131.837848 1137 159 0.000000
1694355916058894557 141.408512 1129.807029 1140 160 0.000000
1694355917067979580 141.053629 1134.691347 1145 160 0.000000
1694355918074180100 141.481709 1128.999588 1136 160 0.000000
1694355919079872948 141.309652 1138.518570 1145 160 0.000000
1694355920086510252 141.947952 1132.483364 1140 160 0.000000
1694355921096333726 141.006479 1132.871269 1144 160 0.000000
1694355922104802004 141.337246 1129.435620 1139 160 0.000000
1694355923114611452 141.900460 1127.935557 1139 160 0.000000
1694355924123404573 141.532512 1125.106858 1135 160 0.000000
1694355925128898826 141.057255 1135.759813 1142 160 0.000000
1694355926140468676 141.234159 1130.915478 1144 160 0.000000
1694355927146023286 141.685591 1128.730320 1135 160 0.000000
1694355928157477431 140.640673 1133.022223 1146 160 0.000000
1694355929160725781 141.747251 1141.292676 1145 160 0.000000
1694355930167718762 140.398401 1135.062535 1143 160 0.000000
1694355931177354458 141.832884 1129.120136 1140 160 0.000000
1694355932187341247 141.622510 1127.737545 1139 160 0.000000
1694355933196106940 142.202609 1119.189497 1129 160 0.000000
1694355934204275302 141.389430 1143.658246 1153 160 0.000000
1694355935212185544 141.702647 1127.084487 1136 160 0.000000
1694355936218539400 141.461527 1132.802272 1140 160 0.000000
1694355937232641907 141.062637 1131.049381 1147 160 0.000000
1694355938236525629 141.180206 1135.589690 1140 160 0.000000
1694355939244853446 141.979536 1129.592963 1139 160 0.000000
1694355940249648502 142.941265 1113.659926 1119 160 0.000000
1694355941256747837 141.255655 1127.992014 1136 160 0.000000
1694355942265442476 141.203353 1138.104596 1148 160 0.000000
1694355943276284996 142.544372 1127.772104 1140 160 0.000000
1694355944280372585 141.805497 1121.416095 1126 160 0.000000
1694355945290272090 141.271049 1129.815404 1141 160 0.000000
1694355946294496246 140.938593 1134.208868 1139 160 0.000000
1694355947307001612 141.332602 1132.833439 1147 160 0.000000
1694355948315093097 141.645271 1132.833785 1142 160 0.000000
1694355949326233918 142.808694 1118.538603 1131 160 0.000000
1694355950335828011 140.388448 1146.005160 1157 160 0.000000
1694355951341376104 141.295726 1126.748650 1133 160 0.000000
1694355952350263846 141.688265 1123.018800 1133 159 0.000000
1694355953354083574 141.435759 1138.650727 1143 160 0.000000
1694355954359975024 142.646584 1109.463677 1116 160 0.000000
1694355955369026391 141.406632 1139.684296 1150 160 0.000000
1694355956376006558 141.490732 1132.097779 1140 160 0.000000
1694355957386296291 142.730809 1128.389188 1140 160 0.000000
1694355958395849118 142.022459 1118.316851 1129 160 0.000000
1694355959409646857 141.438476 1135.334967 1151 160 0.000000
1694355960420031481 141.716813 1119.375749 1131 159 0.000000
1694355961430723954 141.331987 1137.833666 1150 160 0.000000
1694355962437452950 141.140793 1139.333440 1147 160 0.000000
1694355963444928544 140.951022 1136.503968 1145 160 0.000000
1694355964453632888 142.741126 1114.300739 1124 160 0.000000
1694355965465235003 142.172364 1116.051362 1129 160 0.000000
1694355966476236781 140.541931 1141.442229 1154 160 0.000000
1694355967484194011 140.623657 1142.905698 1152 160 0.000000
1694355968491342882 141.419519 1131.908040 1140 160 0.000000
1694355969499045110 141.856176 1126.324832 1135 160 0.000000
1694355970510496818 141.016807 1130.058931 1143 160 0.000000
1694355971520661775 141.271545 1137.437875 1149 160 0.000000
1694355972529345400 141.622424 1126.220402 1136 160 0.000000
1694355973536072452 140.950155 1139.335568 1147 160 0.000000
1694355974548111635 142.228463 1128.414863 1142 160 0.000000
1694355975554684658 141.064212 1134.542686 1142 160 0.000000
1694355976563216847 140.972345 1132.338550 1142 159 0.000000
1694355977573085551 141.613679 1130.840192 1142 160 0.000000
1694355978575981751 140.729098 1141.693375 1145 160 0.000000
1694355979586475036 142.332173 1116.286501 1128 160 0.000000
1694355980594891597 141.708617 1122.551932 1132 160 0.000000
1694355981603472714 141.144675 1137.241277 1147 160 0.000000
1694355982608924282 141.651336 1134.813371 1141 160 0.000000
1694355983618723579 140.886157 1137.849939 1149 160 0.000000
1694355984624271181 141.065141 1126.749283 1133 160 0.000000
1694355985631894463 141.652466 1134.352473 1143 160 0.000000
1694355986638197722 141.669317 1127.889978 1135 160 0.000000
1694355987649990321 140.918923 1136.597153 1150 160 0.000000
1694355988659386520 141.179206 1127.406718 1138 160 0.000000
1694355989668207756 141.560778 1132.014290 1142 160 0.000000
1694355990672980212 141.071244 1133.589931 1139 160 0.000000
1694355991683083385 141.000263 1135.527569 1147 160 0.000000
1694355992692249631 141.739696 1127.663525 1138 160 0.000000
1694355993695724984 140.653382 1137.048350 1141 160 0.000000
1694355994714222109 141.770546 1124.205425 1145 160 0.000000
1694355995720278912 141.261274 1139.100772 1146 160 0.000000
1694355996725555066 141.580431 1139.985270 1146 160 0.000000
1694355997732696590 141.663795 1116.029782 1124 160 0.000000
1694355998736297268 141.943350 1127.938606 1132 160 0.000000
1694355999745509198 141.043823 1137.521308 1148 160 0.000000
1694356000756546227 141.642718 1128.544274 1141 160 0.000000
1694356001758907250 140.444766 1135.319505 1138 160 0.000000
