1694833768174638175 140.808975 1481.568086 1436 200 0.000000
1694833769189481999 141.948178 1405.142342 1426 200 0.000000
1694833770205943723 140.918664 1415.695192 1439 200 0.000000
1694833771219353284 141.732350 1416.011863 1435 200 0.000000
1694833772242464723 141.625488 1404.539074 1437 200 0.000000
1694833773256753966 141.599909 1393.093752 1413 200 0.000000
1694833774266799191 141.648479 1413.798115 1428 200 0.000000
1694833775275641464 141.657509 1403.589124 1416 200 0.000000
1694833776286721251 143.613730 1395.537750 1411 200 0.000000
1694833777297765975 142.511881 1394.597008 1410 200 0.000000
1694833778310129364 143.085876 1404.633996 1422 200 0.000000
1694833779315698462 141.968286 1411.141208 1419 200 0.000000
1694833780329234960 142.516788 1408.928050 1428 200 0.000000
1694833781341239894 143.348266 1381.416158 1398 200 0.000000
1694833782350332413 144.045066 1398.285934 1411 200 0.000000
1694833783361001441 142.147617 1410.946539 1426 200 0.000000
1694833784374170048 143.491555 1371.933737 1390 200 0.000000
1694833785383710293 143.165324 1409.552489 1423 200 0.000000
1694833786396994190 142.636430 1403.357877 1422 200 0.000000
1694833787412794914 145.141992 1379.207641 1401 200 0.000000
1694833788426715889 145.419877 1374.860467 1394 200 0.000000
1694833789428591827 143.322111 1406.361890 1409 200 0.000000
1694833790445736449 143.924451 1373.452692 1397 200 0.000000
1694833791455417542 143.165247 1408.365406 1422 200 0.000000
1694833792460232468 143.675111 1397.272243 1404 200 0.000000
1694833793475338294 144.445695 1367.345135 1388 200 0.000000
1694833794487244624 144.087639 1396.374253 1413 200 0.000000
1694833795499202061 151.756295 1311.320006 1327 200 0.000000
1694833796510827454 145.138855 1372.049461 1388 200 0.000000
1694833797524965700 144.006923 1405.133837 1425 200 0.000000
1694833798538533022 144.778471 1383.233141 1402 200 0.000000
1694833799547394204 144.044997 1374.817503 1387 200 0.000000
1694833800555131371 143.543820 1398.182103 1409 200 0.000000
1694833801566635344 143.160888 1375.179952 1391 200 0.000000
1694833802574886657 143.708466 1406.395371 1418 200 0.000000
1694833803585428336 144.138857 1402.218225 1417 200 0.000000
1694833804598588190 145.131950 1385.763595 1404 200 0.000000
1694833805608134946 149.413270 1324.356683 1337 200 0.000000
1694833806612632883 144.051358 1399.704226 1406 200 0.000000
1694833807622341415 147.262963 1334.048296 1347 200 0.000000
1694833808631294940 143.951512 1397.487628 1410 200 0.000000
1694833809637439945 147.017332 1386.480061 1395 200 0.000000
1694833810647156197 144.223197 1361.768665 1375 200 0.000000
1694833811656709842 144.127837 1384.770486 1398 200 0.000000
1694833812666813125 144.278178 1396.886781 1411 200 0.000000
1694833813676335745 143.740951 1387.784688 1401 200 0.000000
1694833814684978572 143.147588 1390.978059 1403 200 0.000000
1694833815696025344 143.378547 1400.528673 1416 200 0.000000
1694833816707513445 145.224789 1363.337814 1379 200 0.000000
1694833817716803164 145.057819 1389.095645 1402 200 0.000000
1694833818729594725 144.115220 1389.229606 1407 200 0.000000
1694833819740998261 143.189704 1390.147455 1406 200 0.000000
1694833820745276393 143.187857 1404.989233 1411 200 0.000000
1694833821754238493 144.184410 1378.644516 1391 200 0.000000
1694833822761455613 142.829628 1405.853771 1416 200 0.000000
1694833823772938317 144.107653 1397.947746 1414 199 0.000000
1694833824782211051 144.459418 1380.201688 1393 200 0.000000
1694833825796409345 143.863338 1383.358709 1403 199 0.000000
1694833826807272862 143.245128 1399.793369 1415 200 0.000000
1694833827818959368 143.220051 1391.735460 1408 200 0.000000
1694833828831760544 149.983814 1336.886252 1354 200 0.000000
1694833829845282893 145.098738 1375.401370 1394 200 0.000000
1694833830857783261 144.913273 1384.690827 1402 200 0.000000
1694833831870928182 144.277740 1371.965674 1390 199 0.000000
1694833832875298790 143.937068 1394.903353 1401 200 0.000000
1694833833887132294 143.923154 1384.615226 1401 200 0.000000
1694833834898746052 144.255430 1398.755205 1415 200 0.000000
1694833835910887810 144.895987 1373.325387 1390 200 0.000000
1694833836920727884 151.635969 1332.884229 1346 200 0.000000
1694833837934720131 143.385276 1377.722547 1397 200 0.000000
1694833838941093975 146.041207 1371.259883 1380 200 0.000000
1694833839954314667 146.510190 1371.862832 1390 200 0.000000
1694833840960471739 143.676956 1384.475928 1393 200 0.000000
1694833841974172348 144.338931 1394.889118 1414 200 0.000000
1694833842982757519 143.536577 1382.133984 1394 200 0.000000
1694833843997027072 144.460087 1388.191366 1408 200 0.000000
1694833845008247314 145.073193 1378.532450 1394 200 0.000000
1694833846016002763 144.133668 1385.256700 1396 200 0.000000
1694833847026417187 144.355075 1388.539197 1403 200 0.000000
1694833848034336830 144.701021 1383.046726 1394 200 0.000000
1694833849040628489 146.702136 1357.459163 1366 200 0.000000
1694833850052688613 144.853260 1390.233768 1407 200 0.000000
1694833851065805324 143.377635 1385.822660 1404 200 0.000000
1694833852071551520 143.740829 1389.018402 1397 200 0.000000
1694833853079319222 145.579376 1393.178145 1404 200 0.000000
1694833854084811687 144.596948 1356.549290 1364 200 0.000000
1694833855096239615 143.316529 1413.842699 1430 200 0.000000
1694833856106716637 143.855733 1378.556744 1393 200 0.000000
1694833857119091077 144.197359 1398.692024 1416 200 0.000000
1694833858128430241 144.263287 1378.129426 1391 200 0.000000
1694833859139087584 144.334752 1381.279195 1396 200 0.000000
1694833860141246021 143.099988 1384.012737 1387 200 0.000000
1694833861150676242 144.367713 1408.715418 1422 200 0.000000
1694833862157120112 145.974710 1375.138890 1384 200 0.000000
1694833863162646068 145.844551 1366.448958 1374 200 0.000000
1694833864169968461 143.448760 1394.786945 1405 200 0.000000
1694833865177615383 143.706696 1386.398293 1397 200 0.000000
1694833866189073408 144.084342 1381.174456 1397 200 0.000000
1694833867199435848 144.362392 1388.610587 1403 200 0.000000
1694833868208694269 143.477617 1395.083747 1408 200 0.000000
1694833869218190658 145.331747 1384.848836 1398 200 0.000000
1694833870229025848 143.525580 1388.950491 1404 200 0.000000
1694833871238871789 143.847622 1385.359919 1399 200 0.000000
1694833872246863590 143.322183 1412.709884 1424 200 0.000000
1694833873257013721 143.864153 1373.063198 1387 200 0.000000
1694833874267942628 145.888880 1369.037912 1384 200 0.000000
1694833875278333889 143.497319 1397.478388 1412 200 0.000000
1694833876288017612 143.707486 1387.563306 1401 200 0.000000
1694833877299334498 143.510169 1393.232727 1409 200 0.000000
1694833878306081117 143.540528 1395.584696 1405 200 0.000000
1694833879313464760 143.753133 1398.672703 1409 200 0.000000
1694833880322386646 143.993592 1380.681719 1393 200 0.000000
1694833881334216464 143.788914 1395.491602 1412 200 0.000000
1694833882342477344 145.008619 1383.570457 1395 200 0.000000
1694833883350596529 144.159530 1371.861682 1383 200 0.000000
1694833884362018889 143.399417 1392.098634 1408 199 0.000000
1694833885372938047 145.059081 1395.759780 1411 200 0.000000
1694833886386489122 143.794421 1386.215154 1405 200 0.000000
1694833887396626937 145.282368 1357.240607 1371 200 0.000000
1694833888403543174 145.823770 1386.411114 1396 200 0.000000
1694833889407626387 143.665836 1394.306975 1400 200 0.000000
1694833890421183921 144.173804 1394.099444 1413 200 0.000000
1694833891429347309 145.155355 1369.817555 1381 200 0.000000
1694833892442024991 143.601422 1390.373402 1408 200 0.000000
1694833893448197314 143.693835 1397.374844 1406 200 0.000000
1694833894454502871 144.582684 1379.302621 1388 200 0.000000
1694833895465530078 144.380577 1380.774059 1396 200 0.000000
1694833896475309399 145.569902 1379.509301 1393 200 0.000000
1694833897482643251 142.939050 1399.734637 1410 200 0.000000
1694833898491422214 143.672489 1390.790305 1403 200 0.000000
1694833899498418559 144.152727 1396.231418 1406 200 0.000000
1694833900505371401 144.459519 1375.436822 1385 199 0.000000
1694833901514719120 144.076258 1384.062222 1397 200 0.000000
1694833902519771907 143.910477 1396.941498 1404 200 0.000000
1694833903535605841 143.409171 1388.022156 1410 200 0.000000
1694833904548642075 143.901508 1396.791148 1415 200 0.000000
1694833905558758292 144.028154 1387.959063 1402 200 0.000000
1694833906570208871 143.906100 1378.218605 1394 200 0.000000
1694833907581903070 144.025861 1397.655574 1414 200 0.000000
1694833908595322040 143.825513 1403.170756 1422 200 0.000000
1694833909601324695 144.081582 1361.825464 1370 200 0.000000
1694833910614481595 144.562809 1398.598874 1417 200 0.000000
1694833911626927866 146.053674 1375.875231 1393 200 0.000000
1694833912634816598 144.067220 1365.230211 1376 200 0.000000
1694833913645656062 143.388370 1400.815951 1416 200 0.000000
1694833914655021963 144.278001 1386.018701 1399 200 0.000000
1694833915670470323 145.204133 1386.579613 1408 200 0.000000
1694833916678079655 145.091122 1369.578405 1380 200 0.000000
1694833917685928638 143.826075 1401.003618 1412 200 0.000000
1694833918694883941 143.755276 1372.706907 1385 200 0.000000
1694833919709196621 144.788056 1390.103947 1410 200 0.000000
1694833920720745928 144.559231 1384.015356 1400 200 0.000000
1694833921726122246 146.161564 1382.567050 1390 200 0.000000
1694833922742629307 147.838420 1351.687654 1374 200 0.000000
1694833923755272435 145.849756 1347.957550 1365 200 0.000000
1694833924761890852 143.705317 1404.702894 1414 200 0.000000
1694833925779014643 143.771495 1392.161108 1416 200 0.000000
1694833926789333607 143.906731 1361.946235 1376 200 0.000000
1694833927797447013 144.193182 1428.410751 1440 200 0.000000
1694833928808654067 143.961251 1367.672419 1383 200 0.000000
1694833929822677120 143.936670 1397.404100 1417 200 0.000000
1694833930829250736 143.916815 1391.850462 1401 199 0.000000
1694833931839583049 143.943401 1390.631604 1405 200 0.000000
1694833932850416504 143.247782 1390.931260 1406 200 0.000000
1694833933862707407 145.512416 1370.159623 1387 200 0.000000
1694833934875271504 144.578879 1396.454710 1414 200 0.000000
1694833935883609196 144.456981 1353.713272 1365 200 0.000000
1694833936894759534 146.078208 1407.307971 1423 200 0.000000
