1694024922883874680 126.528697 123.998209 124 16 0.000000
1694024923825720012 119.811222 142.273914 134 16 0.000000
1694024924837819602 120.747050 125.481704 127 16 0.000000
1694024925850745768 124.207787 129.328281 131 16 0.000000
1694024926863353160 127.933253 128.381465 130 16 0.000000
1694024927875680137 121.247060 131.380476 133 16 0.000000
1694024928888509056 121.601921 133.290032 135 16 0.000000
1694024929828617636 118.607911 132.963365 125 16 0.000000
1694024930841346110 123.283356 130.340958 132 16 0.000000
1694024931854328153 122.368615 131.295516 133 16 0.000000
1694024932866810681 123.495564 128.397270 130 16 0.000000
1694024933879988545 116.690045 135.218123 137 16 0.000000
1694024934892381589 122.535989 132.359661 134 16 0.000000
1694024935833170928 125.824047 126.489522 119 16 0.000000
1694024936845255896 125.005297 127.459660 129 16 0.000000
1694024937857736622 116.836681 136.298870 138 16 0.000000
1694024938870711972 125.198820 128.334811 130 16 0.000000
1694024939883753169 122.411993 131.287870 133 16 0.000000
1694024940896589816 118.805406 135.263669 137 16 0.000000
1694024941909808852 120.577134 130.277853 132 16 0.000000
1694024942849863893 129.783843 124.460793 117 16 0.000000
1694024943862780314 120.904976 132.291260 134 16 0.000000
1694024944875409860 120.015061 133.316281 135 16 0.000000
1694024945888192479 124.638451 128.359237 130 16 0.000000
1694024946900999037 122.799933 130.330914 132 16 0.000000
1694024947913967404 123.460522 131.297289 133 16 0.000000
1694024948855079575 122.170984 129.633852 122 16 0.000000
1694024949867628403 122.953425 128.388876 130 16 0.000000
1694024950880564936 112.460569 144.135386 146 16 0.000000
1694024951893381093 121.312558 131.317020 133 16 0.000000
1694024952907075928 119.410347 135.149153 137 16 0.000000
1694024953920221457 120.767986 134.235407 136 16 0.000000
1694024954861170387 127.083808 122.217027 115 16 0.000000
1694024955873819365 126.709340 127.388674 129 16 0.000000
1694024956886410175 124.392177 130.358683 132 16 0.000000
1694024957899256244 122.006001 129.338515 131 16 0.000000
1694024958912341151 117.911184 133.256332 135 16 0.000000
1694024959925000779 127.547711 125.412328 127 16 0.000000
1694024960938011180 121.609367 133.266173 135 16 0.000000
1694024961878705413 127.021844 126.502317 119 16 0.000000
1694024962890998634 119.628867 134.348424 136 16 0.000000
1694024963903944687 125.177630 128.338523 130 16 0.000000
1694024964915973144 122.979757 128.454888 130 16 0.000000
1694024965929298012 120.979927 132.237944 134 16 0.000000
1694024966942352520 125.919941 129.311898 131 16 0.000000
1694024967883265380 115.889904 136.038102 128 16 0.000000
1694024968895801009 125.965881 126.415301 128 16 0.000000
1694024969908482546 120.323848 132.321956 134 16 0.000000
1694024970920607198 121.197692 134.370792 136 16 0.000000
1694024971932418369 121.017899 133.424116 135 16 0.000000
1694024972945235780 118.241666 135.266236 137 16 0.000000
1694024973957830543 124.499888 127.395486 129 16 0.000000
1694024974898605106 118.261748 133.932166 126 16 0.000000
1694024975911727211 116.049368 137.199659 139 16 0.000000
1694024976924388932 126.127202 127.387066 129 16 0.000000
1694024977936379499 123.644048 129.447858 131 16 0.000000
1694024978949045269 123.816544 130.349029 132 16 0.000000
1694024979961869685 121.995314 132.303262 134 16 0.000000
1694024980902359627 127.558428 121.213422 114 16 0.000000
1694024981915122835 122.180203 133.298702 135 16 0.000000
1694024982928974114 123.535231 131.182941 133 16 0.000000
1694024983941373956 123.892529 127.420019 129 16 0.000000
1694024984953929577 124.049699 128.388009 130 16 0.000000
1694024985967187696 122.184491 130.272807 132 16 0.000000
1694024986907072697 122.074582 132.995017 125 16 0.000000
1694024987920300505 126.593740 126.328945 128 16 0.000000
1694024988932430179 121.616230 130.418071 132 16 0.000000
1694024989944979496 119.494796 133.326838 135 16 0.000000
1694024990958312625 122.977166 128.289492 130 16 0.000000
1694024991971231318 124.700348 132.290982 134 16 0.000000
1694024992983914148 122.197302 130.346822 132 16 0.000000
1694024993924879772 122.383039 127.528552 120 16 0.000000
1694024994937252179 123.781716 130.386824 132 16 0.000000
1694024995949210062 124.572691 128.463848 130 16 0.000000
1694024996962343780 121.606475 130.288805 132 16 0.000000
1694024997974656709 123.142911 129.406646 131 16 0.000000
1694024998987699004 116.032809 142.146080 144 16 0.000000
1694024999927810801 119.566411 131.899208 124 16 0.000000
1694025000940524053 123.097897 129.355477 131 16 0.000000
1694025001953467032 121.805168 134.262243 136 16 0.000000
1694025002965971497 117.461673 131.357444 133 16 0.000000
1694025003978750218 119.165939 137.246174 139 16 0.000000
1694025004990974865 127.411179 124.478299 126 16 0.000000
1694025006003685115 120.921668 132.318201 134 16 0.000000
1694025006944362674 120.524242 133.946003 126 16 0.000000
1694025007957503310 122.220953 130.287934 132 16 0.000000
1694025008969975467 117.074877 137.287712 139 16 0.000000
1694025009983047251 119.811339 135.232289 137 16 0.000000
1694025010995536922 122.536925 129.384012 131 16 0.000000
1694025012007644767 121.952907 132.396981 134 16 0.000000
1694025012948217773 120.373291 129.708168 122 16 0.000000
1694025013960878172 122.388362 131.337218 133 16 0.000000
1694025014973858990 124.485828 127.346910 129 16 0.000000
1694025015986428447 122.897132 131.349036 133 16 0.000000
1694025016999583644 120.750242 134.234125 136 16 0.000000
1694025018012718440 119.293195 132.262746 134 16 0.000000
1694025018952335828 123.207104 133.032883 125 16 0.000000
1694025019965088960 124.050904 128.362970 130 16 0.000000
1694025020977922791 115.937193 134.276708 136 16 0.000000
1694025021990302622 124.213529 129.398078 131 16 0.000000
1694025023003111104 124.772049 129.343311 131 16 0.000000
1694025024016238073 126.354103 128.315606 130 16 0.000000
1694025025029284933 125.154731 124.377265 126 16 0.000000
1694025025969761563 118.682751 136.101202 128 16 0.000000
1694025026983011850 121.705757 133.234605 135 16 0.000000
1694025027996416453 124.541989 127.293679 129 16 0.000000
1694025029010104788 124.605667 127.258050 129 16 0.000000
1694025030023349668 116.589061 137.183025 139 16 0.000000
1694025031036283475 121.112948 130.314534 132 16 0.000000
1694025031976860038 122.505968 131.834030 124 16 0.000000
1694025032989992326 122.776885 130.289009 132 16 0.000000
1694025034002797249 120.927235 135.267907 137 16 0.000000
1694025035015482374 119.665094 134.296434 136 16 0.000000
1694025036028509007 123.908123 127.341174 129 16 0.000000
1694025037041226742 125.312134 129.354898 131 16 0.000000
1694025037981807846 122.547861 128.643856 121 16 0.000000
1694025038994328540 114.621034 140.244047 142 16 0.000000
1694025040007032052 122.922935 131.331647 133 16 0.000000
1694025041019888016 120.181746 131.311859 133 16 0.000000
1694025042032270473 119.273919 135.324355 137 16 0.000000
1694025043045298949 124.379751 130.302356 132 16 0.000000
1694025044057174340 122.359826 128.474317 130 16 0.000000
1694025044998374651 122.359915 130.684172 123 16 0.000000
1694025046010611993 118.737151 132.380018 134 16 0.000000
1694025047024231340 116.814536 138.118907 140 16 0.000000
1694025048037051302 121.648011 133.291235 135 16 0.000000
1694025049049611035 124.206070 125.424696 127 16 0.000000
1694025050063388479 128.052922 124.287638 126 16 0.000000
1694025051004476973 123.702468 131.762298 124 16 0.000000
1694025052016875326 118.457552 136.309998 138 16 0.000000
1694025053029633482 118.938942 133.299346 135 16 0.000000
1694025054042510457 118.134896 137.232857 139 16 0.000000
1694025055055703269 118.467580 133.242159 135 16 0.000000
1694025056069466500 126.441658 125.275799 127 16 0.000000
1694025057009224786 125.396944 127.692408 120 16 0.000000
1694025058022121474 125.896488 125.382975 127 16 0.000000
1694025059034847165 123.263801 130.341316 132 16 0.000000
1694025060047291351 121.041687 136.303815 138 16 0.000000
1694025061060169315 126.443678 125.385290 127 16 0.000000
1694025062073051189 116.788004 138.219476 140 16 0.000000
1694025063013613602 121.123001 130.772818 123 16 0.000000
1694025064025922390 117.899978 136.322046 138 16 0.000000
1694025065038311356 125.583637 123.470330 125 16 0.000000
1694025066051396986 123.900985 134.243341 136 16 0.000000
1694025067064247906 119.807796 132.299820 134 16 0.000000
1694025068076627645 123.654516 129.398090 131 16 0.000000
1694025069088951532 120.314881 132.368695 134 16 0.000000
1694025070029654146 125.386217 127.564234 120 16 0.000000
1694025071041707631 124.722849 129.439795 131 16 0.000000
1694025072054362782 118.729074 132.325404 134 16 0.000000
1694025073067170080 119.670314 134.280236 136 16 0.000000
1694025074078147650 121.088362 127.599250 129 16 0.000000
1694025075092700499 126.017115 130.106578 132 16 0.000000
1694025076033069395 125.878023 130.799754 123 16 0.000000
1694025077046093203 120.549953 133.264391 135 16 0.000000
1694025078058416593 119.442436 133.356593 135 16 0.000000
1694025079071427477 125.759629 124.381685 126 16 0.000000
1694025080084150363 120.887506 135.278863 137 16 0.000000
1694025081096981599 120.919799 129.340402 131 16 0.000000
1694025082109667307 122.347198 131.333937 133 16 0.000000
1694025083050096864 118.578900 132.917961 125 16 0.000000
1694025084062493181 126.405685 129.395987 131 16 0.000000
1694025085074353111 127.951319 124.523164 126 16 0.000000
1694025086086957064 123.664671 129.369434 131 16 0.000000
1694025087100029550 126.894061 128.322505 130 16 0.000000
1694025088113105871 122.582601 129.309113 131 16 0.000000
1694025089053308453 126.074778 124.441266 117 16 0.000000
1694025090066349530 121.819884 131.287860 133 16 0.000000
1694025091078814788 122.147093 130.374844 132 16 0.000000
