1693777378206517283 111.809399 144.390365 143 16 0.000000
1693777379161489210 110.436534 141.365413 135 16 0.000000
1693777380161106774 111.791436 145.055497 145 16 0.000000
1693777381186414936 110.227960 147.272774 151 16 0.000000
1693777382198925641 104.114444 151.109534 153 16 0.000000
1693777383211798834 114.643319 140.195220 142 16 0.000000
1693777384224083978 110.498061 144.228149 146 16 0.000000
1693777385226981978 106.801586 142.586771 143 16 0.000000
1693777386176866449 111.519145 153.702926 146 16 0.000000
1693777387189380651 107.362628 149.133703 151 16 0.000000
1693777388202537469 107.775490 145.091049 147 16 0.000000
1693777389207818846 110.968498 145.232984 146 16 0.000000
1693777390227051732 104.826364 153.056272 156 16 0.000000
1693777391234842380 110.043746 146.855914 148 16 0.000000
1693777392179411689 104.690218 151.391741 143 16 0.000000
1693777393187735453 109.230244 145.786511 147 16 0.000000
1693777394200681641 111.476471 144.134021 146 16 0.000000
1693777395215630009 109.990752 145.820205 148 16 0.000000
1693777396227764057 109.237690 145.237678 147 16 0.000000
1693777397240096943 106.867729 151.136081 153 16 0.000000
1693777398180929408 111.776428 142.427055 134 16 0.000000
1693777399194238326 111.581865 140.134955 142 16 0.000000
1693777400207300614 107.793316 151.027221 153 16 0.000000
1693777401220651559 112.306682 145.063288 147 16 0.000000
1693777402234296950 109.574108 146.007649 148 16 0.000000
1693777403247414808 111.066111 142.135505 144 16 0.000000
1693777404188913379 113.223828 141.264135 133 15 0.000000
1693777405202279765 108.529746 148.021501 150 16 0.000000
1693777406215380814 112.365246 141.150781 143 16 0.000000
1693777407229052421 108.087041 147.976900 150 16 0.000000
1693777408242435717 112.371437 141.111478 143 16 0.000000
1693777409255578492 112.787814 143.119023 145 16 0.000000
1693777410268084546 110.159652 138.270756 140 16 0.000000
1693777411210407897 107.786235 158.119822 149 16 0.000000
1693777412224197779 100.849635 155.850854 158 16 0.000000
1693777413236941150 110.936563 144.162876 146 16 0.000000
1693777414249385134 107.030505 150.131745 152 16 0.000000
1693777415261859910 108.017832 150.127215 152 16 0.000000
1693777416275402687 105.668884 149.969005 152 16 0.000000
1693777417216073687 108.548296 148.829930 140 16 0.000000
1693777418229408465 109.817587 147.039255 149 16 0.000000
1693777419243081585 109.556279 144.030667 146 16 0.000000
1693777420256225173 111.234848 145.092949 147 16 0.000000
1693777421269304591 110.802176 141.153798 143 16 0.000000
1693777422282366354 113.839981 141.156233 143 16 0.000000
1693777423223117555 111.966722 145.628324 137 16 0.000000
1693777424236914825 112.714524 140.067446 142 16 0.000000
1693777425250025580 108.029474 146.084723 148 16 0.000000
1693777426262752017 110.193054 147.127590 149 16 0.000000
1693777427276257868 107.620961 148.001118 150 16 0.000000
1693777428289319430 110.730107 145.104708 147 16 0.000000
1693777429230107994 108.294415 149.874270 141 16 0.000000
1693777430243811134 112.088584 142.053423 144 16 0.000000
1693777431257084109 107.826538 149.022034 151 16 0.000000
1693777432270051059 104.345766 154.003041 156 16 0.000000
1693777433282907118 109.272206 143.159535 145 16 0.000000
1693777434296518324 108.584094 147.985737 150 16 0.000000
1693777435237545654 108.277042 145.585551 137 16 0.000000
1693777436249945225 117.978782 139.273095 141 16 0.000000
1693777437263851263 105.036760 150.901557 153 16 0.000000
1693777438277183114 108.327834 147.039685 149 16 0.000000
1693777439290835776 111.014027 146.006603 148 16 0.000000
1693777440304438608 109.317101 145.027241 147 16 0.000000
1693777441317274109 103.238998 155.010365 157 16 0.000000
1693777442258545671 108.560986 146.610162 138 16 0.000000
1693777443272334336 112.127630 142.041458 144 16 0.000000
1693777444284872299 114.804816 141.229269 143 16 0.000000
1693777445297725977 106.102749 148.096417 150 16 0.000000
1693777446311205061 114.876725 141.098132 143 16 0.000000
1693777447324904794 111.097679 144.026868 146 16 0.000000
1693777448265655574 108.247305 147.754330 139 16 0.000000
1693777449279140622 112.930833 139.123907 141 16 0.000000
1693777450291623342 118.636020 137.286293 139 16 0.000000
1693777451304806291 107.575075 150.022266 152 16 0.000000
1693777452318152395 101.942032 156.905908 159 16 0.000000
1693777453331208024 103.429244 153.989576 156 16 0.000000
1693777454272099477 120.407907 132.852733 125 16 0.000000
1693777455284982769 113.874559 139.206560 141 16 0.000000
1693777456297770228 112.018453 142.181855 144 16 0.000000
1693777457311114142 113.075724 142.103781 144 16 0.000000
1693777458324318737 111.252825 143.110287 145 16 0.000000
1693777459337396843 109.741110 147.076518 149 16 0.000000
1693777460347862397 111.727665 134.591405 136 16 0.000000
1693777461291131214 113.377035 149.480211 141 16 0.000000
1693777462304096171 115.143094 140.182541 142 16 0.000000
1693777463317485065 106.127558 149.991768 152 16 0.000000
1693777464329987791 106.612142 150.123059 152 16 0.000000
1693777465342980704 111.464552 144.127357 146 16 0.000000
1693777466356366079 109.466749 146.045118 148 16 0.000000
1693777467296180252 109.027487 146.837559 138 16 0.000000
1693777468308777275 113.869178 139.245901 141 16 0.000000
1693777469320940992 106.842684 151.161323 153 16 0.000000
1693777470334100859 107.086608 148.051660 150 16 0.000000
1693777471347640458 110.782921 145.036254 147 16 0.000000
1693777472360506640 111.800434 141.183514 143 16 0.000000
1693777473301092162 108.775092 147.780305 139 16 0.000000
1693777474314442316 109.739819 149.010690 151 16 0.000000
1693777475327049199 115.391324 139.244560 141 16 0.000000
1693777476340124734 110.304291 143.128510 145 16 0.000000
1693777477353079452 108.764573 147.094427 149 16 0.000000
1693777478366209388 112.532667 142.133801 144 16 0.000000
1693777479378723847 108.296430 143.207836 145 16 0.000000
1693777480320002271 111.955545 145.546727 137 16 0.000000
1693777481332566331 110.670023 147.151190 149 16 0.000000
1693777482346244543 107.388226 148.962459 151 16 0.000000
1693777483359292959 111.066816 142.145226 144 16 0.000000
1693777484372932878 114.688474 140.089191 142 16 0.000000
1693777485386265451 105.942553 150.986952 153 16 0.000000
1693777486327000444 113.769236 139.252824 131 16 0.000000
1693777487345575881 111.576459 145.300978 148 16 0.000000
1693777488359290719 109.079931 145.997662 148 16 0.000000
1693777489372214055 113.001859 142.162785 144 16 0.000000
1693777490384810369 114.354819 139.246016 141 16 0.000000
1693777491397088347 109.978094 144.229141 146 16 0.000000
1693777492337833274 106.684048 149.881224 141 16 0.000000
1693777493350343619 109.476792 148.146650 150 16 0.000000
1693777494363247318 108.756266 145.127322 147 16 0.000000
1693777495376645479 110.241321 147.030068 149 16 0.000000
1693777496389842551 111.052997 142.124352 144 16 0.000000
1693777497402958335 110.009140 146.084004 148 16 0.000000
1693777498344025397 106.780796 149.829927 141 16 0.000000
1693777499357328025 109.266942 145.070187 147 16 0.000000
1693777500369697627 114.089661 140.264847 142 16 0.000000
1693777501382465467 111.183092 145.146930 147 16 0.000000
1693777502396260841 110.833462 143.026885 145 16 0.000000
1693777503409173827 108.026985 148.087746 150 16 0.000000
1693777504349986416 105.050922 155.184999 146 16 0.000000
1693777505363627022 109.080278 144.035252 146 16 0.000000
1693777506375905742 111.227995 143.241201 145 16 0.000000
1693777507389223791 111.958267 146.054835 148 16 0.000000
1693777508402316285 116.940151 136.216573 138 16 0.000000
1693777509415727111 109.502179 146.041476 148 16 0.000000
1693777510427883902 110.887471 137.330500 139 16 0.000000
1693777511369025708 115.869829 141.317703 133 16 0.000000
1693777512382726323 115.498190 144.026749 146 16 0.000000
1693777513395799162 110.817922 141.154707 143 16 0.000000
1693777514408898782 113.833262 141.150977 143 16 0.000000
1693777515421604090 108.495907 148.118093 150 16 0.000000
1693777516434818599 104.572549 152.978481 155 16 0.000000
1693777517375568863 109.313881 147.754414 139 16 0.000000
1693777518388424190 111.835569 139.210383 141 16 0.000000
1693777519402182966 109.060685 147.964195 150 16 0.000000
1693777520415392888 110.031850 146.070436 148 16 0.000000
1693777521428874092 104.836191 153.924911 156 16 0.000000
1693777522441477073 108.262571 149.120634 151 16 0.000000
1693777523382733756 111.555957 141.300458 133 16 0.000000
1693777524395608879 109.979536 146.118708 148 16 0.000000
1693777525408658870 113.340779 139.183649 141 16 0.000000
1693777526420244231 112.439589 142.350820 144 16 0.000000
1693777527433373606 113.193245 143.120913 145 16 0.000000
1693777528446720728 110.537227 142.103310 144 16 0.000000
1693777529457423465 109.521981 140.496317 142 16 0.000000
1693777530399069104 109.979334 152.923766 144 16 0.000000
1693777531411843242 110.239412 145.145878 147 16 0.000000
1693777532424759205 111.231211 143.151083 145 16 0.000000
1693777533437987952 107.356429 149.028529 151 16 0.000000
1693777534450992426 104.793846 153.997351 156 16 0.000000
1693777535463282057 113.095009 138.300335 140 16 0.000000
1693777536403170050 108.472388 148.953929 140 16 0.000000
1693777537416730183 105.962692 152.926297 155 16 0.000000
1693777538429556287 110.462899 146.125778 148 16 0.000000
1693777539442203485 108.207438 147.139103 149 16 0.000000
1693777540454937445 107.949506 146.139048 148 16 0.000000
1693777541467654570 111.447726 144.166636 146 16 0.000000
1693777542478032321 111.340091 137.572301 139 15 0.000000
1693777543419431907 107.958999 157.212733 148 16 0.000000
1693777544432030061 110.201836 143.196002 145 16 0.000000
1693777545444351901 105.382065 151.137699 153 16 0.000000
1693777546456561171 114.197090 143.251015 145 16 0.000000
