1694260891497564495 145.480798 0.000000
1694260891497615022 145.596913 0.000000
1694260891523836648 145.156043 0.000000
1694260891570107864 145.132055 0.000000
1694260891596783145 145.145852 0.000000
1694260891887525224 145.060916 0.000000
1694260892007674682 145.547613 0.000000
1694260892033240034 145.190932 0.000000
1694260892080124512 145.254216 0.000000
1694260892298711189 145.348334 0.000000
1694260892324351601 145.099736 0.000000
1694260892397215853 145.165345 0.000000
1694260892443825354 145.102082 0.000000
1694260892688439464 145.230137 0.000000
1694260892834144308 145.661393 0.000000
1694260892870740433 145.449004 0.000000
1694260892906571397 145.190222 0.000000
1694260892906638633 145.235433 0.000000
1694260893051994124 145.348544 0.000000
1694260893561833698 145.271006 0.000000
1694260893681969407 145.118552 0.000000
1694260893706875171 145.039613 0.000000
1694260893817105225 145.132202 0.000000
1694260893827683453 145.259298 0.000000
1694260893973022342 145.336343 0.000000
1694260894045737470 145.171915 0.000000
1694260894045934964 144.957336 0.000000
1694260894144280826 145.051206 0.000000
1694260894264008776 145.173405 0.000000
1694260894555054012 144.956940 0.000000
1694260894580830584 145.251679 0.000000
1694260894799286885 145.435007 0.000000
1694260894799362666 145.606225 0.000000
1694260894919048976 145.191497 0.000000
1694260894991959955 145.319957 0.000000
1694260895017698037 145.563793 0.000000
1694260895137374027 145.292791 0.000000
1694260895236450051 145.611051 0.000000
1694260895309191425 145.132215 0.000000
1694260895356195212 145.275461 0.000000
1694260895428564116 145.353368 0.000000
1694260895501129019 145.112378 0.000000
1694260895527411828 145.367796 0.000000
1694260895673061153 145.429880 0.000000
1694260895745669285 144.986406 0.000000
1694260895792414568 145.471150 0.000000
1694260895792555545 145.644203 0.000000
1694260895964080529 145.125763 0.000000
1694260896084107836 145.950349 0.000000
1694260896084271512 146.017680 0.000000
1694260896229444441 145.227561 0.000000
1694260896291387094 144.978340 0.000000
1694260896302277402 145.017481 0.000000
1694260896593224645 145.052553 0.000000
1694260896593359884 145.131983 0.000000
1694260896593364640 145.224558 0.000000
1694260896619261052 145.163848 0.000000
1694260896666388095 145.492406 0.000000
1694260896692086686 145.146171 0.000000
1694260896738565474 145.336514 0.000000
1694260896910148285 145.118501 0.000000
1694260896957594822 145.465634 0.000000
1694260897055629660 145.031724 0.000000
1694260897102969224 145.423611 0.000000
1694260897274105999 145.366683 0.000000
1694260897394132264 145.205484 0.000000
1694260897565245024 145.419622 0.000000
1694260897757775412 144.978518 0.000000
1694260897892981376 145.192888 0.000000
1694260898074752296 145.161397 0.000000
1694260898122073845 145.310285 0.000000
1694260898267584344 145.103068 0.000000
1694260898365622688 145.250579 0.000000
1694260898438701675 145.178486 0.000000
1694260898486673232 145.623349 0.000000
1694260898486692046 145.781121 0.000000
1694260898511483454 145.098184 0.000000
1694260898558796720 145.402386 0.000000
1694260898584030201 145.303201 0.000000
1694260898704113457 145.146668 0.000000
1694260898849341303 145.223416 0.000000
1694260898948191642 145.243758 0.000000
1694260898995208199 145.054949 0.000000
1694260898995235322 145.069873 0.000000
1694260899093896446 145.220578 0.000000
1694260899286308949 145.135296 0.000000
1694260899312332660 145.440248 0.000000
1694260899349207690 145.793139 0.000000
1694260899384957494 145.023156 0.000000
1694260899458020731 145.313105 0.000000
1694260899504829314 145.140056 0.000000
1694260899578045145 144.997835 0.000000
1694260899650674389 145.391721 0.000000
1694260899749250090 145.221281 0.000000
1694260899868531738 145.110813 0.000000
1694260899941453994 145.100630 0.000000
1694260900004099972 145.352868 0.000000
1694260900087325937 145.224223 0.000000
1694260900087357049 145.199179 0.000000
1694260900186185989 145.691078 0.000000
1694260900378071001 144.973806 0.000000
1694260900378258357 144.998729 0.000000
1694260900404515350 145.332319 0.000000
1694260900550280854 145.379863 0.000000
1694260900669263815 145.398428 0.000000
1694260900695476576 145.167400 0.000000
1694260900695542579 145.193617 0.000000
1694260900742092016 145.338894 0.000000
1694260900814597632 145.096285 0.000000
1694260900840875951 145.095965 0.000000
1694260900959856425 144.957172 0.000000
1694260901178048027 144.925900 0.000000
1694260901468915305 145.106338 0.000000
1694260901614793687 144.944668 0.000000
1694260901642448961 145.010420 0.000000
1694260901860620214 145.016228 0.000000
1694260901905665429 145.127872 0.000000
1694260901905727754 145.283995 0.000000
1694260902050790181 144.984406 0.000000
1694260902123792425 144.891033 0.000000
1694260902187806588 145.125126 0.000000
1694260902297972424 145.032433 0.000000
1694260902414927662 145.202448 0.000000
1694260902487469936 145.180750 0.000000
1694260903069557527 145.400937 0.000000
1694260903142398907 145.298459 0.000000
1694260903245290283 145.635172 0.000000
1694260903318141296 145.206928 0.000000
1694260903433572524 145.379965 0.000000
1694260903645842666 145.159558 0.000000
1694260903651491392 145.002161 0.000000
1694260903942999039 145.333867 0.000000
1694260904118696544 145.128851 0.000000
1694260904154843525 145.027630 0.000000
1694260904161582596 145.271603 0.000000
1694260904519301887 145.671135 0.000000
1694260904628513079 145.169006 0.000000
1694260904701382226 144.971947 0.000000
1694260904701637203 145.332565 0.000000
1694260904883124096 145.340953 0.000000
1694260904919463760 145.323286 0.000000
1694260904955881698 145.258016 0.000000
1694260904992492905 145.276625 0.000000
1694260905064966366 145.155079 0.000000
1694260905065040905 145.152883 0.000000
1694260905101535263 145.649209 0.000000
1694260905210684901 145.495641 0.000000
1694260905326654689 145.181525 0.000000
1694260905428665422 145.319838 0.000000
1694260905472672792 145.315891 0.000000
1694260905763678391 145.061410 0.000000
1694260905908818136 144.938994 0.000000
1694260905975308004 145.136404 0.000000
1694260905981784644 145.089118 0.000000
1694260906084578203 145.404678 0.000000
1694260906127199576 145.010562 0.000000
1694260906345751119 145.348061 0.000000
1694260906375687854 145.267382 0.000000
1694260906636738782 145.414371 0.000000
1694260906666823546 145.248796 0.000000
1694260906666849271 145.014601 0.000000
1694260906885485208 145.530220 0.000000
1694260906958071348 145.518847 0.000000
1694260906994996584 145.619406 0.000000
1694260907145453813 144.863253 0.000000
1694260907291530451 145.204642 0.000000
1694260907431818418 145.387673 0.000000
1694260907436608769 145.297388 0.000000
1694260907509961062 145.074790 0.000000
1694260907541022767 145.291353 0.000000
1694260907541057117 145.439568 0.000000
1694260907577180936 145.357937 0.000000
1694260907577207488 145.410039 0.000000
1694260907613512547 144.829180 0.000000
1694260907800510087 145.194363 0.000000
1694260907800514297 145.099724 0.000000
1694260907904710018 145.102305 0.000000
1694260908086816615 145.346390 0.000000
1694260908455615530 145.298491 0.000000
1694260908487626662 145.401537 0.000000
1694260908523416624 145.094901 0.000000
1694260908596408254 144.922401 0.000000
1694260908673695112 144.931522 0.000000
1694260908746357417 145.063710 0.000000
1694260908923942919 145.096506 0.000000
1694260908960174643 145.302459 0.000000
1694260909037470707 145.295924 0.000000
1694260909183356617 145.763114 0.000000
1694260909215390912 145.539792 0.000000
1694260909542233814 144.989459 0.000000
1694260909579497155 145.064283 0.000000
1694260909652278558 144.893594 0.000000
1694260909833622323 145.626773 0.000000
1694260909838166840 145.456442 0.000000
1694260909870442169 145.269476 0.000000
1694260910088786071 145.305086 0.000000
1694260910124857006 145.393256 0.000000
1694260910416398070 145.496260 0.000000
1694260910565227615 145.113043 0.000000
1694260910598536492 145.289765 0.000000
1694260910710391622 145.071247 0.000000
1694260910856040322 145.145796 0.000000
1694260910889544188 145.152847 0.000000
1694260910926605059 145.075402 0.000000
1694260911035511302 145.496846 0.000000
1694260911074025710 144.991872 0.000000
1694260911146295167 144.891805 0.000000
1694260911180684324 145.169449 0.000000
1694260911253274578 144.927259 0.000000
1694260911326251168 145.105442 0.000000
1694260911326285754 145.339551 0.000000
1694260912456262601 145.002432 0.000000
1694260912600635196 145.349911 0.000000
1694260912601863621 144.869640 0.000000
1694260912674755209 144.965959 0.000000
1694260912745914807 145.202677 0.000000
1694260912819485804 144.880824 0.000000
1694260912964097288 145.457250 0.000000
1694260913000613538 144.998933 0.000000
1694260913146271378 145.328560 0.000000
1694260913255342946 145.190550 0.000000
1694260913546631237 144.877031 0.000000
1694260913728695878 145.260467 0.000000
1694260913911197335 145.027532 0.000000
1694260913983081066 145.150601 0.000000
1694260914019799659 145.203561 0.000000
1694260914056697732 145.063969 0.000000
1694260914128884640 145.155728 0.000000
1694260914383491042 145.084207 0.000000
1694260914420799934 145.538881 0.000000
1694260914456769414 145.301880 0.000000
1694260914565877726 145.425780 0.000000
1694260914638649772 144.816336 0.000000
1694260914674645543 145.537122 0.000000
1694260914893479496 145.033963 0.000000
1694260914929613293 145.058050 0.000000
1694260915038739529 145.199587 0.000000
1694260915294005407 144.778081 0.000000
1694260915403167816 145.407884 0.000000
1694260915475855871 145.153613 0.000000
1694260915731548399 145.769693 0.000000
1694260915840015614 145.196113 0.000000
1694260915913541336 145.693955 0.000000
1694260916058531333 145.054202 0.000000
1694260916095149433 145.075790 0.000000
1694260916131599195 145.207947 0.000000
1694260916168747405 145.118666 0.000000
1694260916205134075 145.018224 0.000000
1694260916750725206 145.397980 0.000000
1694260916860910990 145.595750 0.000000
1694260916897549830 145.869564 0.000000
1694260917042793186 145.222077 0.000000
1694260917078608585 145.283536 0.000000
1694260917151177375 145.262074 0.000000
1694260917152312608 145.082467 0.000000
1694260917333590743 145.456512 0.000000
1694260917442162358 145.280755 0.000000
1694260917442836285 145.358881 0.000000
1694260917479357640 144.740727 0.000000
1694260917624818595 144.965013 0.000000
1694260917805744967 145.200187 0.000000
1694260917915892132 145.190038 0.000000
1694260918097034424 145.299226 0.000000
1694260918097135824 145.366122 0.000000
1694260918169876043 145.078440 0.000000
1694260918315246445 145.204116 0.000000
1694260918352848669 145.151680 0.000000
1694260918460593404 145.179254 0.000000
1694260918533467181 145.128611 0.000000
1694260918861812910 145.230478 0.000000
1694260919226292507 145.100506 0.000000
1694260919334451954 145.032036 0.000000
1694260919407369709 144.670686 0.000000
1694260919516984314 145.188916 0.000000
1694260919552699593 145.214355 0.000000
1694260919662722991 145.007238 0.000000
1694260919771271302 145.370748 0.000000
1694260919881010736 145.169414 0.000000
1694260919954153264 145.226579 0.000000
1694260920062733980 145.216119 0.000000
1694260920100286910 145.462997 0.000000
1694260920135740145 145.176191 0.000000
1694260920281000357 145.269504 0.000000
1694260920318501144 144.949970 0.000000
1694260920353990583 145.221370 0.000000
1694260920463254442 145.047792 0.000000
1694260920499135235 145.237378 0.000000
1694260920608884879 145.309155 0.000000
1694260920644564831 145.422018 0.000000
1694260920754916527 144.779102 0.000000
1694260920936863970 145.173348 0.000000
1694260921010043078 145.202077 0.000000
1694260921156298216 145.943925 0.000000
1694260921192010872 144.892234 0.000000
1694260921228618451 145.327483 0.000000
1694260921301295525 144.993060 0.000000
1694260921337129265 144.979069 0.000000
1694260921409742992 145.068210 0.000000
1694260921446649560 145.287450 0.000000
1694260921556189981 144.893994 0.000000
1694260921592458704 144.938592 0.000000
1694260921882606397 145.339315 0.000000
1694260921920091464 145.985240 0.000000
1694260921920361452 146.297712 0.000000
1694260921955607956 145.143265 0.000000
1694260922027846620 145.233507 0.000000
1694260922028934814 144.948765 0.000000
1694260922101782873 144.935832 0.000000
1694260922429481619 144.912984 0.000000
1694260922501987687 144.787634 0.000000
1694260922610887766 145.815623 0.000000
1694260922647646834 145.384384 0.000000
1694260922757035765 145.260537 0.000000
1694260923121142064 144.927317 0.000000
1694260923192760303 145.350796 0.000000
1694260923193895000 145.185547 0.000000
1694260923266663307 144.958144 0.000000
1694260923411770077 144.668587 0.000000
1694260923703441289 144.794564 0.000000
1694260923884748540 144.975253 0.000000
1694260924285005746 145.262748 0.000000
1694260924358048937 145.445672 0.000000
1694260924394761563 145.202742 0.000000
1694260924612792322 145.228729 0.000000
1694260924685932488 145.085680 0.000000
1694260924794688662 145.114592 0.000000
1694260924831026241 145.091728 0.000000
1694260925050411464 145.412716 0.000000
1694260925086203281 145.197934 0.000000
1694260925122229752 145.202908 0.000000
1694260925267590898 145.153924 0.000000
1694260925486615291 145.048841 0.000000
1694260925741863533 145.347579 0.000000
1694260925886841347 145.114708 0.000000
1694260925959433791 145.079817 0.000000
1694260925959494076 145.144057 0.000000
1694260925996205565 145.128806 0.000000
1694260926068727479 145.258382 0.000000
1694260926177875067 145.287414 0.000000
1694260926286985785 145.399570 0.000000
1694260926323068364 145.187658 0.000000
1694260926323708351 145.156215 0.000000
1694260926541314775 145.187152 0.000000
1694260926577691610 145.121163 0.000000
1694260926650668667 144.902850 0.000000
1694260926724213123 145.547635 0.000000
1694260926833433074 145.945207 0.000000
1694260926833462873 145.565950 0.000000
1694260926978801343 145.092308 0.000000
1694260927269420605 145.108118 0.000000
1694260927270315896 145.483089 0.000000
1694260927379487070 145.339036 0.000000
1694260927415825919 145.505527 0.000000
1694260927597410961 145.008453 0.000000
1694260927780458631 145.566063 0.000000
1694260927815950772 145.573485 0.000000
1694260927816036175 144.969180 0.000000
1694260927926275191 145.286247 0.000000
1694260928070706757 145.596553 0.000000
1694260928107319456 145.106961 0.000000
1694260928143923194 144.862523 0.000000
1694260928617435589 145.526580 0.000000
1694260928726245638 144.764629 0.000000
1694260928836323340 146.012881 0.000000
1694260928836391017 145.697012 0.000000
1694260928909315627 145.589261 0.000000
1694260928981338125 144.945255 0.000000
1694260929127239956 144.798683 0.000000
1694260929272249780 145.004681 0.000000
1694260929344124437 145.094942 0.000000
1694260929380986630 144.869798 0.000000
1694260929453952527 145.112268 0.000000
1694260929454443167 144.878260 0.000000
1694260929599619654 144.732815 0.000000
1694260929599801642 144.854032 0.000000
1694260929781292695 145.140343 0.000000
1694260929891207368 145.219909 0.000000
1694260929927520478 145.532607 0.000000
1694260930071974529 145.290690 0.000000
1694260930363891373 144.983725 0.000000
1694260930436045522 145.237664 0.000000
1694260930509011411 145.098623 0.000000
1694260930727448244 145.612098 0.000000
1694260930837265193 144.906453 0.000000
1694260930873030519 145.409369 0.000000
1694260930910343279 145.061523 0.000000
1694260931127685613 145.199854 0.000000
1694260931382818097 145.145894 0.000000
1694260931456055406 145.111546 0.000000
1694260931456181304 145.114523 0.000000
1694260931492864471 145.648734 0.000000
1694260931819568908 145.369791 0.000000
1694260931929250694 145.165527 0.000000
1694260932001039404 145.168639 0.000000
1694260932110655573 145.609874 0.000000
1694260932111101629 145.054795 0.000000
1694260932256880767 145.300079 0.000000
1694260932401877621 145.039840 0.000000
1694260932511441424 144.980023 0.000000
1694260932656682239 145.238700 0.000000
1694260932876040398 145.658798 0.000000
1694260933058039212 144.700341 0.000000
1694260933130367732 144.942810 0.000000
1694260933166886754 145.020033 0.000000
1694260933384933530 145.349494 0.000000
1694260933422190821 145.192127 0.000000
1694260933422462437 145.489318 0.000000
1694260933458027318 144.951920 0.000000
1694260933494457978 145.278692 0.000000
1694260933713195650 145.262261 0.000000
1694260933894690444 145.425540 0.000000
1694260933894772830 145.389888 0.000000
1694260934004334201 145.077361 0.000000
1694260934040096069 145.381965 0.000000
1694260934404440738 144.826995 0.000000
1694260934440911487 145.053831 0.000000
1694260934441768443 145.079401 0.000000
1694260934549812494 145.369841 0.000000
1694260934549824417 145.534835 0.000000
1694260934986653657 145.256828 0.000000
1694260935059698832 145.023382 0.000000
1694260935533573058 145.236050 0.000000
1694260935569162935 145.307036 0.000000
1694260935569730344 145.184651 0.000000
1694260935570470744 145.752140 0.000000
1694260935606056381 144.968853 0.000000
1694260935643069838 145.356820 0.000000
1694260936078801614 145.251562 0.000000
1694260936079619575 144.925720 0.000000
1694260936225036301 144.904130 0.000000
1694260936334368114 144.931855 0.000000
1694260936515895265 145.222367 0.000000
1694260936515983320 145.067177 0.000000
1694260936588577833 145.370513 0.000000
1694260936660560348 145.085405 0.000000
1694260936916163822 144.781965 0.000000
1694260937025595527 145.600143 0.000000
1694260937061978307 145.188239 0.000000
1694260937134363518 145.412425 0.000000
1694260937207683011 145.281726 0.000000
1694260937242871240 145.169757 0.000000
1694260937315847806 145.147590 0.000000
1694260937353000727 145.116904 0.000000
1694260937461206106 145.289946 0.000000
1694260937752813807 144.809640 0.000000
1694260937898223786 145.476049 0.000000
1694260937936067631 145.049143 0.000000
1694260937971492025 145.000074 0.000000
1694260938081234471 145.332270 0.000000
1694260938153844155 145.061720 0.000000
1694260938189486048 145.369647 0.000000
1694260938517341645 145.094591 0.000000
1694260938517645531 145.412465 0.000000
1694260938553413958 145.145139 0.000000
1694260938663696249 145.367134 0.000000
1694260938735339015 144.933769 0.000000
1694260938880877935 145.085426 0.000000
1694260938880917332 145.176859 0.000000
1694260938918479556 145.361370 0.000000
1694260938953517617 145.074128 0.000000
1694260939062969485 145.299876 0.000000
1694260939099759622 145.076937 0.000000
1694260939244372098 145.044566 0.000000
1694260939317085568 145.275614 0.000000
1694260939426387465 145.265403 0.000000
1694260939717262082 145.187824 0.000000
1694260939790285467 144.960395 0.000000
1694260940081056377 145.218900 0.000000
1694260940372127279 145.381266 0.000000
1694260940445068499 145.192494 0.000000
1694260940445450326 144.983287 0.000000
1694260940809122322 145.300697 0.000000
1694260940846917465 145.616008 0.000000
1694260940881987996 144.997844 0.000000
1694260941100872764 145.657465 0.000000
1694260941428792739 145.049498 0.000000
1694260941537770675 145.257095 0.000000
1694260941574176949 145.100371 0.000000
1694260941574239725 145.352211 0.000000
1694260941719428425 145.249261 0.000000
1694260941756096430 145.473929 0.000000
1694260941901850238 144.902154 0.000000
1694260941937610116 145.210977 0.000000
1694260942083724127 145.076029 0.000000
1694260942265549587 145.541040 0.000000
1694260942448293533 144.969733 0.000000
1694260942556599246 145.364399 0.000000
1694260942630481311 145.391527 0.000000
1694260942665871444 145.372448 0.000000
1694260942666489415 144.988726 0.000000
1694260942666856453 145.317238 0.000000
1694260942774905429 145.231063 0.000000
1694260942811936286 145.116919 0.000000
1694260942884713754 145.033279 0.000000
1694260943103517614 145.423006 0.000000
1694260943249170683 145.142713 0.000000
1694260943320683326 145.229649 0.000000
1694260943320788570 144.838540 0.000000
1694260943540123391 145.140097 0.000000
1694260943540375387 145.305267 0.000000
1694260943831305106 145.100987 0.000000
1694260943903875940 145.023757 0.000000
1694260944121253926 145.267519 0.000000
1694260944122141544 144.943722 0.000000
1694260944376553740 145.371455 0.000000
1694260944777379198 145.172797 0.000000
1694260944958712646 145.436150 0.000000
1694260944958791564 145.239553 0.000000
1694260945068449838 145.242017 0.000000
1694260945104481183 144.884357 0.000000
1694260945177100675 145.559791 0.000000
1694260945433025947 145.313961 0.000000
1694260945541297691 145.404081 0.000000
1694260945651284490 145.256517 0.000000
1694260945686892921 145.155864 0.000000
1694260946088725975 144.972749 0.000000
1694260946088757999 145.512789 0.000000
1694260946307493501 145.516783 0.000000
1694260946451981735 145.193918 0.000000
1694260946561218296 145.205731 0.000000
1694260946889932545 144.993292 0.000000
1694260946890332464 145.280554 0.000000
1694260946998198180 145.184552 0.000000
1694260947040435330 145.181921 0.000000
1694260947070441211 145.198408 0.000000
1694260947107084772 145.198317 0.000000
1694260947143330194 145.129949 0.000000
1694260947185668138 145.228222 0.000000
1694260947434581375 145.351273 0.000000
1694260947544820986 145.490145 0.000000
1694260947616957686 145.274639 0.000000
1694260947943843749 145.219437 0.000000
1694260948127050376 145.675161 0.000000
1694260948380517712 145.256192 0.000000
1694260948490560120 145.282367 0.000000
1694260948563189926 145.308754 0.000000
1694260948927089190 145.109761 0.000000
1694260948931518828 145.138494 0.000000
1694260949071864395 145.171145 0.000000
1694260949108124610 145.375375 0.000000
1694260949508869080 144.950061 0.000000
1694260949544783847 145.091024 0.000000
1694260949581006490 145.221487 0.000000
1694260949654594026 145.722777 0.000000
1694260949726497318 145.208511 0.000000
1694260949799457470 145.173269 0.000000
1694260949836012751 145.075271 0.000000
1694260949872409880 145.066917 0.000000
1694260950023362682 145.478886 0.000000
1694260950200349356 145.189619 0.000000
1694260950236701135 145.215128 0.000000
1694260950527739316 145.330023 0.000000
1694260950527740599 145.268645 0.000000
1694260950604888765 145.044101 0.000000
1694260950782408224 145.182006 0.000000
1694260951110143707 145.079608 0.000000
1694260951146906840 144.948325 0.000000
1694260951219302242 145.438246 0.000000
1694260951437597941 145.344057 0.000000
1694260951474788142 144.798108 0.000000
1694260951510476774 145.144974 0.000000
1694260951546879300 145.148523 0.000000
1694260951583171781 145.169560 0.000000
1694260951619728119 145.107527 0.000000
1694260951692558411 145.149399 0.000000
1694260951801393440 145.118634 0.000000
1694260952092385028 145.253511 0.000000
1694260952203177540 145.064206 0.000000
1694260952237965569 145.180200 0.000000
1694260952348351095 145.352516 0.000000
1694260952349600935 144.834593 0.000000
1694260952383759090 144.793256 0.000000
1694260952421263687 145.011228 0.000000
1694260952494065994 145.037214 0.000000
1694260952567248969 144.860367 0.000000
1694260952640205945 145.036908 0.000000
1694260952966814779 145.334691 0.000000
1694260953004051156 144.890195 0.000000
1694260953149578409 145.143952 0.000000
1694260953149584367 144.869113 0.000000
1694260953221774262 144.953634 0.000000
1694260953367203653 145.420374 0.000000
1694260953512874168 145.021171 0.000000
1694260953586365630 144.953639 0.000000
1694260953623534112 145.269118 0.000000
1694260953730797808 145.295435 0.000000
1694260953841538971 144.859666 0.000000
1694260953950406986 145.054434 0.000000
1694260954021722998 145.234392 0.000000
1694260954058690151 145.152591 0.000000
1694260954060810213 144.867294 0.000000
1694260954276667345 145.164188 0.000000
1694260954278376211 145.029490 0.000000
1694260954313585303 144.849717 0.000000
1694260954422439717 144.628038 0.000000
1694260954458663941 145.365305 0.000000
1694260954459723053 144.944101 0.000000
1694260954568281806 144.755370 0.000000
1694260954823881036 145.512699 0.000000
1694260954859875929 145.458672 0.000000
1694260955040952796 145.303477 0.000000
1694260955151036862 144.831121 0.000000
1694260955187733096 145.176322 0.000000
1694260955224008642 144.862368 0.000000
1694260955259378935 145.266135 0.000000
1694260955333318960 145.433169 0.000000
1694260955405018443 145.277141 0.000000
1694260955769235647 144.893671 0.000000
1694260955842374610 145.251964 0.000000
1694260955915379876 145.079385 0.000000
1694260956097104700 145.384010 0.000000
1694260956133107152 145.306689 0.000000
1694260956280220450 145.650490 0.000000
1694260956352504041 145.241082 0.000000
1694260956352937709 144.828403 0.000000
1694260956606978721 145.104398 0.000000
1694260956971138357 144.898115 0.000000
1694260957081008018 145.311492 0.000000
1694260957116461615 145.125569 0.000000
1694260957298588131 145.119350 0.000000
1694260957371315794 145.580376 0.000000
1694260957444456271 145.147084 0.000000
1694260957480945960 145.294426 0.000000
1694260957626123453 144.926655 0.000000
1694260957735194651 144.853682 0.000000
1694260957771866165 145.738337 0.000000
1694260957917511254 145.226856 0.000000
1694260957954617238 145.526159 0.000000
1694260958099999666 144.857197 0.000000
1694260958135731047 145.343631 0.000000
1694260958172142615 144.952316 0.000000
1694260958462770640 144.936805 0.000000
1694260958462874210 144.989503 0.000000
1694260958463499929 145.078149 0.000000
1694260958608778605 144.863009 0.000000
1694260958680767377 144.994408 0.000000
1694260958790334338 145.101535 0.000000
1694260958790427930 145.175934 0.000000
1694260958826595174 145.527974 0.000000
1694260958826710482 145.302420 0.000000
1694260958899561883 144.935306 0.000000
1694260958972163828 145.459872 0.000000
1694260959482526631 145.025171 0.000000
1694260959554474125 145.109021 0.000000
1694260959663432746 145.217534 0.000000
1694260959664283388 144.995408 0.000000
1694260960064118814 144.956932 0.000000
1694260960101062799 145.377880 0.000000
1694260960354951536 145.182614 0.000000
1694260960392228580 145.192523 0.000000
1694260960428733620 145.412526 0.000000
1694260960610541956 145.361127 0.000000
1694260960647126746 144.955739 0.000000
1694260960755505234 145.062638 0.000000
1694260960865472438 144.979685 0.000000
1694260960937509476 145.301583 0.000000
1694260961047272885 145.186631 0.000000
1694260961192639509 145.394508 0.000000
1694260961265488583 144.885461 0.000000
1694260961302298576 144.891273 0.000000
1694260961373997193 145.164817 0.000000
1694260961446938904 145.195889 0.000000
1694260961630100916 145.615467 0.000000
1694260961883855630 145.244402 0.000000
1694260961957387064 145.024793 0.000000
1694260962175449704 144.968138 0.000000
1694260962248473715 145.007034 0.000000
1694260962502711930 145.200586 0.000000
1694260962576119991 144.872897 0.000000
1694260962976863052 144.591332 0.000000
1694260963049723576 145.146634 0.000000
1694260963085783757 145.470846 0.000000
1694260963231022987 145.203992 0.000000
1694260963303937841 145.373701 0.000000
1694260963304292580 145.124206 0.000000
1694260963668359534 145.354506 0.000000
1694260963741196050 145.375419 0.000000
1694260963778480009 145.250930 0.000000
1694260963814446076 145.064798 0.000000
1694260963815029958 145.417042 0.000000
1694260963959697302 145.477246 0.000000
1694260964070192238 145.123379 0.000000
1694260964287997947 145.133625 0.000000
1694260964433615586 145.078656 0.000000
1694260964506175645 144.973155 0.000000
1694260964506660832 144.974052 0.000000
1694260964579554946 145.117391 0.000000
1694260964651943251 145.072626 0.000000
1694260964725452119 145.503342 0.000000
1694260964798096543 145.855871 0.000000
1694260964798282465 145.063976 0.000000
1694260964833853687 145.639987 0.000000
1694260965162712672 145.519343 0.000000
1694260965197833551 145.032688 0.000000
1694260965270730898 145.501322 0.000000
1694260965271277197 144.967713 0.000000
1694260965343505655 144.949329 0.000000
1694260965416258084 144.975675 0.000000
1694260965488877144 145.367170 0.000000
1694260965527158426 144.928045 0.000000
1694260965707045910 145.263015 0.000000
1694260965707101760 145.340921 0.000000
1694260965744147315 144.783806 0.000000
1694260965852894309 145.274019 0.000000
1694260965889351761 145.052989 0.000000
1694260965998114934 145.217613 0.000000
1694260966216669461 145.519680 0.000000
1694260966362638220 145.580707 0.000000
1694260966435104244 145.313456 0.000000
1694260966617471033 145.361376 0.000000
1694260966725942983 145.146920 0.000000
1694260966726018468 145.315537 0.000000
1694260966763376490 145.133589 0.000000
1694260966798968779 145.132847 0.000000
1694260966944881907 145.584665 0.000000
1694260967053857595 145.010747 0.000000
1694260967235572642 145.163900 0.000000
1694260967273305079 145.066472 0.000000
1694260967417480791 145.335061 0.000000
1694260967418034252 145.090683 0.000000
1694260967418472495 145.331332 0.000000
1694260967636385416 145.136344 0.000000
1694260967636778118 144.905122 0.000000
1694260967890812358 144.795783 0.000000
1694260967927601798 145.057285 0.000000
1694260967964009561 145.375690 0.000000
1694260968035832370 145.015813 0.000000
1694260968073442564 145.392719 0.000000
1694260968327554492 145.228945 0.000000
1694260968546213795 145.020976 0.000000
1694260968582292109 145.299998 0.000000
1694260968583131815 145.273643 0.000000
1694260968800796325 145.392379 0.000000
1694260968910103412 145.317707 0.000000
1694260968910177003 145.349025 0.000000
1694260969237412612 145.231790 0.000000
1694260969310556641 145.362668 0.000000
1694260969346779341 145.371364 0.000000
1694260969419447461 145.091531 0.000000
1694260969457142966 145.517120 0.000000
1694260969638199372 145.156362 0.000000
1694260969820793224 145.167777 0.000000
1694260969892490552 145.343601 0.000000
1694260969966250377 144.729432 0.000000
1694260970001731352 145.164319 0.000000
1694260970001784030 145.427486 0.000000
1694260970038957809 145.305422 0.000000
1694260970110759555 145.258619 0.000000
1694260970183732813 145.158781 0.000000
1694260970220421701 145.177706 0.000000
1694260970292668558 145.377368 0.000000
1694260970330272362 145.213918 0.000000
1694260970403187376 145.238539 0.000000
1694260970475573209 145.298001 0.000000
1694260970584291416 144.935278 0.000000
1694260970839191180 145.165592 0.000000
1694260971021324613 145.112784 0.000000
1694260971094560652 145.024779 0.000000
1694260971239756449 145.088973 0.000000
1694260971312555167 144.884012 0.000000
1694260971457792125 145.273368 0.000000
1694260971567528402 144.919566 0.000000
1694260971602964067 145.166835 0.000000
1694260971858038317 145.295188 0.000000
1694260971858064177 145.286398 0.000000
1694260971895550537 145.754180 0.000000
1694260971967119259 145.321257 0.000000
1694260972003522082 145.017983 0.000000
1694260972295865334 145.686352 0.000000
1694260972331262815 145.245304 0.000000
1694260972476924088 145.089238 0.000000
1694260972659269413 145.100039 0.000000
1694260972731835815 144.801961 0.000000
1694260972841246325 145.876634 0.000000
1694260972841367878 145.261960 0.000000
1694260972986900173 144.992566 0.000000
1694260973059088126 145.282799 0.000000
1694260973131812901 145.192609 0.000000
1694260973168944065 144.996267 0.000000
1694260973204967246 145.033956 0.000000
1694260973241964349 145.240843 0.000000
1694260973351003406 145.028660 0.000000
1694260973387696668 144.887310 0.000000
1694260973534001165 145.450858 0.000000
1694260973714673758 145.154727 0.000000
1694260973752206551 145.303548 0.000000
1694260973860061717 145.383598 0.000000
1694260973933194731 145.055486 0.000000
1694260974043703234 145.020417 0.000000
1694260974079315895 145.142098 0.000000
1694260974150991757 145.148157 0.000000
1694260974407611691 144.774339 0.000000
1694260974662205148 145.608391 0.000000
1694260974806527422 145.396089 0.000000
1694260974806652608 145.344153 0.000000
1694260975208396971 145.334435 0.000000
1694260975316833317 144.913471 0.000000
1694260975388889364 144.746583 0.000000
1694260975427381040 145.302040 0.000000
1694260975461858438 145.021172 0.000000
1694260975498844315 144.927966 0.000000
1694260975645490608 145.256022 0.000000
1694260975679882646 145.169043 0.000000
1694260975935497564 144.835085 0.000000
1694260975936108784 144.766155 0.000000
1694260976043249774 145.205674 0.000000
1694260976116523341 144.996399 0.000000
1694260976226968397 144.780047 0.000000
1694260976335130620 144.979994 0.000000
1694260976371785759 144.814325 0.000000
1694260976698996994 144.853872 0.000000
1694260976699061694 145.105321 0.000000
1694260976844235450 145.168659 0.000000
1694260977026789669 144.893182 0.000000
1694260977099112007 145.205580 0.000000
1694260977135721834 145.550020 0.000000
1694260977572441509 145.208131 0.000000
1694260977608511332 145.062708 0.000000
1694260977645333799 144.790170 0.000000
1694260977682188549 145.223700 0.000000
1694260977826736363 145.360152 0.000000
1694260977937153974 144.995402 0.000000
1694260978045161158 145.317880 0.000000
1694260978118353085 145.106680 0.000000
1694260978482326619 144.922834 0.000000
1694260978628420762 145.438424 0.000000
1694260978846421228 145.094404 0.000000
1694260978919030423 145.085866 0.000000
1694260978991969062 145.672965 0.000000
1694260979173874009 145.269945 0.000000
1694260979174561978 145.036102 0.000000
1694260979428784394 145.410722 0.000000
1694260979429323396 145.098603 0.000000
1694260979502100745 145.008618 0.000000
1694260979574544457 144.767953 0.000000
1694260979647151795 145.030829 0.000000
1694260979975535351 144.973286 0.000000
1694260980011570818 145.421356 0.000000
1694260980012057243 145.156491 0.000000
1694260980120523439 145.262546 0.000000
1694260980193171959 145.163452 0.000000
1694260980448197928 145.287452 0.000000
1694260980630198904 145.010674 0.000000
1694260980666491284 145.165579 0.000000
1694260980666933331 145.121195 0.000000
1694260980921024587 145.338965 0.000000
1694260981031434465 145.609194 0.000000
1694260981248398932 145.132954 0.000000
1694260981320975714 145.164440 0.000000
1694260981357674894 145.300080 0.000000
1694260981358192948 144.978729 0.000000
1694260981648410654 145.295714 0.000000
1694260981867166780 144.950584 0.000000
1694260981939626243 145.209572 0.000000
1694260982012234440 145.250870 0.000000
1694260982048987621 145.477041 0.000000
1694260982122229204 144.788342 0.000000
1694260982158059801 145.064688 0.000000
1694260982231171125 145.411483 0.000000
1694260982303497916 145.318719 0.000000
1694260982413474367 145.105082 0.000000
1694260982922231248 145.191834 0.000000
1694260982958356630 145.196589 0.000000
1694260983141007915 144.869739 0.000000
1694260983359187515 145.113916 0.000000
1694260983359241115 145.415336 0.000000
1694260983395863698 145.029315 0.000000
1694260983468052389 145.024372 0.000000
1694260983504722598 144.963654 0.000000
1694260983505003065 144.940290 0.000000
1694260983686449294 144.658753 0.000000
1694260983758577600 145.113526 0.000000
1694260983759060041 144.944248 0.000000
1694260983904768460 145.352577 0.000000
1694260983977729313 145.037273 0.000000
1694260984122925928 145.195152 0.000000
1694260984160159666 145.591532 0.000000
1694260984341300182 145.151746 0.000000
1694260984341324428 144.929475 0.000000
1694260984414642804 145.356396 0.000000
1694260984523849886 145.048241 0.000000
1694260984596303112 145.105564 0.000000
1694260984632187454 145.197268 0.000000
1694260984632264468 144.898688 0.000000
1694260984633221557 145.089923 0.000000
1694260984669477040 145.477380 0.000000
1694260984851075336 144.775527 0.000000
1694260984996276885 145.190329 0.000000
1694260985106899063 145.034989 0.000000
1694260985179916694 145.164601 0.000000
1694260985252179923 145.276375 0.000000
1694260985324321148 145.066052 0.000000
1694260985397283336 145.222571 0.000000
1694260985398030803 145.187820 0.000000
1694260985469849088 145.227882 0.000000
1694260985543505132 145.271652 0.000000
1694260985579452727 145.030810 0.000000
1694260985652252217 144.691847 0.000000
1694260985870474672 145.461052 0.000000
1694260985870975576 145.036771 0.000000
1694260986598572052 145.151810 0.000000
1694260986744206673 145.067052 0.000000
1694260986889956355 145.231212 0.000000
1694260986962795471 144.872773 0.000000
1694260987071745176 145.459746 0.000000
1694260987071776985 145.565917 0.000000
1694260987107909404 145.433189 0.000000
1694260987326386331 145.414256 0.000000
1694260987362836513 145.198559 0.000000
1694260987435867697 145.279368 0.000000
1694260987509283074 145.267711 0.000000
1694260987581595283 145.658189 0.000000
1694260987581725285 145.662113 0.000000
1694260987617824076 145.437528 0.000000
1694260987654502274 145.911053 0.000000
1694260987690722277 145.400843 0.000000
1694260987763216558 145.387355 0.000000
1694260987763287368 145.056311 0.000000
1694260987946075902 144.965382 0.000000
1694260988018211153 145.128721 0.000000
1694260988019094671 145.020003 0.000000
1694260988127488084 145.506209 0.000000
1694260988418798910 145.120242 0.000000
1694260988491800504 144.826514 0.000000
1694260988564069621 145.266066 0.000000
1694260988673900122 145.008301 0.000000
1694260988709662361 145.588385 0.000000
1694260988745878494 145.205364 0.000000
1694260988819767160 144.930623 0.000000
1694260988854993408 144.771647 0.000000
1694260988855030966 145.152447 0.000000
1694260988855053232 144.875895 0.000000
1694260988855086615 145.420169 0.000000
1694260989110237870 144.898613 0.000000
1694260989146384562 145.226564 0.000000
1694260989146559198 145.377711 0.000000
1694260989291658351 145.054329 0.000000
1694260989510682848 145.094570 0.000000
1694260989546454313 145.034437 0.000000
1694260989873711636 145.147551 0.000000
1694260989946598673 145.396653 0.000000
1694260990056697159 145.172461 0.000000
1694260990092478878 145.837490 0.000000
1694260990128887543 144.916790 0.000000
1694260990165344542 145.032192 0.000000
1694260990310605512 145.232584 0.000000
1694260990383205606 145.070939 0.000000
1694260990456591736 145.214420 0.000000
1694260990493298916 145.119103 0.000000
1694260990529424489 145.122189 0.000000
1694260990637805519 145.237627 0.000000
1694260990929528940 145.201401 0.000000
1694260991039186872 145.405602 0.000000
1694260991111753210 145.283516 0.000000
1694260991147658541 145.298757 0.000000
1694260991183828487 145.248024 0.000000
1694260991256778526 145.020670 0.000000
1694260991257154224 145.001421 0.000000
1694260991293125678 145.462767 0.000000
1694260991366676690 145.115195 0.000000
1694260991439518995 144.955400 0.000000
1694260991511317899 145.303388 0.000000
1694260991512730486 146.052038 0.000000
1694260991512833426 144.985579 0.000000
1694260991620822724 145.080225 0.000000
1694260991766050516 145.144422 0.000000
1694260991839548349 145.007179 0.000000
1694260991984405344 145.417141 0.000000
1694260991984419326 145.368854 0.000000
1694260992021095744 144.845282 0.000000
1694260992166532642 145.304004 0.000000
1694260992276036274 145.382252 0.000000
1694260992421182797 145.142323 0.000000
1694260992422078102 145.448219 0.000000
1694260992493994536 145.252633 0.000000
1694260992639824692 145.171976 0.000000
1694260992749005485 145.190140 0.000000
1694260992749236763 144.826505 0.000000
1694260992785191689 145.329494 0.000000
1694260992821711081 145.220013 0.000000
1694260992821863104 145.048795 0.000000
1694260992930325974 145.129955 0.000000
1694260992967212810 145.566280 0.000000
1694260993004764863 145.034062 0.000000
1694260993004830997 145.144880 0.000000
1694260993113556926 145.054955 0.000000
1694260993295590727 145.172823 0.000000
1694260993367874729 144.942314 0.000000
1694260993475840056 145.211740 0.000000
1694260993476275543 144.879032 0.000000
1694260993512118620 145.139468 0.000000
1694260993731474064 144.865109 0.000000
1694260993731572347 144.879522 0.000000
1694260993804759242 145.229591 0.000000
1694260993949863251 145.154351 0.000000
1694260994058407196 145.594353 0.000000
1694260994168365014 145.484813 0.000000
1694260994168382756 145.585858 0.000000
1694260994168721057 145.898910 0.000000
1694260994203821428 145.456600 0.000000
1694260994276370276 145.095650 0.000000
1694260994276820387 144.938234 0.000000
1694260994277351316 145.013504 0.000000
1694260994313760972 144.991408 0.000000
1694260994349165726 145.244230 0.000000
1694260994531197932 144.944021 0.000000
1694260994713443038 145.090085 0.000000
1694260994713671183 144.780024 0.000000
1694260995113343635 145.204660 0.000000
1694260995223704603 145.081131 0.000000
1694260995370032727 145.190525 0.000000
1694260995404609230 145.286557 0.000000
1694260995404652049 145.235904 0.000000
1694260995877826712 145.199030 0.000000
1694260995951326188 144.857577 0.000000
1694260996097096797 144.955284 0.000000
1694260996497888067 146.011729 0.000000
1694260996498650739 145.362215 0.000000
1694260996643441240 145.328586 0.000000
1694260996716631117 145.320721 0.000000
1694260996752307625 145.307247 0.000000
1694260996934645382 145.307215 0.000000
1694260997007343638 144.928976 0.000000
1694260997225357243 145.435355 0.000000
1694260997371984907 145.361447 0.000000
1694260997443588036 145.041031 0.000000
1694260997554145864 145.455588 0.000000
1694260997844896387 145.198728 0.000000
1694260997917406826 145.319045 0.000000
1694260997918244252 145.304882 0.000000
1694260997918338201 145.366836 0.000000
1694260997990493746 144.924525 0.000000
1694260998136318954 145.193856 0.000000
1694260998172630359 145.002851 0.000000
1694260998244728619 145.499023 0.000000
1694260998572072693 145.255431 0.000000
1694260998645160734 145.477612 0.000000
1694260998717573942 145.496918 0.000000
1694260998863527897 145.348693 0.000000
1694260998864095952 145.249367 0.000000
1694260998900218166 145.387789 0.000000
1694260999190643220 145.064167 0.000000
1694260999191168897 144.583168 0.000000
1694260999518797598 145.452560 0.000000
1694260999809901306 145.061688 0.000000
1694260999882826821 144.808621 0.000000
1694260999919329090 145.339120 0.000000
1694261000138153938 145.856564 0.000000
1694261000248297192 145.722102 0.000000
1694261000283512103 145.318548 0.000000
1694261000575456483 145.493324 0.000000
1694261000684135142 145.238001 0.000000
1694261000684791017 144.837160 0.000000
1694261000939371946 144.985715 0.000000
1694261001521283605 145.477644 0.000000
1694261001558445770 144.928285 0.000000
1694261001667877256 145.647537 0.000000
1694261001739549249 145.454648 0.000000
1694261001922535309 144.808302 0.000000
1694261001957779675 145.100938 0.000000
1694261001995511405 144.886949 0.000000
1694261002141012202 145.107674 0.000000
1694261002286148632 145.642666 0.000000
1694261002395363789 145.043860 0.000000
1694261002468562626 145.225907 0.000000
1694261002504691782 145.015834 0.000000
1694261002614344436 145.264442 0.000000
1694261002978037693 145.401901 0.000000
1694261003086270727 145.180702 0.000000
1694261003086391788 145.163237 0.000000
1694261003086641699 145.092366 0.000000
1694261003159124437 145.202369 0.000000
1694261003231880335 145.604852 0.000000
1694261003377157693 145.272491 0.000000
1694261003414366407 145.078354 0.000000
1694261003522952868 145.217166 0.000000
1694261003668278429 145.100447 0.000000
1694261003706090564 145.304654 0.000000
1694261003851450961 145.246522 0.000000
1694261004105284574 145.253797 0.000000
1694261004287814222 145.096451 0.000000
1694261004324905174 146.153959 0.000000
1694261004325071250 145.686823 0.000000
1694261004361035989 144.916008 0.000000
1694261004396489590 145.244664 0.000000
1694261004469475147 145.195662 0.000000
1694261004579529984 144.945025 0.000000
1694261004651802139 145.308268 0.000000
1694261004651964451 145.048048 0.000000
1694261004724976275 145.470923 0.000000
1694261004943187688 145.380052 0.000000
1694261005016251838 145.261584 0.000000
1694261005016579720 145.038861 0.000000
1694261005344378040 144.755280 0.000000
1694261005381028218 145.461485 0.000000
1694261005562856617 145.173195 0.000000
1694261005671837974 144.938996 0.000000
1694261005853699786 145.171380 0.000000
1694261005926711419 144.779390 0.000000
1694261005962458955 145.121594 0.000000
1694261006181589154 144.933079 0.000000
1694261006218495116 145.348645 0.000000
1694261006218567549 145.380909 0.000000
1694261006363628583 145.086353 0.000000
1694261006400328345 145.317581 0.000000
1694261006436540504 145.064363 0.000000
1694261006473106024 145.028109 0.000000
1694261006582573107 145.003050 0.000000
1694261006910101260 145.008889 0.000000
1694261006983506847 145.212125 0.000000
1694261007092698265 145.273884 0.000000
1694261007314807228 149.809139 0.000000
1694261007497320149 145.142016 0.000000
1694261007642601454 145.088575 0.000000
1694261007715381252 145.055393 0.000000
1694261007757144788 145.137842 0.000000
1694261007933534021 145.131819 0.000000
1694261007933613531 145.367410 0.000000
1694261007975193555 145.225994 0.000000
1694261008006597139 145.051678 0.000000
1694261008151874732 145.273884 0.000000
1694261008151962676 145.363332 0.000000
1694261008443164149 145.255616 0.000000
1694261008588701981 145.192335 0.000000
1694261008661537134 145.054856 0.000000
1694261008775527769 145.353785 0.000000
1694261008848318241 145.329688 0.000000
1694261008993831468 145.316725 0.000000
1694261009212070871 145.016640 0.000000
1694261009357584953 145.051482 0.000000
1694261009502816264 145.228093 0.000000
1694261009536088842 145.121410 0.000000
1694261009575746894 144.871404 0.000000
1694261009754375460 145.117922 0.000000
1694261009899771318 145.391387 0.000000
1694261009939990210 145.001811 0.000000
1694261010045395866 145.054865 0.000000
1694261010157908712 144.989680 0.000000
1694261010263392432 145.120875 0.000000
1694261010481352099 145.171372 0.000000
1694261010522050458 145.071610 0.000000
1694261010554401478 145.114458 0.000000
1694261010554465181 145.277722 0.000000
1694261010740209992 145.159429 0.000000
1694261010886173960 145.240686 0.000000
1694261010958550372 145.150347 0.000000
1694261011064261424 145.314993 0.000000
1694261011137106000 145.212752 0.000000
1694261011322238167 145.000147 0.000000
1694261011355286509 145.256078 0.000000
1694261011428263341 145.150407 0.000000
1694261011428305153 145.369667 0.000000
1694261011467426914 144.938049 0.000000
1694261011573691794 145.223326 0.000000
1694261011573754465 145.445608 0.000000
1694261011612519552 145.088588 0.000000
1694261011976087327 144.885507 0.000000
1694261012010391789 145.145345 0.000000
1694261012339836747 145.227521 0.000000
1694261012558305165 144.738210 0.000000
1694261012630957147 145.140861 0.000000
1694261012812806525 145.154496 0.000000
1694261012922045468 144.983447 0.000000
1694261013140514392 144.758912 0.000000
1694261013212795445 145.220990 0.000000
1694261013213858034 145.320036 0.000000
1694261013322355185 145.093816 0.000000
1694261013431978135 144.966275 0.000000
1694261013540774261 145.038084 0.000000
1694261013541154033 145.068696 0.000000
1694261013831922064 145.295745 0.000000
1694261014050289698 145.358366 0.000000
1694261014524057600 145.082370 0.000000
1694261014560010816 145.348507 0.000000
1694261014778463979 145.252796 0.000000
1694261015179323795 144.884304 0.000000
1694261015215048166 145.241118 0.000000
1694261015215106642 145.262628 0.000000
1694261015579812659 145.338551 0.000000
1694261015725367069 144.914804 0.000000
1694261015870800784 145.141360 0.000000
1694261016089049933 145.118187 0.000000
1694261016125330380 145.432117 0.000000
1694261016235260465 145.937783 0.000000
1694261016416410734 145.155214 0.000000
1694261016561792198 145.299508 0.000000
1694261016598980083 145.396328 0.000000
1694261016634737165 145.397210 0.000000
1694261017072498422 145.815117 0.000000
1694261017254346281 145.211519 0.000000
1694261017400158031 145.094092 0.000000
1694261017545488796 145.142227 0.000000
1694261017582641045 145.307738 0.000000
1694261017618655579 145.233625 0.000000
1694261017800192468 145.321115 0.000000
1694261017800951091 145.250852 0.000000
1694261017910020818 145.892405 0.000000
1694261017946319128 145.328585 0.000000
1694261018200664160 145.261149 0.000000
1694261018346729383 144.984332 0.000000
1694261018492123388 144.894113 0.000000
1694261018565548040 145.462830 0.000000
1694261018601039749 145.347029 0.000000
1694261019074469145 145.161097 0.000000
1694261019074936942 145.134140 0.000000
1694261019329594977 145.309403 0.000000
1694261019402968080 145.624605 0.000000
1694261019512236781 145.882609 0.000000
1694261019693658919 145.304895 0.000000
1694261019839141029 144.878904 0.000000
1694261020021015271 145.213930 0.000000
1694261020275437804 145.349546 0.000000
1694261020275556279 145.205777 0.000000
1694261020493524657 145.153203 0.000000
1694261020602864260 144.844429 0.000000
1694261020711999696 145.055087 0.000000
1694261020748289655 145.106540 0.000000
1694261020749017868 144.964690 0.000000
1694261020784835534 144.851186 0.000000
1694261020820476050 144.880128 0.000000
1694261020856932768 145.080759 0.000000
1694261021075236743 144.992911 0.000000
1694261021148245555 144.802735 0.000000
1694261021257413487 144.925815 0.000000
1694261021474696469 145.049518 0.000000
1694261021621302765 145.054850 0.000000
1694261021692822666 145.295301 0.000000
1694261021694396198 145.141579 0.000000
1694261021730249462 145.097925 0.000000
1694261021876361419 145.036893 0.000000
1694261021876487963 145.201882 0.000000
1694261021912059073 144.992640 0.000000
1694261022058434021 144.844511 0.000000
1694261022094781806 145.045078 0.000000
1694261022166305031 145.154584 0.000000
1694261022166559192 145.006866 0.000000
1694261022239280680 145.452916 0.000000
1694261022311963454 144.985866 0.000000
1694261022493967672 145.193344 0.000000
1694261022603591268 144.990240 0.000000
1694261022639374645 145.399371 0.000000
1694261022675751142 145.093004 0.000000
1694261022712990809 145.257151 0.000000
1694261022748715149 145.065500 0.000000
1694261022821897534 144.732331 0.000000
1694261022857316379 145.067310 0.000000
1694261023039836089 144.952843 0.000000
1694261023040352033 145.266687 0.000000
1694261023040521332 145.033495 0.000000
1694261023076410676 144.726503 0.000000
1694261023185069966 145.253889 0.000000
1694261023185092649 145.252520 0.000000
1694261023221271561 145.295240 0.000000
1694261023221736106 145.058389 0.000000
1694261023366937431 145.160565 0.000000
1694261023585342131 145.392141 0.000000
1694261023767315582 145.172158 0.000000
1694261023949417156 145.333985 0.000000
1694261023949674324 144.909788 0.000000
1694261024022394695 145.044666 0.000000
1694261024059171596 144.894769 0.000000
1694261024094934802 144.966456 0.000000
1694261024131979687 144.934177 0.000000
1694261024240545836 145.199763 0.000000
1694261024277796198 145.957127 0.000000
1694261024458260807 145.346745 0.000000
1694261024459105425 144.963619 0.000000
1694261024603865028 145.314458 0.000000
1694261024640952332 144.901178 0.000000
1694261024714210768 145.475819 0.000000
1694261024822405243 145.414973 0.000000
1694261024932038642 145.432062 0.000000
1694261025113939329 145.009602 0.000000
1694261025150597375 145.072393 0.000000
1694261025259552462 145.064739 0.000000
1694261025260063004 145.335263 0.000000
1694261025478115880 145.733828 0.000000
1694261025586788501 145.387344 0.000000
1694261025587311000 144.846927 0.000000
1694261025842046088 145.136264 0.000000
1694261025914578098 144.898280 0.000000
1694261025987591303 145.480860 0.000000
1694261026205810117 145.418265 0.000000
1694261026242179962 145.137913 0.000000
1694261026351882562 144.980658 0.000000
1694261026387811171 145.162379 0.000000
1694261026606349239 145.322029 0.000000
1694261026642698407 145.357784 0.000000
1694261026642721300 145.383894 0.000000
1694261026679683352 145.417408 0.000000
1694261026715565425 145.374368 0.000000
1694261026751417742 145.017600 0.000000
1694261026861752661 145.163868 0.000000
1694261027006450026 145.137221 0.000000
1694261027079506043 145.139799 0.000000
1694261027152529613 145.363442 0.000000
1694261027224535067 145.193638 0.000000
1694261027225365267 145.384631 0.000000
1694261027261316053 145.249883 0.000000
1694261027261575421 144.828309 0.000000
1694261027406681737 145.191749 0.000000
1694261027406747074 145.424200 0.000000
1694261027516673317 144.884009 0.000000
1694261027843980949 145.365683 0.000000
1694261027844011500 145.411419 0.000000
1694261027916793910 144.786185 0.000000
1694261027917322102 145.200488 0.000000
1694261028317317505 144.934446 0.000000
1694261028317641949 145.054715 0.000000
1694261028354340999 144.953877 0.000000
1694261028389743166 144.995463 0.000000
1694261028390163187 144.922383 0.000000
1694261028427125024 145.258525 0.000000
1694261028463138260 145.322632 0.000000
1694261028498984068 145.218546 0.000000
1694261028608226892 145.083800 0.000000
1694261028608290439 145.510407 0.000000
1694261028608294955 145.467873 0.000000
1694261028645286020 145.310292 0.000000
1694261028826372377 144.975357 0.000000
1694261028936724817 144.908735 0.000000
1694261028972310853 145.257328 0.000000
1694261029044730897 145.422883 0.000000
1694261029154220023 145.154996 0.000000
1694261029262779948 145.132948 0.000000
1694261029373450041 145.481704 0.000000
1694261029444904695 145.239820 0.000000
1694261029481161008 145.091582 0.000000
1694261029481742825 145.174174 0.000000
1694261029627395515 144.717527 0.000000
1694261029664211602 144.940348 0.000000
1694261029809241661 145.027157 0.000000
1694261029809771603 145.137373 0.000000
1694261029845277486 145.383801 0.000000
1694261029845505947 145.033888 0.000000
1694261029882506198 145.197510 0.000000
1694261029955384077 145.314321 0.000000
1694261030173723575 145.102090 0.000000
1694261030209866304 145.341855 0.000000
1694261030319125558 145.397301 0.000000
1694261030355331327 145.425402 0.000000
1694261030500711228 145.035590 0.000000
1694261030573895693 144.823058 0.000000
1694261030646384005 145.376268 0.000000
1694261030829175964 145.048331 0.000000
1694261031120313102 145.169587 0.000000
1694261031192901202 145.006133 0.000000
1694261031338166050 145.262913 0.000000
1694261031338249439 145.344308 0.000000
1694261031374217144 144.903999 0.000000
1694261031411240102 145.341265 0.000000
1694261031447137891 145.439533 0.000000
1694261031447161050 145.199846 0.000000
1694261031592657149 144.848183 0.000000
1694261031629396734 145.393647 0.000000
1694261031665087167 145.228876 0.000000
1694261031701854280 145.012828 0.000000
1694261031992781123 145.029277 0.000000
1694261032029228519 145.111779 0.000000
1694261032137947984 145.162447 0.000000
1694261032283929278 145.189919 0.000000
1694261032575311322 145.455769 0.000000
1694261032648373472 144.903248 0.000000
1694261032721738547 145.031637 0.000000
1694261032939370330 145.035843 0.000000
1694261033122181838 145.498446 0.000000
1694261033194325876 145.167828 0.000000
1694261033231422139 145.684142 0.000000
1694261033341147336 145.447112 0.000000
1694261033376345664 145.008081 0.000000
1694261033412872876 145.187174 0.000000
1694261033704382956 145.194373 0.000000
1694261033922130354 145.100397 0.000000
1694261033958293078 145.112054 0.000000
1694261033995269143 145.063762 0.000000
1694261034031200193 145.213759 0.000000
1694261034358838740 145.226686 0.000000
1694261034358876091 145.465335 0.000000
1694261034396063372 145.315071 0.000000
1694261034432203088 145.158387 0.000000
1694261034468118227 145.304331 0.000000
1694261034577231791 145.184541 0.000000
1694261034686850714 145.131111 0.000000
1694261034831916835 144.950007 0.000000
1694261034832388461 144.849890 0.000000
1694261034868462364 145.044908 0.000000
1694261035268540845 145.174193 0.000000
1694261035706394084 145.042316 0.000000
1694261035814737746 145.238839 0.000000
1694261035815716501 145.271204 0.000000
1694261035924770554 145.003858 0.000000
1694261036325498071 145.579003 0.000000
1694261036397477616 145.319375 0.000000
1694261036434072993 144.670189 0.000000
1694261036434170349 145.335781 0.000000
1694261036470408770 145.013835 0.000000
1694261036470762983 144.967988 0.000000
1694261036542832102 145.375401 0.000000
1694261036580466151 145.228150 0.000000
1694261036616381335 145.046242 0.000000
1694261036833956156 145.096002 0.000000
1694261036834393758 144.765398 0.000000
1694261036943951511 145.026897 0.000000
1694261036979238104 145.280139 0.000000
1694261037016794347 145.087778 0.000000
1694261037052201577 145.270282 0.000000
1694261037162015635 145.220210 0.000000
1694261037162105614 144.953655 0.000000
1694261037270719119 145.454296 0.000000
1694261037526300308 145.074490 0.000000
1694261037561739320 145.164786 0.000000
1694261037671936259 145.176438 0.000000
1694261037779855930 145.321034 0.000000
1694261037890199669 144.824213 0.000000
1694261037925724040 145.303884 0.000000
1694261037998194803 145.334917 0.000000
1694261037998412123 144.927826 0.000000
1694261038035361586 145.624567 0.000000
1694261038035603944 144.916125 0.000000
1694261038289986382 145.010878 0.000000
1694261038472172901 144.896145 0.000000
1694261038690237759 145.086420 0.000000
1694261038800251216 145.108125 0.000000
1694261038836032173 145.042146 0.000000
1694261039127129199 145.309944 0.000000
1694261039272636350 145.511397 0.000000
1694261039418985567 145.168338 0.000000
1694261039673696037 145.434895 0.000000
1694261039673850566 145.230299 0.000000
1694261039674352497 145.166812 0.000000
1694261039782789600 145.144413 0.000000
1694261039892262457 144.925001 0.000000
1694261040110234234 145.000895 0.000000
1694261040219556802 145.160533 0.000000
1694261040255402249 145.058019 0.000000
1694261040255977711 144.953957 0.000000
1694261040291860214 145.357749 0.000000
1694261040583117658 145.373892 0.000000
1694261040583258084 145.062689 0.000000
1694261040692589937 145.478789 0.000000
1694261040729212640 144.867956 0.000000
1694261040947560569 144.912135 0.000000
1694261041092752579 145.189824 0.000000
1694261041093841249 145.742544 0.000000
1694261041310728628 145.047634 0.000000
1694261041347782764 145.018321 0.000000
1694261041383978170 144.976344 0.000000
1694261041420556479 144.764707 0.000000
1694261041711268401 145.168441 0.000000
1694261041930209177 146.160030 0.000000
1694261042002442551 145.073894 0.000000
1694261042220420691 145.243986 0.000000
1694261042221241623 145.131861 0.000000
1694261042294140003 145.004724 0.000000
1694261042330177036 144.755351 0.000000
1694261042475235970 145.188986 0.000000
1694261042548165182 145.276684 0.000000
1694261042584859988 145.656701 0.000000
1694261042657765072 144.916509 0.000000
1694261042949663075 145.561664 0.000000
1694261043021906026 144.989474 0.000000
1694261043094025010 145.158432 0.000000
1694261043312214784 145.098013 0.000000
1694261043312280025 144.968015 0.000000
1694261043494571208 145.201263 0.000000
1694261043604326315 145.086961 0.000000
1694261043641181013 145.033210 0.000000
1694261043641285250 145.107929 0.000000
1694261043712685690 145.365339 0.000000
1694261043822239740 145.231036 0.000000
1694261043894674613 145.418587 0.000000
1694261044113014793 145.559920 0.000000
1694261044113055853 144.960722 0.000000
1694261044331118649 144.881538 0.000000
1694261044440165736 145.070096 0.000000
1694261044585912153 145.129007 0.000000
1694261044586023416 145.217378 0.000000
1694261044694922104 145.413675 0.000000
1694261044731142226 145.295286 0.000000
1694261044913961689 145.284996 0.000000
1694261044949651845 145.410763 0.000000
1694261045132541313 145.069709 0.000000
1694261045678317537 145.227650 0.000000
1694261045715858460 145.694471 0.000000
1694261046006896569 145.111767 0.000000
1694261046188356007 145.299830 0.000000
1694261046333913130 145.357088 0.000000
1694261046443488027 144.913322 0.000000
1694261046515873224 145.033992 0.000000
1694261046516061632 145.033460 0.000000
1694261046662272110 145.439942 0.000000
1694261046807038245 145.371573 0.000000
1694261046879561078 145.161228 0.000000
1694261046916639098 145.027953 0.000000
1694261046916866536 145.168926 0.000000
1694261047097886497 145.332986 0.000000
1694261047098229224 144.903083 0.000000
1694261047134655295 145.117630 0.000000
1694261047135403203 145.639508 0.000000
1694261047207513206 144.881727 0.000000
1694261047389127088 145.391558 0.000000
1694261047571832805 145.243859 0.000000
1694261047571961153 145.061952 0.000000
1694261047607998722 145.095389 0.000000
1694261047935379760 145.193137 0.000000
1694261047935845236 144.879118 0.000000
1694261048008063224 145.168142 0.000000
1694261048117897920 145.189913 0.000000
1694261048190642667 144.770327 0.000000
1694261048299972461 144.976734 0.000000
1694261048336047186 144.815395 0.000000
1694261048372668606 145.355018 0.000000
1694261048518557982 145.537072 0.000000
1694261048553561668 145.209004 0.000000
1694261048554418043 145.255147 0.000000
1694261048591037593 144.962580 0.000000
1694261048771864610 145.253848 0.000000
1694261048917704454 145.456518 0.000000
1694261049354482938 145.084674 0.000000
1694261049610090850 145.142134 0.000000
1694261049682210760 145.166164 0.000000
1694261049682280301 145.332772 0.000000
1694261049682977807 144.986156 0.000000
1694261049828336749 145.425611 0.000000
1694261049828419306 145.166188 0.000000
1694261049901261933 145.497542 0.000000
1694261050301305505 145.362097 0.000000
1694261050665845945 145.179555 0.000000
1694261050702591007 145.119391 0.000000
1694261050775435782 145.299564 0.000000
1694261050848287100 144.943263 0.000000
1694261051029497985 145.235627 0.000000
1694261051066233817 145.232228 0.000000
1694261051066613625 145.428605 0.000000
1694261051102406305 145.371638 0.000000
1694261051139266610 145.535828 0.000000
1694261051247524689 144.923767 0.000000
1694261051357403178 145.181707 0.000000
1694261051502979277 145.220271 0.000000
1694261051539883179 145.711785 0.000000
1694261051757210669 145.165053 0.000000
1694261051939733297 144.987005 0.000000
1694261051939846946 145.126920 0.000000
1694261052303710012 144.786364 0.000000
1694261052594831413 145.085362 0.000000
1694261052704509650 145.055748 0.000000
1694261052813326181 145.000824 0.000000
1694261052885632636 145.022090 0.000000
1694261053103599974 145.289602 0.000000
1694261053139845912 145.160201 0.000000
1694261053249112959 145.072732 0.000000
1694261053285617659 145.031196 0.000000
1694261053286308585 144.925721 0.000000
1694261053394449542 145.147879 0.000000
1694261053394583157 144.902128 0.000000
1694261053431294121 145.066244 0.000000
1694261053649355506 145.326478 0.000000
1694261053649882966 144.871571 0.000000
1694261053759119016 144.796444 0.000000
1694261053831952314 144.943506 0.000000
1694261053904245904 145.305734 0.000000
1694261054049458506 145.289451 0.000000
1694261054122367457 145.180593 0.000000
1694261054194643594 145.180528 0.000000
1694261054268326448 145.308113 0.000000
1694261054414150800 145.248524 0.000000
1694261054741515382 145.025703 0.000000
1694261054887355834 145.019068 0.000000
1694261054923761468 145.464308 0.000000
1694261055032792823 145.028955 0.000000
1694261055177942658 145.146744 0.000000
1694261055287866367 144.947821 0.000000
1694261055396264814 145.017357 0.000000
1694261055397261927 144.803805 0.000000
1694261055542335849 145.320129 0.000000
1694261055579801627 145.791070 0.000000
1694261055760241383 145.096110 0.000000
1694261055906235538 144.945102 0.000000
1694261056197400734 145.179938 0.000000
1694261056306915249 144.976908 0.000000
1694261056561903437 145.628503 0.000000
1694261056670738445 145.082057 0.000000
1694261056889442968 145.446656 0.000000
1694261056961626784 145.130728 0.000000
1694261057108201551 145.280103 0.000000
1694261057143660440 145.763408 0.000000
1694261057216585918 144.992225 0.000000
1694261057253423416 145.008178 0.000000
1694261057398425564 145.185694 0.000000
1694261057507700531 144.743243 0.000000
1694261057544932550 144.887873 0.000000
1694261057652839777 145.135527 0.000000
1694261057981247033 145.246311 0.000000
1694261058054081085 145.818247 0.000000
1694261058162785570 144.871049 0.000000
1694261058272460266 145.003612 0.000000
1694261058380796991 145.294448 0.000000
1694261058381299093 144.864342 0.000000
1694261058600997786 145.481859 0.000000
1694261058782011963 144.948653 0.000000
1694261058817777384 145.455917 0.000000
1694261058927034098 145.017991 0.000000
1694261059108856357 145.131237 0.000000
1694261059218353840 145.132765 0.000000
1694261059254199843 144.997723 0.000000
1694261059254220602 145.253382 0.000000
1694261059327052207 145.323326 0.000000
1694261059364162453 145.154719 0.000000
1694261059400337456 145.549761 0.000000
1694261059509005915 145.276745 0.000000
1694261059509094902 145.308353 0.000000
1694261059509154972 144.990820 0.000000
1694261059581553707 145.039162 0.000000
1694261059582424280 144.885996 0.000000
1694261059654545680 145.385868 0.000000
1694261059727706029 145.014985 0.000000
1694261059909880945 145.750342 0.000000
1694261059946799952 145.583702 0.000000
1694261060127966469 145.299064 0.000000
1694261060346166828 145.180673 0.000000
1694261060673984621 145.037641 0.000000
1694261060893066972 145.393023 0.000000
1694261061147338763 145.004398 0.000000
1694261061183209880 145.077319 0.000000
