1694260892371915717 87.567883 537.703279 533 2954 0.000000
1694260893380600429 87.858034 545.264532 550 3521 0.000000
1694260894369052768 88.761768 553.390362 547 4051 0.000000
1694260895382232385 88.134383 533.962623 541 4592 0.000000
1694260896401676562 89.941309 542.452461 553 5146 0.000000
1694260897394612861 88.584228 534.777508 531 5676 0.000000
1694260898409649110 89.183783 532.985847 541 6227 0.000000
1694260899401467942 88.250127 551.512010 547 6767 0.000000
1694260900405289119 87.456580 548.902593 551 7315 0.000000
1694260901424591200 89.920583 540.565952 551 7866 0.000000
1694260902415311033 88.039446 539.002021 534 8400 0.000000
1694260903434110609 88.698585 540.832585 551 8954 0.000000
1694260904434604969 88.116683 543.731160 544 9497 0.000000
1694260905429655999 87.248706 547.710648 545 10040 0.000000
1694260906449860719 90.176687 544.988641 556 10596 0.000000
1694260907437675438 87.971974 536.537829 530 11126 0.000000
1694260908464140462 88.392485 537.768006 552 11678 0.000000
1694260909470681262 88.302174 539.471366 543 12235 0.000000
1694260910453373608 88.296997 548.493191 539 12760 0.000000
1694260911482670963 90.052716 541.145852 557 13317 0.000000
1694260912462610694 86.403556 552.074729 541 13873 0.000000
1694260913492487396 88.836753 528.218551 544 14407 0.000000
1694260914493966696 88.308218 556.177305 557 14960 0.000000
1694260915476917703 89.134113 535.123320 526 15485 0.000000
1694260916504507133 89.564034 537.179521 552 16042 0.000000
1694260917496614168 88.563756 543.288107 539 16591 0.000000
1694260918498657020 87.326690 546.882852 548 17126 0.000000
1694260919517755100 88.005941 552.449282 563 17687 0.000000
1694260920501018306 89.611634 528.851274 520 18209 0.000000
1694260921522973013 88.833325 540.141350 552 18762 0.000000
1694260922538891468 88.322192 548.272354 557 19316 0.000000
1694260923522118797 88.793932 533.955858 525 19841 0.000000
1694260924543126480 87.713942 555.333733 567 20408 0.000000
1694260925528656239 88.116563 540.825881 533 20958 0.000000
1694260926555270365 87.846480 539.637992 554 21498 0.000000
1694260927562325285 88.534762 549.125969 553 22048 0.000000
1694260928545072759 88.373840 542.357037 533 22583 0.000000
1694260929575587165 89.525758 537.595585 554 23135 0.000000
1694260930583375022 87.476853 547.734326 552 23687 0.000000
1694260931589438951 88.428739 528.793429 532 24219 0.000000
1694260932585626648 88.596898 559.131582 557 24777 0.000000
1694260933568120820 88.539706 540.461226 531 25322 0.000000
1694260934607508394 87.957523 537.816661 559 25870 0.000000
1694260935607092569 88.735503 544.226346 544 26410 0.000000
1694260936613016852 88.371897 532.843256 536 26951 0.000000
1694260937608774587 89.590033 554.351740 552 27498 0.000000
1694260938627478072 88.543898 529.103911 539 28037 0.000000
1694260939631163742 88.812921 541.005984 543 28580 0.000000
1694260940632503850 89.058838 547.266617 548 29128 0.000000
1694260941642289015 87.626559 530.805966 536 29680 0.000000
1694260942637001778 88.600009 558.955377 556 30220 0.000000
1694260943649634751 88.193296 538.200898 545 30765 0.000000
1694260944649820955 89.136725 538.899670 539 31308 0.000000
1694260945664368260 87.697935 546.056317 554 31858 0.000000
1694260946672101539 87.639560 546.771703 551 32412 0.000000
1694260947668984371 88.825283 547.707290 546 32955 0.000000
1694260948673191078 87.604880 545.704344 548 33503 0.000000
1694260949684850885 88.460534 529.822373 536 34056 0.000000
1694260950677655127 89.356187 554.993644 551 34591 0.000000
1694260951695748459 87.944114 534.332117 544 35135 0.000000
1694260952700851920 89.162524 545.217536 548 35682 0.000000
1694260953696675556 87.969356 542.264698 540 36222 0.000000
1694260954715543569 89.508312 536.870318 547 36770 0.000000
1694260955697756113 89.485915 546.724835 537 37306 0.000000
1694260956717065985 87.145237 541.542890 552 37858 0.000000
1694260957732992122 88.834587 532.519026 541 38416 0.000000
1694260958726209542 88.236724 550.735374 547 38946 0.000000
1694260959738200599 87.771738 542.494948 549 39500 0.000000
1694260960729168484 88.409476 556.022055 551 40047 0.000000
1694260961739296406 88.772400 534.585757 540 40586 0.000000
1694260962759779605 87.862110 549.739570 561 41151 0.000000
1694260963759715748 87.865265 537.034255 537 41684 0.000000
1694260964770498177 88.851706 537.207600 543 42227 0.000000
1694260965759597409 90.629122 541.907243 536 42777 0.000000
1694260966763838559 87.859441 535.727901 538 43301 0.000000
1694260967782572703 89.822684 540.867316 551 43855 0.000000
1694260968793513475 88.739375 534.155877 540 44392 0.000000
1694260969796921739 88.302602 541.155616 543 44936 0.000000
1694260970803990031 89.858739 550.111678 554 45489 0.000000
1694260971790285746 86.696529 545.475302 538 46027 0.000000
1694260972813176384 88.500523 539.647136 552 46579 0.000000
1694260973789040335 88.967461 549.256936 536 47130 0.000000
1694260974808347652 88.146835 536.638942 547 47663 0.000000
1694260975827882190 89.033879 546.327697 557 48219 0.000000
1694260976823388238 89.107168 529.379001 527 48754 0.000000
1694260977840357211 87.431345 546.722653 556 49305 0.000000
1694260978847261931 88.060462 554.173661 558 49860 0.000000
1694260979830665891 87.773189 539.961212 531 50392 0.000000
1694260980852976021 89.258530 546.800806 559 50950 0.000000
1694260981867000193 87.399072 532.531682 540 51501 0.000000
1694260982871340567 87.605553 547.623048 550 52040 0.000000
1694260983869407930 89.832266 550.063117 549 52589 0.000000
1694260984852232019 88.803208 535.192436 526 53121 0.000000
1694260985884604372 90.242291 536.628086 554 53669 0.000000
1694260986890761827 87.866269 543.652485 547 54216 0.000000
1694260987899009298 88.555405 524.672734 529 54747 0.000000
1694260988892964826 90.428178 554.350806 551 55296 0.000000
1694260989885127867 87.505680 539.225853 535 55846 0.000000
1694260990915970782 88.447803 536.454181 553 56390 0.000000
1694260991912880110 88.097824 551.705143 550 56935 0.000000
1694260992920465173 89.238138 524.025241 528 57477 0.000000
1694260993913536269 88.587981 563.907301 560 58022 0.000000
1694260994933040565 88.012911 534.573517 545 58567 0.000000
1694260995944349610 89.317468 530.006108 536 59110 0.000000
1694260996935268254 88.867811 553.022225 548 59651 0.000000
1694260997954847040 87.869445 538.457605 549 60201 0.000000
1694260998940206957 89.267884 553.097378 545 60745 0.000000
1694260999956892821 87.411143 539.006277 548 61293 0.000000
1694261000961894416 87.650652 537.312529 540 61859 0.000000
1694261001959595339 87.932900 563.295064 562 62395 0.000000
1694261002978728634 87.095616 541.636748 552 62948 0.000000
1694261003975788847 87.832560 554.630498 553 63500 0.000000
1694261004987402229 87.667330 539.731855 546 64046 0.000000
1694261005999439671 87.598747 536.541334 543 64605 0.000000
1694261006984304741 88.389128 564.544457 556 65145 0.000000
1694261008007527461 87.765348 538.494689 551 65696 0.000000
1694261009015789732 88.721116 540.533959 545 66241 0.000000
1694261010014019369 87.066873 553.980750 553 66794 0.000000
1694261010993244404 87.787368 546.350408 535 67348 0.000000
1694261012012469507 88.230089 552.380429 563 67892 0.000000
1694261013032438090 86.025707 548.056099 559 68451 0.000000
1694261014039094240 88.200236 537.422798 541 68996 0.000000
1694261015034547161 87.602293 554.521453 552 69544 0.000000
1694261016054223403 88.384441 535.464113 546 70090 0.000000
1694261017044654725 89.445309 550.265309 545 70635 0.000000
1694261018062233414 88.353773 536.567846 546 71181 0.000000
1694261019066402003 87.658681 540.745847 543 71730 0.000000
1694261020058106453 87.984563 558.634178 554 72278 0.000000
1694261021079019819 88.414314 532.856160 544 72822 0.000000
1694261022077420840 88.619721 548.877669 548 73370 0.000000
1694261023076827309 89.286084 539.320109 539 73909 0.000000
1694261024095981640 88.713968 535.738223 546 74457 0.000000
1694261025078295686 89.387519 544.632412 535 74990 0.000000
1694261026097780756 88.208859 536.545378 547 75538 0.000000
1694261027110733361 89.462842 536.056664 543 76089 0.000000
1694261028100230943 88.369450 546.742098 541 76621 0.000000
1694261029122131326 89.545784 533.320039 545 77166 0.000000
1694261030105145605 89.514497 545.261732 536 77702 0.000000
1694261031126814772 88.260757 529.525587 541 78243 0.000000
1694261032137947984 90.465050 529.109308 535 78797 0.000000
1694261033122570106 86.779827 566.714916 558 79336 0.000000
1694261034141633852 87.599711 540.692380 551 79890 0.000000
1694261035137178675 89.745000 542.416556 540 80427 0.000000
1694261036143684211 86.652394 550.419231 554 80982 0.000000
1694261037162882624 89.921889 535.715119 546 81528 0.000000
1694261038145797119 88.424298 546.334394 537 82064 0.000000
1694261039169463966 86.963951 541.191707 554 82618 0.000000
1694261040171756693 88.937407 539.762426 541 83173 0.000000
1694261041166700633 88.258281 548.774657 546 83705 0.000000
1694261042185557230 89.072011 541.783812 552 84257 0.000000
1694261043168830955 89.199275 544.100732 535 84792 0.000000
1694261044200707439 88.047831 524.287584 541 85333 0.000000
1694261045206277131 88.816806 560.876090 564 85897 0.000000
1694261046190201265 86.963131 545.773822 537 86434 0.000000
1694261047213196980 89.139194 530.794007 543 86983 0.000000
1694261048199285462 89.363469 548.632308 541 87533 0.000000
1694261049224116131 87.572678 534.722446 548 88067 0.000000
1694261050230695109 87.847053 556.339897 560 88631 0.000000
1694261051212717559 88.858592 543.775753 534 89160 0.000000
1694261052243762111 86.079847 542.168579 559 89725 0.000000
1694261053250191912 88.338213 555.428748 559 90280 0.000000
1694261054233162886 88.013122 540.199053 531 90810 0.000000
1694261055252538248 87.929131 551.318017 562 91372 0.000000
1694261056235130310 88.158012 547.531398 538 91924 0.000000
1694261057257765331 88.306094 532.936909 545 92454 0.000000
1694261058273442383 88.810579 553.325539 562 93016 0.000000
1694261059255469063 88.410166 535.626998 526 93542 0.000000
1694261060278469365 88.779928 539.589281 552 94094 0.000000
1694261061260494221 88.545054 547.847643 538 94646 0.000000
