1695148823656814519 72.341066 0.000000
1695148824379626759 72.395367 0.000000
1695148824815008561 72.446033 0.000000
1695148825104268459 72.309899 0.000000
1695148825466092976 72.346280 0.000000
1695148825827143339 72.313155 0.000000
1695148826984894796 72.335590 0.000000
1695148826985160075 72.302609 0.000000
1695148827201924594 72.347000 0.000000
1695148827275032759 72.473588 0.000000
1695148827346793203 72.334802 0.000000
1695148827491733220 72.274973 0.000000
1695148828069869819 72.570030 0.000000
1695148828288043565 72.459249 0.000000
1695148829083794945 72.352105 0.000000
1695148829879172720 72.301837 0.000000
1695148830385953009 72.331036 0.000000
1695148830458285326 72.409505 0.000000
1695148830747750649 72.380145 0.000000
1695148831398396655 72.340624 0.000000
1695148831543288306 72.239037 0.000000
1695148832410838798 72.386146 0.000000
1695148832628807149 72.418166 0.000000
1695148833351392640 72.589620 0.000000
1695148834582578723 72.429582 0.000000
1695148834799280397 72.366740 0.000000
1695148835667480418 72.412551 0.000000
1695148835739526372 72.349727 0.000000
1695148835740400280 72.389411 0.000000
1695148835956790394 72.326175 0.000000
1695148836753191229 72.247587 0.000000
1695148837620696275 72.387336 0.000000
1695148837983594831 72.326797 0.000000
1695148838055456434 72.302748 0.000000
1695148839213159558 72.349594 0.000000
1695148839214297375 72.372122 0.000000
1695148840008971218 72.354941 0.000000
1695148841674162380 72.347017 0.000000
1695148842252649125 72.368209 0.000000
1695148842469334049 72.372434 0.000000
1695148842831189328 72.499799 0.000000
1695148842831209098 72.361208 0.000000
1695148842976303515 72.245517 0.000000
1695148843048934418 72.456446 0.000000
1695148843337483109 72.297279 0.000000
1695148843699818731 72.245231 0.000000
1695148844206469789 72.350577 0.000000
1695148844423778081 72.370659 0.000000
1695148844567718453 72.401113 0.000000
1695148846232506347 72.277050 0.000000
1695148847100247965 72.229850 0.000000
1695148847462230474 72.305298 0.000000
1695148847679932664 72.341608 0.000000
1695148847751753726 72.489586 0.000000
1695148848837874122 72.257050 0.000000
1695148849128214235 72.416391 0.000000
1695148849270977961 72.310518 0.000000
1695148850284949982 72.364855 0.000000
1695148851877325310 72.458595 0.000000
1695148851949748305 72.394843 0.000000
1695148852745452040 72.255128 0.000000
1695148853107136254 72.314680 0.000000
1695148853107629213 72.290564 0.000000
1695148853613769537 72.206090 0.000000
1695148854121289606 72.358763 0.000000
1695148854989927917 72.503117 0.000000
1695148855133518282 72.442059 0.000000
1695148855568758666 72.276329 0.000000
1695148855929154371 72.292746 0.000000
1695148856581691042 72.295595 0.000000
1695148856581781305 72.465347 0.000000
1695148856797719256 72.374008 0.000000
1695148857376587815 72.313423 0.000000
1695148857376680346 72.354958 0.000000
1695148857521047258 72.334875 0.000000
1695148857666567843 72.529044 0.000000
1695148858100766059 72.300762 0.000000
1695148858245767731 72.360138 0.000000
1695148858245890736 72.276346 0.000000
1695148858607027224 72.286886 0.000000
1695148858679323258 72.394740 0.000000
1695148859402793303 72.340081 0.000000
1695148860343575024 72.370312 0.000000
1695148860488169193 72.292494 0.000000
1695148860488647570 72.304827 0.000000
1695148860560412041 72.394799 0.000000
1695148861140122495 72.352136 0.000000
1695148861500936744 72.358939 0.000000
1695148862080813562 72.325490 0.000000
1695148863528228343 72.409856 0.000000
1695148864468932969 72.438304 0.000000
1695148865481280301 72.367322 0.000000
1695148866060265409 72.344237 0.000000
1695148866132567193 72.419438 0.000000
1695148867579194627 72.268387 0.000000
1695148868302981605 72.285375 0.000000
1695148869389594511 72.303767 0.000000
1695148869534255098 72.354812 0.000000
1695148869679074837 72.409801 0.000000
1695148870763625883 72.308544 0.000000
1695148871053347485 72.297843 0.000000
1695148872284347482 72.542471 0.000000
1695148872934733034 72.347948 0.000000
1695148873369865006 72.540874 0.000000
1695148873442015911 72.434842 0.000000
1695148873514137236 72.373898 0.000000
1695148874527772544 72.306587 0.000000
1695148875322879180 72.495740 0.000000
1695148875323806293 72.213440 0.000000
1695148875468256404 72.332850 0.000000
1695148876118709427 72.437000 0.000000
1695148876408410750 72.356933 0.000000
1695148876408608726 72.304082 0.000000
1695148876553670158 72.520512 0.000000
1695148876770840572 72.522254 0.000000
1695148877421598658 72.311454 0.000000
1695148877565831391 72.269658 0.000000
1695148878072155265 72.293833 0.000000
1695148878361738976 72.368361 0.000000
1695148878651369998 72.284769 0.000000
1695148880098588735 72.399556 0.000000
1695148881836195440 72.359803 0.000000
1695148882341930039 72.282719 0.000000
1695148882487515591 72.311369 0.000000
1695148883283125773 72.454912 0.000000
1695148883283197169 72.455249 0.000000
1695148883499728044 72.307564 0.000000
1695148884368094003 72.317579 0.000000
1695148884512686568 72.308173 0.000000
1695148885670903003 72.500100 0.000000
1695148886249821967 72.546578 0.000000
1695148886249887731 72.467089 0.000000
1695148886467511121 72.322968 0.000000
1695148886828835156 72.648832 0.000000
1695148887191387759 72.362572 0.000000
1695148887481095932 72.579220 0.000000
1695148887625697262 72.242328 0.000000
1695148889144915267 72.256291 0.000000
1695148889507143690 72.339014 0.000000
1695148889651867484 72.419914 0.000000
1695148889652217390 72.429412 0.000000
1695148890085850402 72.483856 0.000000
1695148890809088708 72.411024 0.000000
1695148891098875798 72.396748 0.000000
1695148891388561115 72.317139 0.000000
1695148892547110948 72.267507 0.000000
1695148893197420326 72.340230 0.000000
1695148893776609973 72.352735 0.000000
1695148893993648435 72.500325 0.000000
1695148894138754552 72.919381 0.000000
1695148895152619484 72.337259 0.000000
1695148895515503237 72.328819 0.000000
1695148895587258676 72.290709 0.000000
1695148897034372319 72.312677 0.000000
1695148898120491135 72.333950 0.000000
1695148898264812488 72.291158 0.000000
1695148898771810746 72.304315 0.000000
1695148898916436832 72.276898 0.000000
1695148898988310568 72.388204 0.000000
1695148899711882845 72.402699 0.000000
1695148900507991306 72.311300 0.000000
1695148901304488806 72.528093 0.000000
1695148902099939916 72.357786 0.000000
1695148902172772024 72.488737 0.000000
1695148902462026914 72.299888 0.000000
1695148902751130572 72.401186 0.000000
1695148903619975320 72.369719 0.000000
1695148903981420805 72.450686 0.000000
1695148904344275775 72.483011 0.000000
1695148907166584148 72.473316 0.000000
1695148907816826625 72.274898 0.000000
1695148909409237830 72.360662 0.000000
1695148909915764304 72.390043 0.000000
1695148910061026993 72.240983 0.000000
1695148911507703158 72.631314 0.000000
1695148911508077594 72.357695 0.000000
1695148912738272866 72.442371 0.000000
1695148913027418572 72.412604 0.000000
1695148913389105933 72.288320 0.000000
1695148915198388838 72.472082 0.000000
1695148915198816061 72.338745 0.000000
1695148917296218954 72.317618 0.000000
1695148918237376088 72.382344 0.000000
1695148918309370036 72.348231 0.000000
1695148918526985244 72.337298 0.000000
1695148918888487607 72.268687 0.000000
1695148919829482164 72.489145 0.000000
1695148920118202573 72.398446 0.000000
1695148920263600948 72.377976 0.000000
1695148921130606724 72.359830 0.000000
1695148921854670867 72.377627 0.000000
1695148924314262985 72.361613 0.000000
1695148924747748657 72.395351 0.000000
1695148925544409953 72.392042 0.000000
1695148926267244324 72.358744 0.000000
1695148926484329093 72.421469 0.000000
1695148926774305596 72.361961 0.000000
1695148928509842208 72.283915 0.000000
1695148928655730321 72.341812 0.000000
1695148929017478983 72.352854 0.000000
1695148930826648857 72.673811 0.000000
1695148931405107853 72.300311 0.000000
1695148932056617131 72.621313 0.000000
1695148932129027072 72.447362 0.000000
1695148932924409311 72.288945 0.000000
1695148932996895636 72.433626 0.000000
1695148934588179758 72.405283 0.000000
1695148935529426454 72.429274 0.000000
1695148935601712485 72.335707 0.000000
1695148935673619566 72.301758 0.000000
1695148936184874746 72.484946 0.000000
1695148936257373829 72.458313 0.000000
1695148937838300131 72.325910 0.000000
1695148938053936010 72.292365 0.000000
1695148938489266824 72.278939 0.000000
1695148938706348023 72.459532 0.000000
1695148940446364326 72.521947 0.000000
1695148941749061074 72.325892 0.000000
1695148941893515151 72.305989 0.000000
1695148942328533253 72.476081 0.000000
1695148944643281210 72.353761 0.000000
1695148945149642959 72.324652 0.000000
1695148945294331941 72.311991 0.000000
1695148946090352677 72.590361 0.000000
1695148946670614857 72.426053 0.000000
1695148946888144806 73.093532 0.000000
1695148947830575249 72.519281 0.000000
1695148949060642120 72.275919 0.000000
1695148949857415256 72.305920 0.000000
1695148950074765103 72.328428 0.000000
1695148951667512699 72.197527 0.000000
1695148952680846138 72.409009 0.000000
1695148953042732277 72.313836 0.000000
1695148953332524264 72.771267 0.000000
1695148953693715163 72.423238 0.000000
1695148955505142935 72.393392 0.000000
1695148956302349190 72.445698 0.000000
1695148957459424465 72.422739 0.000000
1695148958329054747 72.293109 0.000000
1695148959849357567 72.428190 0.000000
1695148960645793673 72.286945 0.000000
1695148962598365166 72.300818 0.000000
1695148964409338995 72.253926 0.000000
1695148965710849954 72.369598 0.000000
1695148965711097169 72.286205 0.000000
1695148965999377376 72.361199 0.000000
1695148967374473682 72.317873 0.000000
1695148967663661391 72.375491 0.000000
1695148968388477851 72.402746 0.000000
1695148968460859764 72.368020 0.000000
1695148970994261676 72.298444 0.000000
1695148971066725324 72.381609 0.000000
1695148971573346770 72.470019 0.000000
1695148973601041310 72.319475 0.000000
1695148973673370895 72.312105 0.000000
1695148974977504058 72.336954 0.000000
1695148978379391789 72.470492 0.000000
1695148980261061277 72.345003 0.000000
1695148980912673015 72.328914 0.000000
1695148984024865480 72.606315 0.000000
1695148984459169780 72.380562 0.000000
1695148984821202676 72.279420 0.000000
1695148986271502027 72.724546 0.000000
1695148986416121712 72.508105 0.000000
1695148986994767381 72.292088 0.000000
1695148987067139569 72.306194 0.000000
1695148987356527758 72.450295 0.000000
1695148989675146187 72.313748 0.000000
1695148990326533972 72.428391 0.000000
1695148992063211382 72.326922 0.000000
