1695211616872969085 218.279929 0.000000
1695211617070544468 145.761406 0.000000
1695211617513899126 145.525025 0.000000
1695211618824090204 145.902036 0.000000
1695211619132083848 145.903082 0.000000
1695211619333239031 145.441650 0.000000
1695211619485773075 145.699830 0.000000
1695211619993816438 217.771113 0.000000
1695211620079251344 146.051367 0.000000
1695211620128257522 145.421121 0.000000
1695211620493676366 146.535567 0.000000
1695211620554789783 146.453356 0.000000
1695211620785272528 146.447467 0.000000
1695211621440295110 145.684448 0.000000
1695211622533457946 145.679015 0.000000
1695211622642300431 145.236667 0.000000
1695211622749761710 219.102375 0.000000
1695211622903800214 145.321724 0.000000
1695211623210423288 146.160299 0.000000
1695211623318914616 145.437979 0.000000
1695211625249185985 145.716404 0.000000
1695211625953995867 145.436146 0.000000
1695211626391283639 145.959354 0.000000
1695211626718160599 145.375537 0.000000
1695211626813693514 145.575235 0.000000
1695211626849967266 145.515637 0.000000
1695211627009860855 146.111498 0.000000
1695211627270680636 145.654660 0.000000
1695211627416280393 218.510093 0.000000
1695211627723028296 145.269083 0.000000
1695211627991646232 145.389023 0.000000
1695211628828946219 145.443354 0.000000
1695211629453535348 145.213327 0.000000
1695211629702154348 145.701603 0.000000
1695211629797127320 145.524992 0.000000
1695211629811802748 145.906809 0.000000
1695211630525628074 145.772566 0.000000
1695211630540661373 146.049210 0.000000
1695211631617517908 146.168531 0.000000
1695211631690701328 146.429423 0.000000
1695211632141133330 145.551537 0.000000
1695211632636723335 218.507386 0.000000
1695211633267290973 145.471550 0.000000
1695211634492145530 145.960521 0.000000
1695211634905973950 146.082556 0.000000
1695211635037992900 145.685923 0.000000
1695211635414739093 145.553299 0.000000
1695211635438135897 145.974954 0.000000
1695211635961283645 145.682439 0.000000
1695211636288891552 145.907408 0.000000
1695211636530600893 146.559893 0.000000
1695211636747977426 145.671257 0.000000
1695211637548850379 218.354743 0.000000
1695211637599754691 145.831676 0.000000
1695211637621737782 145.627815 0.000000
1695211638182716943 146.282296 0.000000
1695211638258891990 145.354190 0.000000
1695211638404643849 145.747594 0.000000
1695211638823595589 146.455706 0.000000
1695211638982513440 145.431047 0.000000
1695211639333394546 146.165264 0.000000
1695211639820249854 145.252297 0.000000
1695211639856926429 145.576771 0.000000
1695211640184035058 145.552118 0.000000
1695211640730022769 145.714204 0.000000
1695211641842922701 145.556396 0.000000
1695211642040014322 145.529033 0.000000
1695211642330957976 145.191943 0.000000
1695211644462928139 218.501012 0.000000
1695211645171231647 146.128874 0.000000
1695211645496939493 145.744076 0.000000
1695211645627980422 145.480903 0.000000
1695211645737872085 145.674083 0.000000
1695211647208226057 145.577426 0.000000
1695211647411533577 146.080928 0.000000
1695211647572457592 145.659263 0.000000
1695211647680905176 145.216582 0.000000
1695211648190970102 146.049970 0.000000
1695211648372895744 145.189966 0.000000
1695211648649042131 145.650316 0.000000
1695211648919083189 145.612452 0.000000
1695211649996545481 145.723907 0.000000
1695211650542008819 145.807987 0.000000
1695211650703155905 145.999631 0.000000
1695211651066880425 145.555554 0.000000
1695211652522774568 145.494791 0.000000
1695211652543200393 145.571907 0.000000
1695211652834518727 145.607761 0.000000
1695211653708019816 145.567084 0.000000
1695211653869840315 145.432286 0.000000
1695211654144630899 145.628443 0.000000
1695211655289941834 146.458168 0.000000
1695211655368692162 146.116309 0.000000
1695211656416876854 145.889097 0.000000
1695211656460344534 145.399989 0.000000
1695211656656131994 145.419058 0.000000
1695211656817496255 146.061161 0.000000
1695211657507619663 145.555775 0.000000
1695211657618492691 146.125865 0.000000
1695211658148848527 145.720645 0.000000
1695211658258185451 146.016341 0.000000
1695211658308977673 145.496966 0.000000
1695211658949624336 146.170063 0.000000
1695211659494940951 145.615363 0.000000
1695211660747372281 145.740076 0.000000
1695211661023321726 145.156480 0.000000
1695211661075305266 145.607597 0.000000
1695211661221239679 145.979257 0.000000
1695211662430444488 146.290249 0.000000
1695211662748238034 145.526665 0.000000
1695211663159571706 146.386638 0.000000
1695211663280018206 146.476872 0.000000
1695211663294195694 145.810192 0.000000
1695211663607402546 145.767022 0.000000
1695211663862363371 145.709950 0.000000
1695211665404694419 145.093395 0.000000
1695211665769253245 146.280199 0.000000
1695211665914522454 145.755514 0.000000
1695211667515641954 145.672875 0.000000
1695211668256167739 145.471898 0.000000
1695211668629511612 145.519409 0.000000
1695211668666602732 145.962684 0.000000
1695211668752798849 145.456808 0.000000
1695211668984511969 145.881139 0.000000
1695211669080291118 145.491413 0.000000
1695211671954616495 145.567569 0.000000
1695211672268030537 145.568651 0.000000
1695211672268040400 145.688449 0.000000
1695211673136354756 218.518748 0.000000
1695211673178532470 146.111622 0.000000
1695211674467460513 146.225677 0.000000
1695211674669325251 145.646906 0.000000
1695211675324141112 145.877932 0.000000
1695211675978716314 146.088356 0.000000
1695211676869947013 146.048144 0.000000
1695211677161231569 146.222495 0.000000
1695211679053656429 145.916060 0.000000
1695211680418139025 145.974590 0.000000
1695211680563906297 145.893155 0.000000
1695211680727934778 145.435124 0.000000
1695211680927530276 145.455317 0.000000
1695211680946591832 145.962611 0.000000
1695211681036510953 145.895359 0.000000
1695211681819674475 218.438553 0.000000
1695211682310247567 145.538319 0.000000
1695211682820188453 145.666868 0.000000
1695211683034168290 145.617157 0.000000
1695211683106522579 145.343931 0.000000
1695211683220679679 146.059555 0.000000
1695211683858046354 218.569411 0.000000
1695211684345585469 145.761986 0.000000
1695211684417869275 145.247848 0.000000
1695211684711979952 145.446520 0.000000
1695211686095224949 145.999377 0.000000
1695211686095261138 145.509739 0.000000
1695211687354529444 146.035573 0.000000
1695211687478573864 145.750689 0.000000
1695211688533652093 145.698516 0.000000
1695211688933082453 217.762074 0.000000
1695211689441582998 145.142172 0.000000
1695211689502944227 146.545786 0.000000
1695211689551697537 145.839679 0.000000
1695211689733327048 145.554402 0.000000
1695211690534547155 145.922173 0.000000
1695211690643006055 145.567346 0.000000
1695211691335374441 146.056193 0.000000
1695211692061654589 145.898294 0.000000
1695211692159119206 146.077841 0.000000
1695211692679931514 145.550491 0.000000
1695211693080466330 145.679645 0.000000
1695211693298293897 145.688027 0.000000
1695211694752756314 145.286846 0.000000
1695211694780071188 145.853538 0.000000
1695211694898321738 145.563269 0.000000
1695211694899135364 145.536622 0.000000
1695211696352776958 145.526979 0.000000
1695211696935730186 145.132077 0.000000
1695211697590426278 145.866897 0.000000
1695211698682934619 145.637374 0.000000
1695211701044810510 145.510120 0.000000
1695211701302380037 145.669563 0.000000
1695211701772671270 145.505400 0.000000
1695211701919002875 146.327500 0.000000
1695211703047152314 145.469956 0.000000
1695211703047298675 145.463637 0.000000
1695211703629649798 145.758406 0.000000
1695211704139431475 145.996014 0.000000
1695211705012373375 145.095846 0.000000
1695211705521695021 145.723851 0.000000
1695211706250080733 145.981763 0.000000
1695211706358363854 145.944911 0.000000
1695211706576768704 146.040135 0.000000
1695211707086485658 145.949439 0.000000
1695211707814589503 146.474864 0.000000
1695211708759517419 145.446609 0.000000
1695211710106515453 145.963764 0.000000
1695211710543811691 145.724974 0.000000
1695211711563364351 146.090724 0.000000
1695211711635684513 145.965610 0.000000
1695211711890384689 146.395875 0.000000
1695211712508782260 145.647280 0.000000
1695211712726991525 145.545070 0.000000
1695211713018448349 146.096001 0.000000
1695211713054070916 145.474740 0.000000
1695211713163995710 145.186271 0.000000
1695211713236037398 145.245680 0.000000
1695211714400061087 145.527835 0.000000
1695211714472297688 145.596269 0.000000
1695211715127752900 145.816528 0.000000
1695211715272669785 145.381880 0.000000
1695211715528568373 146.029749 0.000000
1695211715710433474 146.333533 0.000000
1695211715782784376 145.725435 0.000000
1695211715964236985 145.242020 0.000000
1695211716000539298 144.974334 0.000000
1695211716256455292 145.680131 0.000000
1695211716363939890 145.542557 0.000000
1695211716365070569 145.581568 0.000000
1695211717530059738 146.611362 0.000000
1695211717530617209 145.801049 0.000000
1695211718985296050 145.733222 0.000000
1695211719495124710 146.104601 0.000000
1695211720586870222 145.385495 0.000000
1695211721313895961 145.069182 0.000000
1695211722303834736 145.768858 0.000000
1695211722333592365 145.439648 0.000000
1695211722842908166 145.523038 0.000000
1695211722914708224 145.329578 0.000000
1695211722915596093 145.498431 0.000000
1695211723569965967 145.690200 0.000000
1695211724267374881 145.595454 0.000000
1695211725899238212 145.242909 0.000000
1695211725972092168 145.763463 0.000000
1695211726044670324 145.670000 0.000000
1695211727394828264 145.725771 0.000000
1695211728665134077 145.644963 0.000000
1695211728852611501 145.918970 0.000000
1695211728956318654 145.582534 0.000000
1695211729289101613 145.528551 0.000000
1695211729537895416 145.216161 0.000000
1695211729725922277 146.227918 0.000000
1695211729943704270 145.925736 0.000000
1695211730452862910 145.232131 0.000000
1695211730484766648 145.358530 0.000000
1695211731503321298 217.523377 0.000000
1695211731835702169 144.921138 0.000000
1695211732685683876 152.555184 0.000000
1695211732996095988 144.902484 0.000000
1695211734015362258 145.292391 0.000000
1695211734234250322 146.042939 0.000000
1695211734451858667 145.884126 0.000000
1695211735325863895 145.734219 0.000000
1695211735398550247 146.039386 0.000000
1695211735543928049 145.452295 0.000000
1695211735835468414 218.496709 0.000000
1695211736272068266 145.532342 0.000000
1695211736434302315 146.135409 0.000000
1695211736506030372 144.981651 0.000000
1695211737088228028 145.471081 0.000000
1695211737162064977 146.313022 0.000000
1695211737291626805 145.978402 0.000000
1695211737800254831 145.176744 0.000000
1695211737946780966 145.683051 0.000000
1695211738619007370 145.525429 0.000000
1695211738835981733 145.952893 0.000000
1695211738836015291 146.044952 0.000000
1695211740131301626 145.921337 0.000000
1695211740131458210 145.863468 0.000000
1695211740292885981 145.210505 0.000000
1695211740860016651 146.185823 0.000000
1695211741589013225 146.145542 0.000000
1695211741951640650 145.521359 0.000000
1695211743554316296 146.124616 0.000000
1695211743554343089 145.917850 0.000000
1695211744937694468 145.674093 0.000000
1695211745519352563 145.600825 0.000000
1695211745738855747 145.620035 0.000000
1695211746044784642 145.094211 0.000000
1695211746263108755 145.381982 0.000000
1695211746540276450 145.838156 0.000000
1695211746685822247 145.539086 0.000000
1695211748504131551 145.436466 0.000000
1695211748650594759 146.479681 0.000000
1695211748869150063 145.835596 0.000000
1695211749232210679 145.390265 0.000000
1695211750106638383 145.450647 0.000000
1695211750196586988 145.138483 0.000000
1695211750615493574 145.685444 0.000000
1695211750997859127 146.224493 0.000000
1695211751853699115 145.860884 0.000000
1695211752216686333 145.579661 0.000000
1695211752289502229 145.340582 0.000000
1695211753162920487 145.284165 0.000000
1695211753964336418 145.935173 0.000000
1695211754910385539 218.852800 0.000000
1695211756002964503 146.155452 0.000000
1695211757698614560 145.329324 0.000000
1695211757917348168 145.813559 0.000000
1695211759497531884 146.207090 0.000000
1695211759643026481 146.241999 0.000000
1695211759861278262 145.442083 0.000000
1695211759957474904 145.847069 0.000000
1695211760080342933 145.876437 0.000000
1695211760248784773 145.460620 0.000000
1695211760880879255 145.909293 0.000000
1695211761899145120 145.545996 0.000000
1695211762264622541 145.842282 0.000000
1695211762336949097 146.014028 0.000000
1695211762579814066 146.478342 0.000000
1695211763089773243 145.907092 0.000000
1695211763355867488 145.406557 0.000000
1695211763527040140 146.587415 0.000000
1695211763818667327 145.982612 0.000000
1695211763938172598 145.671990 0.000000
1695211765249191389 145.474776 0.000000
1695211765249221870 146.194158 0.000000
1695211765758565697 145.644925 0.000000
1695211766003310957 145.594243 0.000000
1695211767068115350 145.600411 0.000000
1695211767577415967 145.212022 0.000000
1695211768232899659 145.975347 0.000000
1695211768304854900 145.451042 0.000000
1695211768772610151 145.623599 0.000000
1695211768814905641 145.291802 0.000000
1695211769105992741 145.987771 0.000000
1695211769282109254 145.184004 0.000000
1695211769542365680 145.565271 0.000000
1695211769760768393 145.743982 0.000000
1695211770084633845 146.135620 0.000000
1695211770270652381 145.534266 0.000000
1695211770416503543 146.225111 0.000000
1695211770593993527 145.449132 0.000000
1695211771144620753 145.651018 0.000000
1695211772454290775 145.514872 0.000000
1695211772632180622 145.323153 0.000000
1695211772745809047 146.209666 0.000000
1695211773108605373 145.649749 0.000000
1695211773181747531 145.067229 0.000000
1695211773361263964 146.130281 0.000000
1695211773432989543 217.853480 0.000000
1695211773799004301 145.989949 0.000000
1695211774128214844 218.199793 0.000000
1695211774855454253 145.748902 0.000000
1695211775219266868 145.988321 0.000000
1695211775437310306 146.024006 0.000000
1695211775583056326 145.833137 0.000000
1695211775618657146 145.851335 0.000000
1695211775801180712 145.947389 0.000000
1695211776201582294 145.604768 0.000000
1695211776310799633 145.486754 0.000000
1695211776456392970 146.017919 0.000000
1695211776747560254 145.554199 0.000000
1695211777911588783 146.255643 0.000000
1695211778929937419 145.536839 0.000000
1695211779257403632 145.493467 0.000000
1695211779657328962 145.498079 0.000000
1695211779985422291 145.501730 0.000000
1695211780093756852 145.155494 0.000000
1695211780566194589 145.845964 0.000000
1695211780640467614 145.928482 0.000000
1695211781367652665 145.229795 0.000000
1695211782532658111 145.623194 0.000000
1695211783222632675 145.438774 0.000000
1695211783368663226 145.767830 0.000000
1695211783951410732 145.295886 0.000000
1695211784097000473 145.646828 0.000000
1695211785080873382 146.448020 0.000000
1695211785189136391 145.677823 0.000000
1695211785480496142 146.016112 0.000000
1695211786609095026 146.206513 0.000000
