1694264322357777820 216.731825 0.000000
1694264324250630681 216.771276 0.000000
1694264326169438129 216.631491 0.000000
1694264328210686655 216.610848 0.000000
1694264328770379656 216.763403 0.000000
1694264329437353934 216.615971 0.000000
1694264329575040794 216.691295 0.000000
1694264330295944982 216.734221 0.000000
1694264331871186467 216.750148 0.000000
1694264331965434299 216.759143 0.000000
1694264333067906950 216.537803 0.000000
1694264333235925722 216.667394 0.000000
1694264333340805180 216.560496 0.000000
1694264334159854554 216.584408 0.000000
1694264335267434239 216.904387 0.000000
1694264335482752503 216.630223 0.000000
1694264335524847925 216.575482 0.000000
1694264336936064817 216.632910 0.000000
1694264336985249359 216.616979 0.000000
1694264337682473933 216.657271 0.000000
1694264338196667643 216.605246 0.000000
1694264338437320083 216.686661 0.000000
1694264338479495596 216.577852 0.000000
1694264340317258523 216.665195 0.000000
1694264340333844779 216.709222 0.000000
1694264340766893192 216.640432 0.000000
1694264341698173053 216.609073 0.000000
1694264343295050850 216.669310 0.000000
1694264344122887308 216.813541 0.000000
1694264344836635583 216.740479 0.000000
1694264346273304089 216.685206 0.000000
1694264346449901535 216.617885 0.000000
1694264346723740884 216.670189 0.000000
1694264346916117242 216.649819 0.000000
1694264348996035236 216.581610 0.000000
1694264351788722890 216.610278 0.000000
1694264351851338019 216.609345 0.000000
1694264351935079286 216.605231 0.000000
1694264352862959107 216.610713 0.000000
1694264353617272829 216.521896 0.000000
1694264354205635972 216.608388 0.000000
1694264356583535903 216.691587 0.000000
1694264358750544619 216.924678 0.000000
1694264360044950274 216.704266 0.000000
1694264360324727815 216.590206 0.000000
1694264362130408330 216.645785 0.000000
1694264362823647188 216.626350 0.000000
1694264365148741868 216.708023 0.000000
1694264365216640257 216.699986 0.000000
1694264365486166845 216.589785 0.000000
1694264367119543257 216.556537 0.000000
1694264367485153676 216.727054 0.000000
1694264368524031577 216.635061 0.000000
1694264368708501385 216.610643 0.000000
1694264369712591692 216.632649 0.000000
1694264373226604078 216.656922 0.000000
1694264374047012300 216.640710 0.000000
1694264375063792308 216.747321 0.000000
1694264375169287524 216.538480 0.000000
1694264375346003907 216.625864 0.000000
1694264376913227342 216.631036 0.000000
1694264376975373108 216.613656 0.000000
1694264377584428285 216.679900 0.000000
1694264379094452342 216.527129 0.000000
1694264379125888172 216.685833 0.000000
1694264380163276658 216.668378 0.000000
1694264381369300481 216.590748 0.000000
1694264382624980792 216.563123 0.000000
1694264384707722111 216.647414 0.000000
1694264385294676277 216.626758 0.000000
1694264387572605194 217.071847 0.000000
1694264389006020991 216.568320 0.000000
1694264389764796316 216.600329 0.000000
1694264390087279193 216.708792 0.000000
1694264391887683426 216.591900 0.000000
1694264391931808600 216.633161 0.000000
1694264393070116532 216.673901 0.000000
1694264393794371560 216.548404 0.000000
1694264395724942361 216.642879 0.000000
1694264396316320992 216.670352 0.000000
1694264396838446448 216.665877 0.000000
1694264397442664657 216.588407 0.000000
1694264401477799213 216.555430 0.000000
1694264401589839683 216.629533 0.000000
1694264401903919594 216.690987 0.000000
1694264401919648770 216.584884 0.000000
1694264402119673449 216.717703 0.000000
1694264403490072093 216.551165 0.000000
1694264405267562966 216.626606 0.000000
1694264405395173587 216.581095 0.000000
1694264406600848440 216.617249 0.000000
1694264407162279743 216.750083 0.000000
1694264407593102160 216.698894 0.000000
1694264408125474408 216.736627 0.000000
1694264409024953383 216.793756 0.000000
1694264410293674423 216.565905 0.000000
1694264410638387668 216.645670 0.000000
1694264411128421374 216.656330 0.000000
1694264411446875889 216.757813 0.000000
1694264411521350866 216.608905 0.000000
1694264412933761177 216.631208 0.000000
1694264415292912421 216.634474 0.000000
1694264415921677929 216.645369 0.000000
1694264418206391823 216.606975 0.000000
1694264418547971352 216.612268 0.000000
1694264419862999679 216.655182 0.000000
1694264420881530563 216.752489 0.000000
1694264422220693548 216.707644 0.000000
1694264423230773389 216.641175 0.000000
1694264424162413549 216.579091 0.000000
1694264425916558931 216.615800 0.000000
1694264426770764737 216.683833 0.000000
1694264429136956810 216.825705 0.000000
1694264432227848863 216.594176 0.000000
1694264432444866625 216.570636 0.000000
1694264434953169116 216.688530 0.000000
1694264435331041216 216.765665 0.000000
1694264435761210639 216.549270 0.000000
1694264435859596800 216.625163 0.000000
1694264435977606799 216.517306 0.000000
1694264440011407506 216.553557 0.000000
1694264440306590682 216.633558 0.000000
1694264441824613540 216.637492 0.000000
1694264442347331723 216.721087 0.000000
1694264443318107252 216.604099 0.000000
1694264444161305774 216.607165 0.000000
1694264444859203866 216.771634 0.000000
1694264444996434190 216.602485 0.000000
1694264445680766113 216.661292 0.000000
1694264447330920095 216.714947 0.000000
1694264448038921725 216.659458 0.000000
1694264450001426297 216.616879 0.000000
1694264450218001574 216.551241 0.000000
1694264450238613852 216.715252 0.000000
1694264450688425801 216.623655 0.000000
1694264451610537473 216.683384 0.000000
1694264452554131190 217.107571 0.000000
1694264452582674531 216.845295 0.000000
1694264452975777207 216.555335 0.000000
1694264454693892259 216.734287 0.000000
1694264454900390285 216.581266 0.000000
1694264455408968449 216.665868 0.000000
1694264458628384418 216.701882 0.000000
1694264459414287619 216.558833 0.000000
1694264459630772731 216.460330 0.000000
1694264460560340146 216.661728 0.000000
1694264460777036780 216.673426 0.000000
1694264463702177502 216.721698 0.000000
1694264463731835401 216.675103 0.000000
1694264464083843550 216.637348 0.000000
1694264465142885567 216.642890 0.000000
1694264465398547797 216.618182 0.000000
1694264466095485705 216.656897 0.000000
1694264466597703795 216.607588 0.000000
1694264469639357847 216.946531 0.000000
1694264472140960421 216.824106 0.000000
1694264472445696665 216.663252 0.000000
1694264473465378901 216.704162 0.000000
1694264473839543966 216.922220 0.000000
1694264474006711178 216.659834 0.000000
1694264474280654552 216.654954 0.000000
1694264474522917120 216.743428 0.000000
1694264474800855333 216.611211 0.000000
1694264475114488897 216.647064 0.000000
1694264476243102440 216.684863 0.000000
1694264478814113235 216.639382 0.000000
1694264479992610991 216.594397 0.000000
1694264480922447562 216.776496 0.000000
1694264482463484591 216.550089 0.000000
1694264482465472165 216.678739 0.000000
1694264483770220505 216.607272 0.000000
1694264484830208664 216.691152 0.000000
1694264485448871344 217.170442 0.000000
1694264485682761493 216.672288 0.000000
1694264486378260590 216.579191 0.000000
1694264486801286138 216.618613 0.000000
1694264486920907566 216.599640 0.000000
