1694225057999662957 176.491678 0.000000
1694225058025674036 176.475246 0.000000
1694225058038840148 176.635333 0.000000
1694225058083701602 176.542813 0.000000
1694225058155685289 176.521002 0.000000
1694225058250782681 176.492019 0.000000
1694225058379288727 176.499236 0.000000
1694225058513019331 176.540180 0.000000
1694225058768224876 176.622594 0.000000
1694225058790315181 176.513584 0.000000
1694225058997753162 176.564091 0.000000
1694225059275728013 176.494301 0.000000
1694225059392701091 176.529563 0.000000
1694225059715368978 176.608615 0.000000
1694225059741001045 176.571866 0.000000
1694225059949614741 176.566683 0.000000
1694225060204665217 176.601118 0.000000
1694225060391579865 176.635684 0.000000
1694225060419009514 176.600882 0.000000
1694225060578579752 176.638104 0.000000
1694225060895559392 176.624346 0.000000
1694225060932026667 176.610095 0.000000
1694225061043774431 176.699126 0.000000
1694225061045820647 176.585457 0.000000
1694225061105355064 176.509765 0.000000
1694225061239374309 176.663678 0.000000
1694225061440791114 176.668070 0.000000
1694225061485680667 176.522270 0.000000
1694225061609566326 176.538502 0.000000
1694225061639099305 176.560830 0.000000
1694225061662299642 176.594704 0.000000
1694225061752915762 176.601335 0.000000
1694225061815705429 176.573995 0.000000
1694225061884629963 176.611131 0.000000
1694225061894562912 176.599049 0.000000
1694225062147940925 176.583788 0.000000
1694225062304620255 176.527156 0.000000
1694225062519667590 176.487769 0.000000
1694225062839983843 176.492254 0.000000
1694225062898258509 176.538368 0.000000
1694225063029056829 176.624112 0.000000
1694225063647932029 176.609788 0.000000
1694225063860223238 176.569364 0.000000
1694225064003762632 176.626758 0.000000
1694225064156610016 176.613208 0.000000
1694225064227908236 176.588054 0.000000
1694225064359187289 176.618503 0.000000
1694225064445823934 176.812310 0.000000
1694225065351049966 176.562483 0.000000
1694225065492119441 176.600598 0.000000
1694225065607654929 176.908358 0.000000
1694225065815171969 176.630361 0.000000
1694225065857881233 176.592527 0.000000
1694225065907000124 176.507155 0.000000
1694225065969391514 176.483704 0.000000
1694225066668139509 176.590022 0.000000
1694225066777161158 176.541198 0.000000
1694225066852882398 176.590584 0.000000
1694225066875474635 176.631323 0.000000
1694225066900938274 176.470198 0.000000
1694225066951711806 176.634080 0.000000
1694225067021449676 176.537559 0.000000
1694225067144342093 176.579353 0.000000
1694225067309819010 176.471701 0.000000
1694225067645432913 176.516896 0.000000
1694225067696223518 176.584228 0.000000
1694225067762668807 176.551223 0.000000
1694225067824606837 176.620774 0.000000
1694225067847119685 176.526159 0.000000
1694225067869061244 176.516809 0.000000
1694225067927963434 176.524364 0.000000
1694225067961258362 176.544627 0.000000
1694225068204356559 176.577192 0.000000
1694225068258548861 176.569846 0.000000
1694225068314415212 176.495271 0.000000
1694225068319449741 176.462399 0.000000
1694225068542740744 176.549265 0.000000
1694225068720880492 176.564222 0.000000
1694225068752779221 176.611171 0.000000
1694225068774250950 176.560944 0.000000
1694225069091374370 176.459874 0.000000
1694225069318960626 176.569279 0.000000
1694225069349131610 176.556264 0.000000
1694225069374760753 176.532453 0.000000
1694225069412576977 176.500875 0.000000
1694225069481126392 176.593791 0.000000
1694225069533137248 176.699947 0.000000
1694225069768265409 176.505775 0.000000
1694225069834442298 176.606667 0.000000
1694225069848924703 176.522582 0.000000
1694225069854145693 176.461924 0.000000
1694225070042350141 176.580570 0.000000
1694225070151636482 176.565484 0.000000
1694225070384233293 176.511123 0.000000
1694225070487941398 176.646593 0.000000
1694225070490037481 176.578064 0.000000
1694225070552909975 176.556715 0.000000
1694225070697450503 176.529076 0.000000
1694225070882515116 176.533726 0.000000
1694225071005153120 176.493259 0.000000
1694225071035183847 176.477837 0.000000
1694225071194907250 176.809372 0.000000
1694225071285117796 176.552635 0.000000
1694225071854251506 176.502984 0.000000
1694225072192665390 176.616391 0.000000
1694225072202150607 176.641086 0.000000
1694225072271878299 176.586805 0.000000
1694225072467142185 176.550087 0.000000
1694225072472734494 176.524224 0.000000
1694225072587846179 176.513168 0.000000
1694225072674352981 176.549918 0.000000
1694225072784924157 176.633603 0.000000
1694225072852724494 176.520465 0.000000
1694225072964283869 176.553372 0.000000
1694225073045516477 176.515437 0.000000
1694225073204482088 176.573870 0.000000
1694225073557860734 176.513384 0.000000
1694225073583026104 176.580890 0.000000
1694225073909559000 176.606245 0.000000
1694225074024679040 176.548966 0.000000
1694225074036551963 176.567710 0.000000
1694225074378209689 176.579142 0.000000
1694225074402903948 176.591320 0.000000
1694225074668031618 176.611001 0.000000
1694225074706634979 176.630020 0.000000
1694225075286402379 176.514944 0.000000
1694225075624429782 176.638083 0.000000
1694225076002939919 176.584965 0.000000
1694225076144466944 176.675952 0.000000
1694225076397412751 176.686271 0.000000
1694225076405110248 176.623585 0.000000
1694225076415516308 176.533165 0.000000
1694225076480094267 176.586694 0.000000
1694225076502609485 176.626091 0.000000
1694225076612788478 176.591310 0.000000
1694225076674711829 176.532626 0.000000
1694225076777103506 176.552023 0.000000
1694225077010136531 176.526517 0.000000
1694225077045229442 176.477762 0.000000
1694225077186898167 176.731215 0.000000
1694225077209902433 176.674965 0.000000
1694225077215459620 176.589420 0.000000
1694225077218670527 176.528124 0.000000
1694225077398584418 176.521834 0.000000
1694225077512456058 176.679751 0.000000
1694225077653102820 176.618593 0.000000
1694225077938345186 176.553900 0.000000
1694225078014400588 176.659023 0.000000
1694225078017320623 176.603328 0.000000
1694225078277195369 176.521753 0.000000
1694225078307997802 176.569539 0.000000
1694225078355912715 176.534157 0.000000
1694225078439360780 176.629087 0.000000
1694225078508498549 176.664820 0.000000
1694225078511618379 176.592818 0.000000
1694225078619605742 176.619385 0.000000
1694225079244137753 176.533465 0.000000
1694225079251829161 176.433613 0.000000
1694225079328087676 176.575292 0.000000
1694225079513720330 176.605343 0.000000
1694225079545699586 176.608916 0.000000
1694225079572627367 176.604952 0.000000
1694225079691131377 176.586068 0.000000
1694225079693504119 176.550389 0.000000
1694225079946782665 176.545313 0.000000
1694225079956002480 176.408454 0.000000
1694225080315482418 176.539069 0.000000
1694225080400398037 176.528940 0.000000
1694225080574656413 176.633222 0.000000
1694225080668873352 176.545799 0.000000
1694225080753750923 176.524234 0.000000
1694225080898566761 176.623836 0.000000
1694225081011383967 176.539258 0.000000
1694225081120667376 176.604476 0.000000
1694225081163709380 176.712335 0.000000
1694225081542046655 176.577588 0.000000
1694225081553993013 176.548364 0.000000
1694225081651319303 177.028412 0.000000
1694225081661736519 176.552148 0.000000
1694225081782914677 176.954776 0.000000
1694225082004844525 176.608655 0.000000
1694225082015234843 176.615090 0.000000
1694225082333588725 176.655924 0.000000
1694225082401845850 176.665006 0.000000
1694225082431681307 176.606089 0.000000
1694225082436940696 176.671893 0.000000
1694225082451282169 176.660931 0.000000
1694225082613700758 176.730634 0.000000
1694225082667074409 176.753868 0.000000
1694225082696999004 176.595023 0.000000
1694225082861071452 176.595830 0.000000
1694225083126292008 176.648737 0.000000
1694225083129871216 176.625133 0.000000
1694225083144002616 176.544817 0.000000
1694225083154425049 176.604856 0.000000
1694225083409090708 176.604626 0.000000
1694225083483546543 176.660476 0.000000
1694225083571950689 176.625303 0.000000
1694225083605154054 176.588624 0.000000
1694225083777986943 176.648158 0.000000
1694225084043049119 176.625934 0.000000
1694225084195271086 176.759095 0.000000
1694225084223864584 176.547402 0.000000
1694225084262579428 176.575483 0.000000
1694225084347556461 176.630635 0.000000
1694225084367474901 176.576430 0.000000
1694225084377121765 176.592753 0.000000
1694225084392581560 176.650373 0.000000
1694225084897655541 176.680923 0.000000
1694225084907096536 176.549227 0.000000
1694225084932734560 176.576620 0.000000
1694225085002817003 176.519839 0.000000
1694225085167353490 176.525125 0.000000
1694225085260423653 176.537458 0.000000
1694225085264022485 176.478067 0.000000
1694225085285963924 176.505485 0.000000
1694225085545392019 176.546951 0.000000
1694225085550981702 176.578514 0.000000
1694225085645873701 176.515629 0.000000
1694225085895510834 176.570711 0.000000
1694225085958278686 176.495497 0.000000
1694225085967481080 176.600090 0.000000
1694225086160523892 176.647506 0.000000
1694225086223328955 176.643055 0.000000
1694225086232914124 176.484025 0.000000
1694225086232947191 176.455524 0.000000
1694225086294409008 176.764067 0.000000
1694225086409263135 176.563694 0.000000
1694225086521791489 176.673556 0.000000
1694225086529432896 176.583001 0.000000
1694225086867828220 176.568781 0.000000
1694225087017816458 176.619785 0.000000
1694225087034049669 176.579893 0.000000
1694225087141965394 176.587971 0.000000
1694225087204876860 176.465903 0.000000
1694225087259998283 176.544607 0.000000
1694225087873594802 176.618908 0.000000
1694225088000552243 176.589736 0.000000
1694225088138657996 176.566778 0.000000
1694225088265739005 176.501761 0.000000
1694225088530642211 176.579476 0.000000
1694225088713222232 176.561636 0.000000
1694225088762701661 176.529546 0.000000
1694225088769452475 176.612239 0.000000
1694225088934025452 176.608725 0.000000
1694225089326126700 176.576531 0.000000
1694225089388068985 176.580264 0.000000
1694225089679481515 176.492495 0.000000
1694225089969285275 176.512176 0.000000
1694225090183034136 176.542937 0.000000
1694225090298612587 176.602501 0.000000
1694225090327892933 176.560102 0.000000
1694225090555815736 176.683528 0.000000
1694225090563699416 176.492489 0.000000
1694225090909309428 176.579732 0.000000
1694225090941872889 176.604295 0.000000
1694225091270953382 176.634103 0.000000
1694225091914809776 176.489307 0.000000
1694225092277630151 176.584693 0.000000
1694225092454570037 176.654807 0.000000
1694225092564651221 176.607708 0.000000
1694225092658654407 176.619319 0.000000
1694225092746928967 176.630214 0.000000
1694225092896528592 176.637642 0.000000
1694225093056518184 176.701717 0.000000
1694225093073154607 176.600560 0.000000
1694225093249770619 176.592292 0.000000
1694225093535634696 176.545593 0.000000
1694225093719377417 176.570016 0.000000
1694225093940424229 176.492800 0.000000
1694225094065672673 176.588793 0.000000
1694225094121857151 176.611582 0.000000
1694225094249623890 176.565434 0.000000
1694225094386856857 176.562267 0.000000
1694225094428378292 176.509503 0.000000
1694225094601476031 176.476262 0.000000
1694225094740385400 176.611762 0.000000
1694225094866408291 176.597067 0.000000
1694225094906243994 176.590157 0.000000
1694225094929420215 176.670673 0.000000
1694225095037640480 176.591199 0.000000
1694225095371820328 176.670178 0.000000
1694225095566174111 176.619405 0.000000
1694225095613536574 176.612955 0.000000
1694225096136692050 176.548540 0.000000
1694225096143922365 176.551909 0.000000
1694225096154777249 176.514836 0.000000
1694225096369313180 176.664681 0.000000
1694225096408911195 176.612514 0.000000
1694225096578451717 176.595627 0.000000
1694225096596510982 176.438163 0.000000
1694225096697771791 176.622463 0.000000
1694225096762310257 176.629448 0.000000
1694225096861205682 176.467538 0.000000
1694225097063444128 176.515703 0.000000
1694225097125864700 176.514259 0.000000
1694225097164868402 176.601586 0.000000
1694225097432894832 176.458896 0.000000
1694225097783671056 176.701235 0.000000
1694225098140182038 176.653749 0.000000
1694225098186747857 176.543327 0.000000
1694225098218044485 176.595424 0.000000
1694225098219938006 176.536617 0.000000
1694225098482942520 176.551496 0.000000
1694225098628497461 176.600876 0.000000
1694225098805689088 176.406114 0.000000
1694225098835864546 176.532537 0.000000
1694225098908119760 176.546309 0.000000
1694225098932541434 176.524780 0.000000
1694225099050317730 176.516625 0.000000
1694225099158417709 176.551045 0.000000
1694225099317110618 176.560808 0.000000
1694225099423472634 176.556793 0.000000
1694225099554370509 176.584995 0.000000
1694225099591229700 176.616412 0.000000
1694225099639625573 176.608183 0.000000
1694225099689461847 176.619188 0.000000
1694225099845972198 176.571061 0.000000
1694225099909787842 176.554148 0.000000
1694225100042136990 176.616758 0.000000
1694225100081436239 176.476848 0.000000
1694225100275741789 176.987646 0.000000
1694225100515982962 176.588828 0.000000
1694225100644322423 176.452108 0.000000
1694225100819784460 176.875826 0.000000
1694225100869445991 176.568857 0.000000
1694225100877136929 176.558814 0.000000
1694225101081640646 176.737203 0.000000
1694225101182196680 176.582227 0.000000
1694225101261562329 176.633562 0.000000
1694225101280521617 176.644919 0.000000
1694225101535578296 176.535173 0.000000
1694225101753544249 176.586153 0.000000
1694225101761493191 176.543117 0.000000
1694225101841744847 176.548119 0.000000
1694225101963199122 176.659297 0.000000
1694225102053914001 176.564472 0.000000
1694225102085327375 176.559325 0.000000
1694225102106890097 176.621143 0.000000
1694225102109480836 176.592176 0.000000
1694225102266312538 176.434374 0.000000
1694225102380216749 176.519176 0.000000
1694225102397470769 176.524654 0.000000
1694225102438572588 176.545913 0.000000
1694225102635800770 176.576259 0.000000
1694225102645251848 176.613024 0.000000
1694225102733709293 176.592617 0.000000
1694225102773148840 176.601763 0.000000
1694225102937658429 176.496924 0.000000
1694225103352265051 176.643686 0.000000
1694225103490837695 176.575674 0.000000
1694225103648210357 176.625123 0.000000
1694225104059265460 176.527580 0.000000
1694225104077258445 176.611476 0.000000
1694225104430839499 176.662124 0.000000
1694225104444058525 176.569137 0.000000
1694225104682169179 176.668844 0.000000
1694225104766497557 176.681564 0.000000
1694225105238089850 176.902077 0.000000
1694225105435982421 176.615245 0.000000
1694225105465623181 176.478081 0.000000
1694225105730605962 176.577632 0.000000
1694225105827211674 176.538701 0.000000
1694225105878060104 176.526708 0.000000
1694225105995926299 176.793435 0.000000
1694225106172467155 176.529961 0.000000
1694225106198948287 176.619645 0.000000
1694225106260940268 176.583706 0.000000
1694225106300253986 176.496964 0.000000
1694225106832523274 176.510977 0.000000
1694225106887712930 176.534663 0.000000
1694225107152759425 176.569127 0.000000
1694225107259766170 176.611254 0.000000
1694225107292427904 176.574891 0.000000
1694225107613513356 176.826617 0.000000
1694225107686978691 176.616753 0.000000
1694225107709973865 176.646747 0.000000
1694225107852581414 176.505259 0.000000
1694225107941071180 176.667250 0.000000
1694225107948203141 176.594802 0.000000
1694225107952155979 176.572320 0.000000
1694225108124728391 176.500562 0.000000
1694225108143978351 176.595760 0.000000
1694225108151824645 176.567904 0.000000
1694225108166524841 176.623297 0.000000
1694225108206133336 176.604139 0.000000
1694225108294501223 176.576485 0.000000
1694225108342990773 176.439862 0.000000
1694225108471367557 176.590517 0.000000
1694225108510176706 176.512485 0.000000
1694225108851282225 176.588398 0.000000
1694225109071144911 176.495055 0.000000
1694225109128895204 176.589702 0.000000
1694225109149420354 176.586934 0.000000
1694225109153526107 176.603739 0.000000
1694225109307474226 176.580804 0.000000
1694225109336165340 176.609505 0.000000
1694225109492130186 176.565649 0.000000
1694225109768320202 176.632735 0.000000
1694225109823847770 176.640729 0.000000
1694225109832062159 176.580193 0.000000
1694225109860494882 176.593700 0.000000
1694225109897145709 176.603767 0.000000
1694225110121832150 176.641540 0.000000
1694225110131623936 176.621940 0.000000
1694225110189010033 176.599558 0.000000
1694225110543375724 176.558823 0.000000
1694225110810358599 176.531826 0.000000
1694225110995446343 176.579802 0.000000
1694225111037330524 176.595032 0.000000
1694225111069597810 176.923983 0.000000
1694225111216571392 176.615790 0.000000
1694225111340461851 176.510100 0.000000
1694225111457861989 176.615021 0.000000
1694225111479344699 176.683875 0.000000
1694225111614197490 176.652547 0.000000
1694225112233020273 176.636443 0.000000
1694225112486126502 176.590607 0.000000
1694225112629224461 176.621747 0.000000
1694225112674866305 176.618596 0.000000
1694225113108734172 176.643229 0.000000
1694225113164408602 176.527815 0.000000
1694225113285358212 176.600120 0.000000
1694225113309800920 176.540545 0.000000
1694225113367664298 176.530041 0.000000
1694225113513771626 176.656887 0.000000
1694225113544846608 176.544154 0.000000
1694225113610214705 176.565739 0.000000
1694225113955873734 176.670482 0.000000
1694225114309493749 176.547387 0.000000
1694225114462231080 176.557460 0.000000
1694225114628457614 176.685961 0.000000
1694225114928066996 176.540852 0.000000
1694225115052831804 176.468327 0.000000
1694225115193169055 176.596346 0.000000
1694225115444620643 176.487337 0.000000
1694225115600671654 176.553311 0.000000
1694225115727683276 176.594802 0.000000
1694225115753336962 176.663531 0.000000
1694225115933378615 176.604464 0.000000
1694225115996569996 176.518885 0.000000
1694225116044805310 176.596241 0.000000
1694225116108332442 176.554347 0.000000
1694225116436576076 176.625082 0.000000
1694225116673139816 176.565808 0.000000
1694225116703734229 176.698508 0.000000
1694225116926986372 176.689316 0.000000
1694225117026638624 176.567925 0.000000
1694225117080067327 176.613310 0.000000
1694225117169038108 176.580528 0.000000
1694225117174524069 176.572815 0.000000
1694225117232510734 176.604580 0.000000
1694225117280613474 176.657934 0.000000
1694225117587690398 176.542270 0.000000
1694225117724675813 176.479339 0.000000
1694225118025430545 176.534045 0.000000
1694225118263753799 176.595272 0.000000
1694225118383032716 176.522970 0.000000
1694225118553427190 176.669982 0.000000
1694225118606820411 176.678462 0.000000
1694225118676991133 176.554302 0.000000
1694225118794261958 176.613877 0.000000
1694225118823732150 176.595517 0.000000
1694225119025674726 176.540339 0.000000
1694225119351610489 176.608349 0.000000
1694225119609127287 176.648587 0.000000
1694225119790945809 176.463766 0.000000
1694225120032624205 176.574734 0.000000
1694225120151381809 176.463928 0.000000
1694225120351885036 176.595278 0.000000
1694225120465504704 176.615746 0.000000
1694225120739704872 176.622673 0.000000
1694225120916293055 176.567236 0.000000
1694225120916404735 176.471369 0.000000
1694225120974672328 176.571677 0.000000
1694225121147614084 176.612533 0.000000
1694225121192759372 176.633225 0.000000
1694225121289330483 176.662469 0.000000
1694225121290854289 176.747051 0.000000
1694225121412704049 176.683504 0.000000
1694225121561311489 176.504281 0.000000
1694225121642854199 176.590471 0.000000
1694225121826332708 176.608653 0.000000
1694225121854976067 176.601333 0.000000
1694225121947182892 176.722404 0.000000
1694225122089537442 176.492995 0.000000
1694225122121543755 176.548017 0.000000
1694225122184343350 176.597317 0.000000
1694225122356524275 176.596300 0.000000
1694225122419833215 176.580784 0.000000
1694225122537874257 176.627744 0.000000
1694225122739633316 176.671872 0.000000
1694225122742707956 176.587319 0.000000
1694225122828247066 176.671537 0.000000
1694225123034416151 176.709479 0.000000
1694225123049498026 176.630750 0.000000
1694225123299512426 176.599061 0.000000
1694225123304702568 176.593859 0.000000
1694225123943354152 176.486966 0.000000
1694225124040691100 176.633321 0.000000
1694225124064045655 176.612618 0.000000
1694225124334556079 176.696202 0.000000
1694225124385310670 176.566431 0.000000
1694225124537569972 176.581200 0.000000
1694225124552367456 176.639410 0.000000
1694225124626082316 176.713238 0.000000
1694225125249749040 176.484741 0.000000
1694225125357876537 176.665230 0.000000
1694225125362547366 176.937037 0.000000
1694225125514647486 176.511246 0.000000
1694225125711300550 176.609099 0.000000
1694225125720289613 176.582713 0.000000
1694225125775915144 176.648342 0.000000
1694225126008722537 176.579606 0.000000
1694225126093881587 176.758381 0.000000
1694225126129788938 176.697129 0.000000
1694225126185319874 176.576909 0.000000
1694225126364215997 176.524243 0.000000
1694225126837309785 176.481813 0.000000
1694225126927419581 176.513983 0.000000
1694225127046448241 176.611925 0.000000
1694225127116368605 176.614156 0.000000
1694225127484158508 176.546133 0.000000
1694225127898196781 176.481483 0.000000
1694225128039148395 176.582609 0.000000
1694225128104894837 176.623623 0.000000
1694225128279646845 176.654485 0.000000
1694225128281507339 176.593694 0.000000
1694225128307329352 176.642803 0.000000
1694225128540696663 176.699099 0.000000
1694225128843522369 176.608042 0.000000
1694225128959670621 176.602564 0.000000
1694225128959715015 176.659521 0.000000
1694225129252594350 176.656740 0.000000
1694225129313262961 176.630740 0.000000
1694225129456812731 176.624591 0.000000
1694225129607915237 176.583470 0.000000
1694225129721751529 176.578729 0.000000
1694225129727773251 176.591534 0.000000
1694225130052679331 176.529194 0.000000
1694225130108927227 176.514344 0.000000
1694225130328709726 176.561096 0.000000
1694225130550536797 176.544334 0.000000
1694225130670997916 176.565263 0.000000
1694225130751257655 176.609200 0.000000
1694225130787884265 176.574456 0.000000
1694225131045380995 176.608553 0.000000
1694225131108760369 176.580257 0.000000
1694225131110527441 176.609090 0.000000
1694225131198975630 176.622606 0.000000
1694225131242155269 176.538220 0.000000
1694225131434621213 176.608358 0.000000
1694225131463966554 176.496367 0.000000
1694225131494952805 176.530242 0.000000
1694225131583167355 176.473835 0.000000
1694225132021385468 176.489601 0.000000
1694225132085689478 176.635862 0.000000
1694225132113330274 176.556652 0.000000
1694225132194860510 176.586101 0.000000
1694225132346369938 176.512390 0.000000
1694225132439107042 176.647283 0.000000
1694225132643685566 176.573206 0.000000
1694225132674356196 176.624319 0.000000
1694225132701771838 176.541051 0.000000
1694225132789974210 176.529995 0.000000
1694225133170004645 176.572158 0.000000
1694225133262253192 176.532797 0.000000
1694225133275408545 176.517087 0.000000
1694225133318803550 176.678321 0.000000
1694225133469807281 176.556948 0.000000
1694225133556517040 176.502346 0.000000
1694225134294720013 176.571141 0.000000
1694225134587105514 176.554177 0.000000
1694225134618710193 176.570094 0.000000
1694225134673949210 176.639244 0.000000
1694225134705956846 176.796666 0.000000
1694225134736577766 176.580824 0.000000
1694225134763708725 176.579195 0.000000
1694225134911630373 176.659487 0.000000
1694225135349515837 176.637681 0.000000
1694225135501599471 176.694944 0.000000
1694225135526084182 176.552597 0.000000
1694225135554395312 176.594375 0.000000
1694225135556420139 176.641545 0.000000
1694225135819457557 176.582979 0.000000
1694225135851024709 176.571757 0.000000
1694225135883754836 176.601973 0.000000
1694225136121093910 176.504105 0.000000
1694225136176502550 176.714464 0.000000
1694225136443705105 176.902277 0.000000
1694225136822890144 176.573717 0.000000
1694225136827806416 176.573434 0.000000
1694225136944341526 176.552492 0.000000
1694225136975600766 176.597156 0.000000
1694225137060714150 176.482234 0.000000
1694225137092706867 176.519230 0.000000
1694225137269312614 176.454003 0.000000
1694225137283269122 176.578615 0.000000
1694225137357682129 176.587459 0.000000
1694225137474573860 176.501284 0.000000
1694225137499005263 176.590301 0.000000
1694225137763960184 176.562125 0.000000
1694225137883558659 176.630109 0.000000
1694225137944224363 176.651633 0.000000
1694225137945887353 176.517607 0.000000
1694225138120862976 176.612537 0.000000
1694225138297603517 176.487055 0.000000
1694225138360558703 176.544579 0.000000
1694225138385886465 176.576739 0.000000
1694225138595154011 176.604975 0.000000
1694225138624060787 176.648621 0.000000
1694225138802241348 176.555981 0.000000
1694225138827635094 176.513665 0.000000
1694225138874534755 176.549877 0.000000
1694225138914810286 176.572624 0.000000
1694225139051178910 176.623964 0.000000
1694225139154379393 176.571432 0.000000
1694225139242858256 176.541674 0.000000
1694225139271482362 176.538610 0.000000
1694225139327772415 176.548927 0.000000
1694225139386504362 176.627337 0.000000
1694225139419699818 176.670247 0.000000
1694225139508180112 176.669480 0.000000
1694225139592644460 176.502922 0.000000
1694225139596744676 176.683999 0.000000
1694225139684788439 176.559193 0.000000
1694225139739937194 176.555466 0.000000
1694225139772925870 176.599281 0.000000
1694225139773393443 176.716083 0.000000
1694225139846428921 176.539956 0.000000
1694225139949740728 176.582086 0.000000
1694225140038983290 176.585279 0.000000
1694225140039033482 176.816402 0.000000
1694225140243453893 176.555629 0.000000
1694225140599514376 176.540023 0.000000
1694225140653048925 176.672717 0.000000
1694225140922873752 176.778499 0.000000
1694225140953016464 176.630379 0.000000
1694225141011445013 176.783600 0.000000
1694225141188084984 176.654314 0.000000
1694225141331747646 176.588170 0.000000
1694225141596108950 176.545646 0.000000
1694225141684497991 176.615024 0.000000
1694225141689093991 176.514901 0.000000
1694225141718389867 176.505163 0.000000
1694225141791584260 176.630919 0.000000
1694225142514072615 176.690935 0.000000
1694225142568727086 176.589810 0.000000
1694225142632350763 176.564190 0.000000
1694225142749775184 176.617929 0.000000
1694225142809025129 176.642988 0.000000
1694225142956360743 176.639369 0.000000
1694225142956430345 176.529834 0.000000
1694225143040743016 176.665094 0.000000
1694225143191700650 176.562781 0.000000
1694225143276015575 176.694548 0.000000
1694225143516508301 176.621253 0.000000
1694225143605419217 177.073565 0.000000
1694225143664043129 176.630829 0.000000
1694225143958824941 176.514342 0.000000
1694225143983465490 176.615665 0.000000
1694225144131775637 176.583745 0.000000
1694225144219165915 176.586327 0.000000
1694225144223993288 176.581024 0.000000
1694225144336962578 176.605320 0.000000
1694225144813379588 176.618205 0.000000
1694225145313505626 176.544012 0.000000
1694225145371318261 176.583928 0.000000
1694225145547865045 176.523043 0.000000
1694225145962497508 176.520763 0.000000
1694225145987253722 176.654405 0.000000
1694225146163924313 176.645363 0.000000
1694225146168708065 176.513130 0.000000
1694225146522296255 176.697029 0.000000
1694225146607050979 176.636999 0.000000
1694225146694355110 176.660488 0.000000
1694225146757905622 176.490127 0.000000
1694225146875810717 176.516183 0.000000
1694225146901889236 176.562119 0.000000
1694225147022805282 176.514659 0.000000
1694225147078570804 176.656610 0.000000
1694225147185398752 176.543401 0.000000
1694225147465453429 176.602287 0.000000
1694225147494853578 176.507429 0.000000
1694225147726865670 176.571040 0.000000
1694225147757253718 176.467505 0.000000
1694225148084069452 176.574599 0.000000
1694225148287614902 176.652872 0.000000
1694225148462853070 176.660979 0.000000
1694225148464357050 176.717907 0.000000
1694225148467052392 176.593553 0.000000
1694225148511807688 176.676475 0.000000
1694225148639487945 176.610808 0.000000
1694225148643744084 176.667986 0.000000
1694225148699409471 176.571676 0.000000
1694225148909102432 176.604791 0.000000
1694225148935583393 176.565081 0.000000
1694225149201047056 176.619839 0.000000
1694225149262533480 176.651662 0.000000
1694225149380797926 176.563933 0.000000
1694225149466122877 176.662623 0.000000
1694225149734233249 176.551103 0.000000
1694225149881391917 176.659988 0.000000
1694225150146425870 176.530373 0.000000
1694225150234933994 176.520453 0.000000
1694225150291204289 176.578316 0.000000
1694225150409021810 176.565196 0.000000
1694225150529859860 176.538835 0.000000
1694225150644772075 176.576162 0.000000
1694225150705665534 176.557219 0.000000
1694225150824048506 176.639039 0.000000
1694225150853251456 176.657075 0.000000
1694225150900194087 176.690934 0.000000
1694225151030192543 176.650551 0.000000
1694225151115735571 176.738060 0.000000
1694225151263454869 176.590846 0.000000
1694225151383727623 176.622220 0.000000
1694225151502792567 176.604067 0.000000
1694225151616787152 176.570059 0.000000
1694225151648855991 176.617825 0.000000
1694225151767121269 176.559033 0.000000
1694225151885200845 176.510540 0.000000
1694225151943308120 176.773310 0.000000
1694225152120481076 176.533699 0.000000
1694225152209866275 176.677132 0.000000
1694225152385376592 176.523761 0.000000
1694225152650295076 176.506184 0.000000
1694225152680769911 176.571982 0.000000
1694225152945691383 176.533352 0.000000
1694225152972939469 176.677404 0.000000
1694225153358011806 176.525068 0.000000
1694225153504264140 177.317773 0.000000
1694225153534866471 176.837615 0.000000
1694225153738884065 176.709196 0.000000
1694225153858130686 176.622766 0.000000
1694225154004059006 176.756542 0.000000
1694225154180679973 176.639475 0.000000
1694225154183208812 176.599622 0.000000
1694225154211519250 176.518714 0.000000
1694225154596475041 176.674006 0.000000
1694225154713403924 176.506195 0.000000
1694225154950224676 176.595052 0.000000
1694225155331621637 176.482070 0.000000
1694225155480601490 176.750804 0.000000
1694225155745810947 176.729130 0.000000
1694225155763291980 176.615503 0.000000
1694225155834310073 176.594986 0.000000
1694225155948414571 176.512680 0.000000
1694225155980011230 176.834978 0.000000
1694225156010957011 176.661120 0.000000
1694225156245434933 176.516777 0.000000
1694225156333981487 176.838703 0.000000
1694225156452936089 176.463680 0.000000
1694225156599339584 176.729774 0.000000
1694225157189481057 176.420926 0.000000
1694225157275160908 176.810126 0.000000
1694225157572007639 176.664688 0.000000
1694225157572052804 176.727179 0.000000
1694225157690024895 176.655281 0.000000
1694225157691296253 176.706981 0.000000
1694225157717242791 176.656164 0.000000
1694225158453981724 176.580061 0.000000
1694225158544734907 176.699599 0.000000
1694225158630596942 176.598925 0.000000
1694225158721351954 176.591527 0.000000
1694225158807247733 176.620676 0.000000
1694225158958297275 176.532410 0.000000
1694225159075001530 176.558085 0.000000
1694225159134831454 176.517736 0.000000
1694225159194591077 176.514042 0.000000
1694225159251732924 176.536957 0.000000
1694225159488339094 176.711487 0.000000
1694225159516774429 176.604760 0.000000
1694225159577791395 176.651252 0.000000
1694225159753363039 176.659757 0.000000
1694225159900658515 176.628694 0.000000
1694225160037571211 176.605305 0.000000
1694225160077381223 176.697149 0.000000
1694225160195162971 176.547891 0.000000
1694225160196370521 176.512238 0.000000
1694225160312667980 176.595938 0.000000
1694225160370094486 176.622315 0.000000
1694225160488011252 176.582988 0.000000
1694225160548854766 176.567873 0.000000
1694225160577775459 176.588701 0.000000
1694225160990576235 176.527964 0.000000
1694225161194845838 176.599617 0.000000
1694225161196603590 176.603922 0.000000
1694225161227604317 176.548758 0.000000
1694225161284604973 176.550928 0.000000
1694225161373447168 176.510398 0.000000
1694225161461542245 176.517776 0.000000
1694225161490096242 176.516350 0.000000
1694225161549987332 176.522829 0.000000
1694225161608065519 176.564700 0.000000
1694225161638190239 176.633468 0.000000
1694225161697615402 176.588000 0.000000
1694225161813289685 176.494888 0.000000
1694225162022395623 176.503307 0.000000
1694225162138212995 176.542035 0.000000
1694225162168167198 176.510258 0.000000
1694225162284752922 176.628740 0.000000
1694225162343351230 176.502255 0.000000
1694225162344620299 176.433555 0.000000
1694225162403079472 176.537066 0.000000
1694225162583000408 176.510198 0.000000
1694225162669252707 176.421602 0.000000
1694225162697721663 176.471183 0.000000
1694225162697913660 176.415193 0.000000
1694225162757738919 176.472621 0.000000
1694225162817342701 176.746087 0.000000
1694225162963081866 176.491149 0.000000
1694225163021753945 176.626404 0.000000
1694225163024848315 176.562507 0.000000
1694225163073068289 176.571656 0.000000
1694225163111435266 176.728697 0.000000
1694225163227958743 176.511987 0.000000
1694225163435624756 176.567551 0.000000
1694225163729914156 176.574683 0.000000
1694225163731753035 176.667739 0.000000
1694225163758156084 176.577716 0.000000
1694225163963625891 176.616591 0.000000
1694225164112128852 176.536049 0.000000
1694225164171961022 176.654886 0.000000
1694225164525493856 176.625942 0.000000
1694225164576204925 176.613578 0.000000
1694225164613824390 176.552657 0.000000
1694225164730394649 176.601714 0.000000
1694225165084170017 176.638622 0.000000
1694225165115437501 176.560195 0.000000
1694225165144463114 176.688478 0.000000
1694225165201411924 176.644726 0.000000
1694225165260840979 176.646145 0.000000
1694225165497955484 176.573982 0.000000
1694225165527322937 176.558441 0.000000
1694225165732620278 176.528531 0.000000
1694225165792361490 176.554226 0.000000
1694225166116544031 176.533027 0.000000
1694225166344724295 176.569511 0.000000
1694225166351072949 176.527513 0.000000
1694225166469628517 176.442767 0.000000
1694225166763474946 176.534730 0.000000
1694225166881298000 176.558771 0.000000
1694225167087081527 176.560179 0.000000
1694225167324584024 176.531142 0.000000
1694225167413913407 176.623832 0.000000
1694225167470719535 176.678200 0.000000
1694225167647392963 176.551183 0.000000
1694225167766329523 177.774345 0.000000
1694225167855613081 176.502721 0.000000
1694225167855794508 176.509056 0.000000
1694225167885975775 176.626313 0.000000
1694225167912162982 176.519630 0.000000
1694225167913134262 176.711707 0.000000
1694225167943427955 176.753124 0.000000
1694225168120120919 176.682479 0.000000
1694225168296786378 176.641253 0.000000
1694225168562651018 176.708595 0.000000
1694225168562783637 176.763442 0.000000
1694225168974555634 176.578773 0.000000
1694225169063195854 176.538640 0.000000
1694225169124157146 176.648365 0.000000
1694225169186886116 176.564244 0.000000
1694225169275816020 176.749169 0.000000
1694225169300800584 176.618009 0.000000
1694225169416706932 176.610738 0.000000
1694225169452485103 176.673268 0.000000
1694225169477336787 176.518077 0.000000
1694225169540358298 176.657632 0.000000
1694225169540671011 176.521594 0.000000
1694225169742915754 176.593284 0.000000
1694225169770090739 176.501072 0.000000
1694225169770240182 176.553379 0.000000
1694225169982064726 176.505046 0.000000
1694225170212162698 176.578412 0.000000
1694225170247051228 176.527328 0.000000
1694225170273009017 176.543892 0.000000
1694225170336179650 176.603340 0.000000
1694225170449446747 176.672937 0.000000
1694225170477355450 176.683712 0.000000
1694225170830779461 176.557543 0.000000
1694225170979707555 176.551649 0.000000
1694225171007466064 176.615819 0.000000
1694225171130655109 176.488022 0.000000
1694225171484360470 176.510947 0.000000
1694225171537803030 176.521324 0.000000
1694225171891508140 176.553333 0.000000
1694225171927103745 176.450239 0.000000
1694225172068202401 176.659075 0.000000
1694225172186543540 176.531552 0.000000
1694225172244812377 176.564695 0.000000
1694225172721711227 176.658950 0.000000
1694225173076998804 176.515626 0.000000
1694225173366911943 176.713062 0.000000
1694225173424084956 176.532350 0.000000
1694225173720467388 176.638608 0.000000
1694225173748204135 176.702100 0.000000
1694225173777742964 176.571324 0.000000
1694225173959279160 176.576789 0.000000
1694225173960430514 176.559889 0.000000
1694225174101803448 176.543265 0.000000
1694225174135941061 176.547997 0.000000
1694225174162119899 176.558485 0.000000
1694225174162488321 176.469133 0.000000
1694225174219318471 176.554334 0.000000
1694225174312605352 176.538979 0.000000
1694225174396207294 176.645433 0.000000
1694225174633482291 176.487536 0.000000
1694225174958015402 176.624203 0.000000
1694225175020883905 176.460267 0.000000
1694225175074350498 176.848999 0.000000
1694225175196549840 176.564551 0.000000
1694225175255888176 176.624845 0.000000
1694225175280198410 176.752873 0.000000
1694225175400106174 176.700931 0.000000
1694225175697606807 176.634804 0.000000
1694225176046656417 176.596303 0.000000
1694225176284095396 176.558405 0.000000
1694225176286813521 176.658333 0.000000
1694225176694005997 176.577362 0.000000
1694225176753556083 176.532620 0.000000
1694225176934964635 176.622004 0.000000
1694225177170426278 176.590786 0.000000
1694225177461545460 176.577600 0.000000
1694225177523943419 176.653461 0.000000
1694225177613570256 176.612637 0.000000
1694225177666810791 176.622630 0.000000
1694225177702058382 176.549844 0.000000
1694225177937837107 176.581580 0.000000
1694225178197115606 176.530245 0.000000
1694225178379435584 176.505362 0.000000
1694225178409084672 176.554211 0.000000
1694225178583726397 176.633068 0.000000
1694225178757440758 176.620298 0.000000
1694225178760717118 176.770178 0.000000
1694225178851129753 176.545986 0.000000
1694225178877124888 176.671313 0.000000
1694225179027803190 176.516142 0.000000
1694225179053898057 176.660612 0.000000
1694225179381337522 176.580407 0.000000
1694225179410597801 176.594419 0.000000
1694225179528814455 176.751690 0.000000
1694225179675516049 176.504079 0.000000
1694225179734629259 176.536199 0.000000
1694225179761165449 176.773435 0.000000
1694225180026250805 176.526647 0.000000
1694225180088024412 176.568233 0.000000
1694225180230791651 176.657511 0.000000
1694225180382880760 176.668405 0.000000
1694225180437257941 176.607425 0.000000
1694225180440736997 176.546156 0.000000
1694225180705587136 176.520837 0.000000
1694225180705626588 176.499701 0.000000
1694225180733439058 176.593382 0.000000
1694225180821936661 176.578678 0.000000
1694225180937950935 176.618144 0.000000
1694225180970888124 176.731703 0.000000
1694225180998549001 176.603089 0.000000
1694225181236161012 176.626463 0.000000
1694225181325624925 176.661655 0.000000
1694225181501125497 176.623426 0.000000
1694225181502425187 176.542893 0.000000
1694225181943229601 176.564379 0.000000
1694225182209746363 176.561001 0.000000
1694225182413750860 176.663018 0.000000
1694225182413841370 176.737767 0.000000
1694225182441114500 176.640661 0.000000
1694225182441203382 176.676935 0.000000
1694225182945686309 176.493329 0.000000
1694225183004069993 176.532324 0.000000
1694225183093505564 176.450925 0.000000
1694225183093569327 176.495061 0.000000
1694225183563499331 176.498566 0.000000
1694225183652553634 176.561447 0.000000
1694225183708935018 176.559657 0.000000
1694225184093615347 176.597151 0.000000
1694225184385909683 176.580126 0.000000
1694225184712246380 176.629971 0.000000
1694225184949847516 176.535316 0.000000
1694225184978516041 176.564218 0.000000
1694225185244102561 176.558536 0.000000
1694225185388738717 176.685405 0.000000
1694225185420665781 176.540112 0.000000
1694225185446956530 176.717350 0.000000
1694225185478345688 176.551359 0.000000
1694225185509270720 176.614430 0.000000
1694225185568595779 176.587613 0.000000
1694225185626024986 176.715877 0.000000
1694225185744891056 176.547028 0.000000
1694225185951315665 176.711446 0.000000
1694225186039658042 176.611779 0.000000
1694225186187013626 176.610276 0.000000
1694225186569921269 176.488061 0.000000
1694225186596638646 176.654890 0.000000
1694225186598324920 176.424399 0.000000
1694225186684873658 176.536183 0.000000
1694225186686533571 176.548953 0.000000
1694225186805343691 176.458109 0.000000
1694225187157272235 176.569641 0.000000
1694225187277302680 176.571385 0.000000
1694225187335627526 176.657681 0.000000
1694225187454068162 176.654093 0.000000
1694225187628929929 176.667227 0.000000
1694225187658416689 176.597009 0.000000
1694225187807764260 176.574818 0.000000
1694225187834016945 176.569316 0.000000
1694225188161151609 176.587908 0.000000
1694225188218654243 176.564845 0.000000
1694225188395354688 176.675231 0.000000
1694225188572020602 176.696536 0.000000
1694225188602958374 176.588715 0.000000
1694225188719958182 176.573385 0.000000
1694225188780520014 177.082454 0.000000
1694225188838403899 176.555859 0.000000
1694225189134004129 176.723109 0.000000
1694225189248934905 176.629923 0.000000
1694225189487636402 176.700901 0.000000
1694225189690900797 176.587462 0.000000
1694225189868077671 176.475908 0.000000
1694225190221289006 176.640616 0.000000
1694225190371871159 176.746382 0.000000
1694225190398204812 176.635849 0.000000
1694225190724345293 176.749068 0.000000
1694225190901014305 176.646694 0.000000
1694225190902208449 176.681165 0.000000
1694225190928791658 176.742072 0.000000
1694225191017250601 176.715787 0.000000
1694225191078985002 176.671739 0.000000
1694225191193992989 176.655971 0.000000
1694225191344051624 176.594990 0.000000
1694225191844321377 176.667373 0.000000
1694225192051106754 176.687976 0.000000
1694225192078501908 176.560550 0.000000
1694225192078525894 176.678239 0.000000
1694225192551639194 176.617627 0.000000
1694225192670197202 176.693975 0.000000
1694225192728292305 176.632037 0.000000
1694225192728409928 176.608347 0.000000
1694225192728810771 176.948910 0.000000
1694225192757803306 176.576533 0.000000
1694225192905474055 177.045348 0.000000
1694225193023545701 176.511310 0.000000
1694225193377399901 176.581343 0.000000
1694225193524643536 176.885357 0.000000
1694225193730899592 176.681009 0.000000
1694225193787838879 176.618806 0.000000
1694225193847949400 176.473437 0.000000
1694225193995854895 176.600111 0.000000
1694225194053011268 176.643053 0.000000
1694225194084621189 176.703267 0.000000
1694225194143258748 176.545710 0.000000
1694225194378201302 176.581734 0.000000
1694225194408532668 176.539510 0.000000
1694225194673599781 176.622273 0.000000
1694225194791602478 176.486854 0.000000
1694225194819844211 176.507973 0.000000
1694225194850354934 176.549305 0.000000
1694225194996408222 176.546312 0.000000
1694225195115282774 176.565557 0.000000
1694225195203709947 176.562451 0.000000
1694225195261322957 176.555578 0.000000
1694225195321997717 176.622970 0.000000
1694225195587461178 176.558826 0.000000
1694225195675885576 176.482368 0.000000
1694225195791685361 176.618361 0.000000
1694225195881419651 176.588434 0.000000
1694225196118013924 176.621671 0.000000
1694225196351646825 176.567931 0.000000
1694225196410539949 176.582321 0.000000
1694225196616744029 176.570543 0.000000
1694225196617872305 176.467444 0.000000
1694225196763933573 176.553889 0.000000
1694225196882811475 176.666752 0.000000
1694225197058544464 176.614135 0.000000
1694225197059604706 176.625741 0.000000
1694225197559811212 176.674596 0.000000
1694225197561267957 176.576308 0.000000
1694225197561318084 176.719610 0.000000
1694225197767092689 176.667809 0.000000
1694225197825146249 176.686888 0.000000
1694225198120602968 176.497002 0.000000
1694225198209100606 176.614390 0.000000
1694225198240345839 176.648053 0.000000
1694225198328797365 176.556230 0.000000
1694225198385672718 176.554500 0.000000
1694225198709336605 176.580897 0.000000
1694225198739243288 176.676159 0.000000
1694225198827867331 176.641939 0.000000
1694225199213370768 176.630302 0.000000
1694225199301783534 176.571685 0.000000
1694225199358697973 176.798619 0.000000
1694225199359204567 176.535997 0.000000
1694225199535819373 176.767601 0.000000
1694225199595946563 176.544873 0.000000
1694225199832690358 176.693464 0.000000
1694225199889524781 176.708955 0.000000
1694225200097938352 176.682298 0.000000
1694225200124529184 176.678518 0.000000
1694225200244017266 176.765261 0.000000
1694225200478079391 176.595636 0.000000
1694225200509442568 176.680253 0.000000
1694225200509717558 176.834822 0.000000
1694225200655211080 176.460572 0.000000
1694225200686448389 176.683395 0.000000
1694225200774823261 176.633850 0.000000
1694225200921742716 176.462181 0.000000
1694225201008407169 176.525086 0.000000
1694225201128761622 176.744829 0.000000
1694225201687602159 176.618925 0.000000
1694225201715504632 176.533657 0.000000
1694225201747932522 176.599806 0.000000
1694225201864160784 176.533622 0.000000
1694225201924853335 176.739295 0.000000
1694225201953409299 176.510173 0.000000
1694225202485464947 176.962334 0.000000
1694225202544098582 176.597150 0.000000
1694225202662144573 176.575830 0.000000
1694225202780092021 177.010074 0.000000
1694225202954546650 176.528189 0.000000
1694225202956650901 176.534534 0.000000
1694225203074785259 176.747966 0.000000
1694225203104207885 176.553402 0.000000
1694225203281191559 176.684432 0.000000
1694225203723139803 176.681180 0.000000
1694225203897979513 176.574261 0.000000
1694225204017296963 176.636321 0.000000
1694225204076967656 176.592925 0.000000
1694225204135979005 176.555734 0.000000
1694225204191929235 176.573901 0.000000
1694225204578038011 176.613026 0.000000
1694225204695683326 176.560687 0.000000
1694225204987464747 176.532511 0.000000
1694225205489588408 176.548782 0.000000
1694225205637881440 176.564774 0.000000
1694225205814532409 176.626583 0.000000
1694225205843136235 176.563226 0.000000
1694225205903615590 176.587327 0.000000
1694225205933182051 176.544191 0.000000
1694225206287290222 176.794915 0.000000
1694225206375412396 176.632532 0.000000
1694225206611065118 176.638785 0.000000
1694225206668445411 176.593000 0.000000
1694225206698482096 176.574522 0.000000
1694225206786146710 176.493525 0.000000
1694225206876156792 176.593326 0.000000
1694225207110493351 176.685554 0.000000
1694225207259953105 176.660060 0.000000
1694225207348274665 176.599230 0.000000
1694225207436604688 176.588873 0.000000
1694225207552537868 176.622168 0.000000
1694225207670701373 176.646434 0.000000
1694225207671800246 176.600232 0.000000
1694225207965386663 176.630643 0.000000
1694225208378119954 176.592028 0.000000
1694225208436839212 176.607629 0.000000
1694225208438666439 176.535274 0.000000
1694225208525339000 176.557773 0.000000
1694225208585375960 176.525939 0.000000
1694225208851268580 176.560048 0.000000
1694225209027877978 176.592468 0.000000
1694225209115635017 176.660858 0.000000
1694225209674449988 176.552304 0.000000
1694225209852463022 176.559532 0.000000
1694225209881720033 176.474910 0.000000
1694225209939499706 176.586740 0.000000
1694225209969453758 176.649040 0.000000
1694225209969542841 176.660572 0.000000
1694225209998931152 176.694601 0.000000
1694225210028067316 176.548346 0.000000
1694225210177047923 176.532519 0.000000
1694225210411746769 176.580295 0.000000
1694225210411819137 176.588359 0.000000
1694225210500280666 176.529622 0.000000
1694225210617587929 176.573309 0.000000
1694225210823405098 176.492481 0.000000
1694225210971886563 176.590003 0.000000
1694225211088497244 176.652900 0.000000
1694225211119116575 176.675933 0.000000
1694225211441951337 176.590363 0.000000
1694225211443867341 176.434250 0.000000
1694225211590168838 176.510994 0.000000
1694225211591212231 176.496250 0.000000
1694225211707076029 176.653035 0.000000
1694225212091682048 176.725303 0.000000
1694225212474259551 176.498300 0.000000
1694225212533843994 176.634892 0.000000
1694225212651262590 176.616765 0.000000
1694225212680757655 176.539886 0.000000
1694225212710211248 176.568097 0.000000
1694225212710349710 176.473502 0.000000
1694225212828172567 176.711555 0.000000
1694225212887231446 176.524936 0.000000
1694225212944806623 176.604144 0.000000
1694225212945665226 176.583099 0.000000
1694225213063843872 176.587066 0.000000
1694225213093188075 176.697168 0.000000
1694225213210710519 176.570152 0.000000
1694225213329066417 176.734103 0.000000
1694225213506020095 176.472745 0.000000
1694225213563805065 176.636154 0.000000
1694225213594447715 176.505667 0.000000
1694225213800702197 176.703732 0.000000
1694225213948349536 176.912839 0.000000
1694225213948357344 176.970329 0.000000
1694225214036902537 176.699021 0.000000
1694225214213507294 176.638069 0.000000
1694225214243500252 176.676504 0.000000
1694225214302144086 176.865900 0.000000
1694225214508607193 176.654343 0.000000
1694225215068134145 176.708364 0.000000
1694225215452095513 176.596042 0.000000
1694225215923732276 176.669879 0.000000
1694225216100665016 176.772748 0.000000
1694225216247943636 176.550335 0.000000
1694225216306175636 176.597184 0.000000
1694225216306377311 176.506037 0.000000
1694225216424738035 176.534910 0.000000
1694225216571566909 176.629034 0.000000
1694225216601330955 176.584756 0.000000
1694225216660115591 176.815131 0.000000
1694225216808059128 176.521492 0.000000
1694225216808275958 176.582385 0.000000
1694225216836752723 176.613201 0.000000
1694225217191001295 177.148818 0.000000
1694225217338512065 176.664275 0.000000
1694225217338544405 176.668650 0.000000
1694225217544478226 176.647141 0.000000
1694225217721492110 176.689904 0.000000
1694225217781227503 176.518612 0.000000
1694225218163671721 176.630651 0.000000
1694225218163716956 176.748581 0.000000
1694225218281814388 176.589797 0.000000
1694225218311530477 176.754806 0.000000
1694225218546665714 176.488121 0.000000
1694225218546834643 176.574564 0.000000
1694225218605855702 176.639282 0.000000
1694225218605934430 176.604982 0.000000
1694225218723956080 176.562424 0.000000
1694225218753775730 176.504444 0.000000
1694225218842447168 176.899688 0.000000
1694225218871088220 176.698541 0.000000
1694225218871254708 176.563677 0.000000
1694225219047897723 176.652909 0.000000
1694225219048400473 176.701071 0.000000
1694225219107413020 176.667307 0.000000
1694225219224932000 176.508754 0.000000
1694225219225199297 176.541099 0.000000
1694225219283978014 176.541682 0.000000
1694225219284366238 176.641387 0.000000
1694225219401736793 176.448930 0.000000
1694225219844025893 176.707631 0.000000
1694225219932260134 176.621726 0.000000
1694225220049841438 176.730966 0.000000
1694225220551909544 176.638896 0.000000
1694225220698804577 176.528926 0.000000
1694225220786661123 176.703081 0.000000
1694225220787250159 176.465493 0.000000
1694225220905823026 176.798442 0.000000
1694225220993242585 176.569735 0.000000
1694225221051773891 176.590804 0.000000
1694225221199007061 176.666777 0.000000
1694225221347517553 176.611697 0.000000
1694225221613143150 176.760138 0.000000
1694225221818062866 176.537290 0.000000
1694225222054754649 176.664510 0.000000
1694225222054797694 176.564723 0.000000
1694225222201760841 176.686117 0.000000
1694225222231572297 176.690763 0.000000
1694225222408571010 176.877150 0.000000
1694225222437174115 176.461325 0.000000
1694225222585375803 176.556295 0.000000
1694225222643768897 176.649466 0.000000
1694225222850779744 176.753478 0.000000
1694225223293018973 176.729427 0.000000
1694225223440096526 177.084080 0.000000
1694225223498270195 176.578546 0.000000
1694225223558199831 176.569076 0.000000
1694225223881788587 176.631540 0.000000
1694225224058186823 176.486331 0.000000
1694225224117335040 176.597375 0.000000
1694225224825173481 176.586625 0.000000
1694225225238754693 176.653334 0.000000
1694225225296624590 176.710272 0.000000
1694225225503335082 176.597329 0.000000
1694225225562095277 176.807282 0.000000
1694225225650655931 176.877241 0.000000
1694225225708835660 176.730019 0.000000
1694225225739049016 176.688497 0.000000
1694225225797318764 176.624021 0.000000
1694225225974305029 176.439591 0.000000
1694225226092793619 176.895253 0.000000
1694225226299336111 176.541485 0.000000
1694225226652899939 176.506011 0.000000
1694225226711435489 176.519661 0.000000
1694225226711505691 176.621632 0.000000
1694225226800153982 176.696500 0.000000
1694225226829692789 176.502242 0.000000
1694225226888382158 176.535681 0.000000
1694225227006208773 176.494385 0.000000
1694225227064949708 176.552680 0.000000
1694225227153360384 176.765193 0.000000
1694225227153828974 176.900285 0.000000
