1694225058431450640 144.867463 0.000000
1694225058721913829 144.615227 0.000000
1694225059083635543 144.558535 0.000000
1694225059228269919 144.651115 0.000000
1694225059952837471 144.693142 0.000000
1694225060459180826 144.604727 0.000000
1694225060532363211 144.747384 0.000000
1694225060966061115 144.522595 0.000000
1694225061546503556 144.690351 0.000000
1694225062125001977 145.005448 0.000000
1694225062126149911 144.667904 0.000000
1694225062342721887 144.578050 0.000000
1694225063067141861 144.676603 0.000000
1694225063067650879 144.963386 0.000000
1694225063501926748 144.492040 0.000000
1694225063574291856 144.465663 0.000000
1694225063863035231 144.490371 0.000000
1694225064007755376 144.704694 0.000000
1694225064732505758 144.536302 0.000000
1694225065528935259 144.849530 0.000000
1694225066035118392 144.602612 0.000000
1694225066469336781 144.602839 0.000000
1694225066615017504 144.550981 0.000000
1694225067990201176 144.824959 0.000000
1694225068062971066 144.607919 0.000000
1694225068135065601 144.770556 0.000000
1694225068569057108 144.604471 0.000000
1694225068932544493 144.528249 0.000000
1694225069004703552 144.495252 0.000000
1694225070090196833 144.741490 0.000000
1694225070306850182 144.998628 0.000000
1694225070886374223 144.506258 0.000000
1694225071393925606 144.932137 0.000000
1694225072044732894 144.668680 0.000000
1694225072551838787 144.542627 0.000000
1694225072842135483 144.728209 0.000000
1694225073347869621 144.466816 0.000000
1694225073492550966 144.576410 0.000000
1694225073710993801 144.546350 0.000000
1694225073783298976 144.586329 0.000000
1694225074361448019 144.601284 0.000000
1694225075448086847 144.487113 0.000000
1694225075883189122 144.559035 0.000000
1694225076461790025 144.776506 0.000000
1694225077041552399 144.477916 0.000000
1694225077837778517 144.497031 0.000000
1694225078996309314 144.504002 0.000000
1694225078997814794 144.874062 0.000000
1694225079068532869 144.661338 0.000000
1694225079141970407 144.750425 0.000000
1694225079866312043 144.486641 0.000000
1694225080227815705 144.501822 0.000000
1694225081096253850 144.476367 0.000000
1694225081603442455 144.496144 0.000000
1694225081965496476 144.702985 0.000000
1694225082110129929 144.710462 0.000000
1694225082112532522 144.557000 0.000000
1694225082762552523 144.902879 0.000000
1694225083051687432 144.648202 0.000000
1694225083196587150 144.876343 0.000000
1694225083196831227 144.473647 0.000000
1694225083270231153 144.465347 0.000000
1694225083776407954 144.591725 0.000000
1694225083993074920 144.616053 0.000000
1694225084718072577 144.564111 0.000000
1694225084935372184 144.453359 0.000000
1694225085152241576 144.471632 0.000000
1694225085658745939 144.619656 0.000000
1694225086021665814 144.560353 0.000000
1694225087612915276 144.570156 0.000000
1694225088699481244 144.800651 0.000000
1694225090147432017 144.507228 0.000000
1694225090291550207 144.564312 0.000000
1694225091306358263 144.618729 0.000000
1694225091739493517 144.511148 0.000000
1694225091884472049 144.582808 0.000000
1694225092029116897 144.670769 0.000000
1694225093477744012 144.563585 0.000000
1694225093550385945 144.509229 0.000000
1694225094128684605 144.605046 0.000000
1694225094997361485 144.670504 0.000000
1694225096879914984 144.512522 0.000000
1694225097313520396 144.572792 0.000000
1694225097458120006 144.539995 0.000000
1694225097893544579 144.589501 0.000000
1694225098182913442 144.534488 0.000000
1694225098472126517 144.466540 0.000000
1694225098977688909 144.446033 0.000000
1694225099123836959 144.945297 0.000000
1694225099340107498 144.573327 0.000000
1694225099919710732 144.632621 0.000000
1694225100353668719 144.375819 0.000000
1694225100932851013 144.519091 0.000000
1694225101076929791 144.563566 0.000000
1694225101077450162 144.481410 0.000000
1694225101077498138 144.456632 0.000000
1694225101221736532 144.632966 0.000000
1694225101510082757 144.558323 0.000000
1694225101511204129 144.501918 0.000000
1694225101583455143 144.585852 0.000000
1694225103104131191 144.528689 0.000000
1694225103175375192 144.601824 0.000000
1694225103320260958 144.619701 0.000000
1694225103393774301 144.536207 0.000000
1694225103538109468 144.710708 0.000000
1694225103610217461 144.700216 0.000000
1694225103682324986 144.659679 0.000000
1694225104407750922 144.783566 0.000000
1694225104552465805 144.697648 0.000000
1694225105638544718 144.596782 0.000000
1694225105711840938 144.576330 0.000000
1694225106362203932 144.532037 0.000000
1694225106364149140 145.032766 0.000000
1694225106507198960 144.483915 0.000000
1694225107015717873 144.467818 0.000000
1694225107087763273 144.721628 0.000000
1694225108247135620 144.611537 0.000000
1694225109044568571 144.763159 0.000000
1694225109189808650 144.665081 0.000000
1694225109913647049 144.624983 0.000000
1694225110057403513 144.785927 0.000000
1694225110057766382 144.751437 0.000000
1694225111289910563 144.516751 0.000000
1694225112377148120 144.419300 0.000000
1694225113317999896 144.582505 0.000000
1694225113898036411 144.690015 0.000000
1694225114114051911 144.680923 0.000000
1694225114621443101 144.732348 0.000000
1694225114694353863 144.549107 0.000000
1694225115129097573 144.952589 0.000000
1694225115201612139 144.996176 0.000000
1694225116216192840 144.724515 0.000000
1694225117086363411 144.523346 0.000000
1694225117448204978 144.675476 0.000000
1694225117737704018 144.627203 0.000000
1694225117881882116 144.931912 0.000000
1694225119982786664 144.911770 0.000000
1694225120997264299 144.713739 0.000000
1694225121215446951 144.624107 0.000000
1694225121360249230 144.462644 0.000000
1694225121432641351 144.527040 0.000000
1694225121577160272 144.613506 0.000000
1694225122157198110 144.712557 0.000000
1694225122158595365 145.346015 0.000000
1694225122303481750 144.482782 0.000000
1694225123244956949 144.601709 0.000000
1694225123316940982 144.517833 0.000000
1694225123678967834 144.616553 0.000000
1694225123897180198 144.477911 0.000000
1694225124115109499 144.908367 0.000000
1694225124475049819 144.580384 0.000000
1694225125489524171 144.930748 0.000000
1694225125634069243 144.541884 0.000000
1694225126068557438 144.871551 0.000000
1694225126503084623 144.589315 0.000000
1694225128171051646 144.848858 0.000000
1694225128532161802 144.755602 0.000000
1694225128967095818 144.858842 0.000000
1694225129403007071 144.770872 0.000000
1694225129475000997 144.550029 0.000000
1694225129548181382 144.479891 0.000000
1694225130054539955 144.637356 0.000000
1694225130271704172 144.548911 0.000000
1694225131214824045 144.530077 0.000000
1694225131938302721 144.444499 0.000000
1694225132952541475 144.512376 0.000000
1694225133896472089 144.907570 0.000000
1694225134040858812 144.684281 0.000000
1694225134256944696 144.546225 0.000000
1694225134402722852 144.521889 0.000000
1694225134692250787 145.024262 0.000000
1694225134765560067 145.093452 0.000000
1694225137590920836 144.719117 0.000000
1694225138388513683 144.510000 0.000000
1694225138968064003 144.831558 0.000000
1694225139039634614 144.419740 0.000000
1694225139111198464 144.608525 0.000000
1694225139112724553 144.651048 0.000000
1694225139763254182 144.718139 0.000000
1694225139764610240 144.887944 0.000000
1694225140923887243 144.490395 0.000000
1694225141430549978 144.692585 0.000000
1694225141575327525 144.641631 0.000000
1694225141721046567 144.381110 0.000000
1694225142443860167 144.647219 0.000000
1694225143675073235 144.677941 0.000000
1694225143893228601 144.468052 0.000000
1694225144471042195 144.679682 0.000000
1694225145412867518 144.781872 0.000000
1694225145921350896 144.696052 0.000000
1694225146209935218 144.718766 0.000000
1694225147078968349 144.447340 0.000000
1694225147803730880 144.831558 0.000000
1694225148311878788 144.455759 0.000000
1694225148455421935 144.710272 0.000000
1694225149832849241 144.632671 0.000000
1694225150702256896 144.771648 0.000000
1694225150848278878 144.590763 0.000000
1694225151355274301 144.572180 0.000000
1694225151934635654 144.579346 0.000000
1694225152731268303 144.658144 0.000000
1694225153238262579 144.761275 0.000000
1694225153455942349 144.763625 0.000000
1694225153673534595 144.814092 0.000000
1694225155051016933 144.701044 0.000000
1694225155919351930 144.389099 0.000000
1694225156209080903 144.475790 0.000000
1694225156644338662 144.500443 0.000000
1694225156933526358 144.476377 0.000000
1694225157223511893 144.509409 0.000000
1694225157874676979 144.654431 0.000000
1694225158018973528 144.857338 0.000000
1694225158381519407 144.605086 0.000000
1694225158890200900 144.611641 0.000000
1694225159467326715 144.501290 0.000000
1694225159613376396 144.561014 0.000000
1694225159613950867 144.479595 0.000000
1694225160264995343 144.826471 0.000000
1694225160915963226 144.676944 0.000000
1694225160918280715 144.734132 0.000000
1694225161930270076 144.769749 0.000000
1694225161931842612 144.674177 0.000000
1694225162510944467 144.653358 0.000000
1694225162582404396 144.566356 0.000000
1694225162727845451 144.580044 0.000000
1694225163742047874 144.748380 0.000000
1694225163959934500 144.646322 0.000000
1694225164612624758 144.633703 0.000000
1694225164684211075 144.505474 0.000000
1694225165046247749 144.634180 0.000000
1694225165118303649 144.520429 0.000000
1694225165408625516 144.753451 0.000000
1694225165408923244 144.709389 0.000000
1694225165987511659 144.870870 0.000000
1694225167001715314 144.771368 0.000000
1694225168016666012 144.649079 0.000000
1694225168234478420 144.625909 0.000000
1694225168524059625 144.503325 0.000000
1694225169902671774 144.455814 0.000000
1694225170986938094 144.592633 0.000000
1694225171133713241 144.797994 0.000000
1694225171278337642 144.602091 0.000000
1694225172798168851 144.656021 0.000000
1694225173376559624 144.498293 0.000000
1694225174390017249 144.594061 0.000000
1694225174755223062 144.531265 0.000000
1694225175187756881 144.640263 0.000000
1694225175189471463 144.634224 0.000000
1694225175549555677 144.721097 0.000000
1694225175839370495 144.668945 0.000000
1694225176056405650 144.554934 0.000000
1694225176128991487 144.650101 0.000000
1694225176202730962 144.688465 0.000000
1694225176419915920 144.672311 0.000000
1694225176492345519 144.492319 0.000000
1694225176710230607 144.874212 0.000000
1694225176926224882 144.903350 0.000000
1694225176999248361 144.647760 0.000000
1694225177361057486 144.654376 0.000000
1694225179100547463 144.905504 0.000000
1694225179173248112 144.516670 0.000000
1694225179318330819 144.721893 0.000000
1694225181563884721 144.591399 0.000000
1694225181853612958 144.773072 0.000000
1694225183157872972 144.814989 0.000000
1694225183374133587 144.591309 0.000000
1694225183881229021 144.512992 0.000000
1694225183881311631 144.529107 0.000000
1694225184243212536 144.709259 0.000000
1694225184244449438 144.670272 0.000000
1694225184533436070 144.632760 0.000000
1694225186054917602 144.626185 0.000000
1694225186127122659 144.604580 0.000000
1694225186997722876 144.668337 0.000000
1694225187577289546 144.799528 0.000000
1694225187867059519 144.419589 0.000000
1694225188808598378 144.607075 0.000000
1694225189024051594 144.605381 0.000000
1694225189098667983 144.701235 0.000000
1694225189388901966 144.926849 0.000000
1694225189531508395 144.883208 0.000000
1694225189893915745 144.820106 0.000000
1694225189967179403 144.564271 0.000000
1694225191270119141 144.828836 0.000000
1694225191777345380 144.557616 0.000000
1694225192213409702 144.647474 0.000000
1694225192356853679 144.697807 0.000000
1694225193588445157 144.479518 0.000000
1694225194168274453 144.566105 0.000000
1694225194238852894 144.682284 0.000000
1694225196051304939 144.815967 0.000000
1694225196269336641 144.554609 0.000000
1694225196412951184 144.893687 0.000000
1694225196703235819 144.652786 0.000000
1694225197573687460 144.514195 0.000000
1694225197716779989 144.777146 0.000000
1694225198586575985 144.748780 0.000000
1694225198586867358 145.021625 0.000000
1694225198658410289 144.655167 0.000000
1694225198659663423 144.762527 0.000000
1694225198948779887 144.597799 0.000000
1694225199455536528 144.936637 0.000000
1694225199673772341 144.471214 0.000000
1694225200904982116 144.347246 0.000000
1694225201122066561 144.575900 0.000000
1694225201338851134 144.410212 0.000000
1694225201482925707 144.544753 0.000000
1694225201483544576 144.559589 0.000000
1694225201627557424 144.671089 0.000000
1694225202062307150 144.749857 0.000000
1694225202498022887 144.831011 0.000000
1694225203513712811 144.909920 0.000000
1694225204164649690 144.616442 0.000000
1694225204817524561 144.782448 0.000000
1694225205106609241 144.506336 0.000000
1694225205469602814 144.692549 0.000000
1694225205904011466 144.600515 0.000000
1694225206121134917 144.814708 0.000000
1694225207279752686 144.530196 0.000000
1694225207931402483 144.646687 0.000000
1694225207931805606 144.417910 0.000000
1694225208220996227 144.826503 0.000000
1694225208221516823 144.537940 0.000000
1694225208946180566 144.799157 0.000000
1694225208946361221 144.852992 0.000000
1694225209236002085 144.575732 0.000000
1694225209380811370 144.772991 0.000000
1694225211262722030 144.604399 0.000000
1694225211479741153 144.614442 0.000000
1694225211843752865 144.515899 0.000000
1694225213363726493 144.750794 0.000000
1694225213655112735 144.487297 0.000000
1694225214233007260 144.566677 0.000000
1694225215535649194 144.568861 0.000000
1694225216840570689 144.463643 0.000000
1694225217491779434 144.627508 0.000000
1694225217637610781 144.577282 0.000000
1694225217710612054 144.689341 0.000000
1694225218578205006 144.706366 0.000000
1694225218940972899 144.657257 0.000000
1694225221838973507 144.735759 0.000000
1694225222491693020 144.694869 0.000000
1694225222852904499 144.450927 0.000000
1694225222925601996 144.497235 0.000000
1694225224229921680 144.578801 0.000000
1694225224302261960 144.498869 0.000000
1694225225171530333 144.507132 0.000000
1694225225606735257 144.925024 0.000000
1694225225822757171 144.564918 0.000000
