1694353405693507026 178.727876 8833.436559 8834 160 0.000000
1694353406729686627 179.352087 895.597570 928 160 0.000000
1694353407733817306 179.249364 900.281295 904 160 0.000000
1694353408745080103 179.449438 888.987474 899 160 0.000000
1694353409754850391 179.825443 888.320873 897 160 0.000000
1694353410761484940 179.830220 894.068353 900 160 0.000000
1694353411768749025 179.032935 884.574403 891 160 0.000000
1694353412774405496 179.349259 897.920793 903 160 0.000000
1694353413780373973 178.459707 896.648370 902 160 0.000000
1694353414791852579 179.563403 888.797941 899 159 0.000000
1694353415800256633 179.001550 891.507624 899 160 0.000000
1694353416805003887 178.206845 902.714633 907 160 0.000000
1694353417814195865 179.279842 893.784423 902 160 0.000000
1694353418820774517 179.165959 887.163618 893 160 0.000000
1694353419828477142 179.270848 900.067161 907 160 0.000000
1694353420832551667 180.758141 872.445134 876 160 0.000000
1694353421844107797 179.748370 889.718291 900 160 0.000000
1694353422849044875 178.587674 906.524378 911 159 0.000000
1694353423858884760 179.506220 884.298596 893 160 0.000000
1694353424868173128 178.472533 902.616240 911 160 0.000000
1694353425876895565 179.267634 896.183034 904 160 0.000000
1694353426883423457 179.125309 882.240832 888 160 0.000000
1694353427890108026 179.041231 895.017273 901 160 0.000000
1694353428898464224 179.150351 902.458899 910 160 0.000000
1694353429904205694 178.384458 887.902111 893 160 0.000000
1694353430912907909 179.599318 903.140698 911 160 0.000000
1694353431914458018 179.817501 878.638009 880 160 0.000000
1694353432928646812 179.260637 900.226831 913 160 0.000000
1694353433937199417 178.872247 888.401877 896 160 0.000000
1694353434945416584 178.996219 891.672965 899 160 0.000000
1694353435954486947 179.794947 894.883010 903 160 0.000000
1694353436958784808 179.480388 885.195712 889 160 0.000000
1694353437966532632 179.009006 894.072702 901 160 0.000000
1694353438979099349 179.737136 890.805619 902 160 0.000000
1694353439983581459 180.230017 899.966148 904 160 0.000000
1694353440990168217 179.519881 872.254761 878 160 0.000000
1694353441999430751 178.797151 905.611605 914 159 0.000000
1694353443007796808 179.921749 884.599413 892 160 0.000000
1694353444014162776 179.876290 892.319698 898 160 0.000000
1694353445018985013 179.402153 888.714332 893 160 0.000000
1694353446025823668 179.217059 879.982158 886 160 0.000000
1694353447030188869 179.491453 910.027505 914 160 0.000000
1694353448033184524 178.687159 886.344772 889 160 0.000000
1694353449042994843 178.699440 904.130124 913 160 0.000000
1694353450052168529 179.072366 888.846028 897 160 0.000000
1694353451058867780 178.398375 901.957560 908 160 0.000000
1694353452064851634 179.107272 890.670433 896 160 0.000000
1694353453070550239 178.934244 886.945524 892 160 0.000000
1694353454079466517 178.887549 897.002165 905 160 0.000000
1694353455086694355 179.359526 898.505746 905 160 0.000000
1694353456094367824 178.943832 887.192212 894 160 0.000000
1694353457102134795 178.731911 899.017269 906 160 0.000000
1694353458110871277 179.500023 890.222547 898 160 0.000000
1694353459115021017 178.308225 891.301473 895 160 0.000000
1694353460115011395 179.431873 902.008652 902 160 0.000000
1694353461134544563 179.423807 883.737714 901 160 0.000000
1694353462142107590 179.177365 904.161859 911 160 0.000000
1694353463148895056 178.770271 885.986361 892 160 0.000000
1694353464152667213 178.930147 895.621611 899 160 0.000000
1694353465162293049 178.900297 896.371700 905 159 0.000000
1694353466170278705 178.942157 893.861837 901 160 0.000000
1694353467176342363 178.784325 885.629940 891 160 0.000000
1694353468183817646 179.002096 901.262815 908 160 0.000000
1694353469193622079 179.241692 895.222740 904 160 0.000000
1694353470199489453 179.482926 888.785293 894 159 0.000000
1694353471209055370 178.611229 893.453172 902 160 0.000000
1694353472217424725 179.197529 892.530094 900 160 0.000000
1694353473225298992 179.061689 897.929564 905 160 0.000000
1694353474229199430 179.588033 882.557561 886 160 0.000000
1694353475234763550 179.057076 899.992318 905 160 0.000000
1694353476248060791 178.719369 888.189546 900 160 0.000000
1694353477254366059 178.364781 904.298234 910 160 0.000000
1694353478258802776 178.549708 899.011238 903 159 0.000000
1694353479265973125 179.139246 888.628255 895 160 0.000000
1694353480273144411 178.910068 891.606110 898 160 0.000000
1694353481281030881 178.632967 902.879537 910 160 0.000000
1694353482287840190 178.640903 881.994129 888 160 0.000000
1694353483295921856 179.230744 899.728651 907 160 0.000000
1694353484305175108 179.006994 894.720977 903 160 0.000000
1694353485309303949 178.520108 897.295271 901 160 0.000000
1694353486315319209 178.749751 895.612523 901 160 0.000000
1694353487322532638 178.055296 898.518600 905 160 0.000000
1694353488331651736 179.070798 890.876015 899 160 0.000000
1694353489338203881 178.237630 897.121987 903 160 0.000000
1694353490345543559 178.188896 900.391375 907 160 0.000000
1694353491353446250 179.022688 883.021849 890 160 0.000000
1694353492360447759 178.993073 906.652035 913 160 0.000000
1694353493368108378 178.807045 886.210986 893 160 0.000000
1694353494378544307 178.277087 900.601352 910 159 0.000000
1694353495383917881 178.362205 904.141569 909 160 0.000000
1694353496389254390 178.587825 883.286335 888 160 0.000000
1694353497400106519 179.588508 902.209109 912 160 0.000000
1694353498408627788 179.934049 883.471718 891 160 0.000000
1694353499416504059 177.934776 897.927740 905 160 0.000000
1694353500425201211 178.859995 907.110256 915 160 0.000000
1694353501433388410 178.592533 881.781199 889 160 0.000000
1694353502440909303 178.329361 905.192021 912 160 0.000000
1694353503449625315 178.937952 891.231975 899 159 0.000000
1694353504454301290 179.242184 894.815912 899 160 0.000000
1694353505464018187 180.415305 882.425665 891 160 0.000000
1694353506472141150 178.754527 897.707936 905 160 0.000000
1694353507475101301 178.688671 896.346576 899 160 0.000000
1694353508485074557 178.528866 893.092928 902 160 0.000000
1694353509491844992 178.574024 890.967899 897 160 0.000000
1694353510499770771 178.361608 906.812802 914 160 0.000000
1694353511505867291 178.389113 886.594843 892 160 0.000000
1694353512516070434 179.529784 896.849288 906 160 0.000000
1694353513524169971 178.688472 892.768865 900 160 0.000000
1694353514530376256 178.435792 901.405777 907 160 0.000000
1694353515534532085 178.460331 896.275237 900 160 0.000000
1694353516540367925 179.059829 887.818841 893 160 0.000000
1694353517549643234 178.419417 900.646187 909 160 0.000000
1694353518558122801 178.211554 893.424076 901 160 0.000000
1694353519563779701 178.801207 902.892551 908 160 0.000000
1694353520571968065 178.439367 889.714571 897 160 0.000000
1694353521579039602 177.829834 892.687328 899 160 0.000000
1694353522581936483 178.319300 915.348396 918 159 0.000000
1694353523592187579 178.564910 882.948741 892 160 0.000000
1694353524600759968 178.795511 895.324945 903 159 0.000000
1694353525606775123 178.773556 897.600901 903 159 0.000000
1694353526617582597 177.910062 898.291703 908 160 0.000000
1694353527622104316 178.762235 895.948731 900 160 0.000000
1694353528631215160 179.030269 893.856286 902 160 0.000000
1694353529638257339 178.087024 898.671366 905 160 0.000000
1694353530643679826 177.791297 905.092106 910 160 0.000000
1694353531652287817 178.317855 888.353030 896 160 0.000000
1694353532659827787 179.024398 898.227428 905 160 0.000000
1694353533668182968 178.813156 889.567444 897 160 0.000000
1694353534673466405 178.148599 898.254230 903 160 0.000000
1694353535682753552 178.919276 902.617301 911 160 0.000000
1694353536688042822 178.443808 891.285714 896 160 0.000000
1694353537693207716 178.568280 898.360025 903 160 0.000000
1694353538704573343 177.999410 893.840940 904 160 0.000000
1694353539709457353 178.315419 898.611086 903 160 0.000000
1694353540717762247 178.762900 892.587203 900 160 0.000000
1694353541722657526 178.976652 899.596208 904 160 0.000000
1694353542731137496 178.866542 885.491027 893 160 0.000000
1694353543739009195 178.351279 903.885062 911 160 0.000000
1694353544748317527 178.282355 898.635022 907 160 0.000000
1694353545753085992 178.949886 891.747799 896 160 0.000000
1694353546763077574 177.995389 900.007614 909 160 0.000000
1694353547769832567 178.360816 893.961326 900 160 0.000000
1694353548780127355 177.976411 900.727046 910 160 0.000000
1694353549788256819 178.367213 895.718351 903 160 0.000000
1694353550794069743 178.610059 897.781223 903 159 0.000000
1694353551803075188 177.753123 902.869367 911 160 0.000000
1694353552811058949 179.008098 887.911003 895 160 0.000000
1694353553818707347 178.395934 898.130762 905 160 0.000000
1694353554827392250 178.303133 901.173436 909 160 0.000000
1694353555834205954 178.689205 890.929400 897 160 0.000000
1694353556843701032 178.706655 901.440886 910 160 0.000000
1694353557848000447 178.154806 898.138496 902 160 0.000000
1694353558852824849 178.767524 889.707684 894 160 0.000000
1694353559859770393 179.031603 895.778385 902 160 0.000000
1694353560865405919 178.519298 891.973239 897 160 0.000000
