1693966685416823245 144.576386 0.000000
1693966685417965140 144.690410 0.000000
1693966685418050744 144.496705 0.000000
1693966685490568247 144.663918 0.000000
1693966685490596077 144.821484 0.000000
1693966685561757081 144.725176 0.000000
1693966685633643151 144.615331 0.000000
1693966685925179081 144.484857 0.000000
1693966685995825896 144.619084 0.000000
1693966685995913499 144.631884 0.000000
1693966686140965981 144.564978 0.000000
1693966686214629813 144.584263 0.000000
1693966686285449936 144.671345 0.000000
1693966686503159289 144.489502 0.000000
1693966686504115943 144.432240 0.000000
1693966686575084260 144.736673 0.000000
1693966686576007060 144.670388 0.000000
1693966686648175276 144.973102 0.000000
1693966686720847664 144.823168 0.000000
1693966686721497018 144.828701 0.000000
1693966686793362325 144.960848 0.000000
1693966686793851342 144.856841 0.000000
1693966686865971216 144.594958 0.000000
1693966687011275513 144.852872 0.000000
1693966687226610250 144.598731 0.000000
1693966687300879737 144.450202 0.000000
1693966687373489424 144.605031 0.000000
1693966687445898108 144.510296 0.000000
1693966687517933826 144.598109 0.000000
1693966687518377152 144.627022 0.000000
1693966687589486017 144.608218 0.000000
1693966687662971788 144.587977 0.000000
1693966687879628159 144.521607 0.000000
1693966687880101219 144.462400 0.000000
1693966688096638226 144.584448 0.000000
1693966688459023119 144.685162 0.000000
1693966688459265768 144.606344 0.000000
1693966688602581326 144.713704 0.000000
1693966688675161098 144.742596 0.000000
1693966688747827442 144.660319 0.000000
1693966688893663560 144.507043 0.000000
1693966688965283491 144.545057 0.000000
1693966688965887621 144.557074 0.000000
1693966689110553949 144.649238 0.000000
1693966689111175905 144.849602 0.000000
1693966689182548717 144.612769 0.000000
1693966689401128794 144.611015 0.000000
1693966689906908753 144.745207 0.000000
1693966689978668384 144.662769 0.000000
1693966689978739750 144.656285 0.000000
1693966689979393730 144.461892 0.000000
1693966690124325215 144.902161 0.000000
1693966690269532731 145.178793 0.000000
1693966690340479752 144.595779 0.000000
1693966690413025511 144.609426 0.000000
1693966690414370934 144.776304 0.000000
1693966690559271150 144.890845 0.000000
1693966690776849779 144.562808 0.000000
1693966690847324131 144.742170 0.000000
1693966690847936966 144.548921 0.000000
1693966690991860262 144.558379 0.000000
1693966691426423055 144.623212 0.000000
1693966691500561228 144.523527 0.000000
1693966691571177022 144.620316 0.000000
1693966691643779397 144.515066 0.000000
1693966691646091793 144.742936 0.000000
1693966691861099840 144.915402 0.000000
1693966691862378423 144.555616 0.000000
1693966691935693854 144.486053 0.000000
1693966692005425260 144.597718 0.000000
1693966692007646439 144.637199 0.000000
1693966692008252017 144.663912 0.000000
1693966692079852207 144.510375 0.000000
1693966692367570654 144.702411 0.000000
1693966692514573353 144.631717 0.000000
1693966692587208970 144.617884 0.000000
1693966692731908184 144.634899 0.000000
1693966692803389417 144.460108 0.000000
1693966692874686111 144.692894 0.000000
1693966692875334664 144.561919 0.000000
1693966692947345007 144.734205 0.000000
1693966693091827463 144.545161 0.000000
1693966693092423749 144.559795 0.000000
1693966693093086635 144.491035 0.000000
1693966693164093304 144.499825 0.000000
1693966693166180607 144.475443 0.000000
1693966693309183342 144.625051 0.000000
1693966693309358853 144.594793 0.000000
1693966693381887909 144.701765 0.000000
1693966693527840236 144.559226 0.000000
1693966693599182852 144.571201 0.000000
1693966693743956018 144.667240 0.000000
1693966693889084756 144.689139 0.000000
1693966694105660641 144.578648 0.000000
1693966694178239149 144.594640 0.000000
1693966694178530873 144.607795 0.000000
1693966694322840045 144.707558 0.000000
1693966694395636038 144.719838 0.000000
1693966694468375548 144.949280 0.000000
1693966694612500522 144.514509 0.000000
1693966694974231144 144.553394 0.000000
1693966695336550164 144.817155 0.000000
1693966695553912076 144.626159 0.000000
1693966695553990458 144.625102 0.000000
1693966695698864165 144.650485 0.000000
1693966695771259884 144.723660 0.000000
1693966695845591479 144.889723 0.000000
1693966696061327777 144.755198 0.000000
1693966696134969232 144.492287 0.000000
1693966696279432136 144.454534 0.000000
1693966696351594893 144.519775 0.000000
1693966696496419397 144.983374 0.000000
1693966696642094425 144.923485 0.000000
1693966696713909193 144.870768 0.000000
1693966696859989381 145.006643 0.000000
1693966697004319331 144.548412 0.000000
1693966697222007000 144.588566 0.000000
1693966697366102219 144.645423 0.000000
1693966697366878875 144.920327 0.000000
1693966697367075512 144.740940 0.000000
1693966697367446194 144.492051 0.000000
1693966697510895666 144.581374 0.000000
1693966697583580774 144.630038 0.000000
1693966697584894768 144.662769 0.000000
1693966697874359879 144.808296 0.000000
1693966698019270990 144.901924 0.000000
1693966698309744375 145.174673 0.000000
1693966698453584835 144.514613 0.000000
1693966698527992095 144.642701 0.000000
1693966698743395685 144.711868 0.000000
1693966698743968938 144.667664 0.000000
1693966698745231112 144.514218 0.000000
1693966699033799703 144.440787 0.000000
1693966699034976003 144.575760 0.000000
1693966699179639663 144.649236 0.000000
1693966699250982423 144.737611 0.000000
1693966699252042337 144.600903 0.000000
1693966699396113290 144.626324 0.000000
1693966699397564774 144.960244 0.000000
1693966699976434013 144.555318 0.000000
1693966700119567320 144.542583 0.000000
1693966700121056727 144.599304 0.000000
1693966700266004477 144.681085 0.000000
1693966700481746333 144.586696 0.000000
1693966700918588310 144.761878 0.000000
1693966701133623106 144.638922 0.000000
1693966701206130178 144.626758 0.000000
1693966701278546108 144.655964 0.000000
1693966701279821774 144.567275 0.000000
1693966701280168916 144.874780 0.000000
1693966701497885412 144.675246 0.000000
1693966701642490966 144.703622 0.000000
1693966701715510645 144.779229 0.000000
1693966701859757395 144.629102 0.000000
1693966702149587583 144.740473 0.000000
1693966702367050454 144.668400 0.000000
1693966702582899176 144.641267 0.000000
1693966702582905255 144.788620 0.000000
1693966702655704673 144.584997 0.000000
1693966702656759219 144.482624 0.000000
1693966702801214033 144.492581 0.000000
1693966702801610896 144.575239 0.000000
1693966702872799617 144.636492 0.000000
1693966702873693521 144.402357 0.000000
1693966702945349534 144.688798 0.000000
1693966702945478930 144.587783 0.000000
1693966703018062510 144.535090 0.000000
1693966703309574512 145.369030 0.000000
1693966703452299945 144.529487 0.000000
1693966703525610330 144.447737 0.000000
1693966703598152483 144.549348 0.000000
1693966703887344687 144.814621 0.000000
1693966704033031691 144.480594 0.000000
1693966704395806812 144.434711 0.000000
1693966704467128678 144.484782 0.000000
1693966704540093926 144.721660 0.000000
1693966704540385058 144.816820 0.000000
1693966704611769935 144.766639 0.000000
1693966704756509601 144.608316 0.000000
1693966704902478735 144.549448 0.000000
1693966704975631172 144.556925 0.000000
1693966705120051691 144.772929 0.000000
1693966705263648233 144.659835 0.000000
1693966705265258587 144.656176 0.000000
1693966705481250036 144.788550 0.000000
1693966705625769525 144.732774 0.000000
1693966705628347373 144.831032 0.000000
1693966705699603336 144.933771 0.000000
1693966705842928974 144.703382 0.000000
1693966705845554363 144.622468 0.000000
1693966706206525479 144.573790 0.000000
1693966706280524915 144.870660 0.000000
1693966706350358812 144.531100 0.000000
1693966706641752404 144.629169 0.000000
1693966706642420672 144.644857 0.000000
1693966706714891329 144.466710 0.000000
1693966706931150039 144.510362 0.000000
1693966706931184318 144.450368 0.000000
1693966707004306961 144.532679 0.000000
1693966707146531719 144.534127 0.000000
1693966707728306657 144.537126 0.000000
1693966707871437928 144.538212 0.000000
1693966707871490931 144.515413 0.000000
1693966708015961861 144.693261 0.000000
1693966708379905502 144.574256 0.000000
1693966708451476798 144.766061 0.000000
1693966708813717150 144.868449 0.000000
1693966708886114446 144.695236 0.000000
1693966708958066272 144.581442 0.000000
1693966708959082596 145.006403 0.000000
1693966709104345696 144.516646 0.000000
1693966709248894357 144.533621 0.000000
1693966709465542932 144.627754 0.000000
1693966709466119642 144.553983 0.000000
1693966709466519106 144.562848 0.000000
1693966709538407581 144.748096 0.000000
1693966709756105775 144.702828 0.000000
1693966709899933109 144.478828 0.000000
1693966709900768561 144.608863 0.000000
1693966710045674472 144.346417 0.000000
1693966710047090449 144.369323 0.000000
1693966710263732483 144.386644 0.000000
1693966710333224285 144.493082 0.000000
1693966710333505938 144.472535 0.000000
1693966710408168251 144.422446 0.000000
1693966710408412359 144.441000 0.000000
1693966710695085173 144.509428 0.000000
1693966710839769288 144.539253 0.000000
1693966710913589628 144.646473 0.000000
1693966710986952338 144.541674 0.000000
1693966711056808140 144.535274 0.000000
1693966711056841312 144.529391 0.000000
1693966711129136667 144.629439 0.000000
1693966711129254060 144.763851 0.000000
1693966711131200199 144.731415 0.000000
1693966711345830952 144.538963 0.000000
1693966711345878292 144.445125 0.000000
1693966711348261693 144.504722 0.000000
1693966711420763297 144.508647 0.000000
1693966711492631588 144.417034 0.000000
1693966711709990549 144.540874 0.000000
1693966711782008698 144.473745 0.000000
1693966711852437498 144.437994 0.000000
1693966711926543597 144.431378 0.000000
1693966711999096585 144.499932 0.000000
1693966712143552845 144.473811 0.000000
1693966712143581647 144.474608 0.000000
1693966712648508126 144.665061 0.000000
1693966712650526448 144.541033 0.000000
1693966712651135680 144.746134 0.000000
1693966712793444222 144.672833 0.000000
1693966713010660486 144.628521 0.000000
1693966713083941050 144.553561 0.000000
1693966713446913290 144.455553 0.000000
1693966713590001380 144.673620 0.000000
1693966713590091840 144.692184 0.000000
1693966713663927404 144.410107 0.000000
1693966713735590669 144.508211 0.000000
1693966713807782086 144.455769 0.000000
1693966713881210373 144.838979 0.000000
1693966714170841158 144.605682 0.000000
1693966714170917415 144.538776 0.000000
1693966714314382846 144.662605 0.000000
1693966714677493593 144.494800 0.000000
1693966714966411711 144.641455 0.000000
1693966715112167982 144.832444 0.000000
1693966715184219344 144.514174 0.000000
1693966715184593589 144.561399 0.000000
1693966715473958635 144.849326 0.000000
1693966715473980456 144.850606 0.000000
1693966715546241525 144.709348 0.000000
1693966715691248990 144.788371 0.000000
1693966715691333101 144.955109 0.000000
1693966715691836827 144.543667 0.000000
1693966715836732508 144.821080 0.000000
1693966715909136775 144.470485 0.000000
1693966715981380324 145.043819 0.000000
1693966716198457508 144.756152 0.000000
1693966716198717247 144.631381 0.000000
1693966716198742150 144.634393 0.000000
1693966716199973367 144.928578 0.000000
1693966716344921836 144.941979 0.000000
1693966716416701696 144.455122 0.000000
1693966716560513072 144.576108 0.000000
1693966716561876210 144.573552 0.000000
1693966716634933299 144.589214 0.000000
1693966716705278584 144.699991 0.000000
1693966716705911841 144.547056 0.000000
1693966716707012921 144.646793 0.000000
1693966716778105614 144.604043 0.000000
1693966716849936918 144.626470 0.000000
1693966716852379557 144.933629 0.000000
1693966716924119890 144.484049 0.000000
1693966716996315762 144.423368 0.000000
1693966717067926819 144.654725 0.000000
1693966717069612794 144.704977 0.000000
1693966717284971122 144.481147 0.000000
1693966717286037837 144.671885 0.000000
1693966717356805664 144.578258 0.000000
1693966717574913133 145.049849 0.000000
1693966717937272427 144.639700 0.000000
1693966718009101461 144.605431 0.000000
1693966718009932533 144.498152 0.000000
1693966718081219487 144.650486 0.000000
1693966718082720001 144.652210 0.000000
1693966718154800298 144.842021 0.000000
1693966718299339551 144.541904 0.000000
1693966718589052614 144.441334 0.000000
1693966718660819679 144.587610 0.000000
1693966718878194150 144.573903 0.000000
1693966718950350184 144.568980 0.000000
1693966719095613144 144.589479 0.000000
1693966719312590360 144.608813 0.000000
1693966719312868692 144.595742 0.000000
1693966719385377477 144.631652 0.000000
1693966719602180793 144.626846 0.000000
1693966719820237529 144.485608 0.000000
1693966719820333102 144.631918 0.000000
1693966719820395953 144.547196 0.000000
1693966719964483328 144.603150 0.000000
1693966719965114932 144.704205 0.000000
1693966720109324578 144.620361 0.000000
1693966720110968125 145.357980 0.000000
1693966720401389609 144.762826 0.000000
1693966720544179248 144.861824 0.000000
1693966720616388295 144.710880 0.000000
1693966720835266366 144.514806 0.000000
1693966721051596301 144.903373 0.000000
1693966721124512718 144.530697 0.000000
1693966721269333629 144.568384 0.000000
1693966721341173919 144.643603 0.000000
1693966721631493782 144.488393 0.000000
1693966721775608271 144.697369 0.000000
1693966721775665700 144.497168 0.000000
1693966721920803563 144.620500 0.000000
1693966722355454789 144.653496 0.000000
1693966722356147745 144.831836 0.000000
1693966722500411215 144.814410 0.000000
1693966722573025985 144.546694 0.000000
1693966722573802731 144.630919 0.000000
1693966722645719854 144.613288 0.000000
1693966722862670885 144.706740 0.000000
1693966722935513730 144.763843 0.000000
1693966723080051984 144.555349 0.000000
1693966723080087872 144.567472 0.000000
1693966723442464969 144.564103 0.000000
1693966723587489854 144.940143 0.000000
1693966723587645075 144.908204 0.000000
1693966723660197701 144.679112 0.000000
1693966723804669665 144.549861 0.000000
1693966723805158247 144.546659 0.000000
1693966724022818633 144.711006 0.000000
1693966724022845663 144.758576 0.000000
1693966724167730366 144.728635 0.000000
1693966724312186298 144.689755 0.000000
1693966724384330063 144.463945 0.000000
1693966724384870765 144.511486 0.000000
1693966724529311312 144.781579 0.000000
1693966724674651399 144.660692 0.000000
1693966724746886782 144.750431 0.000000
1693966724891221222 144.636873 0.000000
1693966724892389623 145.097449 0.000000
1693966724963401472 144.613238 0.000000
1693966725325512725 144.562826 0.000000
1693966725398053178 144.618565 0.000000
1693966725400076356 144.393652 0.000000
1693966725471477264 144.557568 0.000000
1693966725832423223 144.561773 0.000000
1693966725832866739 144.586495 0.000000
1693966725905610985 144.576151 0.000000
1693966725906988948 144.448836 0.000000
1693966725978208605 144.500515 0.000000
1693966725978664755 144.826037 0.000000
1693966726049862646 144.512659 0.000000
1693966726051578095 144.572603 0.000000
1693966726123624428 144.477822 0.000000
1693966726484533360 144.803184 0.000000
1693966726846873630 144.781333 0.000000
1693966726847800004 144.534554 0.000000
1693966727136506615 144.653722 0.000000
1693966727137645122 144.538604 0.000000
1693966727209485186 144.474124 0.000000
1693966727499922951 144.687163 0.000000
1693966727572584359 144.950611 0.000000
1693966727645402447 144.699629 0.000000
1693966727718213398 144.713570 0.000000
1693966727862231928 144.602167 0.000000
1693966728006671045 144.555534 0.000000
1693966728006900840 144.435584 0.000000
1693966728007575513 144.574697 0.000000
1693966728369140354 144.608521 0.000000
1693966728585544866 144.920487 0.000000
1693966728586318269 144.487425 0.000000
1693966728803551122 144.565410 0.000000
1693966728948337527 144.437519 0.000000
1693966729020154121 144.592954 0.000000
1693966729020394750 144.547114 0.000000
1693966729237642934 144.665148 0.000000
1693966729310302653 144.561772 0.000000
1693966729311585761 144.545960 0.000000
1693966729382188017 144.718221 0.000000
1693966729382850572 144.491078 0.000000
1693966729600970477 144.483489 0.000000
1693966729745801290 145.013687 0.000000
1693966729962966525 144.587783 0.000000
1693966730034422687 144.723272 0.000000
1693966730034615886 144.973790 0.000000
1693966730108004620 144.416014 0.000000
1693966730179288826 144.741474 0.000000
1693966730325797018 144.560473 0.000000
1693966730326124980 144.574642 0.000000
1693966730469313404 144.644003 0.000000
1693966730469476108 144.742387 0.000000
1693966730686288162 144.575418 0.000000
1693966730760378743 144.510091 0.000000
1693966730904917997 144.520840 0.000000
1693966731193981632 144.430717 0.000000
1693966731338859358 144.672850 0.000000
1693966731410586258 144.678387 0.000000
1693966731628525939 144.569660 0.000000
1693966731773218976 144.845291 0.000000
1693966731845446068 144.533667 0.000000
1693966731846157177 144.724024 0.000000
1693966732134937046 144.653585 0.000000
1693966732134946308 144.833202 0.000000
1693966732135463821 144.424046 0.000000
1693966732208257351 144.466650 0.000000
1693966732425010442 144.655419 0.000000
1693966732425495951 144.635547 0.000000
1693966732497653352 144.611939 0.000000
1693966732569658735 144.658566 0.000000
1693966732714628971 144.652115 0.000000
1693966732932915533 144.920977 0.000000
1693966733004318230 144.607759 0.000000
1693966733077434665 144.503482 0.000000
1693966733149470959 144.540727 0.000000
1693966733221612679 144.661517 0.000000
1693966733294704588 144.466034 0.000000
1693966733583744842 144.813116 0.000000
1693966733583823851 144.622133 0.000000
1693966733656516997 144.666128 0.000000
1693966733729129586 144.574300 0.000000
1693966733947221485 144.608454 0.000000
1693966734091645126 144.604556 0.000000
1693966734163754655 144.752369 0.000000
1693966734164176581 144.572331 0.000000
1693966734381432180 144.756629 0.000000
1693966734453611973 144.901064 0.000000
1693966734526007288 144.568187 0.000000
1693966734670709545 144.744635 0.000000
1693966734816786273 144.671040 0.000000
1693966734888519979 145.044794 0.000000
1693966734888634886 144.801238 0.000000
1693966735105620122 144.677119 0.000000
1693966735324461618 144.847350 0.000000
1693966735395698979 144.772251 0.000000
1693966735468849409 144.497145 0.000000
1693966735469157124 144.579141 0.000000
1693966735612894684 144.646603 0.000000
1693966735614902757 144.897381 0.000000
1693966735758741017 144.534147 0.000000
1693966735759576609 144.604802 0.000000
1693966735902837997 144.849861 0.000000
1693966736121361684 144.431282 0.000000
1693966736193384609 144.826935 0.000000
1693966736409868988 144.707770 0.000000
1693966736411082089 144.726123 0.000000
1693966736628651676 145.171924 0.000000
1693966736701224488 144.678577 0.000000
1693966736773448656 144.663261 0.000000
1693966736844780014 144.497642 0.000000
1693966736989737289 144.597474 0.000000
1693966737134146700 144.638416 0.000000
1693966737134367780 144.587385 0.000000
1693966737424108631 144.802220 0.000000
1693966737424189409 144.666013 0.000000
1693966737715209163 144.635001 0.000000
1693966737785896401 144.584704 0.000000
1693966737785951770 144.667481 0.000000
1693966737930896636 144.891232 0.000000
1693966738221352499 144.680295 0.000000
1693966738654922102 144.501827 0.000000
1693966738946073512 144.849374 0.000000
1693966739089242383 144.822130 0.000000
1693966739090063477 144.556873 0.000000
1693966739090674728 144.577507 0.000000
1693966739306393839 144.590862 0.000000
1693966739523901838 144.709814 0.000000
1693966739596410626 144.733790 0.000000
1693966739598090056 144.731195 0.000000
1693966739668814214 144.771343 0.000000
1693966739669874083 144.512176 0.000000
1693966739815479805 144.528819 0.000000
1693966739886191264 144.769443 0.000000
1693966740104261957 144.573141 0.000000
1693966740177982722 144.723225 0.000000
1693966740755665680 144.645355 0.000000
1693966740828543991 144.867451 0.000000
1693966741047122344 144.531194 0.000000
1693966741190580047 144.783475 0.000000
1693966741335617077 144.796736 0.000000
1693966741407892551 144.715508 0.000000
1693966741408951684 144.451288 0.000000
1693966741481045667 144.812537 0.000000
1693966741915081702 144.543187 0.000000
1693966742060094164 144.576309 0.000000
1693966742132722163 144.846703 0.000000
1693966742132728744 145.016958 0.000000
1693966742277317090 144.621624 0.000000
1693966742423503677 144.494081 0.000000
1693966742567280547 144.596054 0.000000
1693966742640220116 144.735443 0.000000
1693966742930849350 144.841389 0.000000
1693966743002625764 145.097906 0.000000
1693966743003121131 144.837254 0.000000
1693966743003185425 144.544599 0.000000
1693966743147208794 144.618522 0.000000
1693966743147873028 144.957450 0.000000
1693966743147952397 144.913819 0.000000
1693966743148559820 144.919331 0.000000
1693966743292023441 144.617012 0.000000
1693966743653971000 144.614282 0.000000
1693966743727132193 145.050164 0.000000
1693966743727526891 144.504621 0.000000
1693966743798952414 144.557589 0.000000
1693966743872483975 144.738095 0.000000
1693966744016591237 144.558471 0.000000
1693966744017158691 144.614561 0.000000
1693966744089071613 144.574053 0.000000
1693966744162713334 145.227126 0.000000
1693966744305941999 144.722958 0.000000
1693966744523461689 144.445084 0.000000
1693966744669633456 144.474968 0.000000
1693966744742307778 144.425266 0.000000
1693966744813159818 144.819313 0.000000
1693966744885967490 144.540284 0.000000
1693966744958554760 144.600064 0.000000
1693966744959027203 144.402199 0.000000
1693966745031303560 144.503590 0.000000
1693966745175586176 144.789492 0.000000
1693966745176115525 144.532230 0.000000
1693966745248309545 144.770505 0.000000
1693966745248587562 144.771456 0.000000
1693966745320679625 144.666217 0.000000
1693966745755208137 144.780728 0.000000
1693966745972623876 144.648576 0.000000
1693966746117400860 144.750297 0.000000
1693966746117502215 144.524222 0.000000
1693966746406945637 144.764004 0.000000
1693966746407225167 144.799453 0.000000
1693966746407309342 144.746709 0.000000
1693966746480526846 144.784491 0.000000
1693966746625392762 144.653010 0.000000
1693966746697562821 144.533934 0.000000
1693966746769793191 144.683176 0.000000
1693966746769956425 144.821899 0.000000
1693966746841253961 144.630494 0.000000
1693966746913799899 144.549260 0.000000
1693966746914284300 144.503494 0.000000
1693966746914807542 144.718082 0.000000
1693966746915080822 144.611214 0.000000
1693966747130850338 144.618536 0.000000
1693966747420784666 144.600118 0.000000
1693966747493018458 144.663145 0.000000
1693966747712100449 144.506620 0.000000
1693966747855416808 144.502220 0.000000
1693966747856684871 144.569772 0.000000
1693966747927508485 144.654208 0.000000
1693966747928195427 144.566324 0.000000
1693966748144806013 144.723855 0.000000
1693966748219155178 144.689771 0.000000
1693966748364301034 144.729053 0.000000
1693966748508349268 144.599240 0.000000
1693966748653264058 144.661521 0.000000
1693966748797934013 144.594149 0.000000
1693966748871141579 144.672185 0.000000
1693966748942610904 144.984857 0.000000
1693966749087985272 144.874611 0.000000
1693966749088460306 144.638762 0.000000
1693966749160411561 144.794018 0.000000
1693966749161104627 145.407961 0.000000
1693966749306081090 144.969126 0.000000
1693966749378025745 144.484097 0.000000
1693966749668359836 144.694842 0.000000
1693966749739583334 144.678359 0.000000
1693966749957403442 144.590280 0.000000
1693966749957640894 144.447498 0.000000
1693966750100658918 144.580521 0.000000
1693966750247027336 144.569761 0.000000
1693966750319455545 144.515195 0.000000
1693966750392306597 145.162496 0.000000
1693966750464035440 144.631485 0.000000
1693966750610146881 144.966347 0.000000
1693966750680829743 144.454514 0.000000
1693966750753795220 144.510324 0.000000
1693966750826187491 144.573470 0.000000
1693966750898644637 144.615388 0.000000
1693966751117395343 144.511175 0.000000
1693966751187268407 144.635830 0.000000
1693966751334136376 144.422469 0.000000
1693966751405607099 144.712363 0.000000
1693966751406298752 144.562083 0.000000
1693966751477217602 144.606974 0.000000
1693966751622254991 144.526786 0.000000
1693966751769001808 144.575224 0.000000
1693966751839738314 144.734635 0.000000
1693966751984974846 145.226478 0.000000
1693966752057990761 144.682438 0.000000
1693966752129557076 144.561372 0.000000
1693966752202372159 144.644756 0.000000
1693966752348270424 144.576287 0.000000
1693966752492797011 144.517380 0.000000
1693966752492869970 144.458683 0.000000
1693966752781289890 144.574993 0.000000
1693966752781735871 144.472044 0.000000
1693966752782844749 144.760238 0.000000
1693966752926029230 144.531422 0.000000
1693966753144779960 144.606452 0.000000
1693966753288816582 144.429731 0.000000
1693966753433264414 144.682634 0.000000
1693966753433539063 144.706559 0.000000
1693966753434543899 144.658392 0.000000
1693966753577421561 144.416841 0.000000
1693966753651405782 144.549599 0.000000
1693966753868227132 144.679967 0.000000
1693966754085824681 144.661264 0.000000
1693966754229539173 144.644908 0.000000
1693966754301982818 144.557417 0.000000
1693966754521030938 144.754565 0.000000
1693966754591469997 144.728083 0.000000
1693966754591776274 144.959497 0.000000
1693966754591864419 144.559141 0.000000
1693966754737381453 144.826604 0.000000
1693966755098537381 144.777033 0.000000
1693966755099636998 144.742834 0.000000
1693966755243534345 144.672976 0.000000
1693966755244524527 144.626858 0.000000
1693966755462174763 144.734002 0.000000
1693966756184660151 144.467623 0.000000
1693966756185781970 144.507471 0.000000
1693966756329417192 144.732965 0.000000
1693966756404448713 144.604091 0.000000
1693966756691610877 144.680067 0.000000
1693966756693169381 144.590463 0.000000
1693966756764742722 144.726445 0.000000
1693966756838819588 144.502293 0.000000
1693966756981637290 144.541826 0.000000
1693966756982573948 144.533150 0.000000
1693966757128715017 144.485665 0.000000
1693966757198724794 144.667805 0.000000
1693966757201114548 144.545940 0.000000
1693966757271477746 144.630867 0.000000
1693966757271949137 144.539350 0.000000
1693966757272277595 144.475091 0.000000
1693966757418429844 144.618357 0.000000
1693966757705994689 144.634266 0.000000
1693966757779221705 144.699057 0.000000
1693966757851468903 144.775895 0.000000
1693966757923799123 144.971951 0.000000
1693966757996755540 144.607799 0.000000
1693966757997096909 144.541310 0.000000
1693966757997748102 144.540533 0.000000
1693966758069322595 144.839502 0.000000
1693966758214637403 144.880893 0.000000
1693966758214789687 144.854151 0.000000
1693966758286428565 144.984465 0.000000
1693966758286465576 144.876865 0.000000
1693966758431151607 144.675376 0.000000
1693966758433051068 145.332684 0.000000
1693966758649920162 144.511615 0.000000
1693966758793485998 144.632873 0.000000
1693966758867486942 144.505505 0.000000
1693966759084168447 144.660397 0.000000
1693966759228392005 144.466750 0.000000
1693966759229366166 144.660443 0.000000
1693966759229590447 144.484456 0.000000
1693966759229678272 144.413206 0.000000
1693966759373106859 144.717125 0.000000
1693966759374290249 144.606020 0.000000
1693966759517986779 144.719739 0.000000
1693966759518142962 144.537318 0.000000
1693966759591910586 144.604284 0.000000
1693966759880729845 144.470750 0.000000
1693966759953287299 144.596852 0.000000
1693966759953916466 144.721347 0.000000
1693966760098962133 144.727231 0.000000
1693966760243565891 144.688842 0.000000
1693966760388203238 144.649776 0.000000
1693966760388518280 144.804616 0.000000
1693966760605783124 145.347833 0.000000
1693966760605783991 145.097056 0.000000
1693966760606151440 145.155051 0.000000
1693966760750379059 144.991691 0.000000
1693966760822708929 144.784164 0.000000
1693966760823874825 144.892530 0.000000
1693966760896227011 145.049550 0.000000
1693966760967422819 144.673070 0.000000
1693966761041183821 144.909661 0.000000
1693966761186674557 144.877796 0.000000
1693966761258127502 144.485599 0.000000
1693966761329831542 144.764603 0.000000
1693966761474902076 145.060124 0.000000
1693966761837612986 144.627820 0.000000
1693966762054912710 144.656401 0.000000
1693966762055511642 144.500513 0.000000
1693966762344144068 144.690645 0.000000
1693966762489563880 144.509770 0.000000
1693966762490424048 144.593000 0.000000
1693966762562867115 144.720460 0.000000
1693966762633958967 144.665573 0.000000
1693966762706869942 144.737675 0.000000
1693966762851532217 144.654065 0.000000
1693966762852332337 144.654842 0.000000
1693966762923531261 144.601022 0.000000
1693966763069651130 144.672559 0.000000
1693966763141092899 144.779592 0.000000
1693966763142067535 144.616688 0.000000
1693966763649703054 144.532358 0.000000
1693966763722293940 144.642915 0.000000
1693966763865749399 144.550284 0.000000
1693966763939510756 144.633417 0.000000
1693966763939708134 144.677716 0.000000
1693966764082556818 144.671526 0.000000
1693966764301879358 144.648632 0.000000
1693966764372575430 144.626777 0.000000
1693966764445135835 144.465618 0.000000
1693966764518985923 144.549556 0.000000
1693966764591291816 144.617609 0.000000
1693966764734653317 144.961375 0.000000
1693966764735253993 144.881379 0.000000
1693966764735338855 144.911550 0.000000
1693966764736077733 144.556498 0.000000
1693966764952605602 144.512175 0.000000
1693966765097406468 144.643621 0.000000
1693966765097487432 144.571348 0.000000
1693966765531564023 144.588794 0.000000
1693966765677807638 144.999102 0.000000
1693966765750184556 144.644031 0.000000
1693966765967001698 144.579963 0.000000
1693966765968350483 144.679449 0.000000
1693966766112054033 144.606369 0.000000
1693966766112129404 144.627092 0.000000
1693966766112827086 144.456145 0.000000
1693966766183223720 144.627863 0.000000
1693966766257229661 144.389660 0.000000
1693966766473089451 144.549336 0.000000
1693966766473900982 144.682200 0.000000
1693966766546505895 144.787221 0.000000
1693966766618949805 144.710450 0.000000
1693966766764322480 144.771101 0.000000
1693966766835774328 144.582689 0.000000
1693966766836810081 144.624801 0.000000
1693966766908273580 144.439466 0.000000
1693966766909067982 144.731029 0.000000
1693966766981700986 144.795047 0.000000
1693966767052570450 144.467501 0.000000
1693966767124669207 144.627839 0.000000
1693966767199057942 144.672568 0.000000
1693966767342220103 144.680972 0.000000
1693966767486800742 144.663126 0.000000
1693966767776732631 144.618291 0.000000
1693966767776786762 144.747892 0.000000
1693966767921405685 144.662986 0.000000
1693966767994711964 144.754694 0.000000
1693966768067108337 144.783095 0.000000
1693966768211462830 144.635346 0.000000
1693966768211535238 144.617886 0.000000
1693966768284711775 144.876285 0.000000
1693966768645632852 144.828821 0.000000
1693966768646183206 144.618873 0.000000
1693966768936390570 144.806204 0.000000
1693966769007693717 144.643961 0.000000
1693966769225323226 144.544564 0.000000
1693966769297265619 144.550944 0.000000
1693966769371378688 144.638268 0.000000
1693966769441793580 144.511487 0.000000
1693966769586484705 144.677084 0.000000
1693966769587696918 144.496869 0.000000
1693966769658986123 144.601863 0.000000
1693966769659567635 144.568606 0.000000
1693966769659715128 144.485478 0.000000
1693966769660718039 144.515728 0.000000
1693966769803770766 144.768485 0.000000
1693966769876457960 144.617243 0.000000
1693966769876489293 144.627758 0.000000
1693966769877765560 144.640442 0.000000
1693966769948777424 144.555600 0.000000
1693966770095078031 144.736675 0.000000
1693966770311280092 144.920414 0.000000
1693966770383744478 144.749461 0.000000
1693966770384595872 144.642096 0.000000
1693966770528909630 144.952217 0.000000
1693966770529000316 145.006639 0.000000
1693966770673762602 144.787935 0.000000
1693966770746256532 144.798355 0.000000
1693966770746718496 144.835636 0.000000
1693966770819713004 144.648054 0.000000
1693966771036878464 144.681978 0.000000
1693966771108291511 144.740690 0.000000
1693966771254804467 144.825021 0.000000
1693966771398626190 144.962391 0.000000
1693966771399766572 144.950217 0.000000
1693966771543559212 144.802373 0.000000
1693966771544345741 144.492834 0.000000
1693966771617463943 144.717562 0.000000
1693966771688413141 144.705805 0.000000
1693966771688801885 145.018842 0.000000
1693966771761033741 144.748648 0.000000
1693966772050868117 144.708139 0.000000
1693966772052159970 144.920984 0.000000
1693966772124152680 144.609736 0.000000
1693966772124267251 144.749817 0.000000
1693966772486372884 144.765422 0.000000
1693966772559082917 144.942018 0.000000
1693966772630248252 144.490103 0.000000
1693966772776276786 144.458630 0.000000
1693966772920267789 144.554623 0.000000
1693966772921366668 144.533298 0.000000
1693966773066584818 144.828925 0.000000
1693966773210614871 144.555861 0.000000
1693966773283418726 144.458780 0.000000
1693966773283612642 144.540444 0.000000
1693966773355062831 144.509718 0.000000
1693966773500529593 144.800648 0.000000
1693966773571068286 144.483796 0.000000
1693966773645367193 144.821503 0.000000
1693966774006319991 144.656384 0.000000
1693966774077827738 144.593081 0.000000
1693966774223062095 144.637022 0.000000
1693966774440320896 144.471003 0.000000
1693966774440824963 144.656670 0.000000
1693966774512824889 144.689510 0.000000
1693966774585844300 144.615714 0.000000
1693966774802212675 144.536422 0.000000
1693966774875616033 144.783512 0.000000
1693966775020806505 144.877728 0.000000
1693966775091887410 144.626785 0.000000
1693966775165104040 144.515437 0.000000
1693966775165765653 144.581209 0.000000
1693966775236806469 144.904080 0.000000
1693966775237938601 144.579125 0.000000
1693966775381561832 144.788135 0.000000
1693966775381651917 144.829345 0.000000
1693966775382459499 144.459996 0.000000
1693966775526345482 144.662634 0.000000
1693966775889853409 144.587308 0.000000
1693966775962175709 144.438958 0.000000
1693966776106735834 144.442986 0.000000
1693966776178516946 144.651792 0.000000
1693966776179088825 144.509582 0.000000
1693966776323148026 144.776067 0.000000
1693966776469065852 144.847092 0.000000
1693966776540637186 144.626825 0.000000
1693966776613293884 144.952130 0.000000
1693966776686613593 144.638873 0.000000
1693966776758333609 144.935071 0.000000
1693966776903606897 144.573411 0.000000
1693966776975463730 144.623718 0.000000
1693966776975956164 144.635300 0.000000
1693966777048605200 144.747971 0.000000
1693966777193326544 144.432407 0.000000
1693966777265324305 144.567887 0.000000
1693966777265912783 144.684874 0.000000
1693966777627728565 144.792935 0.000000
1693966777990116497 144.629536 0.000000
1693966778279655108 144.515440 0.000000
1693966778279923252 144.497424 0.000000
1693966778352032055 144.939852 0.000000
1693966778424299904 144.829334 0.000000
1693966778424392835 144.729964 0.000000
1693966778424767010 144.492707 0.000000
1693966778496893981 144.583629 0.000000
1693966778569569973 145.146066 0.000000
1693966778569604885 144.991307 0.000000
1693966778786712483 144.919494 0.000000
1693966778787480458 144.651106 0.000000
1693966778859384075 144.808496 0.000000
1693966779148889610 144.587087 0.000000
1693966779293551154 144.640580 0.000000
1693966779367556783 144.669368 0.000000
1693966779439840834 144.602683 0.000000
1693966779510988178 144.595120 0.000000
1693966779512113524 144.542358 0.000000
1693966779656359838 144.604813 0.000000
1693966779657134615 144.838566 0.000000
1693966779801529384 144.483896 0.000000
1693966780091676825 144.507131 0.000000
1693966780236421439 144.496341 0.000000
1693966780453049771 144.616254 0.000000
1693966780598673934 144.569912 0.000000
1693966780669916619 144.499693 0.000000
1693966780814290019 144.548187 0.000000
1693966780815692760 144.543646 0.000000
1693966780888316461 144.593286 0.000000
1693966780960687970 144.658317 0.000000
1693966781104185489 144.687716 0.000000
1693966781105363237 144.836356 0.000000
1693966781393959948 144.650514 0.000000
1693966781394126109 144.721218 0.000000
1693966781466476623 144.716090 0.000000
1693966781467937440 144.582746 0.000000
1693966781538649091 144.664882 0.000000
1693966781828754752 144.733463 0.000000
1693966781901158604 144.686382 0.000000
1693966782118379309 144.718476 0.000000
1693966782191005566 144.632387 0.000000
1693966782192449127 144.428027 0.000000
1693966782263323605 144.666811 0.000000
1693966782263733689 144.492010 0.000000
1693966782408369633 144.898104 0.000000
1693966782481228211 144.739446 0.000000
1693966782553022904 144.645567 0.000000
1693966782553221581 144.790434 0.000000
1693966782842887361 144.708815 0.000000
1693966783060184974 144.754200 0.000000
1693966783132591806 144.620399 0.000000
1693966783350144628 144.698139 0.000000
1693966783422398334 144.747995 0.000000
1693966783495082369 144.694300 0.000000
1693966783712042172 144.741671 0.000000
1693966784003660381 144.508930 0.000000
1693966784074428122 144.562188 0.000000
1693966784076388404 144.619837 0.000000
1693966784146435384 144.531737 0.000000
1693966784147515495 144.475482 0.000000
1693966784365606523 144.523603 0.000000
1693966784653914491 144.714022 0.000000
1693966784798518316 144.682448 0.000000
1693966784798607569 144.608691 0.000000
1693966784944668776 144.471352 0.000000
1693966785017244325 144.756756 0.000000
1693966785088273523 144.692586 0.000000
1693966785088698451 144.776365 0.000000
1693966785161529559 144.937339 0.000000
1693966785234162606 145.432121 0.000000
1693966785597061197 144.568758 0.000000
1693966785597330924 144.762173 0.000000
1693966785813987226 144.619482 0.000000
1693966785814100143 144.614394 0.000000
1693966785814457319 144.680944 0.000000
1693966786176479812 144.630918 0.000000
1693966786321566349 144.774867 0.000000
1693966786392873288 144.748807 0.000000
1693966786465884635 144.491153 0.000000
1693966786539024580 144.448342 0.000000
1693966786610847769 144.846438 0.000000
1693966786682807497 144.613477 0.000000
1693966786684349802 144.562909 0.000000
1693966786755405953 144.598818 0.000000
1693966786755576695 144.713414 0.000000
1693966786828394161 144.456727 0.000000
1693966787551766232 144.635864 0.000000
1693966787552797365 144.869917 0.000000
1693966787625376301 144.755872 0.000000
1693966787697826934 144.983787 0.000000
1693966788060516633 144.584103 0.000000
1693966788204736294 144.586208 0.000000
1693966788204808889 144.681858 0.000000
1693966788277501173 144.555046 0.000000
1693966788710634513 144.669485 0.000000
1693966788927800083 144.600742 0.000000
1693966789146329138 144.473533 0.000000
1693966789219414161 144.573002 0.000000
1693966789435590085 144.814453 0.000000
1693966789509239399 144.678145 0.000000
1693966789725603691 144.648052 0.000000
1693966790231773812 144.640415 0.000000
1693966790232456253 144.532137 0.000000
1693966790232816832 144.598401 0.000000
1693966790304201310 144.628486 0.000000
1693966790448902736 144.599885 0.000000
1693966790449715561 144.594728 0.000000
1693966790521457391 144.826808 0.000000
1693966790666525544 144.686189 0.000000
1693966790738506494 144.631918 0.000000
1693966790739493695 144.495627 0.000000
1693966791245375329 144.714281 0.000000
1693966791247374892 145.053364 0.000000
1693966791462896359 144.793775 0.000000
1693966791535686100 144.444353 0.000000
1693966791536177042 144.836455 0.000000
1693966791607629823 144.726941 0.000000
1693966791608786378 144.839255 0.000000
1693966791681448487 144.467658 0.000000
1693966791898111859 144.500463 0.000000
1693966791898738802 144.482436 0.000000
1693966792187626665 144.842589 0.000000
1693966792332308801 144.641520 0.000000
1693966792332821543 144.661928 0.000000
1693966792404763888 144.469727 0.000000
1693966792477051387 144.678673 0.000000
1693966792550672229 144.799278 0.000000
1693966792621523223 144.588337 0.000000
1693966792622930330 144.535119 0.000000
1693966793056126494 144.680261 0.000000
1693966793056173043 144.836449 0.000000
1693966793130301630 144.636068 0.000000
1693966793274187149 144.731135 0.000000
1693966793419117752 144.917371 0.000000
1693966793419191754 144.957896 0.000000
1693966793491864036 144.598536 0.000000
1693966793635993427 144.678503 0.000000
1693966793709676384 145.176355 0.000000
1693966793709913867 145.279574 0.000000
1693966793853502570 144.537559 0.000000
1693966793998962548 144.556673 0.000000
1693966794360526963 144.770842 0.000000
1693966794432917752 144.619349 0.000000
1693966794433101784 144.718415 0.000000
1693966794434941061 144.594411 0.000000
1693966794507425621 144.677760 0.000000
1693966794579866687 144.600710 0.000000
1693966795013713393 144.564357 0.000000
1693966795084694659 144.533970 0.000000
1693966795229565037 144.762587 0.000000
1693966795230076726 144.793058 0.000000
1693966795231671709 144.515046 0.000000
1693966795301745896 144.517297 0.000000
1693966795374649206 144.579106 0.000000
1693966795525685929 151.077738 0.000000
1693966795743355509 144.612901 0.000000
1693966795743386191 144.606259 0.000000
1693966795815598233 144.695055 0.000000
1693966796105714987 144.797975 0.000000
1693966796106607230 145.293908 0.000000
1693966796178722474 144.569709 0.000000
1693966796323905639 144.684617 0.000000
1693966796395058574 144.671530 0.000000
1693966796468642125 144.748639 0.000000
1693966796541071131 144.617880 0.000000
1693966796686724319 144.887803 0.000000
1693966796829892965 144.630881 0.000000
1693966796974502756 144.651303 0.000000
1693966797482502692 144.866528 0.000000
1693966797482591157 144.621399 0.000000
1693966797916007140 144.563108 0.000000
1693966797916799192 144.584397 0.000000
1693966798063495248 144.484780 0.000000
1693966798134271478 144.544380 0.000000
1693966798206749228 144.458475 0.000000
1693966798352977111 144.571206 0.000000
1693966798353064559 144.595053 0.000000
1693966798353397187 144.622647 0.000000
1693966798424132256 144.560321 0.000000
1693966798642345539 144.572780 0.000000
1693966798642789762 144.536867 0.000000
1693966798714867020 144.489095 0.000000
1693966798787396401 144.503169 0.000000
1693966798787595805 144.593103 0.000000
1693966798930919265 144.667871 0.000000
1693966799076744637 144.672959 0.000000
1693966799147947017 144.450135 0.000000
1693966799292755595 144.564365 0.000000
1693966799437597481 144.585875 0.000000
1693966799582252076 144.626083 0.000000
1693966799583701170 144.545647 0.000000
1693966799799377174 144.764826 0.000000
1693966800162422891 144.683863 0.000000
1693966800234118773 144.837240 0.000000
1693966800379014013 144.442868 0.000000
1693966800451431448 144.936475 0.000000
1693966800452617731 144.919446 0.000000
1693966800453095336 144.981926 0.000000
1693966800813728293 144.707032 0.000000
1693966800813855173 144.620852 0.000000
1693966800960608853 144.682184 0.000000
1693966801032696701 144.683733 0.000000
1693966801322631360 144.915256 0.000000
1693966801393657019 144.592220 0.000000
1693966801465494060 144.558753 0.000000
1693966801540200506 144.817474 0.000000
1693966801610249244 144.731519 0.000000
1693966801685275072 145.068236 0.000000
1693966801830239252 144.582909 0.000000
1693966801973540731 144.693631 0.000000
1693966801975129620 144.706681 0.000000
1693966802409359291 144.856974 0.000000
1693966802481947604 144.776578 0.000000
1693966802552677625 144.467065 0.000000
1693966802626748384 144.706721 0.000000
1693966802988682204 144.602528 0.000000
1693966803059562324 144.568210 0.000000
1693966803132353002 144.620450 0.000000
1693966803133638666 144.921656 0.000000
1693966803205398716 144.694387 0.000000
1693966803205474848 144.743055 0.000000
1693966803205675760 144.669890 0.000000
1693966803351011197 144.905223 0.000000
1693966803422669738 144.821608 0.000000
1693966803639027583 144.550464 0.000000
1693966803640039968 144.452142 0.000000
1693966803640899819 144.668923 0.000000
1693966803784796457 144.643524 0.000000
1693966803929444661 144.633110 0.000000
1693966804001314292 144.707047 0.000000
1693966804002377659 144.532572 0.000000
1693966804220068326 144.414766 0.000000
1693966804290972231 144.658438 0.000000
1693966804364580299 144.667500 0.000000
1693966804653989250 144.521971 0.000000
1693966804727847093 144.526237 0.000000
1693966804871093163 144.754241 0.000000
1693966804872001645 144.498411 0.000000
1693966804872504268 144.644712 0.000000
1693966804945166095 144.634368 0.000000
1693966805307097840 144.449848 0.000000
1693966805378843528 144.918913 0.000000
1693966805596064146 144.803395 0.000000
1693966805813182968 144.704255 0.000000
1693966805814076536 144.719287 0.000000
1693966805886261936 144.687521 0.000000
1693966805886757668 144.567707 0.000000
1693966806030736672 144.676069 0.000000
1693966806104100466 144.671808 0.000000
1693966806175527693 144.783173 0.000000
1693966806754942882 144.829686 0.000000
1693966806828645444 144.640679 0.000000
1693966806899940950 144.649568 0.000000
1693966807044911723 144.663850 0.000000
1693966807046000434 144.791647 0.000000
1693966807624800317 144.897063 0.000000
1693966807697297782 145.103562 0.000000
1693966807768753441 144.534070 0.000000
1693966807769416727 144.600799 0.000000
1693966807769531234 144.640486 0.000000
1693966807985755073 144.607026 0.000000
1693966808058828428 144.561995 0.000000
1693966808204361630 144.776337 0.000000
1693966808348867312 144.466250 0.000000
1693966808349252068 144.598338 0.000000
1693966808421672603 144.621005 0.000000
1693966808494601034 144.514548 0.000000
1693966808565386086 144.719123 0.000000
1693966808639907254 144.540795 0.000000
1693966808784627690 144.535402 0.000000
1693966808855492971 144.685511 0.000000
1693966808855638649 144.464357 0.000000
1693966808856314095 144.490828 0.000000
1693966809001948767 144.622885 0.000000
1693966809217772107 144.841413 0.000000
1693966809219353182 144.832207 0.000000
1693966809290952609 144.904776 0.000000
1693966809291152108 144.754707 0.000000
1693966809435051947 144.734549 0.000000
1693966809435980977 144.745895 0.000000
1693966809508521928 144.588364 0.000000
1693966809654175333 144.644018 0.000000
1693966809725654270 144.435975 0.000000
1693966810088650553 144.814309 0.000000
1693966810160812533 144.861454 0.000000
1693966810233517084 144.552326 0.000000
1693966810378382327 144.881150 0.000000
1693966810451299933 144.894802 0.000000
1693966810595306205 144.427542 0.000000
1693966810812176789 144.504755 0.000000
1693966810883763697 144.759062 0.000000
1693966810957397844 144.506630 0.000000
1693966810958113654 144.616506 0.000000
1693966811028385624 144.686362 0.000000
1693966811102401995 144.435374 0.000000
1693966811173623564 144.537947 0.000000
1693966811245980241 144.537661 0.000000
1693966811247257385 144.630657 0.000000
1693966811319945012 144.477466 0.000000
1693966811390784442 144.486216 0.000000
1693966811391770930 144.582827 0.000000
1693966811462621296 144.675597 0.000000
1693966811464465885 144.505838 0.000000
1693966811535148776 144.594939 0.000000
1693966811608285597 145.203339 0.000000
1693966811609123675 144.686794 0.000000
1693966811681181959 144.532066 0.000000
1693966811824406864 144.570221 0.000000
1693966812116406976 144.503757 0.000000
1693966812404227706 144.568934 0.000000
1693966812476060100 144.535987 0.000000
1693966812551213103 144.625400 0.000000
1693966812767715546 144.483520 0.000000
1693966812838491408 144.517956 0.000000
1693966812839206937 144.560299 0.000000
1693966812840987947 144.681676 0.000000
1693966813202470073 144.479471 0.000000
1693966813272884505 144.662821 0.000000
1693966813347507401 144.444609 0.000000
1693966813418083483 144.484182 0.000000
1693966813562414750 144.587518 0.000000
1693966813707848344 144.735506 0.000000
1693966813781072848 144.455575 0.000000
1693966814142833517 144.845346 0.000000
1693966814287275952 144.966067 0.000000
1693966814287889909 144.939911 0.000000
1693966814359273906 144.604624 0.000000
1693966814650397448 144.810856 0.000000
1693966814721943892 144.647993 0.000000
1693966814866525946 144.685454 0.000000
1693966814867529519 144.722691 0.000000
1693966814939103647 144.538407 0.000000
1693966815010968060 144.576576 0.000000
1693966815012439310 144.653871 0.000000
1693966815156020111 144.540131 0.000000
1693966815300779267 144.737856 0.000000
1693966815373898602 144.572693 0.000000
1693966815518457562 144.533460 0.000000
1693966815590118086 144.583517 0.000000
1693966815591746552 144.636781 0.000000
1693966815662338562 144.588189 0.000000
1693966815663896679 144.519820 0.000000
1693966815880130639 144.562108 0.000000
1693966816096940693 144.493864 0.000000
1693966816241510824 144.498009 0.000000
1693966816532162691 144.517659 0.000000
1693966816676260814 144.544677 0.000000
1693966816749679791 144.894886 0.000000
1693966817039536248 144.586108 0.000000
1693966817111962652 144.841546 0.000000
1693966817256742445 144.506092 0.000000
1693966817401408950 144.628627 0.000000
1693966817473492167 144.603438 0.000000
1693966817546409096 144.395881 0.000000
1693966817690332152 144.668525 0.000000
1693966817690797519 144.569335 0.000000
1693966817691168692 144.521813 0.000000
1693966817835501045 144.674629 0.000000
1693966818052611986 144.653365 0.000000
1693966818124773269 144.531413 0.000000
1693966818125460622 144.460856 0.000000
1693966818269587247 144.791130 0.000000
1693966818269865163 144.569705 0.000000
1693966818270610356 144.660912 0.000000
1693966818415325544 144.585066 0.000000
1693966818486677575 144.590904 0.000000
1693966818486715257 144.557967 0.000000
1693966818487258595 144.533435 0.000000
1693966818487650115 144.527397 0.000000
1693966818559853185 144.481654 0.000000
1693966818703901137 144.456041 0.000000
1693966818704410621 144.452713 0.000000
1693966818776448552 144.653906 0.000000
1693966818848985924 144.683775 0.000000
1693966818849017628 144.592212 0.000000
1693966818994349098 144.519306 0.000000
1693966819065722820 144.596377 0.000000
1693966819066013722 144.629093 0.000000
1693966819500439376 144.722500 0.000000
1693966819572937607 144.663799 0.000000
1693966819645448818 144.554870 0.000000
1693966819645482075 144.733205 0.000000
1693966819717686704 144.762222 0.000000
1693966819935049970 144.466585 0.000000
1693966819935978449 144.648718 0.000000
1693966820007211299 144.512527 0.000000
1693966820008203490 144.449796 0.000000
1693966820224465106 144.551432 0.000000
1693966820297013944 144.680020 0.000000
1693966820297858959 144.519553 0.000000
1693966820441639689 144.631734 0.000000
1693966820441714789 144.768938 0.000000
1693966820587382786 144.505078 0.000000
1693966820659588247 144.511384 0.000000
1693966820876113084 144.514721 0.000000
1693966821093857411 144.515789 0.000000
1693966821093946208 144.559846 0.000000
1693966821238592225 144.883594 0.000000
1693966821238829141 144.868870 0.000000
1693966821673069102 144.479270 0.000000
1693966821745383325 144.795338 0.000000
1693966821745433271 144.821058 0.000000
1693966821890369217 144.970617 0.000000
1693966821890567809 144.875255 0.000000
1693966821890678842 144.823735 0.000000
1693966822034825593 144.576598 0.000000
1693966822035736037 145.340463 0.000000
1693966822180349118 144.600393 0.000000
1693966822252869562 144.672634 0.000000
1693966822469729528 144.552644 0.000000
1693966822614660261 144.576820 0.000000
1693966822615666095 144.549823 0.000000
1693966822688214507 144.473726 0.000000
1693966822831578924 144.844589 0.000000
1693966822832117091 144.390551 0.000000
1693966822976492683 144.618675 0.000000
1693966823194762537 144.627483 0.000000
1693966823265944141 144.724980 0.000000
1693966823265945519 144.644142 0.000000
1693966823266207093 144.631798 0.000000
1693966823338752262 144.593544 0.000000
1693966823410816564 144.855678 0.000000
1693966823411297611 144.490766 0.000000
1693966823483116699 144.530979 0.000000
1693966823556003443 144.666349 0.000000
1693966823700530523 144.725085 0.000000
1693966823918887581 144.789115 0.000000
1693966823991055432 144.922173 0.000000
1693966823991102586 144.750870 0.000000
1693966824063603298 144.631718 0.000000
1693966824208139534 144.573157 0.000000
1693966824497383955 144.407753 0.000000
1693966824569805673 144.480426 0.000000
1693966824787821601 144.505489 0.000000
1693966824859785710 144.638494 0.000000
1693966825004565417 144.735620 0.000000
1693966825004678214 144.683178 0.000000
1693966825076949572 144.827418 0.000000
1693966825221753791 144.750012 0.000000
1693966825511126471 144.525421 0.000000
1693966825656261057 144.579045 0.000000
1693966825657200336 144.464990 0.000000
1693966825657634385 144.610940 0.000000
1693966825873168248 144.653488 0.000000
1693966825946799657 145.423910 0.000000
1693966826019288491 144.805898 0.000000
1693966826308551390 144.637666 0.000000
1693966826381384033 144.558478 0.000000
1693966826452521625 144.573146 0.000000
1693966826526433251 144.803878 0.000000
1693966826526578579 144.542886 0.000000
1693966826670346393 144.497981 0.000000
1693966826671497725 144.500447 0.000000
1693966826742782840 144.504422 0.000000
1693966826742948415 144.455744 0.000000
1693966826887594631 144.648546 0.000000
1693966826888614572 144.473310 0.000000
1693966826960716020 144.535269 0.000000
1693966827104706923 144.585074 0.000000
1693966827321978615 144.698051 0.000000
1693966827322045806 144.686625 0.000000
1693966827322424547 144.427327 0.000000
1693966827323815961 144.686294 0.000000
1693966827394495439 144.545392 0.000000
1693966827466889251 144.611240 0.000000
1693966827539137685 144.635261 0.000000
1693966827757564182 144.431802 0.000000
1693966827758079821 144.657678 0.000000
1693966827828816792 144.636784 0.000000
1693966827829504891 144.350910 0.000000
1693966828118623440 144.595699 0.000000
1693966828119787330 144.599318 0.000000
1693966828191126375 144.915658 0.000000
1693966828191175154 144.890669 0.000000
1693966828482055653 144.688294 0.000000
1693966828626078479 144.598981 0.000000
1693966828699253198 144.552935 0.000000
1693966828771172802 144.787198 0.000000
1693966828843529062 144.582523 0.000000
1693966829059991268 144.442027 0.000000
1693966829278519706 144.434669 0.000000
1693966829349559415 144.576008 0.000000
1693966829423437654 144.400384 0.000000
1693966829639411714 144.692275 0.000000
1693966829712192536 144.588988 0.000000
1693966829857820649 144.955053 0.000000
1693966830002576961 144.696462 0.000000
1693966830147347456 144.690118 0.000000
1693966830147384582 144.704692 0.000000
1693966830655153150 144.926342 0.000000
1693966830655296989 145.083026 0.000000
1693966831017816931 144.789655 0.000000
1693966831162114691 144.645708 0.000000
1693966831162495952 144.584537 0.000000
1693966831234091239 144.667500 0.000000
1693966831234875402 144.734887 0.000000
1693966831235166699 144.731785 0.000000
1693966831235197736 144.737673 0.000000
1693966831379654300 144.640587 0.000000
1693966831452058768 144.549887 0.000000
1693966831669389010 144.969918 0.000000
1693966831814095887 144.671084 0.000000
1693966832031088755 144.622445 0.000000
1693966832104145017 144.627572 0.000000
1693966832104459302 144.774810 0.000000
1693966832467118602 144.629287 0.000000
1693966832538884269 144.754958 0.000000
1693966832611575748 144.732927 0.000000
1693966832755119858 144.647560 0.000000
1693966832755765896 144.476795 0.000000
1693966832974198528 144.439093 0.000000
1693966833045184963 144.553219 0.000000
1693966833046209630 144.597091 0.000000
1693966833191149634 144.724498 0.000000
1693966833334704938 144.547199 0.000000
1693966833480368889 144.576348 0.000000
1693966833625856956 144.487537 0.000000
1693966833841469220 144.681407 0.000000
1693966834131146089 144.553775 0.000000
1693966834204250934 144.405546 0.000000
1693966834278605754 144.529805 0.000000
1693966834349686839 144.540008 0.000000
1693966834350266632 144.454996 0.000000
1693966834422354348 144.553269 0.000000
1693966834423095029 144.506756 0.000000
1693966834494258897 144.558156 0.000000
1693966834567549834 144.440322 0.000000
1693966834637846110 144.598890 0.000000
1693966834711679779 144.582021 0.000000
1693966834782498529 144.627546 0.000000
1693966834782591110 144.483622 0.000000
1693966834782758444 144.612033 0.000000
1693966834784433578 144.474480 0.000000
1693966834855592424 144.490287 0.000000
1693966835144956661 144.675779 0.000000
1693966835145915686 144.453497 0.000000
1693966835434716387 144.599281 0.000000
1693966835579943242 144.711216 0.000000
1693966835651872960 144.652509 0.000000
1693966835652515088 144.648360 0.000000
1693966835653169875 144.594810 0.000000
1693966835724907030 144.666371 0.000000
1693966835869011426 144.649293 0.000000
1693966835869842448 144.898773 0.000000
1693966836160566260 144.706635 0.000000
1693966836230977036 144.631320 0.000000
1693966836303925513 144.569566 0.000000
1693966836448449158 144.499845 0.000000
1693966836593028442 144.851136 0.000000
1693966836593651836 144.556150 0.000000
1693966836883545874 144.707477 0.000000
1693966837029468020 144.490708 0.000000
1693966837245688376 144.546473 0.000000
1693966837678727960 144.622630 0.000000
1693966837679836582 144.578301 0.000000
1693966837680779719 144.671243 0.000000
1693966837969884030 144.625921 0.000000
1693966838186942816 144.451628 0.000000
1693966838330507207 144.626945 0.000000
1693966838476728228 144.665196 0.000000
1693966838548188190 144.461934 0.000000
1693966838548231205 144.558363 0.000000
1693966838692311191 144.561742 0.000000
1693966838837586486 144.493670 0.000000
1693966838911128319 144.646053 0.000000
1693966839055370639 144.499930 0.000000
1693966839128039037 144.452631 0.000000
1693966839199880702 144.643839 0.000000
1693966839272666217 144.508649 0.000000
1693966839344159752 144.503322 0.000000
1693966839344430306 144.615456 0.000000
1693966839417288074 144.615453 0.000000
1693966839489463515 144.491434 0.000000
1693966839561431214 144.652484 0.000000
1693966839779131286 144.473607 0.000000
1693966839779159096 144.521975 0.000000
1693966839924257877 144.642911 0.000000
1693966840141308569 144.739646 0.000000
1693966840141749605 144.743685 0.000000
1693966840286298758 144.540944 0.000000
1693966840286535428 144.539951 0.000000
1693966840431570462 144.894913 0.000000
1693966840793956910 144.661735 0.000000
1693966840937599687 144.511672 0.000000
1693966841011565234 144.580065 0.000000
1693966841300474491 144.595095 0.000000
1693966841373006992 144.495829 0.000000
1693966841444339950 144.543805 0.000000
1693966841518397426 145.178250 0.000000
1693966841588951979 144.600538 0.000000
1693966841661523766 144.545394 0.000000
1693966841663178448 144.547564 0.000000
1693966841735676194 144.420694 0.000000
1693966841950999144 144.587692 0.000000
1693966842024692048 144.431885 0.000000
1693966842096031580 144.682353 0.000000
1693966842385526954 144.551944 0.000000
1693966842386026501 144.627816 0.000000
1693966842604109829 144.666431 0.000000
1693966842675825891 144.612310 0.000000
1693966842892829504 144.649416 0.000000
1693966842965118774 144.576260 0.000000
1693966843182772077 144.483785 0.000000
1693966843182924130 144.559105 0.000000
1693966843255476438 144.488091 0.000000
1693966843471926653 144.512066 0.000000
1693966843545688292 144.483926 0.000000
1693966843617637687 144.536032 0.000000
1693966843617909910 144.558189 0.000000
1693966843689628709 144.764698 0.000000
1693966843762312045 144.659774 0.000000
1693966843762628852 144.606395 0.000000
1693966843762766592 144.563460 0.000000
1693966843834216064 144.648181 0.000000
1693966843907405243 144.765130 0.000000
1693966843979947527 144.398151 0.000000
1693966844124242959 144.483600 0.000000
1693966844124864364 144.507120 0.000000
1693966844268594643 144.544617 0.000000
1693966844341379809 144.573499 0.000000
1693966844485591148 144.565370 0.000000
1693966844558904529 144.501241 0.000000
1693966844558934566 144.453244 0.000000
1693966844847467690 144.459103 0.000000
1693966844919775563 144.532428 0.000000
1693966844920856842 144.596171 0.000000
1693966845137600320 144.420334 0.000000
1693966845138457788 144.639873 0.000000
1693966845282404059 145.122801 0.000000
1693966845354977169 144.656603 0.000000
1693966845717020192 144.644208 0.000000
1693966845789497770 144.623149 0.000000
1693966845934038748 144.606470 0.000000
1693966846007028432 144.556053 0.000000
1693966846007608090 144.556750 0.000000
1693966846079780182 144.567550 0.000000
1693966846151594472 144.460584 0.000000
1693966846368902878 144.651064 0.000000
1693966846441036747 144.576070 0.000000
1693966846441622800 144.799419 0.000000
1693966846514322730 144.518812 0.000000
1693966846658690916 144.833884 0.000000
1693966846730430453 144.673928 0.000000
1693966846731071880 144.567064 0.000000
1693966846875362962 144.599930 0.000000
1693966847238243266 144.603403 0.000000
1693966847383323327 144.798747 0.000000
1693966847454769557 144.494595 0.000000
1693966847454858324 144.495068 0.000000
1693966847454915126 144.386098 0.000000
1693966847816313454 144.498209 0.000000
1693966847817293047 144.587857 0.000000
1693966847889554136 144.642515 0.000000
1693966848035074947 145.048347 0.000000
1693966848107066740 144.956800 0.000000
1693966848251376285 144.742476 0.000000
1693966848251750369 144.455845 0.000000
1693966848252842504 144.853214 0.000000
1693966848469585569 144.680106 0.000000
1693966848541072037 144.731409 0.000000
1693966848686395038 144.461278 0.000000
1693966848686988443 144.587211 0.000000
1693966848831140470 144.762578 0.000000
1693966848975915377 144.559587 0.000000
1693966848975946149 144.785286 0.000000
1693966849048839108 144.578079 0.000000
1693966849048908494 144.668334 0.000000
1693966849482861453 144.602660 0.000000
1693966849482908873 144.769133 0.000000
1693966849556808247 144.677670 0.000000
1693966849627865498 144.760463 0.000000
1693966849629125702 144.660356 0.000000
1693966849845872867 144.861298 0.000000
1693966849918269691 144.810103 0.000000
1693966849918678637 144.699721 0.000000
1693966850063696158 145.055991 0.000000
1693966850208188331 144.653193 0.000000
1693966850353277774 145.081759 0.000000
1693966850353507443 145.060009 0.000000
1693966850499366634 145.090981 0.000000
1693966850572051965 144.923697 0.000000
1693966850643328646 145.177817 0.000000
1693966850717514299 144.992121 0.000000
1693966850788312848 144.732397 0.000000
1693966851007441163 144.767910 0.000000
1693966851078352128 144.668539 0.000000
1693966851079237677 144.597800 0.000000
1693966851079731756 144.484170 0.000000
1693966851150691840 144.602700 0.000000
1693966851222653298 144.634069 0.000000
1693966851222668473 144.672433 0.000000
1693966851224015279 144.753968 0.000000
1693966851513943060 144.662921 0.000000
1693966851584827007 144.833888 0.000000
1693966851584934166 144.623545 0.000000
1693966851658048941 144.511133 0.000000
1693966851658908614 144.604826 0.000000
1693966851729674533 144.574560 0.000000
1693966851732100056 144.964557 0.000000
1693966851802799073 144.730603 0.000000
1693966851948998792 144.497787 0.000000
1693966852020904570 144.645395 0.000000
1693966852237455868 144.723671 0.000000
1693966852309389736 144.643445 0.000000
1693966852526999375 144.565258 0.000000
1693966852598987940 144.742410 0.000000
1693966852745163743 144.947838 0.000000
1693966852889069433 144.491432 0.000000
1693966852889622461 144.436871 0.000000
1693966852962851874 144.740396 0.000000
1693966853033920894 144.569048 0.000000
1693966853035325223 144.873755 0.000000
1693966853105889115 144.590284 0.000000
1693966853179195950 144.588317 0.000000
1693966853252571500 144.551631 0.000000
1693966853395564067 144.649550 0.000000
1693966853397215522 144.873124 0.000000
1693966853613259013 144.534346 0.000000
1693966853757629629 144.579793 0.000000
1693966853904014337 144.597295 0.000000
1693966853976589145 144.711543 0.000000
1693966854265285021 144.800479 0.000000
1693966854337894864 144.915108 0.000000
1693966854338629438 144.600434 0.000000
1693966854482508617 144.624914 0.000000
1693966854628623276 144.631999 0.000000
1693966854701387680 144.824907 0.000000
