1693966687211412138 124.464741 129.211847 122 16 0.000000
1693966688261915726 129.698253 125.654022 132 16 0.000000
1693966689241049840 126.224835 124.599908 122 16 0.000000
1693966690267026526 125.161020 128.657893 132 16 0.000000
1693966691271141324 123.026816 130.463171 131 16 0.000000
1693966692226381271 126.891628 126.669745 121 16 0.000000
1693966693251396814 126.282488 124.876154 128 16 0.000000
1693966694255605251 125.216711 126.467746 127 16 0.000000
1693966695235416966 129.334719 124.513717 122 16 0.000000
1693966696260666841 124.017117 129.724498 133 16 0.000000
1693966697264800091 124.171151 128.469005 129 16 0.000000
1693966698265213484 124.048208 126.947498 127 16 0.000000
1693966699269694672 126.387490 129.420068 130 16 0.000000
1693966700274211647 132.252713 116.473889 117 16 0.000000
1693966701274202163 125.967015 130.001209 130 16 0.000000
1693966702278332427 126.806284 127.473506 128 16 0.000000
1693966703278162608 127.288121 124.021073 124 16 0.000000
1693966704283993886 129.234656 125.269522 126 16 0.000000
1693966705288689091 126.299847 123.420514 124 16 0.000000
1693966706288224339 125.870882 128.059519 128 16 0.000000
1693966707293816118 127.364876 128.282656 129 16 0.000000
1693966708292607419 124.361982 125.151268 125 16 0.000000
1693966709298193431 127.078083 126.294528 127 16 0.000000
1693966710278068279 125.154666 130.628925 128 16 0.000000
1693966711276975402 126.308565 124.135658 124 16 0.000000
1693966712282948699 125.081841 129.228099 130 16 0.000000
1693966713286573838 124.327237 129.530439 130 16 0.000000
1693966714287182335 124.308847 125.923373 126 16 0.000000
1693966715292437047 125.762175 130.315233 131 16 0.000000
1693966716291069716 129.560184 122.167024 122 16 0.000000
1693966717296865270 126.986860 125.273987 126 16 0.000000
1693966718302735672 125.131028 128.247119 129 16 0.000000
1693966719301824946 128.783172 122.111201 122 16 0.000000
1693966720307320820 129.375724 123.322243 124 16 0.000000
1693966721310966946 125.997183 129.527729 130 16 0.000000
1693966722312415279 123.596327 130.810557 131 16 0.000000
1693966723316654232 125.004714 126.463931 127 16 0.000000
1693966724318554635 128.052871 125.760984 126 16 0.000000
1693966725320316249 126.573266 125.778426 126 16 0.000000
1693966726301058751 123.147335 128.474090 126 16 0.000000
1693966727323961583 121.149145 131.977345 135 16 0.000000
1693966728304946343 122.375750 130.481125 128 16 0.000000
1693966729328020718 131.615826 122.180759 125 16 0.000000
1693966730311242222 124.174786 131.201361 129 16 0.000000
1693966731315784243 129.557013 121.448395 122 16 0.000000
1693966732318106911 122.260373 132.691802 133 16 0.000000
1693966733320722419 126.008628 125.671308 126 16 0.000000
1693966734326518679 125.016130 126.268117 127 16 0.000000
1693966735327934661 124.866389 130.814748 131 16 0.000000
1693966736330823954 124.362792 124.639879 125 16 0.000000
1693966737336389811 130.492669 126.297047 127 16 0.000000
1693966738336072934 125.195395 127.040258 127 16 0.000000
1693966739340673254 129.740219 121.441347 122 16 0.000000
1693966740340928461 128.758843 126.967580 127 16 0.000000
1693966741320521668 124.178022 126.583176 124 16 0.000000
1693966742345142128 127.072272 126.876230 130 16 0.000000
1693966743347346326 121.543251 131.709686 132 16 0.000000
1693966744330325380 127.831461 124.112509 122 16 0.000000
1693966745333951474 125.078970 129.530333 130 16 0.000000
1693966746332512261 123.202167 131.188797 131 16 0.000000
1693966747339355695 124.271900 125.143580 126 16 0.000000
1693966748339529893 125.869363 131.977032 132 16 0.000000
1693966749349353187 127.685485 119.822925 121 16 0.000000
1693966750349398683 129.913174 126.994223 127 16 0.000000
1693966751349404061 123.124614 127.999311 128 16 0.000000
1693966752355135415 129.585345 123.293381 124 16 0.000000
1693966753358460041 119.372980 136.546014 137 16 0.000000
1693966754332864018 125.292818 128.283567 125 16 0.000000
1693966755362657257 126.281516 124.296783 128 16 0.000000
1693966756362271811 126.912092 124.047809 124 16 0.000000
1693966757347270231 126.375800 127.918988 126 16 0.000000
1693966758367155319 127.792009 127.465343 130 16 0.000000
1693966759352219766 129.645102 122.834615 121 16 0.000000
1693966760358423291 124.041934 126.216994 127 16 0.000000
1693966761373244539 127.699742 127.115980 129 16 0.000000
1693966762356812884 129.319711 122.004743 120 16 0.000000
1693966763362976144 124.827197 131.191427 132 16 0.000000
1693966764366563647 124.250390 127.542447 128 16 0.000000
1693966765373510157 124.225496 127.116995 128 16 0.000000
1693966766370866877 125.265399 130.344523 130 16 0.000000
1693966767376248054 125.074150 125.325601 126 16 0.000000
1693966768378003363 125.038489 130.770447 131 16 0.000000
1693966769375661943 127.285973 124.291029 124 16 0.000000
1693966770386045207 124.034193 126.684609 128 16 0.000000
1693966771386141304 124.095095 131.987319 132 16 0.000000
1693966772382275206 124.107866 125.485124 125 16 0.000000
1693966773390381472 131.694891 121.019007 122 16 0.000000
1693966774390413337 124.830680 129.995847 130 16 0.000000
1693966775366641075 126.275935 127.019533 124 16 0.000000
1693966776381139885 126.220702 127.156384 129 16 0.000000
1693966777374504863 125.243740 130.868310 130 16 0.000000
1693966778383150479 125.086598 123.928564 125 16 0.000000
1693966779386490264 121.161966 133.553981 134 16 0.000000
1693966780357862696 124.039159 130.742842 127 16 0.000000
1693966781394710405 126.174755 125.380041 130 16 0.000000
1693966782387428449 127.946186 125.916890 125 16 0.000000
1693966783397054196 123.098395 126.779681 128 16 0.000000
1693966784399125913 127.894058 128.733301 129 16 0.000000
1693966785396710263 123.179415 126.305089 126 16 0.000000
1693966786408607300 127.129561 128.471563 130 16 0.000000
1693966787402738141 121.169033 132.779304 132 16 0.000000
1693966788411716498 124.092783 124.878800 126 16 0.000000
1693966789391915535 128.095025 128.545344 126 16 0.000000
1693966790410780165 129.186296 121.704083 124 16 0.000000
1693966791390596496 124.117902 128.595520 126 16 0.000000
1693966792399555414 125.958967 129.836823 131 16 0.000000
1693966793396029296 124.505768 126.445863 126 16 0.000000
1693966794406186951 129.143056 125.722945 127 16 0.000000
1693966795383961465 128.576354 124.773150 122 16 0.000000
1693966796409721065 129.593979 119.911118 123 16 0.000000
1693966797413690696 122.204959 134.466240 135 16 0.000000
1693966798369447321 125.268423 127.647557 122 16 0.000000
1693966799419845225 125.237104 124.714639 131 16 0.000000
1693966800421649754 129.304808 124.774827 125 16 0.000000
1693966801428208626 127.127495 125.178982 126 16 0.000000
1693966802429120926 127.855890 128.882421 129 16 0.000000
1693966803406623545 122.197720 128.899916 126 16 0.000000
1693966804433026628 122.031222 130.552976 134 16 0.000000
1693966805413486570 127.669468 126.471277 124 16 0.000000
1693966806434736354 127.849082 121.419843 124 16 0.000000
1693966807417242309 131.106926 124.172288 122 16 0.000000
1693966808422909354 129.751747 125.289975 126 16 0.000000
1693966809426271499 127.533528 122.587822 123 16 0.000000
1693966810427476656 125.080474 128.844737 129 16 0.000000
1693966811429645002 130.507276 119.740350 120 16 0.000000
1693966812434084034 128.680378 125.443173 126 16 0.000000
1693966813436700852 131.189635 124.673747 125 16 0.000000
1693966814440207409 124.028831 126.556213 127 16 0.000000
1693966815440424544 127.104616 125.972661 126 16 0.000000
1693966816445128634 130.249192 124.414731 125 16 0.000000
1693966817447105842 130.886965 117.767142 118 16 0.000000
1693966818448985858 131.594366 126.761707 127 16 0.000000
1693966819454102390 125.892831 126.353487 127 16 0.000000
1693966820451936149 128.384937 124.269221 124 16 0.000000
1693966821457323048 127.155980 124.330239 125 16 0.000000
1693966822456798308 128.350926 125.065609 125 16 0.000000
1693966823440476954 125.494153 127.074021 125 16 0.000000
1693966824442390163 127.075839 126.757486 127 16 0.000000
1693966825444662110 129.287605 122.721202 123 16 0.000000
1693966826447106032 124.260196 131.678185 132 16 0.000000
1693966827450999869 137.640568 114.553949 115 16 0.000000
1693966828455718079 126.015793 128.394189 129 16 0.000000
1693966829431160049 129.163183 123.021175 120 16 0.000000
1693966830459833115 127.081241 123.460025 127 16 0.000000
1693966831463234193 125.133537 131.552557 132 16 0.000000
1693966832465234820 127.519208 122.754425 123 16 0.000000
1693966833468794461 124.881936 128.542420 129 16 0.000000
1693966834468884322 126.429209 128.988408 129 16 0.000000
1693966835474207148 125.351022 127.322310 128 16 0.000000
1693966836476344219 127.215932 124.733418 125 16 0.000000
1693966837453728446 124.332854 128.915545 126 16 0.000000
1693966838477991103 127.277894 123.991621 127 16 0.000000
1693966839481671235 129.376971 123.545350 124 16 0.000000
1693966840441449334 129.316366 127.112712 122 16 0.000000
1693966841469505487 126.097608 123.534092 127 16 0.000000
1693966842470753806 124.986459 131.835427 132 16 0.000000
1693966843473948863 126.560652 122.608260 123 16 0.000000
1693966844478016317 124.865875 130.469322 131 16 0.000000
1693966845477966626 130.441916 123.006112 123 16 0.000000
1693966846483912809 124.291747 125.255208 126 16 0.000000
1693966847484818127 129.365066 126.885130 127 16 0.000000
1693966848488925798 128.517894 122.496823 123 16 0.000000
1693966849492846488 123.509334 127.500111 128 16 0.000000
1693966850493928324 123.172416 132.856269 133 16 0.000000
1693966851473876605 127.072374 126.537291 124 16 0.000000
1693966852498237907 125.014162 123.979693 127 16 0.000000
1693966853478845124 125.333629 131.551143 129 16 0.000000
1693966854500356527 127.151856 120.409816 123 16 0.000000
