1693966686287313238 77.537334 210.385142 197 16 0.000000
1693966687301460472 78.822301 201.154192 204 16 0.000000
1693966688314693052 76.784049 210.218303 213 16 0.000000
1693966689328858075 76.917069 206.080859 209 16 0.000000
1693966690342907281 75.797388 211.035122 214 16 0.000000
1693966691356524302 75.748519 212.111674 215 16 0.000000
1693966692297675613 78.386527 204.005418 192 16 0.000000
1693966693310966021 78.323674 204.284968 207 16 0.000000
1693966694324338057 76.839327 208.215767 211 16 0.000000
1693966695337564715 74.716065 215.154226 218 16 0.000000
1693966696352487408 76.211695 208.882906 212 16 0.000000
1693966697367686753 77.689423 206.855916 210 16 0.000000
1693966698310707674 75.427040 212.084382 200 16 0.000000
1693966699325469765 76.188114 207.930477 211 16 0.000000
1693966700338982555 75.427422 214.106856 217 16 0.000000
1693966701353871548 75.852078 209.875163 213 16 0.000000
1693966702367520517 75.427695 213.091528 216 16 0.000000
1693966703382230480 77.690971 204.984683 208 16 0.000000
1693966704323584999 74.934144 213.522104 201 16 0.000000
1693966705338321872 76.165870 210.892111 214 16 0.000000
1693966706353087406 75.831151 210.886152 214 16 0.000000
1693966707366748180 75.776934 211.115988 214 16 0.000000
1693966708380449562 75.457113 211.107541 214 16 0.000000
1693966709394399776 75.492623 209.083232 212 16 0.000000
1693966710334966505 77.968481 206.258635 194 16 0.000000
1693966711348635507 77.845300 207.168211 210 16 0.000000
1693966712361427129 75.696309 212.284522 215 16 0.000000
1693966713374912187 75.087949 211.152620 214 16 0.000000
1693966714388267575 76.113924 212.166433 215 16 0.000000
1693966715402400967 75.498407 210.031542 213 16 0.000000
1693966716416193595 77.882187 198.265392 201 16 0.000000
1693966717359196102 78.887051 212.088519 200 16 0.000000
1693966718373334806 76.190790 210.030443 213 16 0.000000
1693966719387409636 76.494976 209.057549 212 16 0.000000
1693966720401389609 76.525769 209.077097 212 16 0.000000
1693966721414734028 74.748871 214.142406 217 16 0.000000
1693966722428469830 75.237873 204.195216 207 16 0.000000
1693966723370903468 76.325259 217.521944 205 16 0.000000
1693966724385677682 77.633674 206.942589 210 16 0.000000
1693966725400550253 76.189846 208.893209 212 16 0.000000
1693966726414052060 76.856964 208.189051 211 16 0.000000
1693966727428126474 74.789292 213.988275 217 16 0.000000
1693966728441482419 76.918805 205.258570 208 16 0.000000
1693966729384084902 76.777916 212.178503 200 16 0.000000
1693966730398851991 75.885457 208.914950 212 16 0.000000
1693966731412755546 75.389920 214.024274 217 16 0.000000
1693966732426672194 76.166886 209.090202 212 16 0.000000
1693966733439878547 75.440580 213.184604 216 16 0.000000
1693966734454100714 76.708533 202.125331 205 16 0.000000
1693966735397363654 75.680071 216.270569 204 16 0.000000
1693966736411501343 77.206702 209.044560 212 16 0.000000
1693966737425886465 76.512226 208.993635 212 16 0.000000
1693966738439761935 74.397497 215.016544 218 16 0.000000
1693966739453439288 75.450994 211.112537 214 16 0.000000
1693966740465960182 75.682551 200.489660 203 16 0.000000
1693966741409988454 76.216619 221.391703 209 16 0.000000
1693966742424005824 76.881127 209.069393 212 16 0.000000
1693966743438555466 76.215383 208.959714 212 16 0.000000
1693966744453245813 76.886421 207.945214 211 16 0.000000
1693966745466882404 77.235010 208.161362 211 16 0.000000
1693966746408298978 75.722069 210.321382 198 16 0.000000
1693966747422596082 77.238344 207.039927 210 16 0.000000
1693966748436932711 75.810036 210.975327 214 16 0.000000
1693966749451129595 76.522032 210.018393 213 16 0.000000
1693966750465192946 76.546110 208.073786 211 16 0.000000
1693966751479722701 77.206575 207.978096 211 16 0.000000
1693966752420997197 75.748166 209.290737 197 16 0.000000
1693966753434596010 76.798183 210.142243 213 16 0.000000
1693966754448895310 75.824789 209.997258 213 16 0.000000
1693966755462745159 76.517754 210.090281 213 16 0.000000
1693966756477023192 74.054451 215.917128 219 16 0.000000
1693966757491152843 77.595941 206.088040 209 16 0.000000
1693966758433537298 77.748492 205.860791 194 16 0.000000
1693966759447299002 75.837289 208.135697 211 16 0.000000
1693966760461002429 77.173755 210.120627 213 16 0.000000
1693966761476660795 76.981827 207.747021 211 16 0.000000
1693966762490735928 76.184801 208.071367 211 16 0.000000
1693966763505320815 76.889740 208.952452 212 16 0.000000
1693966764446773647 77.220992 207.126676 195 16 0.000000
1693966765461114680 76.181327 209.988554 213 16 0.000000
1693966766474848144 76.866014 208.141461 211 16 0.000000
1693966767489258015 76.866952 208.988535 212 16 0.000000
1693966768502458272 76.860186 207.264064 210 16 0.000000
1693966769516393541 76.165080 208.100070 211 16 0.000000
1693966770530102453 78.652304 206.173576 209 16 0.000000
1693966771472730950 75.793410 208.990084 197 16 0.000000
1693966772486924617 76.895612 209.033050 212 16 0.000000
1693966773500578036 77.225320 206.184875 209 16 0.000000
1693966774513548306 76.095701 211.259904 214 16 0.000000
1693966775528021719 77.592014 207.003946 210 16 0.000000
1693966776541967284 76.172736 209.084203 212 16 0.000000
1693966777484418086 77.658893 206.907344 195 16 0.000000
1693966778498595612 75.838948 209.036350 212 16 0.000000
1693966779512477806 76.509246 211.069924 214 16 0.000000
1693966780527262096 75.453520 210.882256 214 16 0.000000
1693966781540988397 77.583328 207.156510 210 16 0.000000
1693966782554490210 76.502574 209.175698 212 16 0.000000
1693966783495852414 74.571682 214.582706 202 16 0.000000
1693966784510389930 75.123005 212.904888 216 16 0.000000
1693966785525063822 76.243726 207.948590 211 16 0.000000
1693966786539812256 76.169595 210.889704 214 16 0.000000
1693966787553650563 76.160327 210.092675 213 16 0.000000
1693966788567807009 76.130726 211.012804 214 16 0.000000
1693966789509308856 75.305961 212.426528 200 16 0.000000
1693966790523342503 75.450994 211.038393 214 16 0.000000
1693966791537408028 76.172233 209.059474 212 16 0.000000
1693966792551123148 76.150555 210.118170 213 16 0.000000
1693966793565061766 75.463427 212.044427 215 16 0.000000
1693966794580193386 76.881988 208.839907 212 16 0.000000
1693966795526325792 76.896538 209.273043 198 16 0.000000
1693966796541822709 76.950750 207.780050 211 16 0.000000
1693966797556871242 74.465057 214.768055 218 16 0.000000
1693966798570712037 76.176204 208.119461 211 16 0.000000
1693966799584007843 77.881513 207.244517 210 16 0.000000
1693966800526006032 76.110273 210.191479 198 16 0.000000
1693966801540562458 75.855514 209.943975 213 16 0.000000
1693966802554722098 75.794156 211.012143 214 16 0.000000
1693966803568880606 76.571403 207.068224 210 16 0.000000
1693966804583478754 76.495101 210.920956 214 16 0.000000
1693966805597394088 76.178197 211.062976 214 16 0.000000
1693966806539658204 75.335329 212.254715 200 16 0.000000
1693966807554367046 74.448794 213.854448 217 16 0.000000
1693966808567952055 78.320093 204.225595 207 16 0.000000
1693966809581784166 77.650933 206.148530 209 16 0.000000
1693966810596339673 76.510518 209.944156 213 16 0.000000
1693966811609401001 78.730406 202.356952 205 16 0.000000
1693966812551421613 75.705228 210.186480 198 16 0.000000
1693966813564636966 76.414952 211.208801 214 16 0.000000
1693966814578064145 74.764386 213.138157 216 16 0.000000
1693966815591934684 77.257082 205.154398 208 16 0.000000
1693966816604800642 76.412524 211.281659 214 16 0.000000
1693966817619149550 75.870181 208.015207 211 16 0.000000
1693966818560493694 79.560932 203.963652 192 16 0.000000
1693966819573957559 76.156120 208.196879 211 16 0.000000
1693966820587461279 77.533489 208.188671 211 16 0.000000
1693966821601254752 75.439429 211.088358 214 16 0.000000
1693966822616029595 77.247724 207.927905 211 16 0.000000
1693966823628965647 76.836590 208.305350 211 16 0.000000
1693966824643309491 76.516732 209.987966 213 16 0.000000
1693966825585644100 75.742762 207.994052 196 16 0.000000
1693966826600048819 77.980329 206.032156 209 16 0.000000
1693966827613414801 77.907749 207.230181 210 16 0.000000
1693966828627016255 76.523656 208.168604 211 16 0.000000
1693966829640703096 75.424752 212.097061 215 16 0.000000
1693966830655579907 74.817119 214.804396 218 16 0.000000
1693966831597614543 75.748316 210.183355 198 16 0.000000
1693966832612078722 75.475383 211.934540 215 16 0.000000
1693966833627452836 76.154244 210.759723 214 16 0.000000
1693966834640458899 77.577366 205.329504 208 16 0.000000
1693966835654406986 77.600161 206.124951 209 16 0.000000
1693966836667781774 75.768132 212.162372 215 16 0.000000
1693966837608639382 74.563560 211.509158 199 16 0.000000
1693966838621809457 76.414061 211.218238 214 16 0.000000
1693966839634940416 76.442885 210.239359 213 16 0.000000
1693966840649566662 75.134333 212.886272 216 16 0.000000
1693966841663490408 76.160072 208.102416 211 16 0.000000
1693966842676818564 75.740472 213.159003 216 16 0.000000
1693966843618304663 75.711191 210.305814 198 16 0.000000
1693966844631886646 77.916964 206.199403 209 16 0.000000
1693966845645911221 75.826246 210.054078 213 16 0.000000
1693966846659710597 77.618340 204.182414 207 16 0.000000
1693966847673160573 75.386246 215.106813 218 16 0.000000
1693966848687232330 77.237212 207.085936 210 16 0.000000
1693966849629483785 76.505702 209.073683 197 16 0.000000
1693966850645487304 76.310701 208.660718 212 16 0.000000
1693966851659687891 77.998720 204.101633 207 16 0.000000
1693966852673165911 75.782654 212.140767 215 16 0.000000
1693966853687125952 77.277169 205.136290 208 16 0.000000
1693966854701572540 76.850717 210.952456 214 16 0.000000
