1694825592008701912 213.178678 0.000000
1694825593250479623 271.694551 0.000000
1694825594316578891 214.740413 0.000000
1694825596157473391 214.210659 0.000000
1694825599525034399 213.640410 0.000000
1694825599702753678 213.537977 0.000000
1694825603458867700 213.911111 0.000000
1694825604089165929 213.663159 0.000000
1694825605093915792 214.015530 0.000000
1694825606539098118 213.963266 0.000000
1694825607738925046 272.853071 0.000000
1694825609284041583 214.168145 0.000000
1694825610710791087 213.382143 0.000000
1694825611662609795 213.926795 0.000000
1694825612222057652 213.463251 0.000000
1694825612291631975 271.846063 0.000000
1694825613768246144 213.816996 0.000000
1694825615071974827 213.364680 0.000000
1694825615503424225 213.074489 0.000000
1694825616420587840 213.578167 0.000000
1694825617468227264 214.366605 0.000000
1694825617890296993 213.488609 0.000000
1694825619500550051 213.512299 0.000000
1694825620068239416 272.581247 0.000000
1694825620555623773 213.900995 0.000000
1694825620819861904 213.771280 0.000000
1694825620821995331 213.987219 0.000000
1694825621819566376 271.577627 0.000000
1694825622165064039 272.104266 0.000000
1694825623067223464 214.251626 0.000000
1694825623920897024 273.495197 0.000000
1694825624275736101 213.408248 0.000000
1694825625850571519 213.464964 0.000000
1694825626558041596 213.467721 0.000000
1694825627578442790 213.386568 0.000000
1694825628734996879 214.082763 0.000000
1694825630832276011 214.386125 0.000000
1694825631510362889 214.585188 0.000000
1694825631653979968 213.281245 0.000000
1694825632118822716 214.604039 0.000000
1694825633569365575 214.345011 0.000000
1694825635094827137 214.061547 0.000000
1694825636984262446 213.730599 0.000000
1694825637910535674 213.215885 0.000000
1694825639358317754 214.333029 0.000000
1694825640089554984 214.228261 0.000000
1694825640462091493 213.857628 0.000000
1694825641936511912 214.146794 0.000000
1694825644368311057 214.202224 0.000000
1694825644762643144 213.808176 0.000000
1694825644899003821 213.503686 0.000000
1694825645016560510 272.598225 0.000000
1694825645470845255 213.419145 0.000000
1694825645524966084 214.287072 0.000000
1694825645692453141 213.260351 0.000000
1694825649350224929 213.641952 0.000000
1694825649669498752 272.772770 0.000000
1694825651438778122 213.357665 0.000000
1694825651944267363 272.025167 0.000000
1694825652710067077 213.507809 0.000000
1694825653114411398 213.870131 0.000000
1694825653833507251 213.718738 0.000000
1694825653839208676 213.855511 0.000000
1694825654215384922 214.282651 0.000000
1694825655183523412 214.524472 0.000000
1694825656147483227 214.373339 0.000000
1694825656232232520 272.717779 0.000000
1694825657365773784 213.773548 0.000000
1694825657648025354 213.904807 0.000000
1694825658625022980 271.897191 0.000000
1694825658814356387 213.389257 0.000000
1694825659730228044 213.411280 0.000000
1694825661105354949 213.754032 0.000000
1694825662214251784 272.460071 0.000000
1694825662677718543 214.042936 0.000000
1694825663998061488 271.752649 0.000000
1694825664461568100 213.618719 0.000000
1694825664924715320 213.712677 0.000000
1694825665683214209 271.943746 0.000000
1694825665897073662 213.855383 0.000000
1694825666134447615 213.674116 0.000000
1694825666531241581 214.217234 0.000000
1694825668747635680 213.717091 0.000000
1694825669774105682 213.284038 0.000000
1694825671120132831 214.538132 0.000000
1694825672230127209 213.005765 0.000000
1694825672812786005 213.370446 0.000000
1694825674860493524 213.949098 0.000000
1694825674986984738 214.198301 0.000000
1694825675023893136 214.048759 0.000000
1694825676511574918 213.670620 0.000000
1694825677002352061 214.166123 0.000000
1694825677957066913 213.670316 0.000000
1694825679171641755 213.363623 0.000000
1694825679309019615 271.798532 0.000000
1694825679309087913 271.907134 0.000000
1694825679673009298 213.591470 0.000000
1694825680927954140 214.598950 0.000000
1694825681327276257 213.668115 0.000000
1694825682972912909 213.834035 0.000000
1694825685026682979 213.380998 0.000000
1694825686468138800 214.159193 0.000000
1694825691570444286 213.609064 0.000000
1694825692685309319 214.432268 0.000000
1694825695240317398 271.839375 0.000000
1694825696136532283 213.366996 0.000000
1694825697153183229 213.792677 0.000000
1694825697819761953 353.071137 0.000000
1694825698435213665 213.352274 0.000000
1694825699144585202 213.688821 0.000000
1694825699176346799 213.757445 0.000000
1694825699204970034 214.091692 0.000000
1694825699486553016 214.323145 0.000000
1694825699606992239 216.601814 0.000000
1694825699864484948 214.301284 0.000000
1694825700151849342 213.547980 0.000000
1694825700317255573 213.712447 0.000000
1694825700540009282 213.059343 0.000000
1694825700909697859 214.244523 0.000000
1694825701489433254 213.805437 0.000000
1694825702418615757 214.098544 0.000000
1694825702502977956 272.950239 0.000000
1694825703916791239 214.117017 0.000000
1694825703925928024 214.354302 0.000000
1694825704872778539 214.379958 0.000000
1694825705845266864 214.208571 0.000000
1694825706267912873 213.828648 0.000000
1694825706705403497 214.298652 0.000000
1694825709006709157 213.846007 0.000000
1694825709099200706 214.003555 0.000000
1694825709774174886 213.419955 0.000000
1694825712739339483 214.323648 0.000000
1694825713106336714 214.035535 0.000000
1694825713399263721 213.421039 0.000000
1694825713479072866 213.427509 0.000000
1694825713888982731 272.845658 0.000000
1694825717071242271 213.931560 0.000000
1694825719253682427 214.020398 0.000000
1694825719860119645 214.032881 0.000000
1694825719931339038 213.432531 0.000000
1694825720537634398 214.073722 0.000000
1694825721680214960 214.010373 0.000000
1694825722265515002 214.320243 0.000000
1694825722487275300 214.381594 0.000000
1694825723562308616 272.476790 0.000000
1694825724710743928 214.070441 0.000000
1694825725107456783 214.024033 0.000000
1694825725691224708 213.763547 0.000000
1694825726335129109 213.173326 0.000000
1694825728476953667 213.397934 0.000000
1694825729883083278 213.877307 0.000000
1694825730670261998 272.026964 0.000000
1694825731665917968 213.382936 0.000000
1694825731892155466 214.116013 0.000000
1694825733570710080 213.825405 0.000000
1694825733865886777 213.440544 0.000000
1694825734410512007 214.283237 0.000000
1694825735741100035 214.133783 0.000000
1694825736108531906 213.946387 0.000000
1694825736252223176 214.060469 0.000000
1694825737037164937 213.482405 0.000000
1694825739842901727 213.943238 0.000000
1694825740002812887 214.255883 0.000000
1694825741125630444 213.946165 0.000000
1694825741531609883 214.459202 0.000000
1694825743553448907 213.552816 0.000000
1694825745413082356 214.153426 0.000000
1694825745764426030 272.222447 0.000000
1694825749177145783 214.384396 0.000000
1694825752768648721 214.005183 0.000000
1694825756594519830 214.134509 0.000000
1694825757877613363 214.319004 0.000000
1694825758543318251 214.472282 0.000000
1694825758677373001 271.991101 0.000000
