1694825590306843944 295.876979 0.000000
1694825593820805135 296.090671 0.000000
1694825594531448924 295.892799 0.000000
1694825595401248990 296.490684 0.000000
1694825596288812731 296.068467 0.000000
1694825597834446431 384.534237 0.000000
1694825599120004952 296.052606 0.000000
1694825599794054354 295.843403 0.000000
1694825599981123006 295.535016 0.000000
1694825603018261532 296.452157 0.000000
1694825603907272173 295.826649 0.000000
1694825605795857519 296.315312 0.000000
1694825606834888084 295.598433 0.000000
1694825607890423256 296.563854 0.000000
1694825609940299833 295.989348 0.000000
1694825610147122973 295.701727 0.000000
1694825615741348778 296.105739 0.000000
1694825619021540856 384.626466 0.000000
1694825623086716624 296.199987 0.000000
1694825623960227007 384.157008 0.000000
1694825625751465503 296.322201 0.000000
1694825629177143478 296.056016 0.000000
1694825630054358889 295.995476 0.000000
1694825631436279849 296.466807 0.000000
1694825631877713109 296.464301 0.000000
1694825632432237162 295.895190 0.000000
1694825632898293776 295.635563 0.000000
1694825635591873724 296.277607 0.000000
1694825635627676013 295.537162 0.000000
1694825636233098582 296.016482 0.000000
1694825636288229092 296.439741 0.000000
1694825636933667079 298.297132 0.000000
1694825636933734134 383.921540 0.000000
1694825638915621954 384.111198 0.000000
1694825642040171121 384.856967 0.000000
1694825642768976509 295.817877 0.000000
1694825644872019449 296.332297 0.000000
1694825645995670556 384.466770 0.000000
1694825646986346974 295.795435 0.000000
1694825647268191894 296.332413 0.000000
1694825649010410289 295.828945 0.000000
1694825651798854097 296.077347 0.000000
1694825652586264671 295.218541 0.000000
1694825652663727853 295.603102 0.000000
1694825653491212765 384.314182 0.000000
1694825654844895270 295.614997 0.000000
1694825655670271903 295.657891 0.000000
1694825656620192313 384.022367 0.000000
1694825657058232547 295.472034 0.000000
1694825660471010074 295.737922 0.000000
1694825661161126687 384.694852 0.000000
1694825661161154752 364.955256 0.000000
1694825661985099499 296.239047 0.000000
1694825662967275718 295.980242 0.000000
1694825669764963064 384.142511 0.000000
1694825673806859139 296.043590 0.000000
1694825674034067940 295.433761 0.000000
1694825674104997326 296.198386 0.000000
1694825674201940824 295.558627 0.000000
1694825676346434252 384.149749 0.000000
1694825676644929913 295.413072 0.000000
1694825678612794267 384.495589 0.000000
1694825686798527099 295.722841 0.000000
1694825688109478035 295.935311 0.000000
1694825689547183602 295.474780 0.000000
1694825691861006162 295.483294 0.000000
1694825692944925860 296.171689 0.000000
1694825693142180753 295.351722 0.000000
1694825694387837468 383.748328 0.000000
1694825696485257010 384.102059 0.000000
1694825697874089316 384.108462 0.000000
1694825699520690552 296.340550 0.000000
1694825699628035657 296.182142 0.000000
1694825701865502688 295.477485 0.000000
1694825703686302189 296.204805 0.000000
1694825703738395687 295.441010 0.000000
1694825705058091715 295.922124 0.000000
1694825705372900043 296.102197 0.000000
1694825709147502909 295.533924 0.000000
1694825710630763658 385.380730 0.000000
1694825711270425509 296.274106 0.000000
1694825712290621641 296.324704 0.000000
1694825712819735730 295.880635 0.000000
1694825713649464000 295.569364 0.000000
1694825715091608259 295.724060 0.000000
1694825717469781773 295.464337 0.000000
1694825718181424388 296.195943 0.000000
1694825723730901401 296.166510 0.000000
1694825724193575403 295.531516 0.000000
1694825724471084682 295.835092 0.000000
1694825724884145125 384.163044 0.000000
1694825728302455685 296.300818 0.000000
1694825729114262724 295.730371 0.000000
1694825729988378943 295.540487 0.000000
1694825736151898451 295.165374 0.000000
1694825737708240286 295.575623 0.000000
1694825738298046338 295.714305 0.000000
1694825738730023186 296.066496 0.000000
1694825740008803283 295.515290 0.000000
1694825742744755606 384.520368 0.000000
1694825744771312512 296.309402 0.000000
1694825746581836157 296.315384 0.000000
1694825746658885896 296.315554 0.000000
1694825747608012422 383.732475 0.000000
1694825749476002150 295.862547 0.000000
1694825749522619211 295.950691 0.000000
1694825749670998812 296.129771 0.000000
1694825750396350822 295.322336 0.000000
1694825750489279315 295.894482 0.000000
1694825751782285777 295.439209 0.000000
1694825753127844516 295.840878 0.000000
1694825756269069212 296.345057 0.000000
1694825758211763374 295.422838 0.000000
1694825758542785563 295.681526 0.000000
