1695208361738765603 76.495166 213.490844 213 16 0.000000
1695208362706487273 78.442626 198.404123 192 16 0.000000
1695208363719994514 75.413974 213.121318 216 16 0.000000
1695208364733098159 76.931214 206.296782 209 16 0.000000
1695208365746304164 76.434612 211.210761 214 16 0.000000
1695208366735264086 77.280798 209.310798 207 16 0.000000
1695208367748492735 76.779377 210.219088 213 16 0.000000
1695208368712771675 78.020550 199.112507 192 16 0.000000
1695208369725936331 77.572873 207.271323 210 16 0.000000
1695208370739065516 77.238153 206.291560 209 16 0.000000
1695208371752403507 77.896479 207.235903 210 16 0.000000
1695208372765758733 77.638183 205.258710 208 16 0.000000
1695208373758513403 77.954301 208.510751 207 16 0.000000
1695208374769785050 79.333816 194.804248 197 16 0.000000
1695208375734237942 75.890171 215.666254 208 16 0.000000
1695208376747930918 75.809743 210.122842 213 16 0.000000
1695208377761596677 78.013909 204.209296 207 16 0.000000
1695208378774620771 79.487569 200.390100 203 16 0.000000
1695208379767358809 78.264843 209.521570 208 16 0.000000
1695208380781011238 77.964077 205.198541 208 16 0.000000
1695208381741217035 77.558835 204.122893 196 16 0.000000
1695208382753817926 78.275823 203.436534 206 16 0.000000
1695208383748054462 79.903311 202.165163 201 16 0.000000
1695208384779306112 78.313989 202.666347 209 16 0.000000
1695208385791754235 75.420490 212.356559 215 16 0.000000
1695208386789761294 79.989397 201.401350 201 16 0.000000
1695208387746724722 76.756325 206.904463 198 16 0.000000
1695208388759646284 77.584666 207.321089 210 16 0.000000
1695208389772363375 76.492652 209.337832 212 16 0.000000
1695208390785021083 75.119107 213.300138 216 16 0.000000
1695208391787087475 77.638449 207.571071 208 16 0.000000
1695208392800824959 77.990964 203.208439 206 16 0.000000
1695208393751731910 77.187250 205.067372 195 16 0.000000
1695208394765386723 76.840104 210.130682 213 16 0.000000
1695208395778339757 77.944631 205.340253 208 16 0.000000
1695208396791303246 76.807822 207.312493 210 16 0.000000
1695208397804832047 75.808307 210.156811 213 16 0.000000
1695208398817990913 79.763582 203.324485 206 16 0.000000
1695208399822581192 74.559180 202.072451 203 16 0.000000
1695208400771114494 77.603064 219.285893 208 16 0.000000
1695208401783522076 79.498487 200.512148 203 16 0.000000
1695208402796053387 77.179441 208.388605 211 16 0.000000
1695208403809006205 76.177482 209.289137 212 16 0.000000
1695208404822120986 76.541613 209.255650 212 16 0.000000
1695208405835150489 76.142862 211.247563 214 16 0.000000
1695208406776782852 76.879437 208.149172 196 16 0.000000
1695208407790460215 76.527562 207.166511 210 16 0.000000
1695208408803951310 75.756021 212.138026 215 16 0.000000
1695208409818070183 75.777414 212.006711 215 16 0.000000
1695208410831947062 75.774547 211.070987 214 16 0.000000
1695208411844962916 75.746776 211.250397 214 16 0.000000
1695208412785854928 76.799797 207.250139 195 16 0.000000
1695208413799314141 77.910486 206.224381 209 16 0.000000
1695208414812721474 75.090107 213.142329 216 16 0.000000
1695208415826807083 75.117675 212.013660 215 16 0.000000
1695208416840329931 79.137697 200.291490 203 16 0.000000
1695208417854033686 75.370689 215.052966 218 16 0.000000
1695208418795444800 77.206391 207.135852 195 16 0.000000
1695208419808703490 76.096911 210.212848 213 16 0.000000
1695208420822032444 77.625402 203.290364 206 16 0.000000
1695208421834674027 76.726783 210.340945 213 16 0.000000
1695208422846888552 77.138296 208.453847 211 16 0.000000
1695208423860630414 77.263957 205.180437 208 16 0.000000
1695208424875035056 79.167830 201.103185 204 16 0.000000
1695208425816036093 79.164134 204.038031 192 16 0.000000
1695208426829340428 77.176989 208.229636 211 16 0.000000
1695208427842592546 78.745196 201.331931 204 16 0.000000
1695208428855990595 75.386086 212.157506 215 16 0.000000
1695208429869361192 75.785493 210.189634 213 16 0.000000
1695208430882214052 77.112226 209.309775 212 16 0.000000
1695208431823717733 75.272806 213.488237 201 16 0.000000
1695208432836418586 76.458262 208.353767 211 16 0.000000
1695208433849396485 77.191758 206.322369 209 16 0.000000
1695208434862841687 77.544728 206.227234 209 16 0.000000
1695208435875478307 80.104640 201.454297 204 16 0.000000
1695208436888441423 77.174311 206.325378 209 16 0.000000
1695208437901583576 77.201699 206.288924 209 16 0.000000
1695208438842524164 78.778613 204.051138 192 16 0.000000
1695208439855862580 75.787940 209.209431 212 16 0.000000
1695208440869117869 77.152969 209.226688 212 16 0.000000
1695208441882832363 77.217124 207.158920 210 16 0.000000
1695208442895684047 77.584228 204.373457 207 16 0.000000
1695208443908766815 77.865418 207.288099 210 16 0.000000
1695208444850175847 77.623358 205.011839 193 15 0.000000
1695208445864842596 77.955968 205.978957 209 16 0.000000
1695208446878137750 78.361842 202.310254 205 16 0.000000
1695208447892086688 76.450703 210.069720 213 16 0.000000
1695208448905366908 76.440073 211.195308 214 16 0.000000
1695208449918713259 76.175964 208.221015 211 16 0.000000
1695208450931840910 75.406157 214.188212 217 16 0.000000
1695208451873520837 78.485788 201.767067 190 16 0.000000
1695208452886178369 80.119032 201.450127 204 16 0.000000
1695208453899396458 76.855063 207.260428 210 16 0.000000
1695208454912958068 77.930698 206.203545 209 16 0.000000
1695208455925951028 75.403755 210.267996 213 16 0.000000
1695208456939253214 75.065287 210.203827 213 16 0.000000
1695208457880338824 76.684017 213.583132 201 16 0.000000
1695208458893643893 75.413698 210.203224 213 16 0.000000
1695208459907050138 76.775176 210.182235 213 16 0.000000
1695208460920074745 76.102667 210.261407 213 16 0.000000
1695208461933696072 77.640975 204.218307 207 16 0.000000
1695208462946907956 77.127116 209.235605 212 16 0.000000
1695208463959902048 76.833983 207.306241 210 16 0.000000
1695208464901345395 77.206706 208.190961 196 16 0.000000
1695208465914277404 79.088714 201.395552 204 16 0.000000
1695208466928482473 78.352317 203.114747 206 16 0.000000
1695208467940758419 77.496807 207.453314 210 16 0.000000
1695208468954196774 76.833544 209.188844 212 16 0.000000
1695208469967949922 75.771158 211.096758 214 16 0.000000
1695208470909536360 75.692378 210.283386 198 16 0.000000
1695208471927434147 79.459390 201.395481 205 16 0.000000
1695208472942738670 76.585336 207.819423 211 16 0.000000
1695208473956331432 76.475672 209.156979 212 16 0.000000
1695208474970020168 77.920892 207.164184 210 16 0.000000
1695208475983210107 78.689694 203.318246 206 16 0.000000
1695208476924547708 74.924465 213.525944 201 16 0.000000
1695208477938411122 75.436466 210.087469 213 16 0.000000
1695208478951697287 76.797797 210.207115 213 16 0.000000
1695208479965162345 76.491240 209.183371 212 16 0.000000
1695208480979056778 75.782767 211.067342 214 16 0.000000
1695208481992822647 76.858214 208.134843 211 16 0.000000
1695208483005882070 78.009893 202.357330 205 16 0.000000
1695208483946642590 76.757592 208.342069 196 16 0.000000
1695208484959991084 76.074737 212.167885 215 16 0.000000
1695208485974282419 76.156126 210.984742 214 16 0.000000
1695208486987364798 76.462255 208.275268 211 16 0.000000
1695208488001107005 77.263812 205.180368 208 16 0.000000
1695208489014840592 79.800110 202.222756 205 16 0.000000
1695208489956924588 77.272068 206.987904 195 16 0.000000
1695208490970566643 77.546228 206.187181 209 16 0.000000
1695208491983474543 76.095944 211.272921 214 16 0.000000
1695208492996790479 81.219983 193.424339 196 16 0.000000
1695208494010295852 78.216742 208.188377 211 16 0.000000
1695208495023844687 75.768406 211.139307 214 16 0.000000
1695208495964668490 76.437143 207.265165 195 16 0.000000
1695208496977883419 81.480312 195.417544 198 16 0.000000
1695208497990823482 77.875007 207.317326 210 16 0.000000
1695208499005387679 76.928755 205.999783 209 16 0.000000
1695208500018160829 75.012357 216.237936 219 16 0.000000
1695208501032075313 76.136247 210.076912 213 16 0.000000
1695208502045556249 73.754400 211.153464 214 16 0.000000
1695208502986706615 78.264927 208.255766 196 16 0.000000
1695208504000171314 76.791410 210.170114 213 16 0.000000
1695208505013540199 77.571520 206.242760 209 16 0.000000
1695208506027492955 76.905886 206.124004 209 16 0.000000
1695208507040724040 77.921084 205.283881 208 16 0.000000
1695208508054622906 75.773415 212.052721 215 16 0.000000
1695208508995280875 77.567198 206.238605 194 16 0.000000
1695208510009027547 74.770871 212.084542 215 16 0.000000
1695208511022303108 77.846299 208.235557 211 16 0.000000
1695208512035511513 74.043775 213.184004 216 16 0.000000
1695208513049881429 76.462220 210.968533 214 16 0.000000
1695208514062745828 76.789031 209.307426 212 16 0.000000
1695208515003497431 76.819701 207.281066 195 16 0.000000
1695208516016775606 76.778780 209.221921 212 16 0.000000
1695208517031318953 78.341077 204.032672 207 16 0.000000
1695208518043560685 76.816812 208.448243 211 16 0.000000
1695208519057542795 78.742126 203.159403 206 16 0.000000
1695208520071088439 76.482591 209.166700 212 16 0.000000
1695208521083808140 75.741341 209.337291 212 16 0.000000
1695208522025199040 75.285560 212.451599 200 16 0.000000
1695208523038010226 78.991732 203.394270 206 16 0.000000
1695208524051361338 75.773920 210.193678 213 16 0.000000
1695208525064242437 76.408149 210.291221 213 16 0.000000
1695208526077873222 77.958327 205.202928 208 16 0.000000
1695208527091349934 78.299384 205.234112 208 16 0.000000
1695208528032601648 73.452620 216.732678 204 16 0.000000
1695208529045927609 77.154477 208.225205 211 16 0.000000
1695208530059075166 76.486639 208.261861 211 16 0.000000
