1693786973048351656 2056.501546 0.000000
1693786973160091813 2117.343607 0.000000
1693786973160146519 2106.347924 0.000000
1693786973160223127 2109.043877 0.000000
1693786973160254646 2110.114401 0.000000
1693786973170096106 2107.076239 0.000000
1693786973170151766 2110.566117 0.000000
1693786973170176544 2110.870185 0.000000
1693786973170195401 2110.851604 0.000000
1693786973170480750 2076.911834 0.000000
1693786973210659720 2100.551579 0.000000
1693786973254497663 2124.946773 0.000000
1693786973658354697 2184.674291 0.000000
1693786973691216353 2092.925314 0.000000
1693786973715632716 1958.908059 0.000000
1693786973720822609 1889.831956 0.000000
1693786973736212222 1632.695458 0.000000
1693786973737752326 1613.341287 0.000000
1693786973774431741 1552.923261 0.000000
1693786974110414407 950.158366 0.000000
1693786974125162137 955.009085 0.000000
1693786974169095188 549.432490 0.000000
1693786974169149651 549.864628 0.000000
1693786974169167255 551.498162 0.000000
1693786974178279961 549.925841 0.000000
1693786974178972344 557.085705 0.000000
1693786974179052110 557.547289 0.000000
1693786974179519208 522.092245 0.000000
1693786974179722245 499.041122 0.000000
1693786974179826728 418.106153 0.000000
1693786974180018908 492.387006 0.000000
1693786974180271095 486.818730 0.000000
1693786974180294588 486.815067 0.000000
1693786974180333841 472.137173 0.000000
1693786974180531193 459.706869 0.000000
1693786974180556495 462.680105 0.000000
1693786974180628137 464.994355 0.000000
1693786974180646509 465.093669 0.000000
1693786974180696013 450.912647 0.000000
1693786974181004022 444.790036 0.000000
1693786974181398825 561.993475 0.000000
1693786974195808457 414.153497 0.000000
1693786974195827844 415.148954 0.000000
1693786974196034646 421.601606 0.000000
1693786974196276843 395.047794 0.000000
1693786974199083817 397.874416 0.000000
1693786974199103440 397.950859 0.000000
1693786974229271808 415.367028 0.000000
1693786974234888715 386.374645 0.000000
1693786974527783227 592.290511 0.000000
1693786974569288726 581.710956 0.000000
1693786974569752583 567.849871 0.000000
1693786974585016145 510.165004 0.000000
1693786974587618289 509.165154 0.000000
1693786974587641930 509.145214 0.000000
1693786974587716042 509.336399 0.000000
1693786974612670619 511.216869 0.000000
1693786974632263497 521.847333 0.000000
1693786974632371209 522.002528 0.000000
1693786974650258020 518.129532 0.000000
1693786974650435701 521.006275 0.000000
1693786974651176472 507.908723 0.000000
1693786974656121275 501.776912 0.000000
1693786974656371482 508.192992 0.000000
1693786974656452611 508.253721 0.000000
1693786974656610088 508.394151 0.000000
1693786974657199011 488.030472 0.000000
1693786974657240417 488.212797 0.000000
1693786974695356031 514.454241 0.000000
1693786974695522886 514.825612 0.000000
1693786974695780320 515.132580 0.000000
1693786974696022306 515.341302 0.000000
1693786974696328050 516.032348 0.000000
1693786974696587142 516.566855 0.000000
1693786974696767632 516.939402 0.000000
1693786974697070628 517.549653 0.000000
1693786974697274949 517.925435 0.000000
1693786974697473907 518.420593 0.000000
1693786974697681747 518.749295 0.000000
1693786974698125692 501.837482 0.000000
1693786974698247069 502.395206 0.000000
1693786974714736936 485.463270 0.000000
1693786974904879975 973.228180 0.000000
1693786975275484569 706.039951 0.000000
1693786975275507025 692.274923 0.000000
1693786975275755437 684.777044 0.000000
1693786975275779541 688.106908 0.000000
1693786975275804426 688.185022 0.000000
1693786975275822978 688.179567 0.000000
1693786975275845185 688.244416 0.000000
1693786975275933000 643.214780 0.000000
1693786975285032418 675.864652 0.000000
1693786975285151087 676.160199 0.000000
1693786975289343283 666.436895 0.000000
1693786975318696864 733.647093 0.000000
1693786975318748302 686.375623 0.000000
1693786975318773324 686.508124 0.000000
1693786975318825394 687.018844 0.000000
1693786975319518420 669.258763 0.000000
1693786975319973585 662.772887 0.000000
1693786975319992773 663.869920 0.000000
1693786975338673595 643.316008 0.000000
1693786975339077379 640.950084 0.000000
1693786975339101018 641.417272 0.000000
1693786975339192576 641.915820 0.000000
1693786975339212755 642.623783 0.000000
1693786975597173136 445.317800 0.000000
1693786975597298907 445.719813 0.000000
1693786975597318494 446.124134 0.000000
1693786975597342633 446.944408 0.000000
1693786975598132256 436.747800 0.000000
1693786975598168696 437.237816 0.000000
1693786975598342321 438.232354 0.000000
1693786975598413805 439.612506 0.000000
1693786975598443239 440.264951 0.000000
1693786975598600401 441.697078 0.000000
1693786975598672280 442.029584 0.000000
1693786975598794859 443.467716 0.000000
1693786975598817647 443.593293 0.000000
1693786975598912481 443.978419 0.000000
1693786975598982810 444.165177 0.000000
1693786975599249265 445.768536 0.000000
1693786975599353638 446.265890 0.000000
1693786975599377185 446.452790 0.000000
1693786975599401567 446.497372 0.000000
1693786975599528071 447.229615 0.000000
1693786975600998284 433.415321 0.000000
1693786975601021877 433.890591 0.000000
1693786975601240480 435.612246 0.000000
1693786975601361946 435.957037 0.000000
1693786975601874370 436.733385 0.000000
1693786975601923394 436.886854 0.000000
1693786975601975534 437.929246 0.000000
1693786975601999118 438.252433 0.000000
1693786975602116297 439.263307 0.000000
1693786975609598314 409.396499 0.000000
1693786975650994989 380.052862 0.000000
1693786975651292176 381.890211 0.000000
1693786975657998721 382.152247 0.000000
1693786975658162227 382.356200 0.000000
1693786975664432918 344.457858 0.000000
1693786975664454155 345.480598 0.000000
1693786975664552275 345.750117 0.000000
1693786975664577384 345.878794 0.000000
1693786975664602729 345.852787 0.000000
1693786975682031350 200.717589 0.000000
1693786975685363823 203.786469 0.000000
1693786975685389218 203.868316 0.000000
1693786975685462374 204.121473 0.000000
1693786975685504272 204.137783 0.000000
1693786975685539442 204.346775 0.000000
1693786975685566990 204.689316 0.000000
1693786975685597209 204.640061 0.000000
1693786975685621298 204.712620 0.000000
1693786975685645529 204.708189 0.000000
1693786975766874259 192.220950 0.000000
1693786975766894368 192.317004 0.000000
1693786975766917410 192.505453 0.000000
1693786975766942571 192.575187 0.000000
1693786975766974294 192.581190 0.000000
1693786975766998323 192.966449 0.000000
1693786975767446077 178.545369 0.000000
1693786975767470645 178.865089 0.000000
1693786975768881483 177.086065 0.000000
1693786975769212766 177.297601 0.000000
1693786975769394044 177.212049 0.000000
1693786975775404502 178.084821 0.000000
1693786975777601212 179.467192 0.000000
1693786975778494078 177.494355 0.000000
1693786975778515264 177.492139 0.000000
1693786975779411373 177.486643 0.000000
1693786975780925914 177.083870 0.000000
1693786975785765703 176.756541 0.000000
1693786975786013118 177.046654 0.000000
1693786975824932957 177.180203 0.000000
1693786975826535892 178.040313 0.000000
1693786975828329163 177.332313 0.000000
1693786975829692656 176.948395 0.000000
1693786975842395867 177.940234 0.000000
1693786975842423018 177.869115 0.000000
1693786975856713009 177.473701 0.000000
1693786975864403255 179.038103 0.000000
1693786975864837889 179.491079 0.000000
1693786975865600406 179.977753 0.000000
1693786975866237579 180.491378 0.000000
1693786975867024115 181.296740 0.000000
1693786975867612607 181.770179 0.000000
1693786975880643582 177.045772 0.000000
1693786975880838991 177.160824 0.000000
1693786975881073807 177.227389 0.000000
1693786975881266992 177.376161 0.000000
1693786975881541633 177.670438 0.000000
1693786975881657890 177.624732 0.000000
1693786975881805661 177.744979 0.000000
1693786975881876474 177.617221 0.000000
1693786975944077427 177.201336 0.000000
1693786975944921766 178.025970 0.000000
1693786975945023129 177.684567 0.000000
1693786975945281260 177.833765 0.000000
1693786975945514823 178.042407 0.000000
1693786975953669367 178.262994 0.000000
1693786975955906936 177.410990 0.000000
1693786975956878120 177.464779 0.000000
1693786975962787327 176.797846 0.000000
1693786976003413520 176.849137 0.000000
1693786976003450531 176.815805 0.000000
1693786976033626921 176.911907 0.000000
1693786976057651091 176.810132 0.000000
1693786976058509090 176.701877 0.000000
1693786976121692673 176.768933 0.000000
1693786976149175821 192.296442 0.000000
1693786976149185797 186.396927 0.000000
1693786976149244582 193.336179 0.000000
1693786976166176847 176.883057 0.000000
1693786976180297895 176.882104 0.000000
1693786976204736901 176.927001 0.000000
1693786976220081633 177.833054 0.000000
1693786976220477657 176.982104 0.000000
1693786976298874579 176.704383 0.000000
1693786976357228625 176.928830 0.000000
1693786976418984581 176.973861 0.000000
1693786976485918887 177.244002 0.000000
1693786976485948650 176.932429 0.000000
1693786976605369047 190.187657 0.000000
1693786976605369625 186.382688 0.000000
1693786976782722337 177.351190 0.000000
1693786976782746470 177.371752 0.000000
1693786976876040633 177.691498 0.000000
1693786976876867528 178.114663 0.000000
1693786976877147201 177.602462 0.000000
1693786976877297773 177.639041 0.000000
1693786976877524508 177.289891 0.000000
1693786976877529633 177.125089 0.000000
1693786976878299705 177.476796 0.000000
1693786976878419746 177.050272 0.000000
1693786976878489109 176.751407 0.000000
1693786976879485823 177.206727 0.000000
1693786976880684233 177.997182 0.000000
1693786976882285935 177.461829 0.000000
1693786976883390232 177.466685 0.000000
1693786976883593312 177.645481 0.000000
1693786976883628030 177.535670 0.000000
1693786976885289363 179.229333 0.000000
1693786976885669111 179.547618 0.000000
1693786976886184023 180.070230 0.000000
1693786976886540109 180.307030 0.000000
1693786976887449831 181.008645 0.000000
1693786976891074526 184.581576 0.000000
1693786976892841162 184.956693 0.000000
1693786976894865229 186.888507 0.000000
1693786976894937411 186.626802 0.000000
1693786976895127293 186.236206 0.000000
1693786976895832533 186.806594 0.000000
1693786976896011779 186.728091 0.000000
1693786976897332791 187.768444 0.000000
1693786976898072086 188.114443 0.000000
1693786976898133040 187.661485 0.000000
1693786976898320743 187.733794 0.000000
1693786976898341995 187.086572 0.000000
1693786976898579172 187.380778 0.000000
1693786976898827355 187.551516 0.000000
1693786976899391411 187.120724 0.000000
1693786976899850995 187.628266 0.000000
1693786976899988302 187.783836 0.000000
1693786976900146740 186.246931 0.000000
1693786976900636293 186.758596 0.000000
1693786976900869068 186.906463 0.000000
1693786976901003649 186.416719 0.000000
1693786976901164739 184.821135 0.000000
1693786976959503008 176.778853 0.000000
1693786976967705456 176.575040 0.000000
1693786976968773252 176.945070 0.000000
1693786976969389394 177.032281 0.000000
1693786976969416768 176.720689 0.000000
1693786976970772709 176.843564 0.000000
1693786976979930362 181.981633 0.000000
1693786976980557738 184.430858 0.000000
1693786976981960669 183.130273 0.000000
1693786976983135610 177.690030 0.000000
1693786976983967131 178.156207 0.000000
1693786976984658759 178.684930 0.000000
1693786976985561983 178.078411 0.000000
1693786976986446635 177.976176 0.000000
1693786977054175963 177.304397 0.000000
1693786977054319955 177.170687 0.000000
1693786977054424683 176.898332 0.000000
1693786977054692239 176.719056 0.000000
1693786977055392089 177.090463 0.000000
1693786977055542033 177.051000 0.000000
1693786977055806579 177.384767 0.000000
1693786977063612350 177.070627 0.000000
1693786977063639670 177.454232 0.000000
1693786977071571950 176.632897 0.000000
1693786977074239176 178.719405 0.000000
1693786977075218336 177.144502 0.000000
1693786977076178771 177.835385 0.000000
1693786977079400121 176.864192 0.000000
1693786977136172667 176.668180 0.000000
1693786977145703946 176.929065 0.000000
1693786977145831919 176.835425 0.000000
1693786977146221021 176.829666 0.000000
1693786977158840157 176.878199 0.000000
1693786977161833901 177.865066 0.000000
1693786977162600975 177.037641 0.000000
1693786977169264668 176.575016 0.000000
1693786977231615969 177.292081 0.000000
1693786977232132371 176.736987 0.000000
1693786977233141931 176.637504 0.000000
1693786977240960671 177.319349 0.000000
1693786977251790770 176.570275 0.000000
1693786977255971590 176.569540 0.000000
1693786977324278343 176.933163 0.000000
1693786977331702519 176.763817 0.000000
1693786977338510552 176.674810 0.000000
1693786977347481177 176.820604 0.000000
1693786977408611264 176.993814 0.000000
1693786977408781686 176.648115 0.000000
1693786977767294656 177.171957 0.000000
1693786978100270391 177.755360 0.000000
1693786978100510971 178.059688 0.000000
1693786978100933911 178.159678 0.000000
1693786978101102992 177.980185 0.000000
1693786978101836734 178.101053 0.000000
1693786978101884208 178.337806 0.000000
1693786978103206712 179.518100 0.000000
1693786978103669904 179.669917 0.000000
1693786978104556931 180.509368 0.000000
1693786978106986603 182.353547 0.000000
1693786978107021607 182.482412 0.000000
1693786978107886158 183.277507 0.000000
1693786978110098555 184.062961 0.000000
1693786978110339270 184.349895 0.000000
1693786978111614442 185.523424 0.000000
1693786978112333656 185.862030 0.000000
1693786978113043506 186.382233 0.000000
1693786978113594824 186.851096 0.000000
1693786978113774303 187.089930 0.000000
1693786978114237479 187.502442 0.000000
1693786978114847959 187.404055 0.000000
1693786978115152654 187.580443 0.000000
1693786978115396939 187.708377 0.000000
1693786978115458934 187.600133 0.000000
1693786978115517673 187.490666 0.000000
1693786978115990697 186.465991 0.000000
1693786978116139133 186.637104 0.000000
1693786978116235399 186.615393 0.000000
1693786978116307355 186.530145 0.000000
1693786978116463493 186.261134 0.000000
1693786978117310398 187.089536 0.000000
1693786978117484970 187.248582 0.000000
1693786978119310204 188.361136 0.000000
1693786978122807017 189.346228 0.000000
1693786978122828275 188.812476 0.000000
1693786978123004430 188.138802 0.000000
1693786978123226888 188.422025 0.000000
1693786978123285499 187.550458 0.000000
1693786978123725650 185.974882 0.000000
1693786978124265148 185.983594 0.000000
1693786978124294772 185.920366 0.000000
1693786978124579351 185.134984 0.000000
1693786978124805592 184.615813 0.000000
1693786978125701617 185.199694 0.000000
1693786978125892441 183.922903 0.000000
1693786978125952004 184.015647 0.000000
1693786978126142383 184.140864 0.000000
1693786978126295465 184.373661 0.000000
1693786978126582792 184.154623 0.000000
1693786978126674549 182.879188 0.000000
1693786978126892903 182.044461 0.000000
1693786978127076713 182.340291 0.000000
1693786978127226547 182.239223 0.000000
1693786978127371727 180.363272 0.000000
1693786978127824354 178.269759 0.000000
1693786978128006231 178.057104 0.000000
1693786978128105696 177.826593 0.000000
1693786978199254311 178.361805 0.000000
1693786978201316549 177.499082 0.000000
1693786978202978606 177.164978 0.000000
1693786978204187583 178.209794 0.000000
1693786978206425536 176.874653 0.000000
1693786978207737967 177.588804 0.000000
1693786978208696674 178.411002 0.000000
1693786978209749549 178.042361 0.000000
1693786978210387396 178.622102 0.000000
1693786978210760833 177.997659 0.000000
1693786978212584796 177.299307 0.000000
1693786978278438937 177.334237 0.000000
1693786978282424736 177.866382 0.000000
1693786978285347219 176.826963 0.000000
1693786978285744145 177.137442 0.000000
1693786978290204452 177.260705 0.000000
1693786978291872014 177.022857 0.000000
1693786978292174099 176.655083 0.000000
1693786978293161120 177.169195 0.000000
1693786978293192808 177.051574 0.000000
1693786978293385704 176.920352 0.000000
1693786978295973039 176.660948 0.000000
1693786978297587522 176.669392 0.000000
1693786978299448917 176.640306 0.000000
1693786978300347816 177.341709 0.000000
1693786978300662147 177.375042 0.000000
1693786978301505742 176.698219 0.000000
1693786978303315133 177.171275 0.000000
1693786978303967365 176.889453 0.000000
1693786978369633133 176.782018 0.000000
1693786978381237509 177.048206 0.000000
1693786978386580146 176.829103 0.000000
1693786978395579539 176.611387 0.000000
1693786978452307075 176.938466 0.000000
1693786978456091504 176.820007 0.000000
1693786978461564369 176.914039 0.000000
1693786978474291308 176.702505 0.000000
1693786978474312573 176.747755 0.000000
1693786978474355077 182.481670 0.000000
1693786978478441110 176.933803 0.000000
1693786978480041645 176.724706 0.000000
1693786978480286785 176.895150 0.000000
1693786978543495370 176.958315 0.000000
1693786978551532752 176.724477 0.000000
1693786978563214118 176.632068 0.000000
1693786978566429707 177.366374 0.000000
1693786978640076495 183.982769 0.000000
1693786978651130887 176.837483 0.000000
1693786978651267128 176.953020 0.000000
1693786978727153956 176.745520 0.000000
1693786978816987614 176.884124 0.000000
1693786978828042250 176.907793 0.000000
1693786978917188949 176.784506 0.000000
1693786979005211364 177.167529 0.000000
1693786979094331160 177.128891 0.000000
1693786979215030106 176.680656 0.000000
1693786979215609766 177.216532 0.000000
1693786979216411862 178.021162 0.000000
1693786979217520165 178.824959 0.000000
1693786979218703492 178.289771 0.000000
1693786979219311701 178.769737 0.000000
1693786979219528911 178.902401 0.000000
1693786979220653410 179.098910 0.000000
1693786979220774543 178.005853 0.000000
1693786979220943355 177.928328 0.000000
1693786979221284587 178.381372 0.000000
1693786979222267824 177.699632 0.000000
1693786979222276139 177.528771 0.000000
1693786979223036638 176.944719 0.000000
1693786979223925294 177.335932 0.000000
1693786979224734865 177.349378 0.000000
1693786979224805045 177.468343 0.000000
1693786979225723620 178.364503 0.000000
1693786979225794381 178.492931 0.000000
1693786979225859230 178.401630 0.000000
1693786979226805392 178.066356 0.000000
1693786979226835780 178.309219 0.000000
1693786979227203517 177.190101 0.000000
1693786979227456103 177.463617 0.000000
1693786979228115175 177.941435 0.000000
1693786979230546500 180.199016 0.000000
1693786979230701617 180.374618 0.000000
1693786979231599067 181.169823 0.000000
1693786979231966259 180.788088 0.000000
1693786979232947446 181.649041 0.000000
1693786979233481471 182.058986 0.000000
1693786979234171959 182.578469 0.000000
1693786979235940133 183.101531 0.000000
1693786979236155278 182.499900 0.000000
1693786979236742473 183.034831 0.000000
1693786979238143441 183.861907 0.000000
1693786979238652758 184.325384 0.000000
1693786979239260564 184.346246 0.000000
1693786979240255590 185.314575 0.000000
1693786979240486789 185.206561 0.000000
1693786979240666880 184.523241 0.000000
1693786979241333231 185.056794 0.000000
1693786979241737162 185.437289 0.000000
1693786979242517477 184.367134 0.000000
1693786979243148786 184.758194 0.000000
1693786979243301020 184.093419 0.000000
1693786979244056289 184.660627 0.000000
1693786979245813459 186.354883 0.000000
1693786979245842686 186.005250 0.000000
1693786979245906955 183.728401 0.000000
1693786979246183693 183.579077 0.000000
1693786979312188931 179.073891 0.000000
1693786979312466618 178.119505 0.000000
1693786979312955027 177.980333 0.000000
1693786979313237200 177.034108 0.000000
1693786979317218434 176.978703 0.000000
1693786979318171679 176.769392 0.000000
1693786979324739510 178.714712 0.000000
1693786979325269021 178.398209 0.000000
1693786979325511369 177.246637 0.000000
1693786979326705353 177.621854 0.000000
1693786979326727441 177.144707 0.000000
1693786979327307910 177.043258 0.000000
1693786979327328942 177.577864 0.000000
1693786979328524676 177.892185 0.000000
1693786979329174469 178.005879 0.000000
1693786979330430859 178.138047 0.000000
1693786979386512394 176.810155 0.000000
1693786979387352102 176.630643 0.000000
1693786979392082704 177.132697 0.000000
1693786979394516313 179.484318 0.000000
1693786979396330960 180.719497 0.000000
1693786979396405642 179.992313 0.000000
1693786979398939302 179.408090 0.000000
1693786979400162048 179.385941 0.000000
1693786979400710893 179.424317 0.000000
1693786979402892336 177.197941 0.000000
1693786979402922290 177.196949 0.000000
1693786979403483610 177.275376 0.000000
1693786979404619758 178.404014 0.000000
1693786979404761086 177.532181 0.000000
1693786979404787385 177.582300 0.000000
1693786979404990825 177.532554 0.000000
1693786979405265270 177.147880 0.000000
1693786979408101070 177.397550 0.000000
1693786979408830925 177.457999 0.000000
1693786979408858805 177.257892 0.000000
1693786979414011080 177.266250 0.000000
1693786979417912113 177.654905 0.000000
1693786979420424018 179.089045 0.000000
1693786979423066134 180.546812 0.000000
1693786979423997005 180.844970 0.000000
1693786979424334657 178.518524 0.000000
1693786979448159187 176.775687 0.000000
1693786979490136281 176.897551 0.000000
1693786979492777067 177.294543 0.000000
1693786979494697397 177.775019 0.000000
1693786979494958222 177.737220 0.000000
1693786979496187816 178.013109 0.000000
1693786979496791841 176.808355 0.000000
1693786979499951905 177.833282 0.000000
1693786979501838320 177.096721 0.000000
1693786979502149073 176.878337 0.000000
1693786979504121272 177.414160 0.000000
1693786979504397260 177.137803 0.000000
1693786979504738873 177.428867 0.000000
1693786979512400980 176.678642 0.000000
1693786979571677065 177.158974 0.000000
1693786979575721588 176.780582 0.000000
1693786979580368751 177.473904 0.000000
1693786979582587351 177.797325 0.000000
1693786979582590819 177.969376 0.000000
1693786979590879168 176.866572 0.000000
1693786979598550436 176.958273 0.000000
1693786979599930502 176.862399 0.000000
1693786979625087934 176.926739 0.000000
1693786979673158466 176.968819 0.000000
1693786979673792030 176.996497 0.000000
1693786979678831261 176.680230 0.000000
1693786979748679555 177.000030 0.000000
1693786979757597698 177.215652 0.000000
1693786979771922433 177.016494 0.000000
1693786979802151161 177.059964 0.000000
1693786979813956625 177.192659 0.000000
1693786979850308766 177.144637 0.000000
1693786979934513262 176.910673 0.000000
1693786979944815065 177.155191 0.000000
1693786979979313063 177.151689 0.000000
1693786979979399304 176.958199 0.000000
1693786980134638909 177.289354 0.000000
1693786980157025857 177.707571 0.000000
1693786980157792700 178.388977 0.000000
1693786980225353879 176.983993 0.000000
1693786980225411057 177.459790 0.000000
1693786980226922006 177.585723 0.000000
1693786980228581777 178.759583 0.000000
1693786980230264035 179.673398 0.000000
1693786980231635916 181.092345 0.000000
1693786980233587020 181.554850 0.000000
1693786980234284497 181.599624 0.000000
1693786980234835804 181.517147 0.000000
1693786980235987172 180.365659 0.000000
1693786980236088683 180.069194 0.000000
1693786980236443939 180.174480 0.000000
1693786980236880951 180.705840 0.000000
1693786980237050109 179.703453 0.000000
1693786980237790521 179.167728 0.000000
1693786980238219950 179.503578 0.000000
1693786980238255919 178.804347 0.000000
1693786980238354714 178.564976 0.000000
1693786980238877440 179.043810 0.000000
1693786980239118891 178.520082 0.000000
1693786980239315664 178.622414 0.000000
1693786980239908217 178.665379 0.000000
1693786980240506764 178.577530 0.000000
1693786980241938229 179.819478 0.000000
1693786980242489045 180.080356 0.000000
1693786980242593183 180.120764 0.000000
1693786980242765909 180.048051 0.000000
1693786980242968721 179.883688 0.000000
1693786980243139624 179.232834 0.000000
1693786980243156974 179.777636 0.000000
1693786980243522529 178.953369 0.000000
1693786980244130293 179.321440 0.000000
1693786980244211537 179.261220 0.000000
1693786980245190544 180.050131 0.000000
1693786980245783975 180.548359 0.000000
1693786980245805104 180.428966 0.000000
1693786980246743341 181.381131 0.000000
1693786980248116079 182.673643 0.000000
1693786980248433478 183.102074 0.000000
1693786980249513114 183.730837 0.000000
1693786980250215894 184.393914 0.000000
1693786980251407290 185.456646 0.000000
1693786980251607125 185.585130 0.000000
1693786980252950269 186.752901 0.000000
1693786980253024346 186.678999 0.000000
1693786980253568627 187.006126 0.000000
1693786980253966994 186.973700 0.000000
1693786980254772698 187.719439 0.000000
1693786980254830808 187.732379 0.000000
1693786980321738687 181.107149 0.000000
1693786980323691204 181.485629 0.000000
1693786980325440803 177.514864 0.000000
1693786980326743974 178.666202 0.000000
1693786980329803686 177.691113 0.000000
1693786980329928922 177.042384 0.000000
1693786980330787028 177.024657 0.000000
1693786980331251574 176.759902 0.000000
1693786980332832867 176.875501 0.000000
1693786980333858583 177.013060 0.000000
1693786980334151860 177.176751 0.000000
1693786980334777766 176.975418 0.000000
1693786980342787031 177.439608 0.000000
1693786980412871388 176.873056 0.000000
1693786980413615585 177.161126 0.000000
1693786980414450426 177.566634 0.000000
1693786980415349352 176.990844 0.000000
1693786980415696108 176.815226 0.000000
1693786980416083956 176.760905 0.000000
1693786980416676865 177.055675 0.000000
1693786980417639158 177.125387 0.000000
1693786980419871054 176.899040 0.000000
1693786980422799331 176.991220 0.000000
1693786980425231553 177.109756 0.000000
1693786980427048575 176.799910 0.000000
1693786980428521165 176.909946 0.000000
1693786980431444505 176.668013 0.000000
1693786980432749676 177.916312 0.000000
1693786980489350640 178.245447 0.000000
1693786980490839498 176.939124 0.000000
1693786980506831912 176.899337 0.000000
1693786980507710947 176.919884 0.000000
1693786980512083031 176.757557 0.000000
1693786980517707279 176.571714 0.000000
1693786980590064834 177.188073 0.000000
1693786980590534135 176.936217 0.000000
1693786980591631809 177.171229 0.000000
1693786980592000591 176.644995 0.000000
1693786980593650239 176.968267 0.000000
1693786980594589012 176.945063 0.000000
1693786980596613070 176.737189 0.000000
1693786980666309240 176.953638 0.000000
1693786980684595133 176.879380 0.000000
1693786980767484230 176.945318 0.000000
1693786980944928618 177.370447 0.000000
1693786981583484106 176.884381 0.000000
1693786981583813978 177.280563 0.000000
1693786981584531763 177.884377 0.000000
1693786981584558871 177.798347 0.000000
1693786981585983114 178.043322 0.000000
1693786981587095882 179.043708 0.000000
1693786981587747708 179.659030 0.000000
1693786981588193039 180.224685 0.000000
1693786981589955844 181.379287 0.000000
1693786981590191177 179.778483 0.000000
1693786981591295185 180.801342 0.000000
1693786981593005032 181.024180 0.000000
1693786981593073115 180.934728 0.000000
1693786981593687329 180.384683 0.000000
1693786981595740625 182.311586 0.000000
1693786981595838839 182.468200 0.000000
1693786981596559014 183.023987 0.000000
1693786981596776841 182.307661 0.000000
1693786981596979592 182.099371 0.000000
1693786981597343008 182.455811 0.000000
1693786981597494304 182.653371 0.000000
1693786981597705320 182.034742 0.000000
1693786981597951563 182.279435 0.000000
1693786981598335641 182.615102 0.000000
1693786981598394764 181.861954 0.000000
1693786981598617672 180.794306 0.000000
1693786981598639313 181.454817 0.000000
1693786981599008316 181.112170 0.000000
1693786981599070836 180.982468 0.000000
1693786981599347931 181.173092 0.000000
1693786981599516793 181.211672 0.000000
1693786981600951946 182.156354 0.000000
1693786981602180053 182.978987 0.000000
1693786981604063444 184.910164 0.000000
1693786981604308564 185.069685 0.000000
1693786981605600113 186.279629 0.000000
1693786981606297987 186.920651 0.000000
1693786981606404179 186.968477 0.000000
1693786981608952291 189.309483 0.000000
1693786981609536043 189.831372 0.000000
1693786981610566099 189.823203 0.000000
1693786981610589724 189.710922 0.000000
1693786981610662875 189.732577 0.000000
1693786981610785004 189.827423 0.000000
1693786981611069556 189.817510 0.000000
1693786981611992813 190.705124 0.000000
1693786981614263560 192.627501 0.000000
1693786981618273312 195.410419 0.000000
1693786981619363412 196.193876 0.000000
1693786981622462029 199.123711 0.000000
1693786981622991947 199.205370 0.000000
1693786981623636015 199.436543 0.000000
1693786981627353868 203.060122 0.000000
1693786981628362820 203.582783 0.000000
1693786981631113789 204.759841 0.000000
1693786981631262380 204.765755 0.000000
1693786981631282401 204.822992 0.000000
1693786981631810725 205.061412 0.000000
1693786981674049929 178.589257 0.000000
1693786981680122664 179.954713 0.000000
1693786981683507212 180.488670 0.000000
1693786981686143589 177.212114 0.000000
1693786981688148132 176.862901 0.000000
1693786981690606986 176.829700 0.000000
1693786981691392583 177.060281 0.000000
1693786981693373401 178.815248 0.000000
1693786981693564209 178.388826 0.000000
1693786981696019901 177.062391 0.000000
1693786981698166765 177.819597 0.000000
1693786981703806398 179.909173 0.000000
1693786981761877217 177.315400 0.000000
1693786981762780032 176.793656 0.000000
1693786981768856155 177.557041 0.000000
1693786981772579927 176.799323 0.000000
1693786981773381045 176.811973 0.000000
1693786981774384544 176.883680 0.000000
1693786981775800934 177.156549 0.000000
1693786981777562431 176.605213 0.000000
1693786981782010437 177.941480 0.000000
1693786981785937577 177.057574 0.000000
1693786981787215359 177.672389 0.000000
1693786981787453097 176.881534 0.000000
1693786981789216900 178.144232 0.000000
1693786981799765165 177.233102 0.000000
1693786981801241654 178.239102 0.000000
1693786981803953357 176.596131 0.000000
1693786981805098711 176.732463 0.000000
1693786981850387965 176.931326 0.000000
1693786981862081890 176.764868 0.000000
1693786981868931488 177.536473 0.000000
1693786981869000704 177.228337 0.000000
1693786981871160918 177.968364 0.000000
1693786981871773117 178.206136 0.000000
1693786981872655650 176.633102 0.000000
1693786981875300311 177.124610 0.000000
1693786981878186309 176.692485 0.000000
1693786981880550714 176.742035 0.000000
1693786981940111013 177.325969 0.000000
1693786981940598567 177.527688 0.000000
1693786981941622478 177.335427 0.000000
1693786981945807497 176.844473 0.000000
1693786981949245018 176.660215 0.000000
1693786981954684997 177.117579 0.000000
1693786981964412493 176.954880 0.000000
1693786981978081618 176.793611 0.000000
1693786982027011595 176.619114 0.000000
1693786982040862146 176.953222 0.000000
1693786982045836191 176.900012 0.000000
1693786982052135578 176.830757 0.000000
1693786982057432324 176.877470 0.000000
1693786982117502594 176.898790 0.000000
1693786982118520501 176.894510 0.000000
1693786982122472067 176.659974 0.000000
1693786982217803260 176.936473 0.000000
1693786982222740995 176.850517 0.000000
1693786982222761909 176.968768 0.000000
1693786982234352538 176.915429 0.000000
1693786982245372021 177.088953 0.000000
1693786982270030501 177.044559 0.000000
1693786982295588976 177.059654 0.000000
1693786982472545004 176.951272 0.000000
1693786982649582257 177.009668 0.000000
1693786982828275626 177.454532 0.000000
1693786982829493699 177.142125 0.000000
1693786982829752416 177.298930 0.000000
1693786982830471624 177.895774 0.000000
1693786982831616868 178.195025 0.000000
1693786982832930223 179.558712 0.000000
1693786982833690095 180.178980 0.000000
1693786982834662407 179.954152 0.000000
1693786982836480265 181.252853 0.000000
1693786982837994458 182.725453 0.000000
1693786982840142158 183.987233 0.000000
1693786982840573676 184.015458 0.000000
1693786982840775661 183.344081 0.000000
1693786982841037635 183.707096 0.000000
1693786982841345732 183.620439 0.000000
1693786982841510335 183.832688 0.000000
1693786982841539768 183.913376 0.000000
1693786982841682425 184.103713 0.000000
1693786982842087212 184.266146 0.000000
1693786982842138025 183.806021 0.000000
1693786982842178985 184.211649 0.000000
1693786982842185285 183.128926 0.000000
1693786982842315703 183.218248 0.000000
1693786982842631788 183.489801 0.000000
1693786982842745277 182.207278 0.000000
1693786982842777347 183.590675 0.000000
1693786982843596382 182.752896 0.000000
1693786982843657910 181.877696 0.000000
1693786982844256362 182.161216 0.000000
1693786982845023938 182.907261 0.000000
1693786982845113712 182.908870 0.000000
1693786982845528807 183.270746 0.000000
1693786982845595517 183.250078 0.000000
1693786982846226861 183.346026 0.000000
1693786982847522269 183.998850 0.000000
1693786982848686688 183.291209 0.000000
1693786982849141616 182.499147 0.000000
1693786982849169200 181.269431 0.000000
1693786982849840647 181.760884 0.000000
1693786982849895845 181.530047 0.000000
1693786982850072651 181.327081 0.000000
1693786982850788602 181.489052 0.000000
1693786982850888790 180.973443 0.000000
1693786982850953941 180.642563 0.000000
1693786982851769082 181.254747 0.000000
1693786982853337776 182.737501 0.000000
1693786982853357557 181.173037 0.000000
1693786982853865724 181.436651 0.000000
1693786982853964193 181.510152 0.000000
1693786982854297048 180.645355 0.000000
1693786982854940289 180.623779 0.000000
1693786982855004237 180.907765 0.000000
1693786982855230383 180.876237 0.000000
1693786982920338902 177.378911 0.000000
1693786982921576345 178.432513 0.000000
1693786982924994867 179.169972 0.000000
1693786982928268461 177.452958 0.000000
1693786982929603296 177.062049 0.000000
1693786982929634238 176.993069 0.000000
1693786982932804056 176.928714 0.000000
1693786982933020414 177.080032 0.000000
1693786982935356598 176.797449 0.000000
1693786982940005286 177.318556 0.000000
1693786982941213146 178.221812 0.000000
1693786982948628574 181.659784 0.000000
1693786983005117243 176.837121 0.000000
1693786983006868436 177.371189 0.000000
1693786983007595327 177.119703 0.000000
1693786983008795689 176.842433 0.000000
1693786983011201796 177.507781 0.000000
1693786983011981780 177.308468 0.000000
1693786983017192486 177.046098 0.000000
1693786983017611570 177.033534 0.000000
1693786983017751170 176.972136 0.000000
1693786983019458316 177.136749 0.000000
1693786983019910903 177.542242 0.000000
1693786983021886503 176.767831 0.000000
1693786983027382417 178.209077 0.000000
1693786983027409029 177.564433 0.000000
1693786983030471077 176.698619 0.000000
1693786983032039485 178.071878 0.000000
1693786983035221777 180.275394 0.000000
1693786983098333711 176.752023 0.000000
1693786983112516766 177.156970 0.000000
1693786983117841983 176.625178 0.000000
1693786983125391885 176.758930 0.000000
1693786983126118850 176.779398 0.000000
1693786983184741783 177.124469 0.000000
1693786983198572143 177.153859 0.000000
1693786983198674762 176.962970 0.000000
1693786983199108686 177.214595 0.000000
1693786983204205556 176.793013 0.000000
1693786983215600496 176.781973 0.000000
1693786983273913628 176.690671 0.000000
1693786983274960854 176.623846 0.000000
1693786983288132021 176.879590 0.000000
1693786983289356819 176.837277 0.000000
1693786983291036682 176.852186 0.000000
1693786983294579728 176.734543 0.000000
1693786983358877351 177.036641 0.000000
1693786983361746053 176.999359 0.000000
1693786983371526428 176.941795 0.000000
1693786983381253568 177.045452 0.000000
1693786983467888418 176.779813 0.000000
1693786983519324600 176.934368 0.000000
1693786983535951494 177.069387 0.000000
1693786983557850657 176.579483 0.000000
1693786983734718559 176.865306 0.000000
1693786983874039852 177.404535 0.000000
1693786984148498791 177.088031 0.000000
1693786984148654884 177.086702 0.000000
1693786984151433116 178.590766 0.000000
1693786984151672618 178.279843 0.000000
1693786984152304728 178.535437 0.000000
1693786984152419595 178.155573 0.000000
1693786984152921026 178.568199 0.000000
1693786984154751679 177.245892 0.000000
1693786984155281717 177.660512 0.000000
1693786984155474977 178.016064 0.000000
1693786984157685208 179.739703 0.000000
1693786984157750450 180.195654 0.000000
1693786984159100936 178.894802 0.000000
1693786984159200262 177.822012 0.000000
1693786984159267012 177.641257 0.000000
1693786984160224068 178.455707 0.000000
1693786984161223062 179.079186 0.000000
1693786984161765238 179.664243 0.000000
1693786984161954779 179.457386 0.000000
1693786984162490851 179.947441 0.000000
1693786984162665397 179.926477 0.000000
1693786984164599957 181.823901 0.000000
1693786984165097730 181.760082 0.000000
1693786984165112584 182.192559 0.000000
1693786984165653002 181.935466 0.000000
1693786984167152955 183.489620 0.000000
1693786984167417370 183.326591 0.000000
1693786984167464139 183.607504 0.000000
1693786984168311149 184.259275 0.000000
1693786984168513485 184.374990 0.000000
1693786984168981107 184.734520 0.000000
1693786984170512314 185.883057 0.000000
1693786984172465141 186.982158 0.000000
1693786984172935034 187.210018 0.000000
1693786984173129326 187.257609 0.000000
1693786984173219275 186.581181 0.000000
1693786984173529151 186.775468 0.000000
1693786984174107787 187.317168 0.000000
1693786984174159302 187.153928 0.000000
1693786984174251025 187.194598 0.000000
1693786984174772709 187.155698 0.000000
1693786984174826759 187.514984 0.000000
1693786984174970464 186.800487 0.000000
1693786984174989383 186.707601 0.000000
1693786984175422179 187.062737 0.000000
1693786984175612392 187.094751 0.000000
1693786984175670903 186.920611 0.000000
1693786984175713447 186.318335 0.000000
1693786984176449604 186.565977 0.000000
1693786984176628064 186.667999 0.000000
1693786984177092044 186.802081 0.000000
1693786984177141323 186.497792 0.000000
1693786984177184378 186.728645 0.000000
1693786984177226732 186.695463 0.000000
1693786984233786125 176.834000 0.000000
1693786984244522523 176.993034 0.000000
1693786984246925728 177.718326 0.000000
1693786984252335000 178.407745 0.000000
1693786984252459084 178.317445 0.000000
1693786984253482605 178.443899 0.000000
1693786984253564490 178.071557 0.000000
1693786984254056785 178.299283 0.000000
1693786984254609782 178.306695 0.000000
1693786984255062906 177.307576 0.000000
1693786984257893470 177.702585 0.000000
1693786984258910250 178.451522 0.000000
1693786984317073022 177.278979 0.000000
1693786984317252810 176.909660 0.000000
1693786984317521134 176.892851 0.000000
1693786984328342480 176.904128 0.000000
1693786984330246028 177.319820 0.000000
1693786984330991913 177.179508 0.000000
1693786984331819904 177.065729 0.000000
1693786984332374684 177.085980 0.000000
1693786984334502889 176.812363 0.000000
1693786984334700804 176.944777 0.000000
1693786984335835729 176.729446 0.000000
1693786984338104888 176.878458 0.000000
1693786984338970426 177.201749 0.000000
1693786984339514717 177.556986 0.000000
1693786984340226037 177.731923 0.000000
1693786984343280757 177.624803 0.000000
1693786984345721625 177.403580 0.000000
1693786984346302656 177.317484 0.000000
1693786984349135520 176.666680 0.000000
1693786984350130835 177.193009 0.000000
1693786984350165019 176.632596 0.000000
1693786984351039253 176.785391 0.000000
1693786984351720277 176.890836 0.000000
1693786984351933849 176.942301 0.000000
1693786984352314193 177.328961 0.000000
1693786984352416817 176.800631 0.000000
1693786984352905599 177.232330 0.000000
1693786984353745062 177.114366 0.000000
1693786984410957123 177.167355 0.000000
1693786984423990880 177.060200 0.000000
1693786984434543842 176.642784 0.000000
1693786984494648155 177.344541 0.000000
1693786984509174303 177.349813 0.000000
1693786984509297164 176.917473 0.000000
1693786984511379257 176.871236 0.000000
1693786984512565516 176.724880 0.000000
1693786984516402812 176.882807 0.000000
1693786984522162770 177.049836 0.000000
1693786984523238713 176.931075 0.000000
1693786984587789028 176.829248 0.000000
1693786984593716520 176.770777 0.000000
1693786984598859764 176.731772 0.000000
1693786984612876201 176.952831 0.000000
1693786984615474921 176.772827 0.000000
1693786984686145347 176.966127 0.000000
1693786984699722197 176.945819 0.000000
1693786984770730468 177.005338 0.000000
1693786984776075050 177.150956 0.000000
1693786984792499714 177.020122 0.000000
1693786984952363286 177.462112 0.000000
1693786984969748103 177.177600 0.000000
1693786984969783406 177.279016 0.000000
1693786985218619622 177.364659 0.000000
1693786985417476793 177.367279 0.000000
1693786985419540463 178.844776 0.000000
1693786985420048981 179.229751 0.000000
1693786985420248114 179.177690 0.000000
1693786985423220042 180.996857 0.000000
1693786985428475821 184.762661 0.000000
1693786985428524164 184.891596 0.000000
1693786985429235078 184.907022 0.000000
1693786985429283129 184.514896 0.000000
1693786985429896516 184.746238 0.000000
1693786985431078390 185.913364 0.000000
1693786985431231306 186.031588 0.000000
1693786985432621520 186.640054 0.000000
1693786985433019636 186.388378 0.000000
1693786985433202787 185.606485 0.000000
1693786985433472810 185.792226 0.000000
1693786985433753352 184.998506 0.000000
1693786985433935556 184.995157 0.000000
1693786985434283476 184.998310 0.000000
1693786985434608030 185.182438 0.000000
1693786985434749620 184.913929 0.000000
1693786985434936424 184.305709 0.000000
1693786985435085346 184.362471 0.000000
1693786985435989173 183.939883 0.000000
1693786985436040603 184.017278 0.000000
1693786985436221483 183.775616 0.000000
1693786985436314620 183.803861 0.000000
1693786985436364010 183.893124 0.000000
1693786985436504176 183.533422 0.000000
1693786985436906387 183.773887 0.000000
1693786985437005853 183.917150 0.000000
1693786985437374992 184.309939 0.000000
1693786985437473666 184.310359 0.000000
1693786985438324761 185.123351 0.000000
1693786985438345835 185.068197 0.000000
1693786985438405970 185.129730 0.000000
1693786985438556019 185.316826 0.000000
1693786985439226007 185.099931 0.000000
1693786985439584055 185.423268 0.000000
1693786985439616370 185.377838 0.000000
1693786985439683597 184.940050 0.000000
1693786985439797557 185.070784 0.000000
1693786985439918007 185.080275 0.000000
1693786985439941647 184.706100 0.000000
1693786985440391032 185.040162 0.000000
1693786985440419318 184.757139 0.000000
1693786985440511608 184.889958 0.000000
1693786985440568871 185.002795 0.000000
1693786985441008859 184.585474 0.000000
1693786985441240428 184.637616 0.000000
1693786985441730272 184.992771 0.000000
1693786985445535272 187.502619 0.000000
1693786985446122703 188.064160 0.000000
1693786985447491588 189.140068 0.000000
1693786985513619934 179.700562 0.000000
1693786985514409150 178.342784 0.000000
1693786985518178562 177.246293 0.000000
1693786985519459772 177.214083 0.000000
1693786985520459813 177.376375 0.000000
1693786985521958274 177.689574 0.000000
1693786985525218938 177.782816 0.000000
1693786985527723529 177.994844 0.000000
1693786985528586597 178.063870 0.000000
1693786985599384374 179.835551 0.000000
1693786985600714533 177.490903 0.000000
1693786985605523262 177.699983 0.000000
1693786985610527197 179.506481 0.000000
1693786985612029271 178.272134 0.000000
1693786985612497660 177.886422 0.000000
1693786985612704316 177.951804 0.000000
1693786985613245074 176.926379 0.000000
1693786985614284301 177.917910 0.000000
1693786985616195261 177.595189 0.000000
1693786985616645208 176.696334 0.000000
1693786985618482195 177.968057 0.000000
1693786985622354713 181.342250 0.000000
1693786985622392346 181.819922 0.000000
1693786985622455523 181.212363 0.000000
1693786985622531670 176.992749 0.000000
1693786985622583696 180.849504 0.000000
1693786985701751065 177.028477 0.000000
1693786985773284343 176.892385 0.000000
1693786985788547961 178.015387 0.000000
1693786985789812337 177.340458 0.000000
1693786985795447059 176.959992 0.000000
1693786985799358342 176.769148 0.000000
1693786985807132875 176.901691 0.000000
1693786985929831980 177.054307 0.000000
1693786985983891624 176.753733 0.000000
1693786986361685509 177.260040 0.000000
1693786986539070811 177.380336 0.000000
1693786986716226909 177.151131 0.000000
1693786986841709203 177.566158 0.000000
1693786986842044112 177.565902 0.000000
1693786986842466865 178.085801 0.000000
1693786986843182976 177.801415 0.000000
1693786986844277120 178.978608 0.000000
1693786986845859972 180.372505 0.000000
1693786986845943466 180.374716 0.000000
1693786986847854366 182.340066 0.000000
1693786986848103536 181.766097 0.000000
1693786986848976196 182.161847 0.000000
1693786986853830838 186.566417 0.000000
1693786986855110329 187.215762 0.000000
1693786986855176102 187.835730 0.000000
1693786986855233220 186.103355 0.000000
1693786986855265470 186.452026 0.000000
1693786986861188757 190.666774 0.000000
1693786986864566654 193.330229 0.000000
1693786986864599541 193.210015 0.000000
1693786986869656408 197.643383 0.000000
1693786986870290774 197.071697 0.000000
1693786986871247404 197.357767 0.000000
1693786986872293126 197.851572 0.000000
1693786986872347894 197.967907 0.000000
1693786986872625149 198.325138 0.000000
1693786986872758444 198.476495 0.000000
1693786986873736694 198.997487 0.000000
1693786986874444691 199.661968 0.000000
1693786986875448245 200.418843 0.000000
1693786986875558342 199.494413 0.000000
1693786986877466876 200.253929 0.000000
1693786986878551539 200.599603 0.000000
1693786986878865499 200.445745 0.000000
1693786986879284674 200.501204 0.000000
1693786986879714308 200.930803 0.000000
1693786986879977450 201.275124 0.000000
1693786986880525931 201.591410 0.000000
1693786986880529685 201.556709 0.000000
1693786986880605516 201.632290 0.000000
1693786986880755339 201.823310 0.000000
1693786986880783234 201.247230 0.000000
1693786986881451303 201.732689 0.000000
1693786986881682681 201.732899 0.000000
1693786986882162908 202.001649 0.000000
1693786986882239772 201.568526 0.000000
1693786986882282522 200.813936 0.000000
1693786986882332944 200.904993 0.000000
1693786986882342661 201.037862 0.000000
1693786986883154375 201.399774 0.000000
1693786986883295824 201.549959 0.000000
1693786986883350601 201.635813 0.000000
1693786986884068566 202.552776 0.000000
1693786986884200984 202.239076 0.000000
1693786986884996259 202.550180 0.000000
1693786986885138510 201.573258 0.000000
1693786986885264408 201.746827 0.000000
1693786986931881841 178.655074 0.000000
1693786986938504726 182.631905 0.000000
1693786986944531013 187.893544 0.000000
1693786986945705796 188.978949 0.000000
1693786986949599493 189.380298 0.000000
1693786986950107555 189.993544 0.000000
1693786986953083271 189.260353 0.000000
1693786986953567006 189.167081 0.000000
1693786986954874106 184.718458 0.000000
1693786986954968420 183.230017 0.000000
1693786986954991299 182.318165 0.000000
1693786987020388690 178.340909 0.000000
1693786987021656569 177.376727 0.000000
1693786987027489120 179.579926 0.000000
1693786987045850298 177.532123 0.000000
1693786987049618233 177.267377 0.000000
1693786987050306414 177.675572 0.000000
1693786987051073368 178.311185 0.000000
1693786987051279768 176.830060 0.000000
1693786987052422040 176.858486 0.000000
1693786987059517469 178.985990 0.000000
1693786987060209072 178.040947 0.000000
1693786987060458533 178.122727 0.000000
1693786987107974601 177.324205 0.000000
1693786987122904087 177.194944 0.000000
1693786987130568079 176.997907 0.000000
1693786987131727401 176.756209 0.000000
1693786987131786277 176.906784 0.000000
1693786987147183036 176.697192 0.000000
1693786987151310706 176.750089 0.000000
1693786987152794327 176.668464 0.000000
1693786987153521078 176.871276 0.000000
1693786987154812316 176.888902 0.000000
1693786987185335985 176.838690 0.000000
1693786987197607023 177.213522 0.000000
1693786987198044636 177.543815 0.000000
1693786987198734065 177.692842 0.000000
1693786987219646156 176.840641 0.000000
1693786987316719997 177.197785 0.000000
1693786987324323107 177.134984 0.000000
1693786987374589538 176.977368 0.000000
1693786987375139787 177.088190 0.000000
1693786987387765354 177.086717 0.000000
1693786987485592706 177.217459 0.000000
1693786987564881751 177.111590 0.000000
1693786987594164749 177.104428 0.000000
1693786987679563698 177.068551 0.000000
1693786987696726565 177.314597 0.000000
1693786987917997274 177.121442 0.000000
1693786988124462345 177.868716 0.000000
1693786988124519879 178.106179 0.000000
1693786988124535009 177.986806 0.000000
1693786988125192028 178.421602 0.000000
1693786988128389185 180.386207 0.000000
1693786988129496871 180.855223 0.000000
1693786988132261542 180.643811 0.000000
1693786988132272026 181.868771 0.000000
1693786988132329540 180.812954 0.000000
1693786988132374615 178.839399 0.000000
1693786988132864509 178.612361 0.000000
1693786988133438013 179.054189 0.000000
1693786988133657925 179.285807 0.000000
1693786988134099567 179.775686 0.000000
1693786988134958244 180.428901 0.000000
1693786988135249201 179.792967 0.000000
1693786988135455691 179.955175 0.000000
1693786988136124757 180.618648 0.000000
1693786988136304967 180.331730 0.000000
1693786988136970890 180.710136 0.000000
1693786988137028154 180.237441 0.000000
1693786988137295691 180.181350 0.000000
1693786988137445364 179.577947 0.000000
1693786988137846993 179.706776 0.000000
1693786988139528449 180.830055 0.000000
1693786988140255806 181.032125 0.000000
1693786988140998053 181.626667 0.000000
1693786988141255772 181.330894 0.000000
1693786988141943291 181.948977 0.000000
1693786988143071025 182.733041 0.000000
1693786988144443477 183.522016 0.000000
1693786988144587582 183.619071 0.000000
1693786988145283997 184.200990 0.000000
1693786988145332685 183.991934 0.000000
1693786988146108991 184.722042 0.000000
1693786988146751536 184.731199 0.000000
1693786988147416773 185.255142 0.000000
1693786988147749091 185.469025 0.000000
1693786988147868449 185.452206 0.000000
1693786988147880858 185.058144 0.000000
1693786988148057012 184.167373 0.000000
1693786988148067792 183.402538 0.000000
1693786988148315594 183.668376 0.000000
1693786988148846308 183.957720 0.000000
1693786988149733682 184.910742 0.000000
1693786988149788309 184.949186 0.000000
1693786988149838206 184.857653 0.000000
1693786988150315240 185.296338 0.000000
1693786988150517115 184.447148 0.000000
1693786988150536119 184.505103 0.000000
1693786988215422886 177.517599 0.000000
1693786988220491567 180.881379 0.000000
1693786988220710290 179.421443 0.000000
1693786988222626397 179.818131 0.000000
1693786988224353916 178.335828 0.000000
1693786988225152649 179.127519 0.000000
1693786988225430289 178.904330 0.000000
1693786988226682798 177.727583 0.000000
1693786988226859649 177.746667 0.000000
1693786988235549035 177.010505 0.000000
1693786988237865509 178.096947 0.000000
1693786988238663745 178.713967 0.000000
1693786988239178262 178.811239 0.000000
1693786988301398031 176.930449 0.000000
1693786988301615742 177.090661 0.000000
1693786988312309221 178.865916 0.000000
1693786988312531092 177.070114 0.000000
1693786988313836399 177.527894 0.000000
1693786988314551652 177.520652 0.000000
1693786988317733648 178.201014 0.000000
1693786988317901619 177.641738 0.000000
1693786988318362972 177.362032 0.000000
1693786988319712265 176.637813 0.000000
1693786988321454518 176.864294 0.000000
1693786988322086338 176.798877 0.000000
1693786988322508880 176.748611 0.000000
1693786988324244232 176.824046 0.000000
1693786988325281219 177.208515 0.000000
1693786988397657919 177.409969 0.000000
1693786988397807667 177.313996 0.000000
1693786988403012424 177.853581 0.000000
1693786988403117012 177.683399 0.000000
1693786988403705516 176.843406 0.000000
1693786988414916051 177.047235 0.000000
1693786988415315466 177.296335 0.000000
1693786988415463069 176.793876 0.000000
1693786988415973000 176.752715 0.000000
1693786988474390470 176.878874 0.000000
1693786988479513507 178.110479 0.000000
1693786988479734350 178.115044 0.000000
1693786988489444632 177.061990 0.000000
1693786988489544364 177.066655 0.000000
1693786988491539544 176.960950 0.000000
1693786988494848361 176.977654 0.000000
1693786988501092665 176.843225 0.000000
1693786988502242259 176.957506 0.000000
1693786988509881047 176.674484 0.000000
1693786988580521633 176.786058 0.000000
1693786988580569790 176.861333 0.000000
1693786988592229671 176.910277 0.000000
1693786988651476210 177.080944 0.000000
1693786988666733118 177.283299 0.000000
1693786988671679408 176.826357 0.000000
1693786988678013496 176.915884 0.000000
1693786988742632191 177.016580 0.000000
1693786988757719610 177.147664 0.000000
1693786988828691838 177.206170 0.000000
1693786988844023805 177.285465 0.000000
1693786988848684115 177.000097 0.000000
1693786988855064030 177.045944 0.000000
1693786988975885422 177.440940 0.000000
1693786988975940966 177.396416 0.000000
1693786989032160199 177.089498 0.000000
1693786989213937887 181.772742 0.000000
1693786989360752285 178.222523 0.000000
1693786989360758860 178.209970 0.000000
1693786989361750482 179.138263 0.000000
1693786989361955022 179.199837 0.000000
1693786989362011028 179.201380 0.000000
1693786989362227180 178.142628 0.000000
1693786989362727695 178.633194 0.000000
1693786989362841339 177.611868 0.000000
1693786989363462399 178.009794 0.000000
1693786989363919948 177.367495 0.000000
1693786989364768311 177.433835 0.000000
1693786989365432952 177.154896 0.000000
1693786989365791967 177.071156 0.000000
1693786989366328185 176.941549 0.000000
1693786989366410486 176.868419 0.000000
1693786989367539863 176.981623 0.000000
1693786989368518114 177.655796 0.000000
1693786989369409998 177.321714 0.000000
1693786989371105582 177.952951 0.000000
1693786989371917917 178.487315 0.000000
1693786989372252435 178.707923 0.000000
1693786989372648827 178.452544 0.000000
1693786989372789925 178.326992 0.000000
1693786989373094073 178.259054 0.000000
1693786989373440348 178.040100 0.000000
1693786989373502377 177.316267 0.000000
1693786989374049926 177.327107 0.000000
1693786989374237312 176.934804 0.000000
1693786989374386058 177.105236 0.000000
1693786989375117153 177.357071 0.000000
1693786989375567947 177.091033 0.000000
1693786989376664968 177.247817 0.000000
1693786989377367226 177.644259 0.000000
1693786989377422169 176.834154 0.000000
1693786989377740114 176.961892 0.000000
1693786989377770860 176.769805 0.000000
1693786989377959314 176.655153 0.000000
1693786989379781748 176.969184 0.000000
1693786989380048894 176.685594 0.000000
1693786989383569253 176.822076 0.000000
1693786989383877595 177.013481 0.000000
1693786989385015737 177.614520 0.000000
1693786989385035373 177.517008 0.000000
1693786989385949574 178.109005 0.000000
1693786989411195016 177.134864 0.000000
1693786989452710141 179.706516 0.000000
1693786989453133190 178.863445 0.000000
1693786989453685314 179.023768 0.000000
1693786989454586505 177.224012 0.000000
1693786989457271556 176.823359 0.000000
1693786989462109203 179.654936 0.000000
1693786989462196887 178.927760 0.000000
1693786989462245616 177.601414 0.000000
1693786989463761837 179.047712 0.000000
1693786989464038586 177.634972 0.000000
1693786989465009815 178.387201 0.000000
1693786989466653919 176.832425 0.000000
1693786989467555862 176.691618 0.000000
1693786989467768567 176.834636 0.000000
1693786989469885335 177.239748 0.000000
1693786989470058223 177.282778 0.000000
1693786989472774030 176.979312 0.000000
1693786989540854431 176.928649 0.000000
1693786989541291177 176.513584 0.000000
1693786989543099022 176.762031 0.000000
1693786989543969627 177.530278 0.000000
1693786989546301737 176.888055 0.000000
1693786989548995713 176.739354 0.000000
1693786989549526433 176.872103 0.000000
1693786989550672694 177.879356 0.000000
1693786989551164904 177.646930 0.000000
1693786989551626091 178.181779 0.000000
1693786989552163837 177.921750 0.000000
1693786989552702245 177.323954 0.000000
1693786989553110740 177.540012 0.000000
1693786989554059411 176.688502 0.000000
1693786989554139458 176.714387 0.000000
1693786989554310651 176.564563 0.000000
1693786989556666976 176.610806 0.000000
1693786989617263570 176.895588 0.000000
1693786989629846703 177.133762 0.000000
1693786989630705451 176.886787 0.000000
1693786989644332784 176.773794 0.000000
1693786989647061987 177.001384 0.000000
1693786989718048723 176.750971 0.000000
1693786989720075537 176.968176 0.000000
1693786989721276686 176.792322 0.000000
1693786989725805315 176.943133 0.000000
1693786989726635597 177.156249 0.000000
1693786989728120150 176.952084 0.000000
1693786989728285254 176.656982 0.000000
1693786989728854127 176.688220 0.000000
1693786989729296376 176.670529 0.000000
1693786989731010368 176.945934 0.000000
1693786989731650201 176.501646 0.000000
1693786989733514613 176.844309 0.000000
1693786989807455430 176.744842 0.000000
1693786989814910836 176.766397 0.000000
1693786989818114934 176.776516 0.000000
1693786989886612411 176.822177 0.000000
1693786989897164650 177.084703 0.000000
1693786989903529480 176.889158 0.000000
1693786989911303999 176.940317 0.000000
1693786989997257067 176.930990 0.000000
1693786990063720928 177.103906 0.000000
1693786990088315411 177.006685 0.000000
1693786990174323872 177.062223 0.000000
1693786990440139390 176.971801 0.000000
1693786990579137884 178.593497 0.000000
1693786990579561469 178.866522 0.000000
1693786990580235281 179.245088 0.000000
1693786990580877189 179.350954 0.000000
1693786990581570843 179.643169 0.000000
1693786990582874976 180.384898 0.000000
1693786990583059520 179.883999 0.000000
1693786990584239179 180.928759 0.000000
1693786990584948143 181.690391 0.000000
1693786990586961767 183.560356 0.000000
1693786990587032557 183.673719 0.000000
1693786990587104945 183.809871 0.000000
1693786990587266611 182.669553 0.000000
1693786990589124533 184.301504 0.000000
1693786990589790367 185.017785 0.000000
1693786990591707927 186.656121 0.000000
1693786990591921609 186.292857 0.000000
1693786990593009630 187.091338 0.000000
1693786990595974957 183.286247 0.000000
1693786990596160769 183.133156 0.000000
1693786990596253435 183.283931 0.000000
1693786990596542622 182.754210 0.000000
1693786990596791236 182.884528 0.000000
1693786990596950601 183.092967 0.000000
1693786990597189457 183.228066 0.000000
1693786990597336950 182.444348 0.000000
1693786990597571340 182.382058 0.000000
1693786990598830148 181.292469 0.000000
1693786990599218526 180.923116 0.000000
1693786990599447208 180.594036 0.000000
1693786990599839511 181.033172 0.000000
1693786990599891793 181.133816 0.000000
1693786990600117994 178.966494 0.000000
1693786990600263216 178.632994 0.000000
1693786990600430972 178.625080 0.000000
1693786990600603729 178.185949 0.000000
1693786990600726940 177.873572 0.000000
1693786990600734357 178.286538 0.000000
1693786990600784529 178.427931 0.000000
1693786990600848648 176.761956 0.000000
1693786990600881780 177.576336 0.000000
1693786990601557016 176.700082 0.000000
1693786990601622283 177.341665 0.000000
1693786990601966754 177.175719 0.000000
1693786990603924433 177.222182 0.000000
1693786990606930625 177.468029 0.000000
1693786990667658048 177.237859 0.000000
1693786990670838521 178.282173 0.000000
1693786990683052812 182.462537 0.000000
1693786990683791646 177.624052 0.000000
1693786990689557817 176.838600 0.000000
1693786990689573434 176.799529 0.000000
1693786990692906261 176.818162 0.000000
1693786990759269869 177.695549 0.000000
1693786990759816531 176.938517 0.000000
1693786990761431708 177.766538 0.000000
1693786990765050350 176.947393 0.000000
1693786990766966341 177.173113 0.000000
1693786990769165988 177.454608 0.000000
1693786990770891256 177.149217 0.000000
1693786990774608738 177.414740 0.000000
1693786990774779255 177.546327 0.000000
1693786990774998043 177.701377 0.000000
1693786990775030349 177.453767 0.000000
1693786990776136471 176.914116 0.000000
1693786990778563256 177.872284 0.000000
1693786990778628833 177.897904 0.000000
1693786990779185658 177.213888 0.000000
1693786990780697280 176.770196 0.000000
1693786990847811193 176.969043 0.000000
1693786990860518401 176.723126 0.000000
1693786990862208647 176.754109 0.000000
1693786990864567855 177.330504 0.000000
1693786990866314187 176.735305 0.000000
1693786990867261881 177.652388 0.000000
1693786990867550192 177.000026 0.000000
1693786990868915958 176.888982 0.000000
1693786990871128645 177.275341 0.000000
1693786990894553908 176.843506 0.000000
1693786990933121787 176.964743 0.000000
1693786990941528902 177.146395 0.000000
1693786990941941657 176.888596 0.000000
1693786990951354442 176.741098 0.000000
1693786990956871179 176.878473 0.000000
1693786990958253464 176.841010 0.000000
1693786990959159987 176.822768 0.000000
1693786991031994998 176.983892 0.000000
1693786991037348646 176.812764 0.000000
1693786991038919871 176.706177 0.000000
1693786991041302759 176.730022 0.000000
1693786991044074857 176.807734 0.000000
1693786991110534518 177.304704 0.000000
1693786991214423931 177.065162 0.000000
1693786991224568227 176.975463 0.000000
1693786991287606816 177.067893 0.000000
1693786991306953331 176.932027 0.000000
1693786991391555457 177.123578 0.000000
1693786991568501563 176.941444 0.000000
1693786991673354508 177.107656 0.000000
1693786991673504392 177.140859 0.000000
1693786991673548780 176.870409 0.000000
1693786991674447029 177.354731 0.000000
1693786991675427099 177.484493 0.000000
1693786991677358280 176.865627 0.000000
1693786991677883848 177.252583 0.000000
1693786991679254155 177.262486 0.000000
1693786991679904773 177.184996 0.000000
1693786991680795275 177.292320 0.000000
1693786991681743350 178.076374 0.000000
1693786991682033981 177.474814 0.000000
1693786991683850802 177.360393 0.000000
1693786991684421164 177.362388 0.000000
1693786991684462811 177.607649 0.000000
1693786991684710742 177.680072 0.000000
1693786991684738412 177.039191 0.000000
1693786991684958023 176.852522 0.000000
1693786991686274856 177.538763 0.000000
1693786991686578707 177.790730 0.000000
1693786991686831100 177.754355 0.000000
1693786991687168635 178.053290 0.000000
1693786991688101169 178.894076 0.000000
1693786991688263266 178.978783 0.000000
1693786991688680161 179.433932 0.000000
1693786991689435793 179.246451 0.000000
1693786991690618274 180.278987 0.000000
1693786991690743385 180.232519 0.000000
1693786991690815738 180.219589 0.000000
1693786991692205144 181.649250 0.000000
1693786991693505373 182.887089 0.000000
1693786991695001068 183.106634 0.000000
1693786991695063668 183.403716 0.000000
1693786991695856763 184.066883 0.000000
1693786991696298701 183.979595 0.000000
1693786991696673849 184.345827 0.000000
1693786991696869509 184.237420 0.000000
1693786991697459812 184.776058 0.000000
1693786991697537928 184.815229 0.000000
1693786991697609685 184.374845 0.000000
1693786991697655858 184.527675 0.000000
1693786991697725440 184.428670 0.000000
1693786991697793869 184.090157 0.000000
1693786991698587490 184.732857 0.000000
1693786991698685518 184.370158 0.000000
1693786991698800215 184.442648 0.000000
1693786991763594482 176.966057 0.000000
1693786991772532472 177.043487 0.000000
1693786991772658636 177.227209 0.000000
1693786991783477000 178.009459 0.000000
1693786991784234852 177.913947 0.000000
1693786991854999432 177.637334 0.000000
1693786991855069611 177.182195 0.000000
1693786991857134709 177.226572 0.000000
1693786991859168033 176.906106 0.000000
1693786991859198810 177.161115 0.000000
1693786991864026860 177.746487 0.000000
1693786991864482766 177.896055 0.000000
1693786991866355833 177.672830 0.000000
1693786991868318312 177.499863 0.000000
1693786991870443561 177.588670 0.000000
1693786991871573784 178.117255 0.000000
1693786991873763728 180.255377 0.000000
1693786991875163298 178.484904 0.000000
1693786991875191529 178.887862 0.000000
1693786991875822016 178.080208 0.000000
1693786991875923587 178.310082 0.000000
1693786991876457203 177.865819 0.000000
1693786991939067261 176.819551 0.000000
1693786991949393519 176.856131 0.000000
1693786991964427429 178.532335 0.000000
1693786992047241045 176.793040 0.000000
1693786992050703599 176.936267 0.000000
1693786992052129896 177.061053 0.000000
1693786992052271210 177.037367 0.000000
1693786992052296840 177.099146 0.000000
1693786992052586218 176.760754 0.000000
1693786992053365996 176.905270 0.000000
1693786992066321136 177.336488 0.000000
1693786992072680097 177.157803 0.000000
1693786992224218974 176.973463 0.000000
1693786992229371379 177.236320 0.000000
1693786992230262767 176.891860 0.000000
1693786992249726269 177.041601 0.000000
1693786992297223609 177.062421 0.000000
1693786992401286526 177.063057 0.000000
1693786992480952186 177.091754 0.000000
1693786992667414850 177.212082 0.000000
1693786992758709804 176.962894 0.000000
1693786992758757831 177.362920 0.000000
1693786992761004547 178.676259 0.000000
1693786992761813413 177.907075 0.000000
1693786992763042652 177.507962 0.000000
1693786992765135591 179.436838 0.000000
1693786992767446110 181.499170 0.000000
1693786992768847751 181.145734 0.000000
1693786992769750135 181.315028 0.000000
1693786992770447030 181.305916 0.000000
1693786992770504534 181.314039 0.000000
1693786992770740583 180.798440 0.000000
1693786992771415202 180.227127 0.000000
1693786992772133738 180.850557 0.000000
1693786992772212948 180.234785 0.000000
1693786992772834689 180.623584 0.000000
1693786992772974664 179.728763 0.000000
1693786992773308350 179.311828 0.000000
1693786992773653323 179.292483 0.000000
1693786992774134161 179.710605 0.000000
1693786992774597308 179.434173 0.000000
1693786992775559938 180.438574 0.000000
1693786992776074555 180.257132 0.000000
1693786992776713396 180.825008 0.000000
1693786992777148879 181.093101 0.000000
1693786992777492227 181.483234 0.000000
1693786992777650581 181.338482 0.000000
1693786992777728487 181.373393 0.000000
1693786992778797523 181.289072 0.000000
1693786992778969925 181.487464 0.000000
1693786992779252266 181.665262 0.000000
1693786992779745268 181.855399 0.000000
1693786992779815416 181.799163 0.000000
1693786992780013687 182.112964 0.000000
1693786992780171775 182.237453 0.000000
1693786992780341565 182.287309 0.000000
1693786992780444730 181.486110 0.000000
1693786992780467864 181.727843 0.000000
1693786992780722747 181.323813 0.000000
1693786992781461931 181.665718 0.000000
1693786992782071173 181.910532 0.000000
1693786992782281092 181.846589 0.000000
1693786992782528251 182.118812 0.000000
1693786992844495979 177.075852 0.000000
1693786992855665069 180.498693 0.000000
1693786992857741594 179.524538 0.000000
1693786992862126723 178.469935 0.000000
1693786992869991598 177.525016 0.000000
1693786992871038007 177.599204 0.000000
1693786992872381502 177.270635 0.000000
1693786992872878974 177.066104 0.000000
1693786992873810170 176.988864 0.000000
1693786992874519610 176.951989 0.000000
1693786992922666866 177.020393 0.000000
1693786992924520102 176.735881 0.000000
1693786992932312708 177.054913 0.000000
1693786992939804739 177.366643 0.000000
1693786992944979451 177.530660 0.000000
1693786992945795800 176.917172 0.000000
1693786992949586447 178.555543 0.000000
1693786992950538296 178.866422 0.000000
1693786992950679374 177.840545 0.000000
1693786992950868579 177.209358 0.000000
1693786992950894369 177.916187 0.000000
1693786992951738658 177.569179 0.000000
1693786992952724315 176.645837 0.000000
1693786992953446440 176.728769 0.000000
1693786992954368109 176.872844 0.000000
1693786992954590782 176.936051 0.000000
1693786992955867486 176.892165 0.000000
1693786992956677962 176.929887 0.000000
1693786992957009343 177.191125 0.000000
1693786992957701813 177.683992 0.000000
1693786992958333252 177.607608 0.000000
1693786993009507840 176.963385 0.000000
1693786993022587629 177.028162 0.000000
1693786993023936923 178.214411 0.000000
1693786993032699254 177.030797 0.000000
1693786993048198691 177.156018 0.000000
1693786993050111821 177.334523 0.000000
1693786993051491961 176.969996 0.000000
1693786993051540289 176.967159 0.000000
1693786993089483370 176.881614 0.000000
1693786993099507150 176.837678 0.000000
1693786993111617830 177.060647 0.000000
1693786993113811287 177.890401 0.000000
1693786993113977553 178.081135 0.000000
1693786993122633833 176.828476 0.000000
1693786993127602947 176.921061 0.000000
1693786993199624330 177.031578 0.000000
1693786993276606075 177.094024 0.000000
1693786993362562096 177.131973 0.000000
1693786993465519272 177.148145 0.000000
1693786993475778930 177.188464 0.000000
1693786993475828821 177.176290 0.000000
1693786994189918570 177.414664 0.000000
1693786994190605332 177.675561 0.000000
1693786994190975929 178.048986 0.000000
1693786994191987427 178.482644 0.000000
1693786994192737712 179.166570 0.000000
1693786994192803310 179.261435 0.000000
1693786994192897684 179.186316 0.000000
1693786994193359078 179.713998 0.000000
1693786994194213264 180.607236 0.000000
1693786994196736288 180.898343 0.000000
1693786994197960606 181.868244 0.000000
1693786994198628018 182.380917 0.000000
1693786994198716439 182.378902 0.000000
1693786994199596000 183.294161 0.000000
1693786994199628436 182.784942 0.000000
1693786994199842077 182.829395 0.000000
1693786994200480372 183.010080 0.000000
1693786994201439889 183.501357 0.000000
1693786994201856047 183.343114 0.000000
1693786994202003916 183.303868 0.000000
1693786994202625001 183.622354 0.000000
1693786994202713963 183.428178 0.000000
1693786994204241406 184.562110 0.000000
1693786994204367805 184.330913 0.000000
1693786994205392618 184.643635 0.000000
1693786994206490873 185.748239 0.000000
1693786994206908875 185.282821 0.000000
1693786994207560275 185.628189 0.000000
1693786994207715200 185.850041 0.000000
1693786994207776678 185.390747 0.000000
1693786994208369317 185.529540 0.000000
1693786994209601367 186.348375 0.000000
1693786994210155496 186.659664 0.000000
1693786994211305642 186.973103 0.000000
1693786994211385342 186.673034 0.000000
1693786994212716463 186.758629 0.000000
1693786994213146644 186.938306 0.000000
1693786994213722944 187.295107 0.000000
1693786994214315127 186.919152 0.000000
1693786994214380669 187.047917 0.000000
1693786994214856120 186.539239 0.000000
1693786994215378786 186.824161 0.000000
1693786994215431524 186.571183 0.000000
1693786994215586665 186.119984 0.000000
1693786994215701642 185.914841 0.000000
1693786994215724781 185.675380 0.000000
1693786994216090747 185.140009 0.000000
1693786994216119745 183.020455 0.000000
1693786994216540378 182.350420 0.000000
1693786994217068592 180.694053 0.000000
1693786994217115491 180.734838 0.000000
1693786994217194454 180.763685 0.000000
1693786994284276198 178.502260 0.000000
1693786994284691022 178.971211 0.000000
1693786994285213954 178.832252 0.000000
1693786994285318647 178.579449 0.000000
1693786994286040045 179.249363 0.000000
1693786994291928202 176.860877 0.000000
1693786994292895802 177.185873 0.000000
1693786994294950466 177.770022 0.000000
1693786994295877177 176.913845 0.000000
1693786994302713463 176.945208 0.000000
1693786994366742536 176.819181 0.000000
1693786994367385331 176.774767 0.000000
1693786994373819933 177.147002 0.000000
1693786994375814503 177.183813 0.000000
1693786994376689949 176.845556 0.000000
1693786994379309582 177.301853 0.000000
1693786994379369612 176.741113 0.000000
1693786994382420985 177.026046 0.000000
1693786994388251607 176.863528 0.000000
1693786994390247885 177.096420 0.000000
1693786994390541583 176.784875 0.000000
1693786994392572717 176.845356 0.000000
1693786994392887485 176.764452 0.000000
1693786994394146012 177.076879 0.000000
1693786994394905604 177.834672 0.000000
1693786994394962536 177.844370 0.000000
1693786994456727172 177.166037 0.000000
1693786994468763258 176.826587 0.000000
1693786994472998359 177.074625 0.000000
1693786994475452763 176.679796 0.000000
1693786994480321152 176.922054 0.000000
1693786994484350555 178.153724 0.000000
1693786994543688722 176.941479 0.000000
1693786994544264496 176.874133 0.000000
1693786994551135322 177.312783 0.000000
1693786994556529058 177.214129 0.000000
1693786994570976638 176.820217 0.000000
1693786994571966656 176.998843 0.000000
1693786994649791694 176.789245 0.000000
1693786994720703611 177.010264 0.000000
1693786994721151418 176.882381 0.000000
1693786994728156527 177.016850 0.000000
1693786994748173321 177.189622 0.000000
1693786994826602950 177.291228 0.000000
1693786994905325556 177.164804 0.000000
1693786995003895481 177.288221 0.000000
1693786995086673339 177.217502 0.000000
1693786995264031000 177.353160 0.000000
1693786995441732321 177.696725 0.000000
1693786995614294355 178.058029 0.000000
1693786995617816713 178.018807 0.000000
1693786995617922750 177.409199 0.000000
1693786995620996901 178.945182 0.000000
1693786995621094593 178.931640 0.000000
1693786995621508962 179.114856 0.000000
1693786995621910466 179.427263 0.000000
1693786995622299521 179.479846 0.000000
1693786995624051045 178.744680 0.000000
1693786995624938454 178.540706 0.000000
1693786995625364470 178.932297 0.000000
1693786995627322850 180.738478 0.000000
1693786995629787472 182.308620 0.000000
1693786995629987533 181.195360 0.000000
1693786995630599020 181.702068 0.000000
1693786995630683602 180.989140 0.000000
1693786995631356066 181.789071 0.000000
1693786995631537663 181.696386 0.000000
1693786995631679819 181.534624 0.000000
1693786995632303304 182.087660 0.000000
1693786995632330287 182.146247 0.000000
1693786995632494319 182.194083 0.000000
1693786995632498754 182.238045 0.000000
1693786995633163069 180.904087 0.000000
1693786995633296008 180.794443 0.000000
1693786995633314306 180.832856 0.000000
1693786995633369935 180.689729 0.000000
1693786995633404100 181.051269 0.000000
1693786995634356575 180.674915 0.000000
1693786995634380065 180.643712 0.000000
1693786995634776402 180.779933 0.000000
1693786995634950296 180.996899 0.000000
1693786995635043353 180.891328 0.000000
1693786995635508911 181.427520 0.000000
1693786995635924648 181.220518 0.000000
1693786995636372234 181.380761 0.000000
1693786995637037471 181.962188 0.000000
1693786995637901025 181.521248 0.000000
1693786995638610245 182.161808 0.000000
1693786995638987181 182.499068 0.000000
1693786995639868537 182.815995 0.000000
1693786995640292322 182.680144 0.000000
1693786995641593218 183.420766 0.000000
1693786995641717928 183.426585 0.000000
1693786995641966386 182.875934 0.000000
1693786995642088034 182.952156 0.000000
1693786995706886396 177.092401 0.000000
1693786995707739957 177.840255 0.000000
1693786995709370780 177.770417 0.000000
1693786995711652157 178.075793 0.000000
1693786995719221167 177.773870 0.000000
1693786995719495966 178.025656 0.000000
1693786995719617243 177.075415 0.000000
1693786995723533708 177.214108 0.000000
1693786995725732011 177.595170 0.000000
1693786995725794863 177.557106 0.000000
1693786995726406205 177.109665 0.000000
1693786995726846965 176.793710 0.000000
1693786995729205576 176.741545 0.000000
1693786995794692981 176.766407 0.000000
1693786995798624972 176.890014 0.000000
1693786995802128682 177.186243 0.000000
1693786995804358398 177.031750 0.000000
1693786995808494218 177.133902 0.000000
1693786995809467512 176.963360 0.000000
1693786995810024001 176.651129 0.000000
1693786995811907637 176.860361 0.000000
1693786995812204047 176.690721 0.000000
1693786995816138554 177.146270 0.000000
1693786995818699646 176.730870 0.000000
1693786995884167385 176.778124 0.000000
1693786995886680250 176.769774 0.000000
1693786995888578125 176.922325 0.000000
1693786995891845475 177.309901 0.000000
1693786995896933274 177.286266 0.000000
1693786995900180427 176.643682 0.000000
1693786995902493848 176.637206 0.000000
1693786995907592623 178.382005 0.000000
1693786995971568948 176.870955 0.000000
1693786995985414994 176.735175 0.000000
1693786995988954271 176.746386 0.000000
1693786995994906587 176.643992 0.000000
1693786996003315220 176.692877 0.000000
1693786996004520644 176.832786 0.000000
1693786996046597521 177.118270 0.000000
1693786996060869518 176.697347 0.000000
1693786996065438831 176.828431 0.000000
1693786996068677735 176.827679 0.000000
1693786996074849360 176.872765 0.000000
1693786996077196379 176.823680 0.000000
1693786996080403785 176.932749 0.000000
1693786996172184248 177.115148 0.000000
1693786996245833758 177.151372 0.000000
1693786996251086561 177.097377 0.000000
1693786996257543841 177.135145 0.000000
1693786996349296810 177.107826 0.000000
1693786996423182854 177.344576 0.000000
1693786996434722897 177.174481 0.000000
1693786996526703887 177.402496 0.000000
1693786996600585732 177.398378 0.000000
1693786996606032312 177.338970 0.000000
1693786996612039690 177.305337 0.000000
1693786996703868344 177.159672 0.000000
1693786996777795686 177.205374 0.000000
1693786996877715317 176.798803 0.000000
1693786996880737116 176.864251 0.000000
1693786996930197536 178.970454 0.000000
1693786996930633335 179.212526 0.000000
1693786996930889030 178.476129 0.000000
1693786996931865321 179.014431 0.000000
1693786996932109694 177.812595 0.000000
1693786996933499823 178.647979 0.000000
1693786996933701322 177.856753 0.000000
1693786996934007328 177.946302 0.000000
1693786996934757253 178.649683 0.000000
1693786996940158721 180.827779 0.000000
1693786996940268737 179.787334 0.000000
1693786996940296662 180.839185 0.000000
1693786996942522199 180.571658 0.000000
1693786996942586849 180.684480 0.000000
1693786996943340577 180.368145 0.000000
1693786996943617241 180.686816 0.000000
1693786996943946702 180.884977 0.000000
1693786996944196653 181.038244 0.000000
1693786996944605880 180.587340 0.000000
1693786996944661064 179.858805 0.000000
1693786996945035650 180.280526 0.000000
1693786996945647443 180.956964 0.000000
1693786996945858138 180.862249 0.000000
1693786996945874546 180.932858 0.000000
1693786996945908300 180.954890 0.000000
1693786996946557204 180.943864 0.000000
1693786996946759269 180.472608 0.000000
1693786996946801082 180.580549 0.000000
1693786996946970516 180.642102 0.000000
1693786996947016568 178.787558 0.000000
1693786996947030250 180.446878 0.000000
1693786996947096093 177.778661 0.000000
1693786996947918180 177.704233 0.000000
1693786996948599004 177.084692 0.000000
1693786996949310644 177.123573 0.000000
1693786996949797912 177.461429 0.000000
1693786996950460614 177.966909 0.000000
1693786996951054746 176.901787 0.000000
1693786996951867607 177.120431 0.000000
1693786996952012193 177.096565 0.000000
1693786996952897758 176.929211 0.000000
1693786996954700666 176.902394 0.000000
1693786996955736044 177.160815 0.000000
1693786997017847903 177.562935 0.000000
1693786997020174399 177.924306 0.000000
1693786997024683027 177.684969 0.000000
1693786997024707834 177.499663 0.000000
1693786997027694561 177.725910 0.000000
1693786997034680731 176.972661 0.000000
1693786997037681892 178.586094 0.000000
1693786997037917440 176.729375 0.000000
1693786997041133756 176.689213 0.000000
1693786997059993084 179.250811 0.000000
1693786997108165754 177.976647 0.000000
1693786997112294873 177.435238 0.000000
1693786997122735172 176.926124 0.000000
1693786997122776539 176.863017 0.000000
1693786997125038460 177.939004 0.000000
1693786997125567856 177.520862 0.000000
1693786997126444751 177.947670 0.000000
1693786997126696582 177.381708 0.000000
1693786997128445640 177.388339 0.000000
1693786997128971469 176.954164 0.000000
1693786997129847256 176.652056 0.000000
1693786997196213520 177.032882 0.000000
1693786997213880398 178.646069 0.000000
1693786997215420450 177.511876 0.000000
1693786997215633516 177.671597 0.000000
1693786997215825738 177.569490 0.000000
1693786997218142677 177.005999 0.000000
1693786997219710635 176.800316 0.000000
1693786997222017761 176.800918 0.000000
1693786997282724721 177.383433 0.000000
1693786997287457540 176.752133 0.000000
1693786997289186767 176.885975 0.000000
1693786997299782242 177.044655 0.000000
1693786997301729692 176.686522 0.000000
1693786997302366769 176.796025 0.000000
