1693786973048704385 2023.856987 0.000000
1693786973159976612 2083.999134 0.000000
1693786973210710771 2157.853226 0.000000
1693786973622446746 2138.925900 0.000000
1693786973660506559 2128.411701 0.000000
1693786973708710032 1761.218380 0.000000
1693786973715575906 1924.703778 0.000000
1693786973715613325 1924.614624 0.000000
1693786973726986469 1743.078178 0.000000
1693786973739139870 1568.720731 0.000000
1693786973794254250 1156.344642 0.000000
1693786974027548847 867.427340 0.000000
1693786974130782849 877.335725 0.000000
1693786974148353553 490.233373 0.000000
1693786974148783835 555.682284 0.000000
1693786974169124405 510.968713 0.000000
1693786974175350026 517.812277 0.000000
1693786974178258283 520.069781 0.000000
1693786974178301237 520.079085 0.000000
1693786974178319734 520.287146 0.000000
1693786974178354507 520.449711 0.000000
1693786974178372173 520.428952 0.000000
1693786974178390245 520.608576 0.000000
1693786974178407041 520.609298 0.000000
1693786974178424017 520.734644 0.000000
1693786974178831563 521.219750 0.000000
1693786974178867163 521.310674 0.000000
1693786974179538045 489.847426 0.000000
1693786974179665206 477.959278 0.000000
1693786974179768171 471.056411 0.000000
1693786974180140261 453.009157 0.000000
1693786974180512912 431.773690 0.000000
1693786974180776578 510.882559 0.000000
1693786974180878204 495.920145 0.000000
1693786974195504659 392.766625 0.000000
1693786974195676577 487.167147 0.000000
1693786974195931086 472.215770 0.000000
1693786974228818219 385.539739 0.000000
1693786974230839107 373.944003 0.000000
1693786974234641831 349.759460 0.000000
1693786974235268401 442.932862 0.000000
1693786974264596699 461.955351 0.000000
1693786974265059743 381.337397 0.000000
1693786974265434121 378.909549 0.000000
1693786974265742845 449.124900 0.000000
1693786974266634793 352.192470 0.000000
1693786974548838469 626.247035 0.000000
1693786974549007999 627.736853 0.000000
1693786974549513376 629.104430 0.000000
1693786974549721399 630.006673 0.000000
1693786974568621180 557.641197 0.000000
1693786974583276225 587.809323 0.000000
1693786974583598061 580.389346 0.000000
1693786974608958849 480.435961 0.000000
1693786974630290601 481.935184 0.000000
1693786974650168345 571.942789 0.000000
1693786974656424178 619.940645 0.000000
1693786974656825538 460.893208 0.000000
1693786974656857131 461.261689 0.000000
1693786974711917792 476.647681 0.000000
1693786974711944230 477.300353 0.000000
1693786974712275822 481.156211 0.000000
1693786974712523680 483.703413 0.000000
1693786974714161855 534.495471 0.000000
1693786974714435369 536.043681 0.000000
1693786974714546099 536.137811 0.000000
1693786974714600830 448.856269 0.000000
1693786974714641039 449.579334 0.000000
1693786974761567695 582.497028 0.000000
1693786974769263986 573.720593 0.000000
1693786974787966789 557.988687 0.000000
1693786974872972910 916.505713 0.000000
1693786974904983953 951.203249 0.000000
1693786975269424580 739.680710 0.000000
1693786975271002122 722.161892 0.000000
1693786975275321777 691.721961 0.000000
1693786975275345670 692.068028 0.000000
1693786975275900410 664.015597 0.000000
1693786975285218157 736.208147 0.000000
1693786975289165589 720.709705 0.000000
1693786975338414074 626.494604 0.000000
1693786975338517956 625.110342 0.000000
1693786975338705233 610.964689 0.000000
1693786975338760189 624.117764 0.000000
1693786975338786486 624.238916 0.000000
1693786975338812727 624.375846 0.000000
1693786975338840347 600.813736 0.000000
1693786975338995332 605.534735 0.000000
1693786975339514720 593.414819 0.000000
1693786975346532130 584.935792 0.000000
1693786975346687686 576.886350 0.000000
1693786975346797824 577.956520 0.000000
1693786975346843207 558.874826 0.000000
1693786975504988517 806.447943 0.000000
1693786975602475676 401.311751 0.000000
1693786975602524919 401.448270 0.000000
1693786975636900131 374.951243 0.000000
1693786975637042501 368.715885 0.000000
1693786975637173272 368.286864 0.000000
1693786975637270811 369.357075 0.000000
1693786975637296073 369.509247 0.000000
1693786975637759226 369.991625 0.000000
1693786975637876233 370.415166 0.000000
1693786975638239706 371.598171 0.000000
1693786975638342036 371.999456 0.000000
1693786975638442109 372.407615 0.000000
1693786975638577737 372.519540 0.000000
1693786975638694355 372.938494 0.000000
1693786975638714551 374.110818 0.000000
1693786975638941390 376.226766 0.000000
1693786975639041411 376.445767 0.000000
1693786975639152487 376.737844 0.000000
1693786975639252122 377.007011 0.000000
1693786975639342084 379.145900 0.000000
1693786975648124169 374.778010 0.000000
1693786975657343701 393.930015 0.000000
1693786975662648509 426.744068 0.000000
1693786975662732948 427.762841 0.000000
1693786975662754313 429.242273 0.000000
1693786975662933436 417.145099 0.000000
1693786975663023651 417.838424 0.000000
1693786975663089395 418.682534 0.000000
1693786975663197291 420.209065 0.000000
1693786975663418729 421.818384 0.000000
1693786975663451390 422.310572 0.000000
1693786975663561651 424.147648 0.000000
1693786975663707665 324.191196 0.000000
1693786975663733593 324.891428 0.000000
1693786975663881775 325.145437 0.000000
1693786975663981200 396.902409 0.000000
1693786975664073906 397.174567 0.000000
1693786975664096710 397.425520 0.000000
1693786975664192234 397.489862 0.000000
1693786975664255641 398.477343 0.000000
1693786975664323764 399.149961 0.000000
1693786975664350645 399.021834 0.000000
1693786975664524201 400.833871 0.000000
1693786975664845490 389.522351 0.000000
1693786975672057114 325.367633 0.000000
1693786975679294655 313.963713 0.000000
1693786975682226794 182.283090 0.000000
1693786975744203441 821.016919 0.000000
1693786975744229537 871.141998 0.000000
1693786975764435486 176.275401 0.000000
1693786975764615471 859.629402 0.000000
1693786975764664527 859.985926 0.000000
1693786975765118148 176.914800 0.000000
1693786975765527837 172.995891 0.000000
1693786975780032316 144.603868 0.000000
1693786975788588004 151.413109 0.000000
1693786975789352070 152.079456 0.000000
1693786975790233754 151.890319 0.000000
1693786975790361974 151.666451 0.000000
1693786975790864375 151.710261 0.000000
1693786975807285047 144.550730 0.000000
1693786975807990931 144.792656 0.000000
1693786975808017899 144.926520 0.000000
1693786975809038819 144.962990 0.000000
1693786975809117851 144.924439 0.000000
1693786975824105402 144.845979 0.000000
1693786975824272086 151.119329 0.000000
1693786975826050418 233.026505 0.000000
1693786975832943455 150.820204 0.000000
1693786975835287250 232.810096 0.000000
1693786975880805477 232.679598 0.000000
1693786975896767901 232.884605 0.000000
1693786975896793013 233.058005 0.000000
1693786975909142148 144.614027 0.000000
1693786975914886215 150.449349 0.000000
1693786975916237553 150.707965 0.000000
1693786975939494246 288.818199 0.000000
1693786975977053331 152.946008 0.000000
1693786976027662536 150.858881 0.000000
1693786976040005127 232.718375 0.000000
1693786976040707727 232.688101 0.000000
1693786976047375185 150.605751 0.000000
1693786976054009441 144.865266 0.000000
1693786976078258514 152.485945 0.000000
1693786976078325282 152.119889 0.000000
1693786976090064335 150.567838 0.000000
1693786976090313308 144.457304 0.000000
1693786976099016736 144.660064 0.000000
1693786976105943988 144.449045 0.000000
1693786976191284916 150.575684 0.000000
1693786976198362472 150.985694 0.000000
1693786976198476380 144.465062 0.000000
1693786976220109279 292.469771 0.000000
1693786976220134317 243.054503 0.000000
1693786976228905819 150.575642 0.000000
1693786976234691681 144.625520 0.000000
1693786976250317629 144.371482 0.000000
1693786976268618070 144.632505 0.000000
1693786976314090680 144.577631 0.000000
1693786976316545414 145.669184 0.000000
1693786976342883549 144.405605 0.000000
1693786976342922723 144.558260 0.000000
1693786976373818370 144.910567 0.000000
1693786976402653610 159.348973 0.000000
1693786976402661513 152.341829 0.000000
1693786976463527377 149.434710 0.000000
1693786976524245831 145.137380 0.000000
1693786976524317556 150.497444 0.000000
1693786976553370386 150.707076 0.000000
1693786976608096599 144.592644 0.000000
1693786976653895192 144.734814 0.000000
1693786976684243052 144.521119 0.000000
1693786976697907808 144.532152 0.000000
1693786976702422510 144.593977 0.000000
1693786976882648776 150.565008 0.000000
1693786976883033657 150.460757 0.000000
1693786976888846569 150.349760 0.000000
1693786976890456963 150.904729 0.000000
1693786976890816446 144.603554 0.000000
1693786976891028112 144.832207 0.000000
1693786976891458182 151.880585 0.000000
1693786976891544231 151.917582 0.000000
1693786976891827166 151.531275 0.000000
1693786976892351901 151.919880 0.000000
1693786976892616747 151.650462 0.000000
1693786976893122022 151.431809 0.000000
1693786976893571040 151.198229 0.000000
1693786976894161343 151.663246 0.000000
1693786976894241742 151.056006 0.000000
1693786976894322036 151.162910 0.000000
1693786976894518693 151.357441 0.000000
1693786976894740004 150.813068 0.000000
1693786976896644059 144.772386 0.000000
1693786976898056230 150.849683 0.000000
1693786976898856419 150.653470 0.000000
1693786976904756837 150.633662 0.000000
1693786976905554577 150.790047 0.000000
1693786976905840071 150.964377 0.000000
1693786976907262889 150.539949 0.000000
1693786976968523836 232.880895 0.000000
1693786976970562291 234.814286 0.000000
1693786976979833029 232.800249 0.000000
1693786976979885578 233.770756 0.000000
1693786976980049335 235.056882 0.000000
1693786976980106060 235.177202 0.000000
1693786976980188360 237.046423 0.000000
1693786976980649130 242.171425 0.000000
1693786976980777669 241.335868 0.000000
1693786976980825140 241.982604 0.000000
1693786976980968678 243.205130 0.000000
1693786976981033817 244.566630 0.000000
1693786976981201186 234.019271 0.000000
1693786976981244209 234.121725 0.000000
1693786976981298141 233.410640 0.000000
1693786976981856273 233.705952 0.000000
1693786976985892046 233.381286 0.000000
1693786976985917041 232.688924 0.000000
1693786976986818498 233.570641 0.000000
1693786977033209861 150.559373 0.000000
1693786977039887762 145.146486 0.000000
1693786977040046285 147.692789 0.000000
1693786977041148925 150.690102 0.000000
1693786977041463741 150.645929 0.000000
1693786977041863230 150.403548 0.000000
1693786977042549046 144.491115 0.000000
1693786977043252618 144.394659 0.000000
1693786977043535947 289.058199 0.000000
1693786977085538765 150.576839 0.000000
1693786977130730480 150.622802 0.000000
1693786977131480089 150.700546 0.000000
1693786977132562968 151.317065 0.000000
1693786977132593911 151.294411 0.000000
1693786977132622296 150.764535 0.000000
1693786977140173742 235.415532 0.000000
1693786977144933814 165.046648 0.000000
1693786977145126543 164.475744 0.000000
1693786977176259781 144.753704 0.000000
1693786977176440337 150.483039 0.000000
1693786977177413971 144.527514 0.000000
1693786977185045068 144.904914 0.000000
1693786977187382511 144.570221 0.000000
1693786977188002451 144.464979 0.000000
1693786977188970993 144.423287 0.000000
1693786977189444773 144.549387 0.000000
1693786977190319871 144.517944 0.000000
1693786977222534939 241.380014 0.000000
1693786977293419521 160.854822 0.000000
1693786977293467000 148.531623 0.000000
1693786977293489987 162.758022 0.000000
1693786977293517289 148.388785 0.000000
1693786977320690495 144.429365 0.000000
1693786977322146253 150.585235 0.000000
1693786977328877009 288.988227 0.000000
1693786977328901347 288.919600 0.000000
1693786977339532014 150.559314 0.000000
1693786977340965981 144.523022 0.000000
1693786977345944479 214.462399 0.000000
1693786977367201801 144.665471 0.000000
1693786977438053622 144.530322 0.000000
1693786977438083751 144.663539 0.000000
1693786977444159562 150.691049 0.000000
1693786977475742867 155.050811 0.000000
1693786977475767503 145.116306 0.000000
1693786977475843632 146.172096 0.000000
1693786977485493600 144.526134 0.000000
1693786977496830372 232.892205 0.000000
1693786977566262739 144.747833 0.000000
1693786977590028545 145.867289 0.000000
1693786977759464262 155.595306 0.000000
1693786977762406484 144.615467 0.000000
1693786977762425010 144.665487 0.000000
1693786977764167450 144.664387 0.000000
1693786977909531309 144.549998 0.000000
1693786977923923548 288.970521 0.000000
1693786978068399381 144.474157 0.000000
1693786978115187699 151.225467 0.000000
1693786978116419184 152.313506 0.000000
1693786978117247480 152.964715 0.000000
1693786978117359404 153.109353 0.000000
1693786978117782765 153.582322 0.000000
1693786978118845977 145.782340 0.000000
1693786978119098408 154.915539 0.000000
1693786978119541122 155.006526 0.000000
1693786978119915178 155.404008 0.000000
1693786978121837397 156.257921 0.000000
1693786978122951573 157.032947 0.000000
1693786978123549513 156.732681 0.000000
1693786978124943258 157.104324 0.000000
1693786978125104696 156.995191 0.000000
1693786978125924764 157.789677 0.000000
1693786978126922397 158.562655 0.000000
1693786978126960520 157.747701 0.000000
1693786978127509755 158.256550 0.000000
1693786978128057271 157.846651 0.000000
1693786978128080066 156.364982 0.000000
1693786978128736819 156.850537 0.000000
1693786978129561811 157.506070 0.000000
1693786978130077189 157.256973 0.000000
1693786978130309262 157.514678 0.000000
1693786978130519395 157.549869 0.000000
1693786978131137254 156.516053 0.000000
1693786978131163962 157.691222 0.000000
1693786978131345783 156.326894 0.000000
1693786978131540043 150.131536 0.000000
1693786978131851604 156.658193 0.000000
1693786978132546140 156.424802 0.000000
1693786978132651226 155.788997 0.000000
1693786978144004070 166.096502 0.000000
1693786978144106434 161.337613 0.000000
1693786978144201752 161.368525 0.000000
1693786978144234630 161.493383 0.000000
1693786978144261194 161.542147 0.000000
1693786978144286760 162.537298 0.000000
1693786978144319968 164.145128 0.000000
1693786978144361081 163.308904 0.000000
1693786978144387917 164.323787 0.000000
1693786978144412220 164.873135 0.000000
1693786978144429575 164.958068 0.000000
1693786978144433372 165.532877 0.000000
1693786978200130467 235.713122 0.000000
1693786978200210495 235.896807 0.000000
1693786978201411257 236.931609 0.000000
1693786978265422582 289.322403 0.000000
1693786978265441481 289.393468 0.000000
1693786978266880894 289.873115 0.000000
1693786978266968770 289.680359 0.000000
1693786978268074568 289.637318 0.000000
1693786978268428331 150.642918 0.000000
1693786978269910138 150.366111 0.000000
1693786978272219732 150.380721 0.000000
1693786978280024293 150.460660 0.000000
1693786978293046153 144.673508 0.000000
1693786978293093446 144.493272 0.000000
1693786978301028588 232.627185 0.000000
1693786978363011293 232.700733 0.000000
1693786978414286362 144.374293 0.000000
1693786978416556798 150.973004 0.000000
1693786978417977122 150.420468 0.000000
1693786978422356158 144.807676 0.000000
1693786978422440862 144.703198 0.000000
1693786978423181646 144.909036 0.000000
1693786978423297033 144.356995 0.000000
1693786978429726724 150.673210 0.000000
1693786978499533429 232.671179 0.000000
1693786978499562535 234.138422 0.000000
1693786978501644336 232.845182 0.000000
1693786978503950144 232.627899 0.000000
1693786978509903328 232.900170 0.000000
1693786978510341990 232.865501 0.000000
1693786978550594347 144.639869 0.000000
1693786978558255925 150.546477 0.000000
1693786978558955476 144.667063 0.000000
1693786978561878579 144.921256 0.000000
1693786978561994871 144.766962 0.000000
1693786978564674561 144.433919 0.000000
1693786978564775722 144.556994 0.000000
1693786978573376628 151.018731 0.000000
1693786978577829242 144.592044 0.000000
1693786978577850232 145.149098 0.000000
1693786978578250735 144.507636 0.000000
1693786978578305072 144.545342 0.000000
1693786978646088913 144.442876 0.000000
1693786978654425421 144.520309 0.000000
1693786978687165849 144.607478 0.000000
1693786978698883030 144.592770 0.000000
1693786978698912761 150.267405 0.000000
1693786978701287461 144.517324 0.000000
1693786978710930135 145.225351 0.000000
1693786978710989730 147.661479 0.000000
1693786978714041973 150.369624 0.000000
1693786978852865266 153.980175 0.000000
1693786978853790025 150.584960 0.000000
1693786978855684735 144.720234 0.000000
1693786978858735996 144.691642 0.000000
1693786978861492402 150.557552 0.000000
1693786978866241407 144.593572 0.000000
1693786978936826436 144.736514 0.000000
1693786978997548593 144.681672 0.000000
1693786979000120896 144.434442 0.000000
1693786979015233528 144.709272 0.000000
1693786979087951148 144.634207 0.000000
1693786979144535523 144.589370 0.000000
1693786979208285423 144.456906 0.000000
1693786979208422808 144.540015 0.000000
1693786979208798172 144.603550 0.000000
1693786979210136208 144.489271 0.000000
1693786979210380158 144.490949 0.000000
1693786979210453819 144.472458 0.000000
1693786979212419158 145.375519 0.000000
1693786979212878093 145.779395 0.000000
1693786979212917415 145.686204 0.000000
1693786979216055954 145.645380 0.000000
1693786979216335679 146.075091 0.000000
1693786979216600338 144.765548 0.000000
1693786979217671233 145.697677 0.000000
1693786979217890568 145.934778 0.000000
1693786979218844774 146.616957 0.000000
1693786979220742035 147.699564 0.000000
1693786979221238580 146.704330 0.000000
1693786979222117363 146.814614 0.000000
1693786979222406669 146.191810 0.000000
1693786979223063788 146.663667 0.000000
1693786979223317794 146.897980 0.000000
1693786979223510945 146.460181 0.000000
1693786979223659663 146.540316 0.000000
1693786979224999458 147.359951 0.000000
1693786979225894021 147.541245 0.000000
1693786979225915914 145.579441 0.000000
1693786979225917345 147.699150 0.000000
1693786979225967068 145.908043 0.000000
1693786979225987978 148.022656 0.000000
1693786979227774467 149.148326 0.000000
1693786979228208858 149.464813 0.000000
1693786979228382728 149.278489 0.000000
1693786979228764788 149.640853 0.000000
1693786979228776481 149.618898 0.000000
1693786979229120766 149.392177 0.000000
1693786979229589905 149.870988 0.000000
1693786979230292359 150.497320 0.000000
1693786979230610083 150.215106 0.000000
1693786979231138055 149.853586 0.000000
1693786979231993756 150.641198 0.000000
1693786979232349088 150.736374 0.000000
1693786979232478824 150.312161 0.000000
1693786979233512655 153.735997 0.000000
1693786979233538649 153.763869 0.000000
1693786979238340193 150.387340 0.000000
1693786979289765174 145.227779 0.000000
1693786979352738300 144.444107 0.000000
1693786979357843092 144.908525 0.000000
1693786979373178757 150.770178 0.000000
1693786979374538685 144.244508 0.000000
1693786979375526624 144.386959 0.000000
1693786979382890514 144.548398 0.000000
1693786979393360332 150.475527 0.000000
1693786979393431544 150.411433 0.000000
1693786979393922045 150.498226 0.000000
1693786979452635327 220.639912 0.000000
1693786979456164416 233.098931 0.000000
1693786979460429390 234.510439 0.000000
1693786979500026615 147.286538 0.000000
1693786979500696071 144.984561 0.000000
1693786979501631096 144.454968 0.000000
1693786979504504646 144.856929 0.000000
1693786979507742871 144.921919 0.000000
1693786979517890275 144.547818 0.000000
1693786979525045280 150.505262 0.000000
1693786979525067649 150.873063 0.000000
1693786979527355959 144.463629 0.000000
1693786979543857008 150.494727 0.000000
1693786979565106380 144.768722 0.000000
1693786979606751392 150.583858 0.000000
1693786979656794032 288.844304 0.000000
1693786979659739333 144.613010 0.000000
1693786979661698009 290.270839 0.000000
1693786979661922637 144.702875 0.000000
1693786979672057340 144.688520 0.000000
1693786979808760048 144.498195 0.000000
1693786979877283209 232.975196 0.000000
1693786979879899189 233.066056 0.000000
1693786979887127598 232.885917 0.000000
1693786979887197841 233.099203 0.000000
1693786979938038156 144.624465 0.000000
1693786980032584469 145.380609 0.000000
1693786980095747722 145.106761 0.000000
1693786980183174750 150.585565 0.000000
1693786980232326703 150.596716 0.000000
1693786980243937414 150.729896 0.000000
1693786980243960809 150.987861 0.000000
1693786980244217676 150.922018 0.000000
1693786980244353362 150.933519 0.000000
1693786980244589281 150.423819 0.000000
1693786980245575730 151.107359 0.000000
1693786980246450430 150.596942 0.000000
1693786980246534786 150.566646 0.000000
1693786980247406439 150.600741 0.000000
1693786980300902968 221.984641 0.000000
1693786980308164503 233.798825 0.000000
1693786980310714549 236.406209 0.000000
1693786980311958157 236.031764 0.000000
1693786980312066534 235.559656 0.000000
1693786980313156128 236.097132 0.000000
1693786980313932118 236.830327 0.000000
1693786980314412330 236.867800 0.000000
1693786980315196254 237.384762 0.000000
1693786980315290227 236.693464 0.000000
1693786980315661406 235.595284 0.000000
1693786980316749953 236.729287 0.000000
1693786980317453665 237.123128 0.000000
1693786980318336067 237.712058 0.000000
1693786980319681657 238.768515 0.000000
1693786980320220876 239.220257 0.000000
1693786980320468623 238.617499 0.000000
1693786980321308902 239.171669 0.000000
1693786980321343082 239.263572 0.000000
1693786980322508382 238.626566 0.000000
1693786980322803018 237.681166 0.000000
1693786980323218850 237.457250 0.000000
1693786980323245948 236.734048 0.000000
1693786980323522456 236.794513 0.000000
1693786980324043729 237.060047 0.000000
1693786980324333478 236.031810 0.000000
1693786980325033070 144.843053 0.000000
1693786980325092157 236.375946 0.000000
1693786980325139944 235.584169 0.000000
1693786980326309113 236.057654 0.000000
1693786980326388117 236.294902 0.000000
1693786980326796446 236.570428 0.000000
1693786980327128809 235.199805 0.000000
1693786980327329687 235.229474 0.000000
1693786980327707190 235.565305 0.000000
1693786980327898625 144.712539 0.000000
1693786980328939661 235.899907 0.000000
1693786980330156256 236.712969 0.000000
1693786980331385931 237.024188 0.000000
1693786980331415535 237.136193 0.000000
1693786980331828726 237.203675 0.000000
1693786980332089488 236.895078 0.000000
1693786980341276262 150.749216 0.000000
1693786980364156030 267.564366 0.000000
1693786980414592928 144.546683 0.000000
1693786980456011904 145.294433 0.000000
1693786980460914452 145.249769 0.000000
1693786980468372084 150.915553 0.000000
1693786980469284537 145.235952 0.000000
1693786980470445637 150.761294 0.000000
1693786980476874250 232.934229 0.000000
1693786980477168003 150.853888 0.000000
1693786980477852049 151.461282 0.000000
1693786980478275730 146.886826 0.000000
1693786980478449259 151.115818 0.000000
1693786980478959926 232.506665 0.000000
1693786980482682395 151.258791 0.000000
1693786980487949962 150.546850 0.000000
1693786980501099599 164.326456 0.000000
1693786980508862525 144.764666 0.000000
1693786980514717950 150.634780 0.000000
1693786980515263078 150.544480 0.000000
1693786980515496020 144.435424 0.000000
1693786980515724196 144.419367 0.000000
1693786980518387020 150.579055 0.000000
1693786980518863433 150.584603 0.000000
1693786980519545625 150.623062 0.000000
1693786980522573768 150.745192 0.000000
1693786980526993769 144.624845 0.000000
1693786980534837980 150.494388 0.000000
1693786980535908901 150.493471 0.000000
1693786980553349754 233.125128 0.000000
1693786980554156991 232.845914 0.000000
1693786980565201335 238.399943 0.000000
1693786980565720488 237.816646 0.000000
1693786980576783075 239.330908 0.000000
1693786980604481758 232.734094 0.000000
1693786980605428389 233.036407 0.000000
1693786980606706603 150.688179 0.000000
1693786980621098824 150.648340 0.000000
1693786980645804946 144.700742 0.000000
1693786980659473329 150.606428 0.000000
1693786980660056771 144.556672 0.000000
1693786980660244097 144.517731 0.000000
1693786980663131543 144.709372 0.000000
1693786980709620622 232.741321 0.000000
1693786980709969519 232.793873 0.000000
1693786980710985332 232.704971 0.000000
1693786980715784846 150.574534 0.000000
1693786980721458412 144.672295 0.000000
1693786980758486260 144.678194 0.000000
1693786980784196603 150.777201 0.000000
1693786980798561756 144.751059 0.000000
1693786980804679116 144.431806 0.000000
1693786980804700410 144.638913 0.000000
1693786980817313513 144.764049 0.000000
1693786980817478918 144.623542 0.000000
1693786980819221411 144.733778 0.000000
1693786980848375549 232.908295 0.000000
1693786980894433421 220.604255 0.000000
1693786980928949676 144.748313 0.000000
1693786980948672672 144.633460 0.000000
1693786980958765714 150.875033 0.000000
1693786980962053867 144.570368 0.000000
1693786980970223991 150.992482 0.000000
1693786981061123891 150.743854 0.000000
1693786981109471018 150.700814 0.000000
1693786981144818712 144.760086 0.000000
1693786981198290042 150.732327 0.000000
1693786981377011722 144.998223 0.000000
1693786981409965318 150.602706 0.000000
1693786981521653502 144.637084 0.000000
1693786981578283505 144.815098 0.000000
1693786981578558985 144.973466 0.000000
1693786981580830584 145.859081 0.000000
1693786981581155836 145.939017 0.000000
1693786981581192356 145.461717 0.000000
1693786981582323176 146.097330 0.000000
1693786981582387536 146.043049 0.000000
1693786981583135445 145.924954 0.000000
1693786981583219641 145.946023 0.000000
1693786981584399545 146.261632 0.000000
1693786981585400844 146.871601 0.000000
1693786981586312044 146.575156 0.000000
1693786981586517872 146.721302 0.000000
1693786981586666824 146.209486 0.000000
1693786981586818452 146.323917 0.000000
1693786981587334231 146.722535 0.000000
1693786981587592181 146.800140 0.000000
1693786981587851820 146.978465 0.000000
1693786981588376130 147.387055 0.000000
1693786981588529547 147.267211 0.000000
1693786981589089740 146.726564 0.000000
1693786981589253636 146.645465 0.000000
1693786981589543806 146.752710 0.000000
1693786981589827260 146.427704 0.000000
1693786981590267925 146.394567 0.000000
1693786981591729711 146.622437 0.000000
1693786981594730260 148.837423 0.000000
1693786981595683858 148.874881 0.000000
1693786981596518229 149.386100 0.000000
1693786981597896345 149.765523 0.000000
1693786981597985076 149.835490 0.000000
1693786981599002407 149.937206 0.000000
1693786981599952412 150.936301 0.000000
1693786981670317969 234.516430 0.000000
1693786981670372926 234.162055 0.000000
1693786981680195283 234.971608 0.000000
1693786981681246193 235.716226 0.000000
1693786981682332334 236.623576 0.000000
1693786981682680955 236.839729 0.000000
1693786981683852976 237.324205 0.000000
1693786981686519614 238.301419 0.000000
1693786981686916637 238.657993 0.000000
1693786981687030668 238.716885 0.000000
1693786981687076655 238.734862 0.000000
1693786981728634819 146.306386 0.000000
1693786981730443396 145.037820 0.000000
1693786981732600925 145.006207 0.000000
1693786981736446775 144.714765 0.000000
1693786981737541532 150.200685 0.000000
1693786981740526520 150.687312 0.000000
1693786981833254101 150.570215 0.000000
1693786981837128107 150.605330 0.000000
1693786981843175759 159.319034 0.000000
1693786981869786096 144.606879 0.000000
1693786981875783695 144.602213 0.000000
1693786981877100894 144.671564 0.000000
1693786981880487146 145.730807 0.000000
1693786981884967001 144.553645 0.000000
1693786981886259904 145.375822 0.000000
1693786981886906412 145.384497 0.000000
1693786981888343234 145.497069 0.000000
1693786981968633215 233.837621 0.000000
1693786981975540397 233.604182 0.000000
1693786981987911958 144.731724 0.000000
1693786982018294047 144.772760 0.000000
1693786982018402810 288.925998 0.000000
1693786982019962854 150.955279 0.000000
1693786982025712558 288.982473 0.000000
1693786982027933474 150.823153 0.000000
1693786982028516681 288.966020 0.000000
1693786982030144156 289.533255 0.000000
1693786982030498836 144.848821 0.000000
1693786982032864659 144.517019 0.000000
1693786982119547735 144.604803 0.000000
1693786982165690053 144.704150 0.000000
1693786982170317176 144.601847 0.000000
1693786982172588094 144.583078 0.000000
1693786982177658296 150.383996 0.000000
1693786982251360574 233.061902 0.000000
1693786982258457512 232.951410 0.000000
1693786982270300730 150.747842 0.000000
1693786982315229225 144.907342 0.000000
1693786982415205877 144.902005 0.000000
1693786982461957657 144.698545 0.000000
1693786982599972374 144.947523 0.000000
1693786982611462194 144.770661 0.000000
1693786982685434049 144.767713 0.000000
1693786982754703255 144.804668 0.000000
1693786982755738814 144.841489 0.000000
1693786982821563563 144.732424 0.000000
1693786982824000507 146.287827 0.000000
1693786982824771851 146.629938 0.000000
1693786982827365679 148.423902 0.000000
1693786982827505064 147.798317 0.000000
1693786982828004616 147.504493 0.000000
1693786982829441854 148.073016 0.000000
1693786982829830112 148.361076 0.000000
1693786982829959067 148.373625 0.000000
1693786982830026729 147.079510 0.000000
1693786982830151284 147.280457 0.000000
1693786982830616757 146.582339 0.000000
1693786982830644386 146.871120 0.000000
1693786982830665274 146.566086 0.000000
1693786982830720448 145.619349 0.000000
1693786982830857958 144.839344 0.000000
1693786982831585605 144.816636 0.000000
1693786982831978434 144.516794 0.000000
1693786982833149934 144.774308 0.000000
1693786982833417376 144.498842 0.000000
1693786982833759206 144.722903 0.000000
1693786982833886242 144.739201 0.000000
1693786982834079937 144.889876 0.000000
1693786982834633264 144.827371 0.000000
1693786982834680294 144.720859 0.000000
1693786982834863936 144.816727 0.000000
1693786982835171722 144.963212 0.000000
1693786982835602875 144.879197 0.000000
1693786982835641254 145.455507 0.000000
1693786982835811059 144.753580 0.000000
1693786982835836984 144.675919 0.000000
1693786982836377887 144.508530 0.000000
1693786982837577192 144.522417 0.000000
1693786982837890932 144.874431 0.000000
1693786982837925647 144.795106 0.000000
1693786982837939209 144.995262 0.000000
1693786982838184429 145.091977 0.000000
1693786982838368658 144.965883 0.000000
1693786982838778381 145.158672 0.000000
1693786982838829825 145.171321 0.000000
1693786982839518848 144.876580 0.000000
1693786982842995745 146.428004 0.000000
1693786982904411610 153.375409 0.000000
1693786982914111411 236.004300 0.000000
1693786982914741552 235.848587 0.000000
1693786982917593847 236.619832 0.000000
1693786982919045223 234.696799 0.000000
1693786982920212623 233.305292 0.000000
1693786982978224620 145.065500 0.000000
1693786982978711528 144.623432 0.000000
1693786982979358683 144.674897 0.000000
1693786982982878069 144.939597 0.000000
1693786982982953986 150.972324 0.000000
1693786982983531013 145.589704 0.000000
1693786982986151704 150.311577 0.000000
1693786982986261644 150.447047 0.000000
1693786982987629476 144.630122 0.000000
1693786982989227969 150.396079 0.000000
1693786983050428228 146.012478 0.000000
1693786983058616323 144.501258 0.000000
1693786983062803728 145.205796 0.000000
1693786983063077720 233.048570 0.000000
1693786983066582142 232.819593 0.000000
1693786983070816701 150.600690 0.000000
1693786983111139252 144.841384 0.000000
1693786983111401522 144.498496 0.000000
1693786983116075514 144.786721 0.000000
1693786983116942641 144.665309 0.000000
1693786983118458121 150.459567 0.000000
1693786983120492198 144.593818 0.000000
1693786983121528989 144.788375 0.000000
1693786983123195230 146.254566 0.000000
1693786983123248930 145.797643 0.000000
1693786983123287289 145.739072 0.000000
1693786983125869450 144.660944 0.000000
1693786983127198005 144.315281 0.000000
1693786983127815617 144.785619 0.000000
1693786983130611184 145.032538 0.000000
1693786983131508090 145.243219 0.000000
1693786983195072152 144.639861 0.000000
1693786983204126212 235.030781 0.000000
1693786983218510560 233.311116 0.000000
1693786983262277097 144.739306 0.000000
1693786983265197039 144.623682 0.000000
1693786983265253225 144.755043 0.000000
1693786983270434131 144.638126 0.000000
1693786983272680886 288.688164 0.000000
1693786983273320674 288.717433 0.000000
1693786983273368109 145.004568 0.000000
1693786983273911944 150.713297 0.000000
1693786983274369930 289.351758 0.000000
1693786983348774065 144.634779 0.000000
1693786983352539163 144.576679 0.000000
1693786983355410031 288.819930 0.000000
1693786983409873840 144.671930 0.000000
1693786983412979755 144.964420 0.000000
1693786983414202900 144.876305 0.000000
1693786983416058811 148.057078 0.000000
1693786983416736718 144.818160 0.000000
1693786983496506770 144.637750 0.000000
1693786983506253415 232.922156 0.000000
1693786983557573653 144.590701 0.000000
1693786983558932608 144.720092 0.000000
1693786983559002386 144.813088 0.000000
1693786983561438166 144.757608 0.000000
1693786983561537156 144.795647 0.000000
1693786983563365980 150.586907 0.000000
1693786983641237794 144.726513 0.000000
1693786983707316727 144.725243 0.000000
1693786984142035331 144.715315 0.000000
1693786984144244530 145.500752 0.000000
1693786984144569065 144.542744 0.000000
1693786984145893551 144.521400 0.000000
1693786984155450505 145.204473 0.000000
1693786984161354252 149.386141 0.000000
1693786984162143894 149.324923 0.000000
1693786984162644163 149.000047 0.000000
1693786984162717699 148.961302 0.000000
1693786984165991920 150.912426 0.000000
1693786984216351677 144.819533 0.000000
1693786984228491870 221.643833 0.000000
1693786984229319285 221.305009 0.000000
1693786984229366029 221.269191 0.000000
1693786984229457687 221.216829 0.000000
1693786984231323251 220.763521 0.000000
1693786984231560213 220.892200 0.000000
1693786984233216415 232.790891 0.000000
1693786984234750278 233.211324 0.000000
1693786984235812925 233.842492 0.000000
1693786984235920074 233.747396 0.000000
1693786984236058967 233.906285 0.000000
1693786984236262952 234.185996 0.000000
1693786984239047032 234.678366 0.000000
1693786984239748393 235.139389 0.000000
1693786984239806048 234.100357 0.000000
1693786984239807391 226.670305 0.000000
1693786984239979441 234.043168 0.000000
1693786984239980438 234.229973 0.000000
1693786984240146580 233.591548 0.000000
1693786984240229563 227.313200 0.000000
1693786984240259462 227.304138 0.000000
1693786984241643135 234.621108 0.000000
1693786984241844373 233.973958 0.000000
1693786984242097658 233.898998 0.000000
1693786984242277636 234.151099 0.000000
1693786984242403203 233.936882 0.000000
1693786984242978171 233.252946 0.000000
1693786984243059455 233.307939 0.000000
1693786984243996570 233.628830 0.000000
1693786984245972476 235.463358 0.000000
1693786984246954635 236.484607 0.000000
1693786984247678704 236.330274 0.000000
1693786984248343381 236.950402 0.000000
1693786984249049729 237.482554 0.000000
1693786984250676949 238.632890 0.000000
1693786984250733290 238.586638 0.000000
1693786984250945889 238.839004 0.000000
1693786984251301466 238.688309 0.000000
1693786984252872496 240.084993 0.000000
1693786984253370885 239.205527 0.000000
1693786984253396028 239.129115 0.000000
1693786984253428354 238.912009 0.000000
1693786984253440903 239.079845 0.000000
1693786984253475583 238.858545 0.000000
1693786984253572268 238.570771 0.000000
1693786984292966746 150.685117 0.000000
1693786984374263588 144.941211 0.000000
1693786984383856251 144.806052 0.000000
1693786984384693428 144.543697 0.000000
1693786984387814443 156.486565 0.000000
1693786984387838749 152.020658 0.000000
1693786984387967729 151.905650 0.000000
1693786984388578340 233.117581 0.000000
1693786984392216362 150.571257 0.000000
1693786984393045465 150.944505 0.000000
1693786984393639673 150.576935 0.000000
1693786984399609539 150.557419 0.000000
1693786984414355127 163.406246 0.000000
1693786984437590242 144.620754 0.000000
1693786984444768925 145.073299 0.000000
1693786984446010508 144.428454 0.000000
1693786984446383821 150.504632 0.000000
1693786984447966473 144.569196 0.000000
1693786984475824751 232.843499 0.000000
1693786984481250111 232.903168 0.000000
1693786984517512493 220.448904 0.000000
1693786984517537687 214.094408 0.000000
1693786984517583458 219.227552 0.000000
1693786984525736573 233.296848 0.000000
1693786984531705291 232.636732 0.000000
1693786984532856072 233.061751 0.000000
1693786984533251673 232.893470 0.000000
1693786984577822165 144.759483 0.000000
1693786984588278205 150.683167 0.000000
1693786984597017639 150.629723 0.000000
1693786984601824304 150.321896 0.000000
1693786984674300039 150.550773 0.000000
1693786984683424348 150.564937 0.000000
1693786984683812836 150.527365 0.000000
1693786984692774350 144.643674 0.000000
1693786984736639938 150.772364 0.000000
1693786984812829787 220.697698 0.000000
1693786984819030941 144.726487 0.000000
1693786984821422639 144.842596 0.000000
1693786984837441038 144.662402 0.000000
1693786984878584264 144.758918 0.000000
1693786984915576384 150.668424 0.000000
1693786984982181584 144.736100 0.000000
1693786984985385010 150.599133 0.000000
1693786985033613100 220.778913 0.000000
1693786985130185197 144.795632 0.000000
1693786985153903371 144.863750 0.000000
1693786985178581633 144.962529 0.000000
1693786985274657683 144.467745 0.000000
1693786985298527174 144.618946 0.000000
1693786985311128044 144.558897 0.000000
1693786985323389649 144.803406 0.000000
1693786985411802880 144.818560 0.000000
1693786985430213674 151.087372 0.000000
1693786985430608763 151.169964 0.000000
1693786985430746358 151.476682 0.000000
1693786985430839690 151.310997 0.000000
1693786985431237385 150.899911 0.000000
1693786985431779331 151.350479 0.000000
1693786985432546916 151.398375 0.000000
1693786985432844343 151.797529 0.000000
1693786985432895116 151.604710 0.000000
1693786985433695212 150.823483 0.000000
1693786985435381865 150.543047 0.000000
1693786985443017636 144.485145 0.000000
1693786985483970258 232.899123 0.000000
1693786985490148579 221.753122 0.000000
1693786985500621789 233.132050 0.000000
1693786985501239025 232.795957 0.000000
1693786985502102569 233.555875 0.000000
1693786985504116383 233.579380 0.000000
1693786985507576201 235.751247 0.000000
1693786985507630848 235.866966 0.000000
1693786985509403361 237.431049 0.000000
1693786985509427226 237.499689 0.000000
1693786985509552854 237.383273 0.000000
1693786985509728638 236.072870 0.000000
1693786985509758592 236.252593 0.000000
1693786985509788788 235.536192 0.000000
1693786985510417555 235.635322 0.000000
1693786985510472172 235.068679 0.000000
1693786985510962573 235.273415 0.000000
1693786985510971699 234.892690 0.000000
1693786985511018678 233.572469 0.000000
1693786985511647591 234.289116 0.000000
1693786985512326275 234.283618 0.000000
1693786985513392535 234.078601 0.000000
1693786985513919882 234.613792 0.000000
1693786985515682481 235.299061 0.000000
1693786985516865728 236.479561 0.000000
1693786985516931411 236.051004 0.000000
1693786985516994127 235.951904 0.000000
1693786985517233689 234.324488 0.000000
1693786985517322415 234.618112 0.000000
1693786985517485109 234.654346 0.000000
1693786985517545033 234.217890 0.000000
1693786985517612049 233.692703 0.000000
1693786985517657996 234.080235 0.000000
1693786985575114341 144.897770 0.000000
1693786985581596138 150.977833 0.000000
1693786985582375345 151.134362 0.000000
1693786985583348183 150.798335 0.000000
1693786985583365799 150.518600 0.000000
1693786985584189179 150.491101 0.000000
1693786985651452725 150.826526 0.000000
1693786985654150561 144.388174 0.000000
1693786985655195040 144.720608 0.000000
1693786985658238174 150.604584 0.000000
1693786985662613801 144.999276 0.000000
1693786985667843856 150.347311 0.000000
1693786985703583212 144.641564 0.000000
1693786985705503358 144.553148 0.000000
1693786985705951957 144.594259 0.000000
1693786985708322401 144.660152 0.000000
1693786985709361217 144.747019 0.000000
1693786985714770468 144.812713 0.000000
1693786985717372987 144.630012 0.000000
1693786985717795059 150.519075 0.000000
1693786985718489354 144.936545 0.000000
1693786985718580746 144.734556 0.000000
1693786985718685886 150.551220 0.000000
1693786985719017873 144.541296 0.000000
1693786985723689419 150.698182 0.000000
1693786985725157459 145.024008 0.000000
1693786985725167227 150.532777 0.000000
1693786985725736316 150.616788 0.000000
1693786985725862038 150.601046 0.000000
1693786985730041560 150.561880 0.000000
1693786985730209641 150.515026 0.000000
1693786985777592970 220.765084 0.000000
1693786985786445285 220.633913 0.000000
1693786985801361757 232.805841 0.000000
1693786985807257174 144.625506 0.000000
1693786985818328687 150.481283 0.000000
1693786985827015137 144.717080 0.000000
1693786985853996296 144.630323 0.000000
1693786985857235229 218.341786 0.000000
1693786985922708051 145.110525 0.000000
1693786985946834855 144.653772 0.000000
1693786985951752253 144.488263 0.000000
1693786985951858089 150.491956 0.000000
1693786985958317875 233.148403 0.000000
1693786985963104067 232.889946 0.000000
1693786985997822183 144.639339 0.000000
1693786986004735758 150.766160 0.000000
1693786986011449430 150.746740 0.000000
1693786986014689907 150.492378 0.000000
1693786986156082835 144.628223 0.000000
1693786986158745518 144.595567 0.000000
1693786986159116676 144.499744 0.000000
1693786986159229669 144.537262 0.000000
1693786986234192293 144.819338 0.000000
1693786986239547966 144.748683 0.000000
1693786986309379019 150.629061 0.000000
1693786986580621313 144.995346 0.000000
1693786986848078803 148.041672 0.000000
1693786986849473492 150.656054 0.000000
1693786986855592686 150.848587 0.000000
1693786986856750168 150.471716 0.000000
1693786986857462215 150.672518 0.000000
1693786986857545258 150.804294 0.000000
1693786986859909206 151.549326 0.000000
1693786986862780244 150.813309 0.000000
1693786986864228783 150.912294 0.000000
1693786986864644636 151.372665 0.000000
1693786986864895379 151.033125 0.000000
1693786986867449796 150.997823 0.000000
1693786986867703451 151.110937 0.000000
1693786986868339490 150.940901 0.000000
1693786986868601880 151.188788 0.000000
1693786986868996754 151.450917 0.000000
1693786986869778237 144.581179 0.000000
1693786986871031331 151.197674 0.000000
1693786986871845295 150.840638 0.000000
1693786986872036605 150.887928 0.000000
1693786986872761541 151.124970 0.000000
1693786986873071156 151.184017 0.000000
1693786986873757758 150.549357 0.000000
1693786986875057086 150.541583 0.000000
1693786986923308659 221.936945 0.000000
1693786986924997974 221.510367 0.000000
1693786986935389680 235.818748 0.000000
1693786986936680046 236.460707 0.000000
1693786986937366633 236.519875 0.000000
1693786986939377721 237.724813 0.000000
1693786986945121692 234.678212 0.000000
1693786986946407538 234.669160 0.000000
1693786986946871397 222.067202 0.000000
1693786986947053345 234.543232 0.000000
1693786986949528377 235.811833 0.000000
1693786986952903783 234.428108 0.000000
1693786986958577571 234.316124 0.000000
1693786986969774750 150.967187 0.000000
1693786986997447067 275.026417 0.000000
1693786987006475356 150.879433 0.000000
1693786987012559514 289.366262 0.000000
1693786987013037936 145.583801 0.000000
1693786987016862934 145.014436 0.000000
1693786987019509460 144.447312 0.000000
1693786987026996048 150.509191 0.000000
1693786987088900474 151.530950 0.000000
1693786987097529801 144.623246 0.000000
1693786987100139632 150.606077 0.000000
1693786987114376010 144.597577 0.000000
1693786987138551278 144.653356 0.000000
1693786987139190775 144.673103 0.000000
1693786987140875479 144.543191 0.000000
1693786987146583812 144.817794 0.000000
1693786987147026872 150.478982 0.000000
1693786987152095662 144.650275 0.000000
1693786987156661543 144.828233 0.000000
1693786987156724655 144.912960 0.000000
1693786987158344492 150.861863 0.000000
1693786987161005297 150.481373 0.000000
1693786987163019096 150.508746 0.000000
1693786987228148498 232.637940 0.000000
1693786987230062294 233.220696 0.000000
1693786987230454126 232.964605 0.000000
1693786987235872815 232.745821 0.000000
1693786987248131068 150.596721 0.000000
1693786987281722858 144.702842 0.000000
1693786987288057011 288.736457 0.000000
1693786987297847228 150.816111 0.000000
1693786987301801160 144.612657 0.000000
1693786987307332983 150.667085 0.000000
1693786987374690918 144.624089 0.000000
1693786987375061766 144.604117 0.000000
1693786987392846368 144.711006 0.000000
1693786987440317507 150.672391 0.000000
1693786987459130641 150.659712 0.000000
1693786987519712632 144.647388 0.000000
1693786987591886334 144.774970 0.000000
1693786987667798312 144.854780 0.000000
1693786987717953860 144.895299 0.000000
1693786987808821835 145.053382 0.000000
1693786987862952509 144.988285 0.000000
1693786988127601753 147.073541 0.000000
1693786988127896333 146.468233 0.000000
1693786988128543990 145.834645 0.000000
1693786988135980016 152.563611 0.000000
1693786988138118314 152.982860 0.000000
1693786988139854022 153.791231 0.000000
1693786988140576362 153.108528 0.000000
1693786988140611083 153.159822 0.000000
1693786988141995157 147.634816 0.000000
1693786988145414751 153.770048 0.000000
1693786988145478900 153.990701 0.000000
1693786988145785494 153.960861 0.000000
1693786988145878074 153.121604 0.000000
1693786988146137262 152.497924 0.000000
1693786988146824029 150.974039 0.000000
1693786988147286726 151.396096 0.000000
1693786988147820457 151.167338 0.000000
1693786988148151442 150.799117 0.000000
1693786988215501389 235.442047 0.000000
1693786988216560207 235.448833 0.000000
1693786988218079977 235.433227 0.000000
1693786988219330320 236.677306 0.000000
1693786988220872678 237.464707 0.000000
1693786988221233182 237.192339 0.000000
1693786988221271997 236.927648 0.000000
1693786988222931642 237.172904 0.000000
1693786988224516474 237.021898 0.000000
1693786988224632494 236.438972 0.000000
1693786988224640116 236.532224 0.000000
1693786988224711477 236.464822 0.000000
1693786988224958888 235.775809 0.000000
1693786988225524258 235.903306 0.000000
1693786988225567634 235.349147 0.000000
1693786988225570034 236.421005 0.000000
1693786988226043355 235.822308 0.000000
1693786988226692430 236.314823 0.000000
1693786988226728584 236.298455 0.000000
1693786988226778335 236.703136 0.000000
1693786988227275075 235.489177 0.000000
1693786988228984426 235.960609 0.000000
1693786988229065710 234.995133 0.000000
1693786988230105734 235.704207 0.000000
1693786988230637776 236.013487 0.000000
1693786988230958838 236.104007 0.000000
1693786988231345272 236.047636 0.000000
1693786988231764678 235.977047 0.000000
1693786988232468375 235.890627 0.000000
1693786988233017061 236.312072 0.000000
1693786988233164173 236.334784 0.000000
1693786988278063706 150.457452 0.000000
1693786988284328572 144.469473 0.000000
1693786988290493648 144.704967 0.000000
1693786988291192629 150.611761 0.000000
1693786988367027708 145.787991 0.000000
1693786988367842342 146.567454 0.000000
1693786988370663986 151.325401 0.000000
1693786988370733237 145.160240 0.000000
1693786988373742310 150.806173 0.000000
1693786988375409594 144.446145 0.000000
1693786988376276710 144.508891 0.000000
1693786988422749427 144.682830 0.000000
1693786988428442820 150.557389 0.000000
1693786988430506665 144.693054 0.000000
1693786988432292735 144.927293 0.000000
1693786988433182354 150.928278 0.000000
1693786988434256693 150.502543 0.000000
1693786988435379114 151.048431 0.000000
1693786988435865230 150.603793 0.000000
1693786988436561665 150.513297 0.000000
1693786988439309917 150.558683 0.000000
1693786988439409564 150.560357 0.000000
1693786988506304558 233.222996 0.000000
1693786988510497772 233.154221 0.000000
1693786988575050733 144.539552 0.000000
1693786988580451686 144.881597 0.000000
1693786988658321998 144.545469 0.000000
1693786988663709219 144.612286 0.000000
1693786988669401525 144.452514 0.000000
1693786988708158209 144.808173 0.000000
1693786988712853029 144.643795 0.000000
1693786988715541558 144.757454 0.000000
1693786988717408961 144.903078 0.000000
1693786988731309589 150.853494 0.000000
1693786988791258231 220.938499 0.000000
1693786988808324889 144.607826 0.000000
1693786988808408418 288.939128 0.000000
1693786988820092951 150.681574 0.000000
1693786988876149139 144.835224 0.000000
1693786989004558917 144.741792 0.000000
1693786989241876102 144.566569 0.000000
1693786989356076329 144.744578 0.000000
1693786989357549000 145.398475 0.000000
1693786989357746659 145.006719 0.000000
1693786989357796746 144.701087 0.000000
1693786989358729129 144.994525 0.000000
1693786989358804750 145.011124 0.000000
1693786989359814594 145.741306 0.000000
1693786989360663223 144.941602 0.000000
1693786989362673804 145.937524 0.000000
1693786989363296332 146.092970 0.000000
1693786989364588829 147.238114 0.000000
1693786989364609843 147.007177 0.000000
1693786989366028227 146.633693 0.000000
1693786989368352774 147.630707 0.000000
1693786989368664980 146.586573 0.000000
1693786989369843747 146.817035 0.000000
1693786989370711746 147.378977 0.000000
1693786989370763943 147.537565 0.000000
1693786989370962104 147.392919 0.000000
1693786989372763103 148.863234 0.000000
1693786989373337980 149.420064 0.000000
1693786989373438068 149.386646 0.000000
1693786989373562913 155.206368 0.000000
1693786989373699506 149.733994 0.000000
1693786989373719357 154.638427 0.000000
1693786989373848152 148.962936 0.000000
1693786989373871185 149.090337 0.000000
1693786989374401253 149.183639 0.000000
1693786989375907055 149.942378 0.000000
1693786989376064892 149.527424 0.000000
1693786989376551234 156.178610 0.000000
1693786989379071145 158.605244 0.000000
1693786989379494449 152.707225 0.000000
1693786989379832676 152.682101 0.000000
1693786989382430023 156.506863 0.000000
1693786989382969503 156.923091 0.000000
1693786989383225774 156.570155 0.000000
1693786989383526243 156.690750 0.000000
1693786989383811486 155.810938 0.000000
1693786989384132102 155.944033 0.000000
1693786989404885936 144.899599 0.000000
1693786989442367634 146.379276 0.000000
1693786989452570135 235.304262 0.000000
1693786989453613462 235.242829 0.000000
1693786989456075529 235.795159 0.000000
1693786989457817345 237.286778 0.000000
1693786989463605940 237.810051 0.000000
1693786989466637451 240.028611 0.000000
1693786989467341087 240.473085 0.000000
1693786989469327583 240.413786 0.000000
1693786989518937422 145.063350 0.000000
1693786989519601306 150.933309 0.000000
1693786989521710637 150.944324 0.000000
1693786989536613862 150.547191 0.000000
1693786989536769339 150.792245 0.000000
1693786989594428420 220.986057 0.000000
1693786989594451193 220.748880 0.000000
1693786989604807578 151.190903 0.000000
1693786989611215903 144.566900 0.000000
1693786989619758338 150.427578 0.000000
1693786989647029205 144.606613 0.000000
1693786989651347059 144.563542 0.000000
1693786989651799662 150.505970 0.000000
1693786989655704229 151.269601 0.000000
1693786989657657898 144.811565 0.000000
1693786989658456095 144.635705 0.000000
1693786989661437776 144.365452 0.000000
1693786989662287918 144.589773 0.000000
1693786989663542346 144.573691 0.000000
1693786989666386466 144.644997 0.000000
1693786989733612260 232.718588 0.000000
1693786989742932248 150.719591 0.000000
1693786989755412071 150.599917 0.000000
1693786989755611284 232.729012 0.000000
1693786989761751106 150.528537 0.000000
1693786989770356944 150.593318 0.000000
1693786989793773120 144.724697 0.000000
1693786989795952935 144.601370 0.000000
1693786989798705227 144.702140 0.000000
1693786989802182987 144.494392 0.000000
1693786989810889162 144.497845 0.000000
1693786989813365161 144.583870 0.000000
1693786989878357325 144.740033 0.000000
1693786989881850554 150.562937 0.000000
1693786989903308476 150.770510 0.000000
1693786989915088657 144.727695 0.000000
1693786989938562513 144.784797 0.000000
1693786989940799947 144.836442 0.000000
1693786989955559804 144.665344 0.000000
1693786990023002011 144.638953 0.000000
1693786990083355689 144.788410 0.000000
1693786990091564829 150.757414 0.000000
1693786990095088971 144.649056 0.000000
1693786990095823304 144.628398 0.000000
1693786990233686326 278.121861 0.000000
1693786990236649729 145.080571 0.000000
1693786990240542338 144.712799 0.000000
1693786990369324875 144.778268 0.000000
1693786990381197611 144.543722 0.000000
1693786990529046430 144.536124 0.000000
1693786990577797752 144.730967 0.000000
1693786990577952582 144.627085 0.000000
1693786990583745075 144.873463 0.000000
1693786990584734035 145.618001 0.000000
1693786990584789159 150.889321 0.000000
1693786990584920374 150.752553 0.000000
1693786990585374861 150.785690 0.000000
1693786990586323182 145.576860 0.000000
1693786990587314423 151.836430 0.000000
1693786990587342142 152.005432 0.000000
1693786990588738996 150.995784 0.000000
1693786990588847679 150.935334 0.000000
1693786990588876070 150.716580 0.000000
1693786990589465351 150.542159 0.000000
1693786990590291608 151.236775 0.000000
1693786990590850057 150.734065 0.000000
1693786990591219636 144.750373 0.000000
1693786990591280934 150.842673 0.000000
1693786990591801740 151.108141 0.000000
1693786990592686333 151.292098 0.000000
1693786990594134131 146.079835 0.000000
1693786990595905836 152.276699 0.000000
1693786990596216098 146.928488 0.000000
1693786990597241047 152.529621 0.000000
1693786990598153795 147.209301 0.000000
1693786990599149646 147.372165 0.000000
1693786990599469390 147.564016 0.000000
1693786990601046965 155.087085 0.000000
1693786990602150852 149.277236 0.000000
1693786990602557859 148.807193 0.000000
1693786990605140812 157.797940 0.000000
1693786990605344295 151.235051 0.000000
1693786990605613807 150.769559 0.000000
1693786990605689739 158.124044 0.000000
1693786990605765044 157.648768 0.000000
1693786990606308999 150.742801 0.000000
1693786990606724902 151.093477 0.000000
1693786990606803765 151.097396 0.000000
1693786990606857756 157.420277 0.000000
1693786990607047166 150.784959 0.000000
1693786990607353268 151.089708 0.000000
1693786990607568710 156.455443 0.000000
1693786990607825136 156.692204 0.000000
1693786990607857206 150.707855 0.000000
1693786990608083713 156.142386 0.000000
1693786990608202684 156.085458 0.000000
1693786990608347361 155.559640 0.000000
1693786990608562797 155.733990 0.000000
1693786990608732447 150.372299 0.000000
1693786990608746720 150.472247 0.000000
1693786990608804018 150.088133 0.000000
1693786990609014843 154.866558 0.000000
1693786990609090915 154.377541 0.000000
1693786990609092243 154.952949 0.000000
1693786990609363139 154.075654 0.000000
1693786990609611501 153.900201 0.000000
1693786990636078027 150.514800 0.000000
1693786990674753923 234.092143 0.000000
1693786990674786173 234.085894 0.000000
1693786990674813432 233.010131 0.000000
1693786990676210797 233.155144 0.000000
1693786990729564083 144.772503 0.000000
1693786990733306874 144.562841 0.000000
1693786990733970052 144.500651 0.000000
1693786990737031047 150.704778 0.000000
1693786990748941916 150.783154 0.000000
1693786990751860916 294.869908 0.000000
1693786990752065271 144.491601 0.000000
1693786990752435768 144.607580 0.000000
1693786990753052398 294.317328 0.000000
1693786990756010864 233.163778 0.000000
1693786990757474123 151.162422 0.000000
1693786990758934780 150.584247 0.000000
1693786990832948562 233.475488 0.000000
1693786990835554739 233.401346 0.000000
1693786990838478310 233.130561 0.000000
1693786990838556171 232.863200 0.000000
1693786990839754438 232.946247 0.000000
1693786990841083444 232.996710 0.000000
1693786990842139446 233.044075 0.000000
1693786990870420893 144.496046 0.000000
1693786990878755305 150.620682 0.000000
1693786990893749983 144.519590 0.000000
1693786990894328749 232.850655 0.000000
1693786990897044767 144.955454 0.000000
1693786990897261977 144.823282 0.000000
1693786990897542194 150.652817 0.000000
1693786990899570156 150.625764 0.000000
1693786990900523548 144.509783 0.000000
1693786990902113873 144.635069 0.000000
1693786990948159751 220.707675 0.000000
1693786990959330068 232.763873 0.000000
1693786990959641237 233.022635 0.000000
1693786991011526007 144.698576 0.000000
1693786991023355558 144.596068 0.000000
1693786991030426289 144.528656 0.000000
1693786991038356936 144.602468 0.000000
1693786991038901107 144.567707 0.000000
1693786991041760193 144.493861 0.000000
1693786991045026821 144.498546 0.000000
1693786991103785830 144.703448 0.000000
1693786991182820286 144.458934 0.000000
1693786991237440353 209.487828 0.000000
1693786991237485458 217.101447 0.000000
1693786991237520144 218.995964 0.000000
1693786991272375653 144.863541 0.000000
1693786991327387036 144.564379 0.000000
1693786991330855503 144.718829 0.000000
1693786991463118865 150.795057 0.000000
1693786991666762820 144.728392 0.000000
1693786991667788907 144.603134 0.000000
1693786991669110937 144.398323 0.000000
1693786991670637067 144.757163 0.000000
1693786991671657611 144.704210 0.000000
1693786991672274541 144.628674 0.000000
1693786991672300035 144.467199 0.000000
1693786991673095901 144.936841 0.000000
1693786991674326759 146.186322 0.000000
1693786991674571318 145.130631 0.000000
1693786991675873081 146.236679 0.000000
1693786991676725468 145.471755 0.000000
1693786991676775976 145.443514 0.000000
1693786991677343506 146.043660 0.000000
1693786991677974168 146.464379 0.000000
1693786991678116038 146.675209 0.000000
1693786991678154252 145.727555 0.000000
1693786991678631401 146.057332 0.000000
1693786991678899069 146.289802 0.000000
1693786991678976219 146.201312 0.000000
1693786991679826115 145.710085 0.000000
1693786991679919267 145.663091 0.000000
1693786991680657379 146.275880 0.000000
1693786991681413783 145.938386 0.000000
1693786991681478900 146.780309 0.000000
1693786991681583969 145.936361 0.000000
1693786991681605449 145.962472 0.000000
1693786991681683551 145.997628 0.000000
1693786991682030613 146.307464 0.000000
1693786991682152507 146.352664 0.000000
1693786991682508405 146.747613 0.000000
1693786991682747726 146.400381 0.000000
1693786991682951370 146.501721 0.000000
1693786991682978694 146.680166 0.000000
1693786991683448456 146.702618 0.000000
1693786991683495626 146.385215 0.000000
1693786991683611947 146.333284 0.000000
1693786991684417596 146.798005 0.000000
1693786991685316366 147.328794 0.000000
1693786991685340733 147.027654 0.000000
1693786991685889890 146.889307 0.000000
1693786991685918652 146.551381 0.000000
1693786991686176652 146.499510 0.000000
1693786991689851721 150.438233 0.000000
1693786991759009994 232.957398 0.000000
1693786991815432890 144.792791 0.000000
1693786991816139253 144.478610 0.000000
1693786991828390419 146.235111 0.000000
1693786991830641029 145.295851 0.000000
1693786991833499548 151.911420 0.000000
1693786991833593437 151.907204 0.000000
1693786991834009279 157.280578 0.000000
1693786991837187932 151.008252 0.000000
1693786991900535791 232.742418 0.000000
1693786991911781724 232.801240 0.000000
1693786991914124819 232.642521 0.000000
1693786991965220293 144.675969 0.000000
1693786991967174243 145.621533 0.000000
1693786991968656676 144.675513 0.000000
1693786991969258325 145.177962 0.000000
1693786991971992099 145.226565 0.000000
1693786991973349848 146.111814 0.000000
1693786991975186981 144.733728 0.000000
1693786991975662071 144.579585 0.000000
1693786991978044017 144.616987 0.000000
1693786991978501942 144.904891 0.000000
1693786991979468009 145.346028 0.000000
1693786991979938713 145.058098 0.000000
1693786991980553613 145.090859 0.000000
1693786991981278930 145.071008 0.000000
1693786992047378004 232.906605 0.000000
1693786992048314211 232.876982 0.000000
1693786992049040160 232.898481 0.000000
1693786992054788911 144.510965 0.000000
1693786992056558387 144.769882 0.000000
1693786992057873636 232.796494 0.000000
1693786992067214524 233.195552 0.000000
1693786992068283014 232.967578 0.000000
1693786992070950003 233.706617 0.000000
1693786992071110822 233.919432 0.000000
1693786992123468892 144.962701 0.000000
1693786992193774856 144.729599 0.000000
1693786992200794964 232.850369 0.000000
1693786992203705234 232.933498 0.000000
1693786992212001761 144.779254 0.000000
1693786992212077222 232.601160 0.000000
1693786992213751496 233.194524 0.000000
1693786992215828156 144.714714 0.000000
1693786992260939817 150.782298 0.000000
1693786992261874391 144.555459 0.000000
1693786992264641393 144.559142 0.000000
1693786992267515658 144.583293 0.000000
1693786992268965565 144.848992 0.000000
1693786992339048440 145.268853 0.000000
1693786992345546750 144.747440 0.000000
1693786992348399786 144.689881 0.000000
1693786992362781327 150.702031 0.000000
1693786992362804170 150.795879 0.000000
1693786992395520178 144.731027 0.000000
1693786992415287688 150.641790 0.000000
1693786992419640708 150.670548 0.000000
1693786992483989249 144.936264 0.000000
1693786992488308862 150.882455 0.000000
1693786992496319249 150.768350 0.000000
1693786992537175491 144.706575 0.000000
1693786992549752175 144.748483 0.000000
1693786992560384716 144.701858 0.000000
1693786992694673510 144.916779 0.000000
1693786992695545222 144.586897 0.000000
1693786992701128905 144.557187 0.000000
1693786992760320110 150.975928 0.000000
1693786992760431504 150.954614 0.000000
1693786992762554166 150.949868 0.000000
1693786992763135423 150.909594 0.000000
1693786992765915590 150.821338 0.000000
1693786992767759835 151.890074 0.000000
1693786992768224110 152.016694 0.000000
1693786992768966752 151.605664 0.000000
1693786992769301586 151.867031 0.000000
1693786992770299823 151.858546 0.000000
1693786992770905482 152.336518 0.000000
1693786992771819407 150.504552 0.000000
1693786992773146128 150.570765 0.000000
1693786992774032049 151.282951 0.000000
1693786992774135108 150.389424 0.000000
1693786992775172557 150.895460 0.000000
1693786992775727066 150.802259 0.000000
1693786992776212280 150.666598 0.000000
1693786992776869539 150.448621 0.000000
1693786992776960500 150.466292 0.000000
1693786992777249899 150.651403 0.000000
1693786992778040347 150.514228 0.000000
1693786992778210468 150.580919 0.000000
1693786992778532667 150.691918 0.000000
1693786992780522762 150.537674 0.000000
1693786992781334074 150.963830 0.000000
1693786992782754362 150.348279 0.000000
1693786992783579968 151.230686 0.000000
1693786992784522004 152.149327 0.000000
1693786992784549533 152.093918 0.000000
1693786992784990278 152.272640 0.000000
1693786992787052475 152.126534 0.000000
1693786992787666418 152.498349 0.000000
1693786992787794581 152.535766 0.000000
1693786992787984197 152.747047 0.000000
1693786992788255127 152.965380 0.000000
1693786992842676107 232.975000 0.000000
1693786992843234911 232.961554 0.000000
1693786992844837188 222.218534 0.000000
1693786992846575220 234.160347 0.000000
1693786992846690704 233.071238 0.000000
1693786992847796351 233.399035 0.000000
1693786992847802195 233.602860 0.000000
1693786992851876993 233.371376 0.000000
1693786992854956085 235.416949 0.000000
1693786992855074586 234.797975 0.000000
1693786992911261292 150.826496 0.000000
1693786992918603540 150.841254 0.000000
1693786992918663825 150.436432 0.000000
1693786992922575554 145.321851 0.000000
1693786992932830377 144.572729 0.000000
1693786992934339823 150.755921 0.000000
1693786992981794073 146.156939 0.000000
1693786992988342213 145.661576 0.000000
1693786992993351194 233.026389 0.000000
1693786992998787219 232.868982 0.000000
1693786993002897991 233.928888 0.000000
1693786993019108397 144.663134 0.000000
1693786993019601734 144.657626 0.000000
1693786993044301014 144.745451 0.000000
1693786993054333486 150.537408 0.000000
1693786993060424473 144.577315 0.000000
1693786993061028313 144.685070 0.000000
1693786993063123601 144.515351 0.000000
1693786993063134777 150.677223 0.000000
1693786993132154528 233.029361 0.000000
1693786993138989106 150.641941 0.000000
1693786993204992220 150.653979 0.000000
1693786993207700019 144.572042 0.000000
1693786993213829191 150.686515 0.000000
1693786993224436478 150.674065 0.000000
1693786993276726731 144.567562 0.000000
1693786993332869901 144.676912 0.000000
1693786993342888771 144.718012 0.000000
1693786993349632627 144.635701 0.000000
1693786993356980002 144.691947 0.000000
1693786993369059088 144.618285 0.000000
1693786993432340768 144.696857 0.000000
1693786993436332959 144.746814 0.000000
1693786993487818991 144.925861 0.000000
1693786993500103606 150.685528 0.000000
1693786993501804061 144.819444 0.000000
1693786993620545756 144.830895 0.000000
1693786993621916610 289.042148 0.000000
1693786994183168339 144.788261 0.000000
1693786994191412414 150.489401 0.000000
1693786994193312369 150.678485 0.000000
1693786994195575288 152.377057 0.000000
1693786994196438861 151.811521 0.000000
1693786994196498956 151.731765 0.000000
1693786994196738574 145.636744 0.000000
1693786994197027566 145.835281 0.000000
1693786994197341942 151.422526 0.000000
1693786994198239129 152.220678 0.000000
1693786994198849098 152.426752 0.000000
1693786994198958833 152.436966 0.000000
1693786994200619882 153.189542 0.000000
1693786994200811933 153.253721 0.000000
1693786994201463689 153.796489 0.000000
1693786994203791654 144.815684 0.000000
1693786994203840378 153.317570 0.000000
1693786994203856646 152.693358 0.000000
1693786994204275024 153.052263 0.000000
1693786994204618428 152.530765 0.000000
1693786994204735730 152.641613 0.000000
1693786994204963009 152.720271 0.000000
1693786994205510828 152.094876 0.000000
1693786994205621160 151.739825 0.000000
1693786994205718080 150.812298 0.000000
1693786994205792794 150.847700 0.000000
1693786994206329372 150.844884 0.000000
1693786994206359803 150.918760 0.000000
1693786994206490632 150.468373 0.000000
1693786994207026619 150.485106 0.000000
1693786994207685782 151.068533 0.000000
1693786994207788446 151.089978 0.000000
1693786994208280450 150.767132 0.000000
1693786994209407060 150.568535 0.000000
1693786994210396437 150.672506 0.000000
1693786994211882278 150.652851 0.000000
1693786994213619664 150.335773 0.000000
1693786994275278695 232.912098 0.000000
1693786994276507608 233.028549 0.000000
1693786994276526071 232.901648 0.000000
1693786994278229824 220.924475 0.000000
1693786994278269211 232.749349 0.000000
1693786994278273446 232.861139 0.000000
1693786994279826107 233.360541 0.000000
1693786994280117379 233.477338 0.000000
1693786994280152140 233.238537 0.000000
1693786994280907517 233.919180 0.000000
1693786994281638793 234.023838 0.000000
1693786994282014196 234.248681 0.000000
1693786994283509103 235.001577 0.000000
1693786994284009467 235.357425 0.000000
1693786994284121688 234.989715 0.000000
1693786994285271027 235.644363 0.000000
1693786994285798849 236.341831 0.000000
1693786994289367305 237.037559 0.000000
1693786994289493619 236.916297 0.000000
1693786994330693105 255.271050 0.000000
1693786994342313699 144.968716 0.000000
1693786994347052462 150.550995 0.000000
1693786994349820115 289.231052 0.000000
1693786994350189223 144.565281 0.000000
1693786994351494499 144.996599 0.000000
1693786994353068605 144.783273 0.000000
1693786994355576463 150.604243 0.000000
1693786994422986721 144.712785 0.000000
1693786994428685276 144.560846 0.000000
1693786994438665105 232.943947 0.000000
1693786994473733329 144.681071 0.000000
1693786994476596178 144.562565 0.000000
1693786994478253973 144.659135 0.000000
1693786994478723065 144.509412 0.000000
1693786994485069873 144.771436 0.000000
1693786994485753979 144.620264 0.000000
1693786994487039424 150.631797 0.000000
1693786994489561581 150.425222 0.000000
1693786994491561643 144.506595 0.000000
1693786994493608168 145.378729 0.000000
1693786994496089264 150.635621 0.000000
1693786994498879118 144.812001 0.000000
1693786994501980622 150.481443 0.000000
1693786994504093211 150.684891 0.000000
1693786994508312295 150.550644 0.000000
1693786994563582580 232.884589 0.000000
1693786994568365941 233.016927 0.000000
1693786994569796864 232.913807 0.000000
1693786994579445437 150.718324 0.000000
1693786994589226072 150.556407 0.000000
1693786994617144511 144.839936 0.000000
1693786994618464266 144.725795 0.000000
1693786994622814534 144.556301 0.000000
1693786994632589281 144.807630 0.000000
1693786994637638711 150.595058 0.000000
1693786994645853739 150.518343 0.000000
1693786994723016206 144.524281 0.000000
1693786994733923160 144.692328 0.000000
1693786994761916489 144.767497 0.000000
1693786994763234394 144.765592 0.000000
1693786994768893537 144.660824 0.000000
1693786994773458681 144.679031 0.000000
1693786994786454985 144.687069 0.000000
1693786994796570790 232.983865 0.000000
1693786994915912907 144.707317 0.000000
1693786995073966638 144.833094 0.000000
1693786995079800403 144.883467 0.000000
1693786995173912689 150.881213 0.000000
1693786995280426081 144.991337 0.000000
1693786995318841972 144.924964 0.000000
1693786995620978277 150.527400 0.000000
1693786995621408964 150.879408 0.000000
1693786995622495993 150.983326 0.000000
1693786995623442610 150.543462 0.000000
1693786995624338473 151.365334 0.000000
1693786995625119996 151.374847 0.000000
1693786995625167627 151.223514 0.000000
1693786995629714908 145.434062 0.000000
1693786995630193452 151.328017 0.000000
1693786995631854380 151.294508 0.000000
1693786995632583411 151.463015 0.000000
1693786995633989055 150.913177 0.000000
1693786995635334154 151.393404 0.000000
1693786995637305891 150.954889 0.000000
1693786995638962223 150.895231 0.000000
1693786995639543039 150.870343 0.000000
1693786995639554441 150.910721 0.000000
1693786995639902115 150.561720 0.000000
1693786995640140930 150.545457 0.000000
1693786995641715428 151.137820 0.000000
1693786995641992617 150.639144 0.000000
1693786995690298307 220.756053 0.000000
1693786995691169789 220.746751 0.000000
1693786995703230893 233.281112 0.000000
1693786995707482833 233.164155 0.000000
1693786995707815798 232.492081 0.000000
1693786995709053793 233.278185 0.000000
1693786995709796059 233.354222 0.000000
1693786995711907170 235.297456 0.000000
1693786995713326722 233.541758 0.000000
1693786995714290714 233.516493 0.000000
1693786995714624425 232.705783 0.000000
1693786995715481027 233.566661 0.000000
1693786995716672078 233.691806 0.000000
1693786995716783953 233.567557 0.000000
1693786995717509034 233.287927 0.000000
1693786995719274130 233.792866 0.000000
1693786995720980078 233.013559 0.000000
1693786995721491417 233.335323 0.000000
1693786995722406356 232.951279 0.000000
1693786995723312128 232.828003 0.000000
1693786995724606378 233.120387 0.000000
1693786995725632600 232.783865 0.000000
1693786995725844994 232.775284 0.000000
1693786995760815070 145.386021 0.000000
1693786995765876078 144.464482 0.000000
1693786995769738392 144.614321 0.000000
1693786995775768206 151.424461 0.000000
1693786995775786529 152.340190 0.000000
1693786995778795759 144.803942 0.000000
1693786995779800857 289.269241 0.000000
1693786995853752369 145.933715 0.000000
1693786995859793601 150.736897 0.000000
1693786995865871333 150.387028 0.000000
1693786995869185036 144.573380 0.000000
1693786995869706865 150.422125 0.000000
1693786995870076795 144.439388 0.000000
1693786995872875009 150.460704 0.000000
1693786995874366213 232.647628 0.000000
1693786995903088140 144.631345 0.000000
1693786995904955494 144.605400 0.000000
1693786995905407520 144.797246 0.000000
1693786995907491613 144.570609 0.000000
1693786995912116716 144.571311 0.000000
1693786995917173257 150.526437 0.000000
1693786995921728533 151.247424 0.000000
1693786995923462231 144.662137 0.000000
1693786995923757021 144.439895 0.000000
1693786995930380403 150.575867 0.000000
1693786995945906737 232.577119 0.000000
1693786995947143113 232.847388 0.000000
1693786995956021033 232.706004 0.000000
1693786995994910406 232.798043 0.000000
1693786996004180297 150.423202 0.000000
1693786996013747892 144.557152 0.000000
1693786996014281649 144.569441 0.000000
1693786996017532094 144.649307 0.000000
1693786996024868834 150.497690 0.000000
1693786996049714867 144.756351 0.000000
1693786996066331322 144.598363 0.000000
1693786996072933178 144.651518 0.000000
1693786996073206990 144.830984 0.000000
1693786996073419134 144.498972 0.000000
1693786996073712311 144.726993 0.000000
1693786996075039172 144.653898 0.000000
1693786996106613244 150.587630 0.000000
1693786996145747867 144.797878 0.000000
1693786996148676162 225.209657 0.000000
1693786996158269998 144.517411 0.000000
1693786996194504220 144.784953 0.000000
1693786996217853255 144.644276 0.000000
1693786996293479763 144.731508 0.000000
1693786996727268459 144.634503 0.000000
1693786996930265389 145.110104 0.000000
1693786996937408595 150.892644 0.000000
1693786996939637063 150.563804 0.000000
1693786996939773716 150.578538 0.000000
1693786996939914734 144.748778 0.000000
1693786996940887852 151.083398 0.000000
1693786996941823513 152.058360 0.000000
1693786996941872487 151.428545 0.000000
1693786996942714280 151.715623 0.000000
1693786996943323803 151.761409 0.000000
1693786996944909978 151.736672 0.000000
1693786996945617909 151.716255 0.000000
1693786996946904332 150.952368 0.000000
1693786996947230505 151.119522 0.000000
1693786996947865212 151.517598 0.000000
1693786996949274119 152.051520 0.000000
1693786996949459851 151.840730 0.000000
1693786996951162035 153.050720 0.000000
1693786996953014970 154.346313 0.000000
1693786996953051435 154.304296 0.000000
1693786996953065568 154.080164 0.000000
1693786996953107631 154.001696 0.000000
1693786996953150942 146.913178 0.000000
1693786996953187427 152.821937 0.000000
1693786996953499437 153.208662 0.000000
1693786996953592333 153.376212 0.000000
1693786996953735512 153.311782 0.000000
1693786996953990359 152.810140 0.000000
1693786996953997792 153.338815 0.000000
1693786996954161427 152.037467 0.000000
1693786996954487039 152.374807 0.000000
1693786996954751079 152.180946 0.000000
1693786996955003806 151.829083 0.000000
1693786996955034037 151.204309 0.000000
1693786996955169116 150.711758 0.000000
1693786996955311883 150.599502 0.000000
1693786996955348458 150.503930 0.000000
1693786996955742755 151.024891 0.000000
1693786997022601726 232.984928 0.000000
1693786997023185819 233.441565 0.000000
1693786997024409460 234.543513 0.000000
1693786997026301376 235.122455 0.000000
1693786997026920666 235.454873 0.000000
1693786997027908930 234.704877 0.000000
1693786997028686188 233.795122 0.000000
1693786997030634765 234.376935 0.000000
1693786997032316056 234.462945 0.000000
1693786997088084254 150.672020 0.000000
1693786997092420450 152.644213 0.000000
1693786997093732918 151.855749 0.000000
1693786997093733580 146.500273 0.000000
1693786997094082777 151.365966 0.000000
1693786997095779298 144.615007 0.000000
1693786997099748044 144.574452 0.000000
1693786997099805984 144.794800 0.000000
1693786997100132619 144.817233 0.000000
1693786997173272518 233.632038 0.000000
1693786997173439005 233.522137 0.000000
1693786997181096061 235.475205 0.000000
1693786997181261827 234.354383 0.000000
1693786997186035335 232.967442 0.000000
1693786997186676822 233.621288 0.000000
1693786997186839501 233.649468 0.000000
1693786997187380835 233.379871 0.000000
1693786997187857915 232.821718 0.000000
1693786997188948552 233.202469 0.000000
1693786997221807111 144.627863 0.000000
1693786997225675790 144.577129 0.000000
1693786997226404770 150.537188 0.000000
1693786997226434575 150.512390 0.000000
1693786997229385358 144.532400 0.000000
1693786997231276016 144.523314 0.000000
1693786997234061700 150.535669 0.000000
1693786997245758692 150.413991 0.000000
1693786997250683433 150.522022 0.000000
