1693786973048526797 2029.727935 0.000000
1693786973139894604 2080.327321 0.000000
1693786973170342262 2069.793098 0.000000
1693786973423613278 2008.898280 0.000000
1693786973660526011 2107.616456 0.000000
1693786973693139747 2024.085269 0.000000
1693786973726294984 1825.472589 0.000000
1693786973792552041 1168.722878 0.000000
1693786974025288032 899.087243 0.000000
1693786974074547628 649.882747 0.000000
1693786974074572348 650.955919 0.000000
1693786974075010936 634.893343 0.000000
1693786974075044580 635.072349 0.000000
1693786974075064315 635.757601 0.000000
1693786974075081693 636.474683 0.000000
1693786974075100903 636.635533 0.000000
1693786974075216058 638.740021 0.000000
1693786974075238480 639.076597 0.000000
1693786974075259757 639.397889 0.000000
1693786974075279278 639.847207 0.000000
1693786974075298462 640.511505 0.000000
1693786974075345934 640.829094 0.000000
1693786974075363186 640.949598 0.000000
1693786974078338940 636.589252 0.000000
1693786974090519868 554.795818 0.000000
1693786974110323233 931.621680 0.000000
1693786974130762521 889.774858 0.000000
1693786974175370549 514.843546 0.000000
1693786974179414522 485.902675 0.000000
1693786974179478990 489.124436 0.000000
1693786974180093267 446.548969 0.000000
1693786974180177215 450.488810 0.000000
1693786974180215285 452.369119 0.000000
1693786974180234024 453.032269 0.000000
1693786974180252749 452.968394 0.000000
1693786974180419721 441.305574 0.000000
1693786974180857428 425.395187 0.000000
1693786974180916705 409.300417 0.000000
1693786974180942876 409.904206 0.000000
1693786974184325194 391.771734 0.000000
1693786974192829151 401.937856 0.000000
1693786974195451665 410.480668 0.000000
1693786974195469240 390.916086 0.000000
1693786974196128857 379.729782 0.000000
1693786974263357592 368.035516 0.000000
1693786974356257603 302.794288 0.000000
1693786974356377817 303.951545 0.000000
1693786974548298904 639.231657 0.000000
1693786974568416846 569.301744 0.000000
1693786974569464454 550.684780 0.000000
1693786974570268017 530.355426 0.000000
1693786974581875567 506.675162 0.000000
1693786974581895444 506.678087 0.000000
1693786974581957783 506.677239 0.000000
1693786974583191895 495.481064 0.000000
1693786974583249163 498.391283 0.000000
1693786974583338181 503.631762 0.000000
1693786974583625155 493.103121 0.000000
1693786974609290871 484.192924 0.000000
1693786974630093194 481.741788 0.000000
1693786974649919456 480.697424 0.000000
1693786974649955516 480.769398 0.000000
1693786974650617647 470.912469 0.000000
1693786974650644541 471.689559 0.000000
1693786974650750503 471.934208 0.000000
1693786974650785297 472.093469 0.000000
1693786974656145850 471.819116 0.000000
1693786974656256257 475.397574 0.000000
1693786974656295142 475.874166 0.000000
1693786974656314801 475.876803 0.000000
1693786974656584412 476.489815 0.000000
1693786974656652136 476.534469 0.000000
1693786974656998808 461.031467 0.000000
1693786974694786189 475.921684 0.000000
1693786974714574259 447.660038 0.000000
1693786974714684483 451.325140 0.000000
1693786974781264013 424.884284 0.000000
1693786974781391071 425.131448 0.000000
1693786974872928927 916.225383 0.000000
1693786975270975992 722.323531 0.000000
1693786975273048867 702.844422 0.000000
1693786975273259303 689.840637 0.000000
1693786975273284879 689.819909 0.000000
1693786975273310542 690.059732 0.000000
1693786975273369703 693.904686 0.000000
1693786975275556896 663.872474 0.000000
1693786975275605045 664.829265 0.000000
1693786975283949251 648.418444 0.000000
1693786975283974713 651.468065 0.000000
1693786975289198916 632.612719 0.000000
1693786975289297258 632.980801 0.000000
1693786975289622635 638.976888 0.000000
1693786975346818767 558.490986 0.000000
1693786975595003415 459.091528 0.000000
1693786975595145729 444.628007 0.000000
1693786975595271071 444.994294 0.000000
1693786975595318282 446.422657 0.000000
1693786975595440308 446.883696 0.000000
1693786975595459288 447.338438 0.000000
1693786975595481948 447.546942 0.000000
1693786975595505369 448.218374 0.000000
1693786975599737220 398.279078 0.000000
1693786975599777196 398.884798 0.000000
1693786975599885633 399.114407 0.000000
1693786975600003029 399.601721 0.000000
1693786975600123879 400.309435 0.000000
1693786975600259289 400.668077 0.000000
1693786975600294906 401.482336 0.000000
1693786975600419755 401.685192 0.000000
1693786975600758904 402.639499 0.000000
1693786975600860749 402.808548 0.000000
1693786975601045502 403.053529 0.000000
1693786975601064522 403.368678 0.000000
1693786975601087405 403.478413 0.000000
1693786975601216905 403.657249 0.000000
1693786975601339958 403.850665 0.000000
1693786975609083926 385.997241 0.000000
1693786975609150083 386.342115 0.000000
1693786975609184527 387.462204 0.000000
1693786975609211090 388.203769 0.000000
1693786975609234459 388.717224 0.000000
1693786975609259892 390.438389 0.000000
1693786975609302808 391.394048 0.000000
1693786975639369792 373.861522 0.000000
1693786975647882550 362.899450 0.000000
1693786975648069241 364.143769 0.000000
1693786975648294913 373.004966 0.000000
1693786975648687871 359.389192 0.000000
1693786975664747972 317.927925 0.000000
1693786975724134780 150.498107 0.000000
1693786975724167337 150.906907 0.000000
1693786975765240272 169.779460 0.000000
1693786975765295027 169.811889 0.000000
1693786975765319133 169.877323 0.000000
1693786975765343935 169.837430 0.000000
1693786975765399831 170.127225 0.000000
1693786975765443878 170.146985 0.000000
1693786975765501168 170.890843 0.000000
1693786975767022744 165.117591 0.000000
1693786975767040930 165.699729 0.000000
1693786975767080053 165.861660 0.000000
1693786975767108853 166.687854 0.000000
1693786975767136120 167.397945 0.000000
1693786975793652300 145.581915 0.000000
1693786975793685336 145.706903 0.000000
1693786975818290894 144.707863 0.000000
1693786975823909898 144.804334 0.000000
1693786975830493955 144.816244 0.000000
1693786975830824977 144.955771 0.000000
1693786975831090868 145.295158 0.000000
1693786975857619969 145.294075 0.000000
1693786975857758468 145.480482 0.000000
1693786975858655105 146.184132 0.000000
1693786975863219504 150.587084 0.000000
1693786975911695407 144.671025 0.000000
1693786975912403831 144.751794 0.000000
1693786975912789911 145.221940 0.000000
1693786975920848535 144.635001 0.000000
1693786975977026666 145.934023 0.000000
1693786975977052761 146.557042 0.000000
1693786975988630388 144.652614 0.000000
1693786976003632355 145.002095 0.000000
1693786976010981404 144.638471 0.000000
1693786976149099475 164.277746 0.000000
1693786976149132658 145.498688 0.000000
1693786976155785967 144.802577 0.000000
1693786976223157791 144.926472 0.000000
1693786976366798668 144.760620 0.000000
1693786976368147508 144.915222 0.000000
1693786976511673417 144.871558 0.000000
1693786976834046612 145.408832 0.000000
1693786976834683110 144.683393 0.000000
1693786976835288436 144.972201 0.000000
1693786976836618821 145.806411 0.000000
1693786976837093990 146.143456 0.000000
1693786976837122176 146.176692 0.000000
1693786976837165952 145.329248 0.000000
1693786976837962345 146.013263 0.000000
1693786976839559439 147.261829 0.000000
1693786976840377520 147.808275 0.000000
1693786976841295422 146.784697 0.000000
1693786976841895748 147.028500 0.000000
1693786976842230559 147.355586 0.000000
1693786976842810089 146.499057 0.000000
1693786976843409006 146.285839 0.000000
1693786976844015268 146.757104 0.000000
1693786976845426986 148.032088 0.000000
1693786976845730092 147.909484 0.000000
1693786976845883464 145.621139 0.000000
1693786976845910988 146.842938 0.000000
1693786976846423044 146.126422 0.000000
1693786976846947823 146.102252 0.000000
1693786976848084315 146.240181 0.000000
1693786976848175331 145.361306 0.000000
1693786976848515350 144.970590 0.000000
1693786976849067681 145.344241 0.000000
1693786976849093764 145.049644 0.000000
1693786976849123581 145.425305 0.000000
1693786976849448978 145.096689 0.000000
1693786976850185781 145.317805 0.000000
1693786976850311310 144.957038 0.000000
1693786976850915619 144.878834 0.000000
1693786976851268304 144.859252 0.000000
1693786976851985649 145.430711 0.000000
1693786976858371481 150.782188 0.000000
1693786976858397499 151.729590 0.000000
1693786976907913071 145.687118 0.000000
1693786976909760089 146.316316 0.000000
1693786976911685102 145.285344 0.000000
1693786976929065623 150.904398 0.000000
1693786976929071842 157.774131 0.000000
1693786976929089112 152.091092 0.000000
1693786976929115361 153.869163 0.000000
1693786976929184984 157.074849 0.000000
1693786976966142893 144.994487 0.000000
1693786976970533614 146.804077 0.000000
1693786976979798302 145.747637 0.000000
1693786976980601899 153.207250 0.000000
1693786976980720176 153.579008 0.000000
1693786976980837387 152.605502 0.000000
1693786976981065796 155.483076 0.000000
1693786976981826168 145.205355 0.000000
1693786976982652975 145.510564 0.000000
1693786976983043503 145.919890 0.000000
1693786976983560654 145.597035 0.000000
1693786976983828460 145.888013 0.000000
1693786976985238619 145.965381 0.000000
1693786976988390036 145.578216 0.000000
1693786976990088057 144.659200 0.000000
1693786976990416744 144.684785 0.000000
1693786976991221621 145.309034 0.000000
1693786976993444458 146.488915 0.000000
1693786976993608707 145.431327 0.000000
1693786976995500102 145.312688 0.000000
1693786976996148226 145.230940 0.000000
1693786976996745579 145.475882 0.000000
1693786976996819141 144.831778 0.000000
1693786977018126547 159.753485 0.000000
1693786977052561354 144.764795 0.000000
1693786977054210700 146.294953 0.000000
1693786977054817704 145.055777 0.000000
1693786977056752017 145.064843 0.000000
1693786977073637123 144.591592 0.000000
1693786977073915782 144.848569 0.000000
1693786977074796550 145.609873 0.000000
1693786977075162074 146.052041 0.000000
1693786977075183504 146.026851 0.000000
1693786977075330684 146.213857 0.000000
1693786977124517999 144.717016 0.000000
1693786977125715233 144.647584 0.000000
1693786977125743354 144.904521 0.000000
1693786977126481957 144.651992 0.000000
1693786977127233080 144.578770 0.000000
1693786977128663259 145.100875 0.000000
1693786977130033658 144.793812 0.000000
1693786977134624995 144.535087 0.000000
1693786977141570070 144.749499 0.000000
1693786977146691055 144.906053 0.000000
1693786977269360473 144.810830 0.000000
1693786977269460162 144.940142 0.000000
1693786977269864394 144.922693 0.000000
1693786977270459871 144.691166 0.000000
1693786977273386164 144.681153 0.000000
1693786977274793133 144.755286 0.000000
1693786977350557898 144.714609 0.000000
1693786977475795371 145.529649 0.000000
1693786977549801848 144.943657 0.000000
1693786977620967521 145.170478 0.000000
1693786977694884167 145.073827 0.000000
1693786977911458027 145.093905 0.000000
1693786978054152837 146.723711 0.000000
1693786978054998385 147.047340 0.000000
1693786978056893694 148.182618 0.000000
1693786978057656141 148.041366 0.000000
1693786978057780785 147.976419 0.000000
1693786978058025076 147.652406 0.000000
1693786978059139633 147.957625 0.000000
1693786978059974456 148.600383 0.000000
1693786978061483429 149.420618 0.000000
1693786978061627013 149.124473 0.000000
1693786978062443968 149.850123 0.000000
1693786978062801935 150.223391 0.000000
1693786978063306455 150.667135 0.000000
1693786978063798454 150.743772 0.000000
1693786978065110381 151.958770 0.000000
1693786978065243284 151.470738 0.000000
1693786978066179871 152.131833 0.000000
1693786978066264875 152.141739 0.000000
1693786978066951353 152.720172 0.000000
1693786978067079721 151.930417 0.000000
1693786978067149193 151.617513 0.000000
1693786978067226437 151.559937 0.000000
1693786978067565518 151.700183 0.000000
1693786978068100858 151.693301 0.000000
1693786978068173132 151.150334 0.000000
1693786978068372320 151.310137 0.000000
1693786978068512885 151.448772 0.000000
1693786978068710535 149.991693 0.000000
1693786978083397550 164.085224 0.000000
1693786978083424281 155.466528 0.000000
1693786978083507034 154.068878 0.000000
1693786978083559220 154.345072 0.000000
1693786978083560153 157.517585 0.000000
1693786978083586235 154.508369 0.000000
1693786978083590847 159.028248 0.000000
1693786978083617042 159.337935 0.000000
1693786978083619396 154.665310 0.000000
1693786978083637893 154.632062 0.000000
1693786978083640457 161.214599 0.000000
1693786978083662574 154.633792 0.000000
1693786978083668380 160.210492 0.000000
1693786978083686797 154.860356 0.000000
1693786978083691829 162.233098 0.000000
1693786978083733974 161.546701 0.000000
1693786978083749021 162.138126 0.000000
1693786978083754644 162.495258 0.000000
1693786978130407678 148.635118 0.000000
1693786978144037600 156.796990 0.000000
1693786978144080677 157.187045 0.000000
1693786978144126285 150.358756 0.000000
1693786978144150192 150.916942 0.000000
1693786978144174178 151.942473 0.000000
1693786978144244158 152.243616 0.000000
1693786978144268170 153.491755 0.000000
1693786978144294345 153.929010 0.000000
1693786978144319706 154.052573 0.000000
1693786978146116694 144.982116 0.000000
1693786978184274714 144.815594 0.000000
1693786978199110444 144.952887 0.000000
1693786978203166053 145.138972 0.000000
1693786978207527172 145.081261 0.000000
1693786978208086998 145.282060 0.000000
1693786978212781989 145.783978 0.000000
1693786978213697088 145.594606 0.000000
1693786978214431496 145.719053 0.000000
1693786978228393562 144.993865 0.000000
1693786978228671169 145.162631 0.000000
1693786978228961590 145.297578 0.000000
1693786978229473041 145.854692 0.000000
1693786978229893220 146.142655 0.000000
1693786978229921493 146.165157 0.000000
1693786978229966763 146.231033 0.000000
1693786978230048603 146.360141 0.000000
1693786978288836221 144.729308 0.000000
1693786978289356045 145.273995 0.000000
1693786978289750999 145.505108 0.000000
1693786978352124420 144.593551 0.000000
1693786978352384271 144.813237 0.000000
1693786978357528127 144.725059 0.000000
1693786978359877690 144.582908 0.000000
1693786978361781512 144.553413 0.000000
1693786978362434367 144.956056 0.000000
1693786978373622205 144.948872 0.000000
1693786978425287886 144.872088 0.000000
1693786978433483157 144.645352 0.000000
1693786978434670508 144.917937 0.000000
1693786978434730124 145.372860 0.000000
1693786978446916899 144.789133 0.000000
1693786978488089438 144.600935 0.000000
1693786978489397385 144.928178 0.000000
1693786978502383634 144.852335 0.000000
1693786978507089685 144.653453 0.000000
1693786978570345527 145.056003 0.000000
1693786978592300570 144.803054 0.000000
1693786978594394271 144.787763 0.000000
1693786978640011179 150.611916 0.000000
1693786978792033866 152.017671 0.000000
1693786978937103668 145.005322 0.000000
1693786979193875093 144.811084 0.000000
1693786979194124350 144.944536 0.000000
1693786979196423458 146.351187 0.000000
1693786979197665639 147.466810 0.000000
1693786979197713201 147.484809 0.000000
1693786979199231607 148.916837 0.000000
1693786979199820818 149.517910 0.000000
1693786979199850061 148.882232 0.000000
1693786979201631756 149.790621 0.000000
1693786979207059620 152.924576 0.000000
1693786979207085708 153.158182 0.000000
1693786979207128567 153.351393 0.000000
1693786979207199364 153.296314 0.000000
1693786979207247165 154.130588 0.000000
1693786979207276316 152.897636 0.000000
1693786979207705457 153.055255 0.000000
1693786979208956432 154.128970 0.000000
1693786979209100169 153.924773 0.000000
1693786979209484229 153.585662 0.000000
1693786979209554605 153.528444 0.000000
1693786979209960837 153.963088 0.000000
1693786979210109023 152.788777 0.000000
1693786979210276590 152.819028 0.000000
1693786979210642322 153.139905 0.000000
1693786979210849564 153.142752 0.000000
1693786979210961053 153.031420 0.000000
1693786979211207055 153.218913 0.000000
1693786979211229788 152.277982 0.000000
1693786979211340095 152.359046 0.000000
1693786979211537098 152.536318 0.000000
1693786979211725110 152.357092 0.000000
1693786979211838209 151.959213 0.000000
1693786979211927020 152.024183 0.000000
1693786979212239762 151.061527 0.000000
1693786979212442438 150.501579 0.000000
1693786979213133288 150.316233 0.000000
1693786979213161551 150.684327 0.000000
1693786979213513954 148.916638 0.000000
1693786979213534584 149.122511 0.000000
1693786979214032046 149.385618 0.000000
1693786979214061760 149.341234 0.000000
1693786979214293120 149.538588 0.000000
1693786979214507318 149.531739 0.000000
1693786979214857924 149.555441 0.000000
1693786979214897956 149.743735 0.000000
1693786979214923600 150.003063 0.000000
1693786979214974448 149.350229 0.000000
1693786979214993103 149.195844 0.000000
1693786979215054342 148.614501 0.000000
1693786979215197079 148.591577 0.000000
1693786979215269201 148.678468 0.000000
1693786979215399152 148.720433 0.000000
1693786979215637736 148.626565 0.000000
1693786979215663957 148.770594 0.000000
1693786979215686139 148.487455 0.000000
1693786979215720270 148.478480 0.000000
1693786979216288884 148.664341 0.000000
1693786979216450961 148.469929 0.000000
1693786979217243277 148.672033 0.000000
1693786979217277012 148.765263 0.000000
1693786979217384195 148.753893 0.000000
1693786979217707027 149.098579 0.000000
1693786979217818306 149.230434 0.000000
1693786979282245547 147.447178 0.000000
1693786979283724780 148.169685 0.000000
1693786979284739843 148.811468 0.000000
1693786979284975493 148.120937 0.000000
1693786979287291944 145.635455 0.000000
1693786979355188865 147.987865 0.000000
1693786979355225740 147.518306 0.000000
1693786979355390488 146.282880 0.000000
1693786979356161200 146.673933 0.000000
1693786979356295577 146.737903 0.000000
1693786979356702277 146.391715 0.000000
1693786979356946319 146.301077 0.000000
1693786979357862694 146.521399 0.000000
1693786979358142655 145.698587 0.000000
1693786979359533661 146.017808 0.000000
1693786979361217499 146.159992 0.000000
1693786979362608091 146.885234 0.000000
1693786979363505351 147.420067 0.000000
1693786979363877533 147.425369 0.000000
1693786979364178510 146.899926 0.000000
1693786979364311000 146.921995 0.000000
1693786979364614465 147.115834 0.000000
1693786979364642703 146.934285 0.000000
1693786979403719009 144.756339 0.000000
1693786979413619987 145.297484 0.000000
1693786979413937799 144.922299 0.000000
1693786979476860452 144.638676 0.000000
1693786979487794753 144.638882 0.000000
1693786979488536024 144.691690 0.000000
1693786979488887986 145.019158 0.000000
1693786979499325761 144.659991 0.000000
1693786979499973478 144.581150 0.000000
1693786979500908770 144.611557 0.000000
1693786979502517537 144.621530 0.000000
1693786979504275487 144.653183 0.000000
1693786979508710698 144.830192 0.000000
1693786979509116345 144.803511 0.000000
1693786979510762779 146.118741 0.000000
1693786979556423579 144.671132 0.000000
1693786979558252471 144.630787 0.000000
1693786979572788118 144.974752 0.000000
1693786979644828816 144.854018 0.000000
1693786979659561765 144.903953 0.000000
1693786979766525771 144.838520 0.000000
1693786979786427292 144.872711 0.000000
1693786979789868892 145.037074 0.000000
1693786979804530715 144.963543 0.000000
1693786979857377388 144.989624 0.000000
1693786979921536639 145.082750 0.000000
1693786979934893622 145.020064 0.000000
1693786980075251703 145.045143 0.000000
1693786980184460189 145.641700 0.000000
1693786980184717287 145.606459 0.000000
1693786980187113621 146.120128 0.000000
1693786980188330426 146.107384 0.000000
1693786980189097716 146.552996 0.000000
1693786980189161264 146.742671 0.000000
1693786980189358262 145.832063 0.000000
1693786980190326053 146.266985 0.000000
1693786980190547123 145.671716 0.000000
1693786980191280824 146.497577 0.000000
1693786980191383177 146.561205 0.000000
1693786980191734464 146.655815 0.000000
1693786980191925138 146.885558 0.000000
1693786980193153756 148.145289 0.000000
1693786980193167894 148.204732 0.000000
1693786980193404183 148.207835 0.000000
1693786980193594732 148.436507 0.000000
1693786980194222321 148.726190 0.000000
1693786980194286200 148.822424 0.000000
1693786980194300799 149.032868 0.000000
1693786980194353687 148.750351 0.000000
1693786980195110973 149.389398 0.000000
1693786980195470610 149.666342 0.000000
1693786980195875216 149.177465 0.000000
1693786980196382516 149.522066 0.000000
1693786980196666873 149.179901 0.000000
1693786980199765971 150.706301 0.000000
1693786980199947202 150.062619 0.000000
1693786980200328269 150.238132 0.000000
1693786980200527878 149.389903 0.000000
1693786980200738748 149.543461 0.000000
1693786980202087661 150.623803 0.000000
1693786980203785119 150.015444 0.000000
1693786980205116250 151.070768 0.000000
1693786980205926751 151.424646 0.000000
1693786980206350978 151.804595 0.000000
1693786980206402989 151.142320 0.000000
1693786980207444687 151.670784 0.000000
1693786980207505558 151.592633 0.000000
1693786980207985154 151.574696 0.000000
1693786980208471204 151.914301 0.000000
1693786980208798726 151.313574 0.000000
1693786980209351051 151.581396 0.000000
1693786980209532137 151.657228 0.000000
1693786980210120992 151.995179 0.000000
1693786980211314583 148.734294 0.000000
1693786980211411429 148.740218 0.000000
1693786980212766380 150.140159 0.000000
1693786980214038775 149.938675 0.000000
1693786980268079394 148.737331 0.000000
1693786980272086059 151.184723 0.000000
1693786980272760588 151.770782 0.000000
1693786980274367575 153.261414 0.000000
1693786980280000663 156.181672 0.000000
1693786980281448832 157.671271 0.000000
1693786980283514913 158.038771 0.000000
1693786980284187257 158.222604 0.000000
1693786980284818279 158.638286 0.000000
1693786980284845352 153.892032 0.000000
1693786980285567492 150.065089 0.000000
1693786980335192471 145.831096 0.000000
1693786980335816051 144.582782 0.000000
1693786980337642605 146.257087 0.000000
1693786980337800086 144.626764 0.000000
1693786980338719585 145.312109 0.000000
1693786980341494961 147.191420 0.000000
1693786980342279325 147.163304 0.000000
1693786980342895964 146.559300 0.000000
1693786980351108942 144.754958 0.000000
1693786980352452658 144.941381 0.000000
1693786980355406128 146.050481 0.000000
1693786980356348415 144.931874 0.000000
1693786980391595936 144.982212 0.000000
1693786980407005223 144.995272 0.000000
1693786980414896098 144.911527 0.000000
1693786980417725173 144.936545 0.000000
1693786980418304756 144.661640 0.000000
1693786980419010543 144.581715 0.000000
1693786980423158717 144.640216 0.000000
1693786980428396325 144.864082 0.000000
1693786980439843405 145.510751 0.000000
1693786980482620421 144.814732 0.000000
1693786980483514621 144.787749 0.000000
1693786980487009249 144.724873 0.000000
1693786980511978298 144.888088 0.000000
1693786980545739031 144.890378 0.000000
1693786980563966568 144.948719 0.000000
1693786980584706415 144.858764 0.000000
1693786980696572788 144.903960 0.000000
1693786980708947953 144.976613 0.000000
1693786980973070592 145.154647 0.000000
1693786981558453735 145.286059 0.000000
1693786981561227953 146.930383 0.000000
1693786981561788693 147.469162 0.000000
1693786981562012734 147.586414 0.000000
1693786981562880231 148.142627 0.000000
1693786981563746656 148.479772 0.000000
1693786981565310403 149.319775 0.000000
1693786981565456578 149.144884 0.000000
1693786981566195337 149.687325 0.000000
1693786981566819038 149.865790 0.000000
1693786981567496468 148.949645 0.000000
1693786981567568155 149.676033 0.000000
1693786981568482031 149.986516 0.000000
1693786981568535615 150.086735 0.000000
1693786981568948456 149.138785 0.000000
1693786981568960168 150.360862 0.000000
1693786981569049380 148.208631 0.000000
1693786981570345190 149.271524 0.000000
1693786981571665761 150.210488 0.000000
1693786981572605993 150.970506 0.000000
1693786981573749894 151.108446 0.000000
1693786981573791982 152.004701 0.000000
1693786981574598653 151.154955 0.000000
1693786981575012832 150.441475 0.000000
1693786981576255322 151.617631 0.000000
1693786981576358026 151.512020 0.000000
1693786981576728302 151.923557 0.000000
1693786981579840491 154.656294 0.000000
1693786981580189288 154.690218 0.000000
1693786981580511768 154.781851 0.000000
1693786981580772289 154.735839 0.000000
1693786981580904687 154.653267 0.000000
1693786981581464148 155.155400 0.000000
1693786981581792667 155.229933 0.000000
1693786981583153562 156.485669 0.000000
1693786981583254317 156.638710 0.000000
1693786981583267307 156.053539 0.000000
1693786981583785407 156.479364 0.000000
1693786981583897177 155.614823 0.000000
1693786981584410120 156.009180 0.000000
1693786981584505757 155.276867 0.000000
1693786981584606637 155.911974 0.000000
1693786981584705362 155.482119 0.000000
1693786981584953033 155.425873 0.000000
1693786981585952337 156.272076 0.000000
1693786981586466217 156.453940 0.000000
1693786981586571352 156.508251 0.000000
1693786981586616357 156.469732 0.000000
1693786981586792441 155.932196 0.000000
1693786981586853894 155.712615 0.000000
1693786981587386358 156.112756 0.000000
1693786981587487403 155.857517 0.000000
1693786981635490454 149.095960 0.000000
1693786981637138572 150.419994 0.000000
1693786981643866421 148.703713 0.000000
1693786981644787664 149.495610 0.000000
1693786981648221938 152.432601 0.000000
1693786981649967493 148.643873 0.000000
1693786981652949590 150.396781 0.000000
1693786981656534788 151.212102 0.000000
1693786981656686211 150.938801 0.000000
1693786981658004442 149.863054 0.000000
1693786981660307534 151.730242 0.000000
1693786981706393361 145.161649 0.000000
1693786981708713567 145.830499 0.000000
1693786981714624326 146.138401 0.000000
1693786981714725446 145.759479 0.000000
1693786981721798077 146.780465 0.000000
1693786981723248531 146.987856 0.000000
1693786981730966438 146.551065 0.000000
1693786981731020463 146.063532 0.000000
1693786981732365803 145.895762 0.000000
1693786981733590562 146.098032 0.000000
1693786981733724438 146.335444 0.000000
1693786981782287100 145.146148 0.000000
1693786981788579347 144.708019 0.000000
1693786981789858186 144.740549 0.000000
1693786981793333996 145.107714 0.000000
1693786981797710647 144.756136 0.000000
1693786981801838492 145.227442 0.000000
1693786981801854239 145.388747 0.000000
1693786981801899038 145.251196 0.000000
1693786981804864611 144.877143 0.000000
1693786981853579368 144.862227 0.000000
1693786981860679488 144.844842 0.000000
1693786981861910772 144.849472 0.000000
1693786981861952775 144.791864 0.000000
1693786981866690244 144.888985 0.000000
1693786981923801797 144.832132 0.000000
1693786981934739744 144.878761 0.000000
1693786981949702312 144.834959 0.000000
1693786981950981462 144.795171 0.000000
1693786981982044049 144.764640 0.000000
1693786982079640095 144.895625 0.000000
1693786982079710774 144.957248 0.000000
1693786982079734955 144.924412 0.000000
1693786982092020426 144.917191 0.000000
1693786982224616493 144.971702 0.000000
1693786982309994854 145.062342 0.000000
1693786982369641323 145.019960 0.000000
1693786982468307833 145.166284 0.000000
1693786982807102492 145.349250 0.000000
1693786982808258250 144.961057 0.000000
1693786982809554976 145.644262 0.000000
1693786982809791587 145.784593 0.000000
1693786982812219675 146.692154 0.000000
1693786982812321070 145.594987 0.000000
1693786982813061843 145.252395 0.000000
1693786982813615612 145.754613 0.000000
1693786982815129187 147.228141 0.000000
1693786982815578076 147.639874 0.000000
1693786982817808500 149.535869 0.000000
1693786982818548997 149.596274 0.000000
1693786982819092371 149.978373 0.000000
1693786982819669202 149.749606 0.000000
1693786982820318933 150.312485 0.000000
1693786982820468181 150.405686 0.000000
1693786982820538880 150.387589 0.000000
1693786982821391257 151.022912 0.000000
1693786982821459606 150.994235 0.000000
1693786982821486750 150.559990 0.000000
1693786982821990817 151.125059 0.000000
1693786982822190416 151.140991 0.000000
1693786982822848833 151.549612 0.000000
1693786982823077901 151.731775 0.000000
1693786982823192788 151.205221 0.000000
1693786982823445420 151.138185 0.000000
1693786982823554153 151.065120 0.000000
1693786982823897036 151.310871 0.000000
1693786982824051595 151.365348 0.000000
1693786982824174762 151.436032 0.000000
1693786982824298334 151.065872 0.000000
1693786982824486943 150.998309 0.000000
1693786982824651075 150.838132 0.000000
1693786982824781769 150.235520 0.000000
1693786982824830172 150.001416 0.000000
1693786982825484007 150.567282 0.000000
1693786982826155870 150.965238 0.000000
1693786982826175807 151.064488 0.000000
1693786982826303428 150.895716 0.000000
1693786982826318148 151.081433 0.000000
1693786982826478872 150.954483 0.000000
1693786982827752945 152.043806 0.000000
1693786982828120761 151.301475 0.000000
1693786982828868635 151.991405 0.000000
1693786982828986299 152.002881 0.000000
1693786982829386776 152.364658 0.000000
1693786982829697238 152.513359 0.000000
1693786982829985433 152.766843 0.000000
1693786982830184220 151.911850 0.000000
1693786982832058290 153.553498 0.000000
1693786982832127982 153.660542 0.000000
1693786982832699561 154.157348 0.000000
1693786982832833733 154.154602 0.000000
1693786982832848337 153.978888 0.000000
1693786982833835724 154.578076 0.000000
1693786982835139722 155.706923 0.000000
1693786982880122939 144.858073 0.000000
1693786982891328127 149.261295 0.000000
1693786982894258719 151.619294 0.000000
1693786982894542028 146.656641 0.000000
1693786982895832369 144.989984 0.000000
1693786982896771879 145.754778 0.000000
1693786982899048254 146.927832 0.000000
1693786982900224576 145.563063 0.000000
1693786982901400441 145.908987 0.000000
1693786982902318165 145.573417 0.000000
1693786982902392994 145.122288 0.000000
1693786982903672265 146.406921 0.000000
1693786982954615620 144.820446 0.000000
1693786982957557107 145.332441 0.000000
1693786982961543350 147.921890 0.000000
1693786982965102342 147.286366 0.000000
1693786982965821931 145.498352 0.000000
1693786982966573093 146.029572 0.000000
1693786982967639058 144.786972 0.000000
1693786982967872902 144.676686 0.000000
1693786982969480135 145.177310 0.000000
1693786982969742085 145.251112 0.000000
1693786982970101160 145.264007 0.000000
1693786982971426984 145.103514 0.000000
1693786982974390452 144.689666 0.000000
1693786982974885153 144.856865 0.000000
1693786982976794364 144.661100 0.000000
1693786982977511767 144.671374 0.000000
1693786982978508927 144.670060 0.000000
1693786982979716395 144.573802 0.000000
1693786983036843449 144.823397 0.000000
1693786983039805017 145.358481 0.000000
1693786983039862817 145.316720 0.000000
1693786983044909962 144.752788 0.000000
1693786983046188190 145.882961 0.000000
1693786983047419148 145.023618 0.000000
1693786983050952657 145.669425 0.000000
1693786983085824269 144.850029 0.000000
1693786983111291070 144.715446 0.000000
1693786983112946416 144.676731 0.000000
1693786983124686434 144.965052 0.000000
1693786983169267880 144.637430 0.000000
1693786983182812786 145.044977 0.000000
1693786983185814964 144.758131 0.000000
1693786983190973639 144.780773 0.000000
1693786983230745835 144.917095 0.000000
1693786983232209645 144.820300 0.000000
1693786983252739652 145.067224 0.000000
1693786983314177503 144.907648 0.000000
1693786983375696368 144.945897 0.000000
1693786983400507358 144.863626 0.000000
1693786984115594324 144.870566 0.000000
1693786984117793123 146.354974 0.000000
1693786984117815014 146.484956 0.000000
1693786984118582604 146.897867 0.000000
1693786984119380445 146.265201 0.000000
1693786984120293444 146.186202 0.000000
1693786984120623206 145.575617 0.000000
1693786984121288639 146.277374 0.000000
1693786984121432543 146.264469 0.000000
1693786984123219966 147.814339 0.000000
1693786984124197806 147.240605 0.000000
1693786984124978918 147.615893 0.000000
1693786984125036146 147.139394 0.000000
1693786984126144905 147.405288 0.000000
1693786984126989930 147.611077 0.000000
1693786984127061667 147.797129 0.000000
1693786984128055589 148.534965 0.000000
1693786984129025936 148.941856 0.000000
1693786984129078829 148.599395 0.000000
1693786984129432657 148.858348 0.000000
1693786984130336114 149.530100 0.000000
1693786984130770734 150.004308 0.000000
1693786984130830524 149.787203 0.000000
1693786984131426379 150.433872 0.000000
1693786984132169413 151.265752 0.000000
1693786984132770731 151.715624 0.000000
1693786984132887197 150.531323 0.000000
1693786984132936923 150.886520 0.000000
1693786984132999634 151.021749 0.000000
1693786984133057854 151.793845 0.000000
1693786984133444949 151.093160 0.000000
1693786984133717568 150.812959 0.000000
1693786984133879430 150.705679 0.000000
1693786984133935510 150.780624 0.000000
1693786984134075741 150.643419 0.000000
1693786984134136829 150.748063 0.000000
1693786984134183086 150.749520 0.000000
1693786984134348195 149.886969 0.000000
1693786984134984525 150.579761 0.000000
1693786984135384170 150.676320 0.000000
1693786984135501608 150.277227 0.000000
1693786984135566043 150.430443 0.000000
1693786984135783263 150.024114 0.000000
1693786984136132215 150.003485 0.000000
1693786984136207199 148.916708 0.000000
1693786984136459256 148.799561 0.000000
1693786984136649944 148.768208 0.000000
1693786984136692754 148.956325 0.000000
1693786984136767397 149.063971 0.000000
1693786984137227458 149.269434 0.000000
1693786984137533169 149.072085 0.000000
1693786984137586292 148.994975 0.000000
1693786984137635903 148.618214 0.000000
1693786984137704617 148.724266 0.000000
1693786984137882496 148.782837 0.000000
1693786984190049473 145.270557 0.000000
1693786984191952434 145.613885 0.000000
1693786984193913901 145.855303 0.000000
1693786984202849932 145.517756 0.000000
1693786984204252850 146.264969 0.000000
1693786984207656086 147.012474 0.000000
1693786984208677742 147.131576 0.000000
1693786984209188836 147.453500 0.000000
1693786984263578548 144.981705 0.000000
1693786984268563663 145.338175 0.000000
1693786984274170555 145.140881 0.000000
1693786984274280506 144.844516 0.000000
1693786984275905631 145.072366 0.000000
1693786984279419594 145.481418 0.000000
1693786984280375773 146.296163 0.000000
1693786984280506543 146.366968 0.000000
1693786984281206260 145.637366 0.000000
1693786984282703959 146.911830 0.000000
1693786984282982467 146.847325 0.000000
1693786984283699049 147.232501 0.000000
1693786984284167864 147.515333 0.000000
1693786984284925416 148.151473 0.000000
1693786984300443942 144.730987 0.000000
1693786984309185967 144.675869 0.000000
1693786984391810789 144.900712 0.000000
1693786984409830788 144.661852 0.000000
1693786984412722605 144.613739 0.000000
1693786984419028813 144.745561 0.000000
1693786984420704591 144.794063 0.000000
1693786984421988678 145.064628 0.000000
1693786984422071626 144.924948 0.000000
1693786984425970124 144.758767 0.000000
1693786984428931662 144.758571 0.000000
1693786984445256359 144.807495 0.000000
1693786984465850872 144.683056 0.000000
1693786984488172308 144.752131 0.000000
1693786984491382695 144.753319 0.000000
1693786984502488868 144.800398 0.000000
1693786984536541345 144.725715 0.000000
1693786984548702221 144.825762 0.000000
1693786984554665291 144.829451 0.000000
1693786984554757877 144.721615 0.000000
1693786984557558120 144.825882 0.000000
1693786984633043671 144.854079 0.000000
1693786984693595039 144.888143 0.000000
1693786984699701398 144.938761 0.000000
1693786984702301005 144.737061 0.000000
1693786984719898673 144.867931 0.000000
1693786984767636647 145.370354 0.000000
1693786984838756393 145.156888 0.000000
1693786984847275258 145.079016 0.000000
1693786984937803310 145.231177 0.000000
1693786984985544712 145.144190 0.000000
1693786984992338309 145.058520 0.000000
1693786985155875177 145.185508 0.000000
1693786985368555110 145.079333 0.000000
1693786985368897712 145.270743 0.000000
1693786985371417258 146.036453 0.000000
1693786985372312690 146.922825 0.000000
1693786985372805040 145.886089 0.000000
1693786985375296345 146.318395 0.000000
1693786985376372644 146.317527 0.000000
1693786985376641569 145.509949 0.000000
1693786985378333991 146.023664 0.000000
1693786985380955639 148.362870 0.000000
1693786985381391047 148.385518 0.000000
1693786985381569572 148.401951 0.000000
1693786985383001493 148.696636 0.000000
1693786985383796738 149.336710 0.000000
1693786985383938708 149.559684 0.000000
1693786985386057907 151.557977 0.000000
1693786985386968946 152.356925 0.000000
1693786985387080761 152.200652 0.000000
1693786985387149100 152.414408 0.000000
1693786985388432520 152.834902 0.000000
1693786985388616443 152.637512 0.000000
1693786985388739419 152.192933 0.000000
1693786985388900794 152.302287 0.000000
1693786985389023319 152.191545 0.000000
1693786985389319293 152.366492 0.000000
1693786985389725357 152.676528 0.000000
1693786985389902955 152.683825 0.000000
1693786985390281155 152.995289 0.000000
1693786985390381263 152.554023 0.000000
1693786985390390950 152.416122 0.000000
1693786985390548211 152.535074 0.000000
1693786985390842666 152.091933 0.000000
1693786985390943871 152.242825 0.000000
1693786985391065153 151.916165 0.000000
1693786985391091956 151.921867 0.000000
1693786985391116749 151.870153 0.000000
1693786985391829792 151.395117 0.000000
1693786985391869134 152.345383 0.000000
1693786985391893631 151.421659 0.000000
1693786985392810433 151.849339 0.000000
1693786985393921467 152.366597 0.000000
1693786985394379914 152.843060 0.000000
1693786985394824954 153.116070 0.000000
1693786985395554576 153.696416 0.000000
1693786985395990595 154.073513 0.000000
1693786985396155148 153.895719 0.000000
1693786985441167493 144.587728 0.000000
1693786985442557266 145.903304 0.000000
1693786985447298513 146.464564 0.000000
1693786985448351663 147.526624 0.000000
1693786985449463359 146.918244 0.000000
1693786985517234140 145.811555 0.000000
1693786985529514425 145.211565 0.000000
1693786985532219391 145.244566 0.000000
1693786985534416787 145.796586 0.000000
1693786985535072938 144.785539 0.000000
1693786985536653259 144.820285 0.000000
1693786985538877167 144.958702 0.000000
1693786985541224362 145.880581 0.000000
1693786985541324720 145.766777 0.000000
1693786985541451786 145.293345 0.000000
1693786985583269099 144.714634 0.000000
1693786985583393243 144.618681 0.000000
1693786985584083228 144.750958 0.000000
1693786985588207300 145.696934 0.000000
1693786985593828661 144.933408 0.000000
1693786985598617815 144.861786 0.000000
1693786985601755609 144.860453 0.000000
1693786985601977946 144.675513 0.000000
1693786985608349596 144.817529 0.000000
1693786985608524964 144.720829 0.000000
1693786985609110060 144.929072 0.000000
1693786985609434284 144.905518 0.000000
1693786985612726126 144.503057 0.000000
1693786985662066693 144.830128 0.000000
1693786985666641871 144.904300 0.000000
1693786985667502187 144.672351 0.000000
1693786985680039313 144.880736 0.000000
1693786985681449689 144.791518 0.000000
1693786985684919855 144.803185 0.000000
1693786985728168618 144.773361 0.000000
1693786985733058106 144.845959 0.000000
1693786985739267900 145.433256 0.000000
1693786985754151089 144.714339 0.000000
1693786985826262210 144.808232 0.000000
1693786985884379142 145.208112 0.000000
1693786985971232008 144.963207 0.000000
1693786986029638543 145.321876 0.000000
1693786986799876820 145.116264 0.000000
1693786986801912365 145.922840 0.000000
1693786986802835998 145.725982 0.000000
1693786986802897902 146.419064 0.000000
1693786986803311684 146.018789 0.000000
1693786986804063363 145.558082 0.000000
1693786986804121804 145.663512 0.000000
1693786986804680178 145.103424 0.000000
1693786986806834243 145.319772 0.000000
1693786986807788923 145.950625 0.000000
1693786986808502298 146.630646 0.000000
1693786986809045225 145.677078 0.000000
1693786986810357783 146.871602 0.000000
1693786986810546678 147.028035 0.000000
1693786986810683751 147.112347 0.000000
1693786986811191227 145.932421 0.000000
1693786986811385975 146.127851 0.000000
1693786986811407981 146.070898 0.000000
1693786986811948809 146.148594 0.000000
1693786986812414477 146.560809 0.000000
1693786986812969253 147.000266 0.000000
1693786986813653324 147.541945 0.000000
1693786986813827068 146.551907 0.000000
1693786986813827975 146.449985 0.000000
1693786986814019020 146.543894 0.000000
1693786986814071381 146.574586 0.000000
1693786986814122565 146.549999 0.000000
1693786986814280899 146.531986 0.000000
1693786986814835990 146.698799 0.000000
1693786986814841453 147.056126 0.000000
1693786986815372588 147.152449 0.000000
1693786986816035495 147.472163 0.000000
1693786986816856810 148.279020 0.000000
1693786986817744951 147.985648 0.000000
1693786986817777046 147.376109 0.000000
1693786986818103275 147.757266 0.000000
1693786986818674208 147.556289 0.000000
1693786986818879270 147.548691 0.000000
1693786986818957677 147.386580 0.000000
1693786986819071181 146.997043 0.000000
1693786986819872189 147.678363 0.000000
1693786986821411430 148.921369 0.000000
1693786986822239095 149.532586 0.000000
1693786986822603808 149.819833 0.000000
1693786986822658776 149.697464 0.000000
1693786986822775964 149.775195 0.000000
1693786986822809111 149.808192 0.000000
1693786986822895497 149.618937 0.000000
1693786986823041045 149.608808 0.000000
1693786986823128654 149.074495 0.000000
1693786986823204069 148.716608 0.000000
1693786986823300438 148.738303 0.000000
1693786986823327511 148.181002 0.000000
1693786986825914674 150.656264 0.000000
1693786986825987989 150.595894 0.000000
1693786986873897523 146.326368 0.000000
1693786986874527213 146.335018 0.000000
1693786986878839343 145.861823 0.000000
1693786986883691063 149.162018 0.000000
1693786986884615799 148.265313 0.000000
1693786986884934560 147.407443 0.000000
1693786986895233712 150.467295 0.000000
1693786986896536732 150.806589 0.000000
1693786986898786896 152.420206 0.000000
1693786986899969161 150.507217 0.000000
1693786986901553526 150.949055 0.000000
1693786986902404756 151.203311 0.000000
1693786986949822512 146.914130 0.000000
1693786986951192192 147.871186 0.000000
1693786986953395391 148.709646 0.000000
1693786986955788232 145.424967 0.000000
1693786986957053290 146.365379 0.000000
1693786986957935357 146.738973 0.000000
1693786986958676295 147.265162 0.000000
1693786986960300563 146.174340 0.000000
1693786986960490986 146.206329 0.000000
1693786986961616945 146.771805 0.000000
1693786986966938258 148.056271 0.000000
1693786986967666948 148.703913 0.000000
1693786986969213710 146.606023 0.000000
1693786987016345530 145.076075 0.000000
1693786987018071535 144.688854 0.000000
1693786987019304047 145.403296 0.000000
1693786987021046700 146.515859 0.000000
1693786987024251434 145.407741 0.000000
1693786987027108119 145.632519 0.000000
1693786987028825729 145.131098 0.000000
1693786987029103480 145.251624 0.000000
1693786987030333461 145.443294 0.000000
1693786987031629877 145.290839 0.000000
1693786987034216067 145.058655 0.000000
1693786987044852372 144.583384 0.000000
1693786987045428041 145.149070 0.000000
1693786987045538097 144.852129 0.000000
1693786987046284970 144.835220 0.000000
1693786987046880710 144.597858 0.000000
1693786987095953374 144.717025 0.000000
1693786987103235994 144.554862 0.000000
1693786987103277515 145.337258 0.000000
1693786987104258277 144.742338 0.000000
1693786987106534707 144.673353 0.000000
1693786987112673280 145.001631 0.000000
1693786987117446939 144.873103 0.000000
1693786987165760277 144.708605 0.000000
1693786987172023269 144.910154 0.000000
1693786987173894853 144.757694 0.000000
1693786987176632511 144.913933 0.000000
1693786987177054096 145.419704 0.000000
1693786987179044120 144.641890 0.000000
1693786987189750503 144.891891 0.000000
1693786987190360788 144.817884 0.000000
1693786987221144120 144.812256 0.000000
1693786987248058960 144.820485 0.000000
1693786987249131750 144.870753 0.000000
1693786987251540669 144.895750 0.000000
1693786987251867399 145.328051 0.000000
1693786987262313506 144.860608 0.000000
1693786987309066315 144.953334 0.000000
1693786987318858010 144.958887 0.000000
1693786987321086193 144.826218 0.000000
1693786987334971946 144.606492 0.000000
1693786987367429909 144.959423 0.000000
1693786987394035850 144.899288 0.000000
1693786987394703433 144.947791 0.000000
1693786987453997212 144.928356 0.000000
1693786987464153320 145.285176 0.000000
1693786987882856426 145.267589 0.000000
1693786988082713066 145.372670 0.000000
1693786988083677259 146.183801 0.000000
1693786988083735569 146.332322 0.000000
1693786988083777502 146.188587 0.000000
1693786988083939068 146.229046 0.000000
1693786988085155732 146.681985 0.000000
1693786988085270855 146.562758 0.000000
1693786988085590213 146.408383 0.000000
1693786988086139395 146.900087 0.000000
1693786988086635830 146.751867 0.000000
1693786988086717064 146.177396 0.000000
1693786988086730976 146.524549 0.000000
1693786988087558065 145.993825 0.000000
1693786988088305579 145.875153 0.000000
1693786988088339313 145.857533 0.000000
1693786988088640643 146.181226 0.000000
1693786988088835316 146.269186 0.000000
1693786988089011631 145.926373 0.000000
1693786988089805874 146.195554 0.000000
1693786988090339851 146.133529 0.000000
1693786988090612094 146.344244 0.000000
1693786988091100074 146.666023 0.000000
1693786988091584551 147.064805 0.000000
1693786988091736680 146.953652 0.000000
1693786988092762902 147.984981 0.000000
1693786988093341894 148.053971 0.000000
1693786988093402896 147.538848 0.000000
1693786988093456952 148.009142 0.000000
1693786988094983352 148.728109 0.000000
1693786988094989386 149.064166 0.000000
1693786988095048834 148.625571 0.000000
1693786988095156184 148.396468 0.000000
1693786988095188404 148.250067 0.000000
1693786988096292668 148.709702 0.000000
1693786988096390189 148.521585 0.000000
1693786988097193844 148.980412 0.000000
1693786988097793779 149.010992 0.000000
1693786988099209462 150.147085 0.000000
1693786988099565064 150.579611 0.000000
1693786988099746426 150.785570 0.000000
1693786988100145800 150.692739 0.000000
1693786988100305386 150.299840 0.000000
1693786988100311280 150.608538 0.000000
1693786988100517038 150.454635 0.000000
1693786988100719730 150.514575 0.000000
1693786988100842620 150.264132 0.000000
1693786988101552216 150.281743 0.000000
1693786988101612366 149.889886 0.000000
1693786988101621211 149.571971 0.000000
1693786988101680750 149.067423 0.000000
1693786988101763653 148.791657 0.000000
1693786988102301293 149.035013 0.000000
1693786988163062270 145.478471 0.000000
1693786988164626012 146.853348 0.000000
1693786988165927008 145.228119 0.000000
1693786988168827971 146.846579 0.000000
1693786988171066718 148.995883 0.000000
1693786988172160592 148.383488 0.000000
1693786988172657894 147.885179 0.000000
1693786988174438160 147.002670 0.000000
1693786988174735862 146.568155 0.000000
1693786988176565528 148.280017 0.000000
1693786988229326932 145.643464 0.000000
1693786988230567989 145.292167 0.000000
1693786988230745036 145.148653 0.000000
1693786988232700835 145.137854 0.000000
1693786988233478294 144.831055 0.000000
1693786988233737532 144.893470 0.000000
1693786988237331707 145.592255 0.000000
1693786988239782247 146.376675 0.000000
1693786988240290329 145.362275 0.000000
1693786988240438960 145.450295 0.000000
1693786988242041507 144.844090 0.000000
1693786988246739514 146.017329 0.000000
1693786988247196582 145.581446 0.000000
1693786988247254587 146.408885 0.000000
1693786988247778867 146.221539 0.000000
1693786988247878313 146.196406 0.000000
1693786988250270357 147.963692 0.000000
1693786988292696893 144.582848 0.000000
1693786988302292737 144.828740 0.000000
1693786988304333660 144.779605 0.000000
1693786988308048681 144.979770 0.000000
1693786988310798176 144.865876 0.000000
1693786988315709400 144.638000 0.000000
1693786988316771716 144.708199 0.000000
1693786988317348242 144.686303 0.000000
1693786988319375342 144.932245 0.000000
1693786988337347911 147.125441 0.000000
1693786988373940667 144.611113 0.000000
1693786988375423055 144.672541 0.000000
1693786988380916613 144.746068 0.000000
1693786988382387104 145.052510 0.000000
1693786988392277529 145.075448 0.000000
1693786988425630037 145.004488 0.000000
1693786988437559857 144.829060 0.000000
1693786988449271337 144.930842 0.000000
1693786988452745193 144.691645 0.000000
1693786988460480360 144.765903 0.000000
1693786988461583019 144.805982 0.000000
1693786988515552038 144.702085 0.000000
1693786988520279358 144.851508 0.000000
1693786988565560569 144.854940 0.000000
1693786988570643391 144.952958 0.000000
1693786988665348978 145.064709 0.000000
1693786989241758208 145.279267 0.000000
1693786989330393134 145.142394 0.000000
1693786989330422016 145.025406 0.000000
1693786989330889438 145.050686 0.000000
1693786989331200963 144.681522 0.000000
1693786989331992770 145.334992 0.000000
1693786989332968695 145.806153 0.000000
1693786989332992986 145.479794 0.000000
1693786989333709112 146.291707 0.000000
1693786989333921612 145.792877 0.000000
1693786989334369784 145.722483 0.000000
1693786989335967736 146.965554 0.000000
1693786989335992153 146.983707 0.000000
1693786989337381961 146.726790 0.000000
1693786989338336395 146.934427 0.000000
1693786989338709588 146.895792 0.000000
1693786989339673571 147.352404 0.000000
1693786989340303902 147.867818 0.000000
1693786989340549793 146.036278 0.000000
1693786989340595284 146.332377 0.000000
1693786989341659530 146.902237 0.000000
1693786989342583885 147.369995 0.000000
1693786989344378554 148.728912 0.000000
1693786989345208049 149.134815 0.000000
1693786989345979553 149.534675 0.000000
1693786989346094836 149.325850 0.000000
1693786989346383713 149.245929 0.000000
1693786989347446445 149.376934 0.000000
1693786989347585779 149.566836 0.000000
1693786989347977636 149.744855 0.000000
1693786989348932467 150.612052 0.000000
1693786989349746601 151.001999 0.000000
1693786989349759035 150.423107 0.000000
1693786989349804049 149.725535 0.000000
1693786989349826206 151.235256 0.000000
1693786989349844243 150.160106 0.000000
1693786989349875305 151.457303 0.000000
1693786989349887769 150.968877 0.000000
1693786989349924099 149.684264 0.000000
1693786989349959456 149.795808 0.000000
1693786989349974355 148.745531 0.000000
1693786989350428437 148.587322 0.000000
1693786989350560519 148.553303 0.000000
1693786989350668675 148.091224 0.000000
1693786989350709360 148.335000 0.000000
1693786989350811443 147.632612 0.000000
1693786989351616460 145.229146 0.000000
1693786989351621853 146.936753 0.000000
1693786989351688407 145.601818 0.000000
1693786989351696346 146.646147 0.000000
1693786989351838928 145.414146 0.000000
1693786989352379991 145.754818 0.000000
1693786989352485938 145.897175 0.000000
1693786989353040347 146.212934 0.000000
1693786989353793564 146.891868 0.000000
1693786989354262791 147.120881 0.000000
1693786989354331425 146.892119 0.000000
1693786989403230360 144.714153 0.000000
1693786989404769084 144.888944 0.000000
1693786989413843827 144.820310 0.000000
1693786989413975323 144.927549 0.000000
1693786989418934077 145.152462 0.000000
1693786989419430647 145.188070 0.000000
1693786989420189988 145.741974 0.000000
1693786989420886228 145.748018 0.000000
1693786989421191032 146.009962 0.000000
1693786989421256258 145.580388 0.000000
1693786989424994278 146.431287 0.000000
1693786989425064156 146.355160 0.000000
1693786989425088523 146.580895 0.000000
1693786989426355660 145.500747 0.000000
1693786989477538873 145.540936 0.000000
1693786989481721166 145.722424 0.000000
1693786989485805746 145.283512 0.000000
1693786989485931163 145.375401 0.000000
1693786989487248788 144.659075 0.000000
1693786989494779550 145.015042 0.000000
1693786989495506386 144.943186 0.000000
1693786989496094308 145.377371 0.000000
1693786989499548468 145.281993 0.000000
1693786989543199646 144.795722 0.000000
1693786989547915796 144.766980 0.000000
1693786989547982882 144.749755 0.000000
1693786989548033465 144.744584 0.000000
1693786989548431260 145.133042 0.000000
1693786989548586817 145.344900 0.000000
1693786989548937894 145.613139 0.000000
1693786989558548342 144.699138 0.000000
1693786989558627571 144.647177 0.000000
1693786989564063401 145.125339 0.000000
1693786989567638857 144.700030 0.000000
1693786989570295677 145.227623 0.000000
1693786989570820748 145.727585 0.000000
1693786989640462056 144.953520 0.000000
1693786989692922941 144.887446 0.000000
1693786989697943038 144.782652 0.000000
1693786989700724752 144.737232 0.000000
1693786989703539710 144.928762 0.000000
1693786989703738237 145.107974 0.000000
1693786989705520457 144.718839 0.000000
1693786989712516621 144.874275 0.000000
1693786989715059440 144.760391 0.000000
1693786989837811925 144.884343 0.000000
1693786989859944581 144.880299 0.000000
1693786989916035434 145.027918 0.000000
1693786989930008105 144.837896 0.000000
1693786990075154363 145.141371 0.000000
1693786990220341395 145.182302 0.000000
1693786990514221763 145.283001 0.000000
1693786990518718968 147.359577 0.000000
1693786990519255311 147.192668 0.000000
1693786990520176449 147.028822 0.000000
1693786990521550535 148.337010 0.000000
1693786990521600977 146.978906 0.000000
1693786990521708798 147.019465 0.000000
1693786990522739570 147.831529 0.000000
1693786990524514413 149.230418 0.000000
1693786990524673293 148.901457 0.000000
1693786990525810598 148.714777 0.000000
1693786990526282135 148.876519 0.000000
1693786990526772370 147.700504 0.000000
1693786990527059714 146.955611 0.000000
1693786990527376365 147.357952 0.000000
1693786990527437883 147.058020 0.000000
1693786990527574406 147.112661 0.000000
1693786990527675952 146.565574 0.000000
1693786990527847261 145.193192 0.000000
1693786990528370613 145.719702 0.000000
1693786990528636737 145.035109 0.000000
1693786990528932951 145.284038 0.000000
1693786990529822265 146.220101 0.000000
1693786990529877829 145.946013 0.000000
1693786990529958932 145.569127 0.000000
1693786990530599808 146.174003 0.000000
1693786990530864218 146.051559 0.000000
1693786990531426937 146.508557 0.000000
1693786990531678131 145.989710 0.000000
1693786990532732028 146.388618 0.000000
1693786990532751969 145.554086 0.000000
1693786990533743150 145.871660 0.000000
1693786990533795777 145.579216 0.000000
1693786990533811379 145.643219 0.000000
1693786990533838923 145.521767 0.000000
1693786990533968088 145.661276 0.000000
1693786990534647669 146.242533 0.000000
1693786990535353751 146.698429 0.000000
1693786990536130598 146.144750 0.000000
1693786990536320600 146.036209 0.000000
1693786990537004646 145.566576 0.000000
1693786990537690131 146.125225 0.000000
1693786990537722195 145.282651 0.000000
1693786990539342143 146.780048 0.000000
1693786990539421358 146.661307 0.000000
1693786990539561880 145.344529 0.000000
1693786990594975974 146.461753 0.000000
1693786990596003308 145.827191 0.000000
1693786990599649123 145.398139 0.000000
1693786990607873960 148.900280 0.000000
1693786990608323290 148.477492 0.000000
1693786990609182734 148.162444 0.000000
1693786990614492595 151.799363 0.000000
1693786990614952520 152.205293 0.000000
1693786990615949057 150.475223 0.000000
1693786990660112768 144.861651 0.000000
1693786990663953221 144.692558 0.000000
1693786990672639204 145.054650 0.000000
1693786990674874394 144.909938 0.000000
1693786990677816332 146.134923 0.000000
1693786990681468492 146.111277 0.000000
1693786990683598582 145.779696 0.000000
1693786990687096257 147.748897 0.000000
1693786990687627122 146.323486 0.000000
1693786990687837336 146.426576 0.000000
1693786990740740154 144.733778 0.000000
1693786990743410625 144.643122 0.000000
1693786990753352024 145.025202 0.000000
1693786990753768002 144.926968 0.000000
1693786990759373701 144.872957 0.000000
1693786990760190496 145.232950 0.000000
1693786990760830619 144.876566 0.000000
1693786990800233291 146.494163 0.000000
1693786990820431858 144.776934 0.000000
1693786990828197913 144.960937 0.000000
1693786990880284873 144.712920 0.000000
1693786990898375357 145.018125 0.000000
1693786990898489708 144.715912 0.000000
1693786990920080072 145.094247 0.000000
1693786990920920832 144.708279 0.000000
1693786990921049812 144.841449 0.000000
1693786990945576718 145.268257 0.000000
1693786990958159570 144.877313 0.000000
1693786991025210428 144.921039 0.000000
1693786991043373199 144.881086 0.000000
1693786991064989178 144.904580 0.000000
1693786991065774234 144.848450 0.000000
1693786991065970115 144.915276 0.000000
1693786991090725592 144.945336 0.000000
1693786991210039112 145.045358 0.000000
1693786991255637856 145.113848 0.000000
1693786991400949178 145.306310 0.000000
1693786991428435887 145.109507 0.000000
1693786991655084687 145.336330 0.000000
1693786991656211793 145.911418 0.000000
1693786991657297909 146.203698 0.000000
1693786991658690498 147.644038 0.000000
1693786991658791223 147.510366 0.000000
1693786991659158918 147.646383 0.000000
1693786991659909449 147.547739 0.000000
1693786991660979548 147.988103 0.000000
1693786991661646028 147.545554 0.000000
1693786991662307557 147.989612 0.000000
1693786991662416180 146.844909 0.000000
1693786991662483561 146.724128 0.000000
1693786991662496081 146.698499 0.000000
1693786991663074190 147.233784 0.000000
1693786991663541888 147.633222 0.000000
1693786991663602649 147.574196 0.000000
1693786991663702792 147.119949 0.000000
1693786991663879443 146.200972 0.000000
1693786991664317592 145.584969 0.000000
1693786991664630861 145.553049 0.000000
1693786991664933991 145.493997 0.000000
1693786991665165841 145.620261 0.000000
1693786991665479460 144.988847 0.000000
1693786991665565886 144.943527 0.000000
1693786991665840615 145.056103 0.000000
1693786991666300715 144.914825 0.000000
1693786991666881501 145.404204 0.000000
1693786991667017683 145.064964 0.000000
1693786991667689661 145.698964 0.000000
1693786991668068638 145.760752 0.000000
1693786991668072928 145.585104 0.000000
1693786991668141201 145.609250 0.000000
1693786991668395267 145.638067 0.000000
1693786991668421243 145.615519 0.000000
1693786991668778835 144.781119 0.000000
1693786991669729235 145.106947 0.000000
1693786991670713014 145.829587 0.000000
1693786991671162384 146.128076 0.000000
1693786991671336314 146.207507 0.000000
1693786991671672982 145.889346 0.000000
1693786991671861786 145.220591 0.000000
1693786991672230699 145.653638 0.000000
1693786991726987218 145.057482 0.000000
1693786991730993131 145.794887 0.000000
1693786991731225727 145.279067 0.000000
1693786991733482832 145.302230 0.000000
1693786991735270961 146.753492 0.000000
1693786991735556325 145.413319 0.000000
1693786991736899149 145.566466 0.000000
1693786991737783776 146.237737 0.000000
1693786991738761601 146.620502 0.000000
1693786991739711731 146.027914 0.000000
1693786991740479311 146.223218 0.000000
1693786991745536705 149.046145 0.000000
1693786991747214102 148.916698 0.000000
1693786991747696844 148.751409 0.000000
1693786991751458905 152.446423 0.000000
1693786991751527464 152.268504 0.000000
1693786991751912500 152.179767 0.000000
1693786991753002425 152.666750 0.000000
1693786991800538605 145.448190 0.000000
1693786991805918579 144.933869 0.000000
1693786991807693207 145.380598 0.000000
1693786991808829189 145.221052 0.000000
1693786991810744093 145.175576 0.000000
1693786991810738761 146.415655 0.000000
1693786991812034866 145.148022 0.000000
1693786991813262782 145.118538 0.000000
1693786991817744607 149.127339 0.000000
1693786991818500074 147.159957 0.000000
1693786991872003719 144.594550 0.000000
1693786991873956306 144.591848 0.000000
1693786991875671691 144.673944 0.000000
1693786991876868289 144.631441 0.000000
1693786991882366789 144.952052 0.000000
1693786991884080987 145.277789 0.000000
1693786991884560027 144.843350 0.000000
1693786991886178681 145.694277 0.000000
1693786991887232301 144.578839 0.000000
1693786991889076641 145.555445 0.000000
1693786991892203159 144.986725 0.000000
1693786991899092834 147.560364 0.000000
1693786991899389985 147.471818 0.000000
1693786991927604348 145.070592 0.000000
1693786991944416919 144.812657 0.000000
1693786991953656500 144.822450 0.000000
1693786991955290211 144.629506 0.000000
1693786991961522512 145.214176 0.000000
1693786992015501779 144.977370 0.000000
1693786992017190922 145.182437 0.000000
1693786992020417758 144.741597 0.000000
1693786992021823794 144.952492 0.000000
1693786992027172731 144.799090 0.000000
1693786992031881068 144.646655 0.000000
1693786992035962887 144.825361 0.000000
1693786992044145334 144.752046 0.000000
1693786992075918374 144.914318 0.000000
1693786992089524747 145.103188 0.000000
1693786992100295847 145.000223 0.000000
1693786992172242315 145.064794 0.000000
1693786992237993739 144.953519 0.000000
1693786992245543064 144.873860 0.000000
1693786992253506457 144.931378 0.000000
1693786992291740164 145.222466 0.000000
1693786992307498383 145.060263 0.000000
1693786992454869867 146.377603 0.000000
1693786992599949454 145.074972 0.000000
1693786992709872738 145.512245 0.000000
1693786992710562513 146.058299 0.000000
1693786992710694841 146.239496 0.000000
1693786992711744151 146.544210 0.000000
1693786992712747327 146.850421 0.000000
1693786992712911667 146.849184 0.000000
1693786992713255928 146.713358 0.000000
1693786992714136341 146.894469 0.000000
1693786992715031573 146.823684 0.000000
1693786992716045215 147.429689 0.000000
1693786992716618479 146.707329 0.000000
1693786992716672755 146.770074 0.000000
1693786992718558376 148.530910 0.000000
1693786992719827543 148.988309 0.000000
1693786992720641326 149.607289 0.000000
1693786992720722855 149.372032 0.000000
1693786992720727306 149.545716 0.000000
1693786992721201855 149.645057 0.000000
1693786992721733181 150.137733 0.000000
1693786992722686144 149.961951 0.000000
1693786992722862272 149.504069 0.000000
1693786992723186645 149.347411 0.000000
1693786992724110965 149.286058 0.000000
1693786992724216076 148.244038 0.000000
1693786992724222526 148.298445 0.000000
1693786992725015195 148.042269 0.000000
1693786992725158448 148.223831 0.000000
1693786992726509531 149.414361 0.000000
1693786992727182877 149.917010 0.000000
1693786992727287155 149.425773 0.000000
1693786992727497343 149.693796 0.000000
1693786992728237941 150.343528 0.000000
1693786992728293936 150.316480 0.000000
1693786992728778403 150.813476 0.000000
1693786992728986472 149.053371 0.000000
1693786992729019830 147.584148 0.000000
1693786992729164075 147.643096 0.000000
1693786992729945408 148.469227 0.000000
1693786992730189551 148.727689 0.000000
1693786992730395219 148.785277 0.000000
1693786992731241894 148.150025 0.000000
1693786992731913641 148.791863 0.000000
1693786992732134871 148.290432 0.000000
1693786992732569351 148.559949 0.000000
1693786992732654665 148.593622 0.000000
1693786992732767953 147.650067 0.000000
1693786992732781034 148.429189 0.000000
1693786992732894082 147.415963 0.000000
1693786992732925279 146.395589 0.000000
1693786992733051783 146.481043 0.000000
1693786992733251293 146.675260 0.000000
1693786992733367839 146.600320 0.000000
1693786992733914385 146.758834 0.000000
1693786992733944896 146.441641 0.000000
1693786992734082381 146.117948 0.000000
1693786992734413305 146.117643 0.000000
1693786992782942796 146.120880 0.000000
1693786992791273347 145.921301 0.000000
1693786992800618710 147.968729 0.000000
1693786992806990687 145.429697 0.000000
1693786992842967454 145.328150 0.000000
1693786992851899089 144.651481 0.000000
1693786992853402471 145.476937 0.000000
1693786992856373512 145.676000 0.000000
1693786992856625553 144.779280 0.000000
1693786992859626448 145.484860 0.000000
1693786992860097885 145.061205 0.000000
1693786992861701700 145.023653 0.000000
1693786992864187898 145.624485 0.000000
1693786992865938104 145.212612 0.000000
1693786992866023843 144.816752 0.000000
1693786992867041596 145.303248 0.000000
1693786992867495141 144.629040 0.000000
1693786992869129227 144.904054 0.000000
1693786992871923451 145.404805 0.000000
1693786992874366619 147.178415 0.000000
1693786992874596329 146.296840 0.000000
1693786992874882414 145.892849 0.000000
1693786992878402091 145.347280 0.000000
1693786992885159478 144.740981 0.000000
1693786992941048903 144.757043 0.000000
1693786992952275898 145.079257 0.000000
1693786992957372713 144.586767 0.000000
1693786992996727132 144.821627 0.000000
1693786993002982723 144.712313 0.000000
1693786993004271350 144.642481 0.000000
1693786993011857811 144.811249 0.000000
1693786993019187511 144.815920 0.000000
1693786993022777265 144.701534 0.000000
1693786993023206053 144.798790 0.000000
1693786993095938219 144.981750 0.000000
1693786993096549060 144.760957 0.000000
1693786993096983655 144.704927 0.000000
1693786993097614382 144.664177 0.000000
1693786993148980847 144.705242 0.000000
1693786993168454332 145.245734 0.000000
1693786993293971788 144.986040 0.000000
1693786993361845956 145.204964 0.000000
1693786993544162422 145.128968 0.000000
1693786993835102195 145.218707 0.000000
1693786994142599615 146.833853 0.000000
1693786994143862909 147.127551 0.000000
1693786994144612898 146.471576 0.000000
1693786994144681032 146.688525 0.000000
1693786994145729626 146.438168 0.000000
1693786994146005518 146.513318 0.000000
1693786994147402728 147.145669 0.000000
1693786994148185173 146.573077 0.000000
1693786994148290919 146.509304 0.000000
1693786994148415463 145.306992 0.000000
1693786994149280546 146.086936 0.000000
1693786994149722333 146.435331 0.000000
1693786994149967909 145.192922 0.000000
1693786994150053744 145.240111 0.000000
1693786994150444979 145.557213 0.000000
1693786994152464887 147.476127 0.000000
1693786994152524791 147.576882 0.000000
1693786994152700350 147.545799 0.000000
1693786994153477086 148.218173 0.000000
1693786994153745796 147.592102 0.000000
1693786994154099559 147.605437 0.000000
1693786994154440417 147.382930 0.000000
1693786994154493270 147.148665 0.000000
1693786994154604524 147.131129 0.000000
1693786994155181365 147.526449 0.000000
1693786994155968952 147.740542 0.000000
1693786994156018803 147.636119 0.000000
1693786994156561355 148.215978 0.000000
1693786994156579222 147.710717 0.000000
1693786994158635345 149.568393 0.000000
1693786994158968154 149.552356 0.000000
1693786994159045890 149.529333 0.000000
1693786994159966270 150.087175 0.000000
1693786994160149938 149.783845 0.000000
1693786994160416543 149.397942 0.000000
1693786994161879897 149.927499 0.000000
1693786994162697594 150.661577 0.000000
1693786994162795316 150.469831 0.000000
1693786994164641155 151.898624 0.000000
1693786994165725382 152.601790 0.000000
1693786994212813389 144.981344 0.000000
1693786994219426486 146.389290 0.000000
1693786994220085574 146.209913 0.000000
1693786994223354022 146.284320 0.000000
1693786994223962823 146.604314 0.000000
1693786994224124063 146.675785 0.000000
1693786994224235918 145.585038 0.000000
1693786994225461047 146.100627 0.000000
1693786994233907855 150.588411 0.000000
1693786994234690130 150.764711 0.000000
1693786994235846815 149.931820 0.000000
1693786994237007921 150.369242 0.000000
1693786994237715757 148.677427 0.000000
1693786994238555446 148.969406 0.000000
1693786994239380299 149.551054 0.000000
1693786994287366000 144.761663 0.000000
1693786994289559347 144.873068 0.000000
1693786994297855899 145.325980 0.000000
1693786994298557852 145.854139 0.000000
1693786994299165951 145.414983 0.000000
1693786994299236616 145.133203 0.000000
1693786994299393917 144.948373 0.000000
1693786994300100615 145.486735 0.000000
1693786994300689265 144.715341 0.000000
1693786994305933438 144.904450 0.000000
1693786994364156556 144.725610 0.000000
1693786994366109389 144.941166 0.000000
1693786994368902540 144.663069 0.000000
1693786994370482304 145.018837 0.000000
1693786994373572452 144.910475 0.000000
1693786994376741925 145.356006 0.000000
1693786994419493471 144.799386 0.000000
1693786994443870462 144.699950 0.000000
1693786994450858486 144.916850 0.000000
1693786994453633967 144.947942 0.000000
1693786994455841452 144.805341 0.000000
1693786994501053110 144.653356 0.000000
1693786994516145791 144.904616 0.000000
1693786994518475685 144.898803 0.000000
1693786994521652530 144.905433 0.000000
1693786994523154108 144.741827 0.000000
1693786994527190963 144.785168 0.000000
1693786994598633564 144.994971 0.000000
1693786994600600685 144.754291 0.000000
1693786994645832600 144.775350 0.000000
1693786994666648117 144.993764 0.000000
1693786994668133673 144.975035 0.000000
1693786994703639204 145.090153 0.000000
1693786994745741836 145.136516 0.000000
1693786994787521817 145.179029 0.000000
1693786994791011719 145.174173 0.000000
1693786994839162940 145.287241 0.000000
1693786995046537197 145.305228 0.000000
1693786995572436839 145.057599 0.000000
1693786995572497390 146.008355 0.000000
1693786995573827648 145.827876 0.000000
1693786995573847214 146.318407 0.000000
1693786995575560033 147.561929 0.000000
1693786995575596844 146.898440 0.000000
1693786995575626568 147.094536 0.000000
1693786995575692642 146.513691 0.000000
1693786995576271092 146.253205 0.000000
1693786995578795329 148.814813 0.000000
1693786995579172426 149.020662 0.000000
1693786995579988484 149.685348 0.000000
1693786995580167150 149.958529 0.000000
1693786995582222034 151.754722 0.000000
1693786995582968275 151.311722 0.000000
1693786995582968511 152.171621 0.000000
1693786995583171894 150.580445 0.000000
1693786995583241651 150.277772 0.000000
1693786995583583581 150.510473 0.000000
1693786995583811732 150.683325 0.000000
1693786995583847701 150.698214 0.000000
1693786995584094164 149.931585 0.000000
1693786995584475075 149.743213 0.000000
1693786995584847552 149.058254 0.000000
1693786995585320557 148.664002 0.000000
1693786995585348592 148.543356 0.000000
1693786995586309006 149.386243 0.000000
1693786995586428795 149.418888 0.000000
1693786995586617879 149.157034 0.000000
1693786995587126262 149.410849 0.000000
1693786995587299405 149.375267 0.000000
1693786995587445870 148.997198 0.000000
1693786995588212243 148.312299 0.000000
1693786995588294449 148.259647 0.000000
1693786995589266465 147.791433 0.000000
1693786995589574086 147.082398 0.000000
1693786995589985292 146.453772 0.000000
1693786995590003099 146.496400 0.000000
1693786995590050023 146.500339 0.000000
1693786995590269263 146.103161 0.000000
1693786995590773320 146.363952 0.000000
1693786995590806597 146.437478 0.000000
1693786995590822284 146.604461 0.000000
1693786995591598885 147.152101 0.000000
1693786995591617263 146.649847 0.000000
1693786995592640292 146.666235 0.000000
1693786995593156187 146.999088 0.000000
1693786995593305058 146.590704 0.000000
1693786995645734711 146.103153 0.000000
1693786995650509116 147.009653 0.000000
1693786995658413653 149.654399 0.000000
1693786995658437909 150.637466 0.000000
1693786995660032919 148.837099 0.000000
1693786995660579290 148.474014 0.000000
1693786995661546625 147.600607 0.000000
1693786995663976006 146.195538 0.000000
1693786995718946864 145.114414 0.000000
1693786995720737008 145.171547 0.000000
1693786995720773518 145.171101 0.000000
1693786995721626021 145.996566 0.000000
1693786995728366324 149.188295 0.000000
1693786995729482836 149.488854 0.000000
1693786995729534541 149.522398 0.000000
1693786995729658715 146.483890 0.000000
1693786995729715267 145.616487 0.000000
1693786995730958238 145.606273 0.000000
1693786995733602704 145.386793 0.000000
1693786995734404925 145.135217 0.000000
1693786995735023378 144.750603 0.000000
1693786995736665919 145.841059 0.000000
1693786995738114528 144.955956 0.000000
1693786995739864839 145.249007 0.000000
1693786995793692363 144.597933 0.000000
1693786995795472765 144.958541 0.000000
1693786995801296907 144.804930 0.000000
1693786995808424561 144.748974 0.000000
1693786995808494093 144.513191 0.000000
1693786995827135026 145.244116 0.000000
1693786995860411669 144.792004 0.000000
1693786995866717712 144.778182 0.000000
1693786995873003553 144.634668 0.000000
1693786995874464246 144.779931 0.000000
1693786995879782361 144.753996 0.000000
1693786995883405668 144.633421 0.000000
1693786995899234767 144.749605 0.000000
1693786995933840074 144.698787 0.000000
1693786995938394428 144.696522 0.000000
1693786995939028673 144.841529 0.000000
1693786995953604226 145.174845 0.000000
1693786995962237643 144.880881 0.000000
1693786996005137073 144.720513 0.000000
1693786996044539103 144.824996 0.000000
1693786996083835327 144.801662 0.000000
1693786996107260464 145.018070 0.000000
1693786996150008231 144.867359 0.000000
1693786996252381158 145.116083 0.000000
1693786996294996977 144.984632 0.000000
1693786996870614365 145.275078 0.000000
1693786996870810150 145.515732 0.000000
1693786996871621763 146.356538 0.000000
1693786996871755624 146.372411 0.000000
1693786996872583049 147.022507 0.000000
1693786996874608169 149.081552 0.000000
1693786996874738317 148.290823 0.000000
1693786996875776046 149.372032 0.000000
1693786996877295941 150.154538 0.000000
1693786996877863030 149.177986 0.000000
1693786996879510989 150.692960 0.000000
1693786996879960013 149.893586 0.000000
1693786996880852539 150.432419 0.000000
1693786996881928452 151.364617 0.000000
1693786996883126112 151.135369 0.000000
1693786996883667046 150.709518 0.000000
1693786996884102744 150.750137 0.000000
1693786996884227369 150.396705 0.000000
1693786996884354139 150.131233 0.000000
1693786996884483815 150.248431 0.000000
1693786996885003434 149.976773 0.000000
1693786996885034962 148.787843 0.000000
1693786996885835494 149.529994 0.000000
1693786996886078008 148.778355 0.000000
1693786996886232417 148.579634 0.000000
1693786996886427230 148.349363 0.000000
1693786996886831371 148.710272 0.000000
1693786996887041665 147.459253 0.000000
1693786996887165282 147.146304 0.000000
1693786996888085703 147.787536 0.000000
1693786996888392808 148.048258 0.000000
1693786996889646905 149.184712 0.000000
1693786996891773877 151.087573 0.000000
1693786996892691998 151.551286 0.000000
1693786996894255475 152.985708 0.000000
1693786996894387512 152.759903 0.000000
1693786996894627144 152.968663 0.000000
1693786996896446711 154.742590 0.000000
1693786996899167144 156.919058 0.000000
1693786996899826338 157.460422 0.000000
1693786996899898295 157.518547 0.000000
1693786996900130450 157.471202 0.000000
1693786996900759799 157.670159 0.000000
1693786996900802889 158.017313 0.000000
1693786996900883376 157.842731 0.000000
1693786996901036813 157.253826 0.000000
1693786996901857788 158.124701 0.000000
1693786996901913292 157.147564 0.000000
1693786996902326107 157.396593 0.000000
1693786996902336196 157.192413 0.000000
1693786996902624531 157.033825 0.000000
1693786996903319407 156.914066 0.000000
1693786996903336507 157.004967 0.000000
1693786996945991995 145.750088 0.000000
1693786996954165948 147.654222 0.000000
1693786996954985404 146.027027 0.000000
1693786996960104505 146.837602 0.000000
1693786996961359028 146.354759 0.000000
1693786996961619680 146.596907 0.000000
1693786996963040500 147.323583 0.000000
1693786996970329144 154.341387 0.000000
1693786996974037003 158.006156 0.000000
1693786996974162896 157.537230 0.000000
1693786996976508316 158.186519 0.000000
1693786997017272585 145.513758 0.000000
1693786997020836374 146.222877 0.000000
1693786997021911570 147.165616 0.000000
1693786997028255230 145.122739 0.000000
1693786997029459571 145.787279 0.000000
1693786997031413436 147.305665 0.000000
1693786997031624282 147.266565 0.000000
1693786997033395517 146.939324 0.000000
1693786997034127569 146.037080 0.000000
1693786997037505141 147.853560 0.000000
1693786997044833342 146.558999 0.000000
1693786997045751703 146.579727 0.000000
1693786997046081856 146.173532 0.000000
1693786997046269111 145.227607 0.000000
1693786997047824108 145.904081 0.000000
1693786997091189823 145.193729 0.000000
1693786997099171714 145.002383 0.000000
1693786997106616089 145.252461 0.000000
1693786997119547684 145.696934 0.000000
1693786997162342500 145.067499 0.000000
1693786997168458176 144.964926 0.000000
1693786997174119794 144.716809 0.000000
1693786997175034091 145.543111 0.000000
1693786997175553018 146.104878 0.000000
1693786997177122338 145.495124 0.000000
1693786997181507017 144.982913 0.000000
1693786997190528421 144.773175 0.000000
1693786997238500044 145.018181 0.000000
1693786997280467476 144.702681 0.000000
1693786997313498171 145.035250 0.000000
1693786997319245128 145.120949 0.000000
