1693786974002020449 2176.340674 431.816735 425 733 0.000000
1693786974977680977 561.311596 713.362873 696 1429 0.000000
1693786976010981404 729.901990 1629.729318 1684 3122 0.000000
1693786977033209861 723.298018 1698.250507 1736 4849 0.000000
1693786978039457498 770.439346 1472.798490 1482 6335 0.000000
1693786979044863387 229.958430 902.123221 907 7274 0.000000
1693786980049151519 566.448296 2088.046064 2097 9844 0.000000
1693786981061123891 497.013778 1785.621728 1807 11142 0.000000
1693786982087990116 697.475689 1873.661799 1924 13071 0.000000
1693786983099914313 643.867152 1865.752384 1888 14990 0.000000
1693786984125384316 839.271974 1404.234261 1440 16438 0.000000
1693786985130185197 182.202492 873.804909 878 17272 0.000000
1693786986146324802 624.733719 1993.820516 2026 19307 0.000000
1693786987165760277 749.074594 1809.825312 1845 21177 0.000000
1693786988176565528 745.373474 1591.800080 1609 22755 0.000000
1693786989200075287 525.339684 958.466741 981 23980 0.000000
1693786990205018303 503.171201 1673.726640 1682 25418 0.000000
1693786991224568227 594.491413 1993.036284 2032 27452 0.000000
1693786992245543064 549.830514 1946.179264 1987 29447 0.000000
1693786993260050291 542.754460 1961.543376 1990 31428 0.000000
1693786994284276198 838.832308 1557.273757 1595 33082 0.000000
1693786995280426081 190.946470 509.963378 508 33527 0.000000
1693786996304229643 703.166133 1992.569770 2040 35569 0.000000
1693786997319787044 678.887227 1858.092869 1887 37458 0.000000
