1694264117038828728 160.332971 508.449272 507 2645 0.000000
1694264118044616142 158.760811 497.122907 500 3146 0.000000
1694264119051323714 159.010898 502.628582 506 3651 0.000000
1694264120050321792 162.062226 497.498463 497 4152 0.000000
1694264121061922581 162.197765 492.289054 498 4650 0.000000
1694264122062753307 160.024279 500.584167 501 5148 0.000000
1694264123070159443 161.651180 503.272686 507 5655 0.000000
1694264124072190474 159.623669 488.008866 489 6144 0.000000
1694264125079366095 158.884889 510.337970 514 6658 0.000000
1694264126081245493 155.036228 512.037679 513 7169 0.000000
1694264127087472235 157.758212 506.844029 510 7681 0.000000
1694264128096259521 161.823971 498.618462 503 8182 0.000000
1694264129100318525 155.940829 508.934249 511 8695 0.000000
1694264130105275771 156.756795 514.449759 517 9210 0.000000
1694264131102978655 158.059329 504.158105 503 9713 0.000000
1694264132115993084 158.322248 501.473605 508 10223 0.000000
1694264133121327396 161.592063 498.341692 501 10723 0.000000
1694264134124433286 158.167087 506.427129 508 11232 0.000000
1694264135127906574 161.357524 490.297057 492 11727 0.000000
1694264136134506152 160.994808 495.728365 499 12224 0.000000
1694264137137712700 160.609731 506.376282 508 12730 0.000000
1694264138146979292 156.068411 505.317435 510 13241 0.000000
1694264139149589449 161.216367 497.700917 499 13741 0.000000
1694264140157623757 165.831585 488.078623 492 14231 0.000000
1694264141157278778 161.255129 494.170498 494 14727 0.000000
1694264142166386525 160.437221 494.496241 499 15226 0.000000
1694264143171479122 158.812617 501.446330 504 15729 0.000000
1694264144176453078 158.720012 510.460995 513 16244 0.000000
1694264145177107000 161.469183 488.680436 489 16731 0.000000
1694264146187489138 157.694045 511.687594 517 17248 0.000000
1694264147192314209 157.864262 509.541419 512 17762 0.000000
1694264148194796736 157.591289 508.737082 510 18269 0.000000
1694264149202548288 155.882773 511.038655 515 18785 0.000000
1694264150206749007 160.528797 502.887521 505 19289 0.000000
1694264151209051712 154.640824 503.839760 505 19797 0.000000
1694264152216722480 160.895718 497.186215 501 20300 0.000000
1694264153213257812 162.218827 504.748812 503 20797 0.000000
1694264154225549824 159.386216 495.904301 502 21302 0.000000
1694264155229835492 158.114860 502.845011 505 21807 0.000000
1694264156237764226 156.890494 517.893720 522 22327 0.000000
1694264157241562091 159.691288 500.100683 502 22833 0.000000
1694264158247324051 156.055819 504.095420 507 23344 0.000000
1694264159253130658 153.976536 522.963357 526 23861 0.000000
1694264160254016075 160.298593 506.551498 507 24370 0.000000
1694264161262019353 156.821222 508.926911 513 24881 0.000000
1694264162265256524 158.905512 497.389866 499 25381 0.000000
1694264163273377034 160.507397 505.891897 510 25892 0.000000
1694264164277923629 157.145245 504.705319 507 26397 0.000000
1694264165283253705 164.242591 485.412709 488 26886 0.000000
1694264166287279390 157.976659 501.979195 504 27391 0.000000
1694264167291299121 158.325584 512.938157 515 27905 0.000000
1694264168296861496 158.665409 507.178843 510 28415 0.000000
1694264169303847174 159.057896 500.503643 504 28922 0.000000
1694264170308520138 156.105256 515.590663 518 29436 0.000000
1694264171312690369 158.025121 503.898624 506 29946 0.000000
1694264172314931187 161.358795 485.911157 487 30430 0.000000
1694264173322597923 158.449535 511.081679 515 30946 0.000000
1694264174323293635 157.926260 505.648211 506 31452 0.000000
1694264175328803314 161.096233 496.265736 499 31952 0.000000
1694264176337421621 159.671575 504.650787 509 32466 0.000000
1694264177344265250 156.485213 511.499479 515 32973 0.000000
1694264178349299084 163.690647 486.550809 489 33466 0.000000
1694264179349388733 157.443452 505.954606 506 33970 0.000000
1694264180356802948 159.899186 510.217138 514 34482 0.000000
1694264181360191513 159.671599 494.324950 496 34980 0.000000
1694264182369516073 160.198113 498.353092 503 35484 0.000000
1694264183373870262 155.553913 512.767316 515 35997 0.000000
1694264184378324620 154.333947 518.689590 521 36518 0.000000
1694264185381888529 156.979193 509.185310 511 37030 0.000000
1694264186390094153 154.911764 514.775939 519 37550 0.000000
1694264187387204230 161.760625 504.457809 503 38050 0.000000
1694264188398000179 157.673733 502.574229 508 38559 0.000000
1694264189404328732 157.629346 505.799047 509 39071 0.000000
1694264190405846535 158.320703 504.234661 505 39574 0.000000
1694264191413052923 157.200346 507.343876 511 40083 0.000000
1694264192420014011 159.913143 503.495124 507 40594 0.000000
1694264193426080680 159.569097 499.966869 503 41097 0.000000
1694264194431357335 157.031465 508.317782 511 41605 0.000000
1694264195436200311 160.133529 507.541993 510 42115 0.000000
1694264196441753969 157.865706 502.210922 505 42626 0.000000
1694264197446613084 160.491022 494.596659 497 43119 0.000000
1694264198450437889 159.360228 509.052974 511 43628 0.000000
1694264199451159473 157.800455 503.636604 504 44132 0.000000
1694264200462238075 161.060372 491.554259 497 44628 0.000000
1694264201463383420 162.572831 498.429130 499 45130 0.000000
1694264202471888487 159.173452 494.791748 499 45632 0.000000
1694264203472625933 159.960490 509.624192 510 46139 0.000000
1694264204480624023 158.024849 505.953345 510 46647 0.000000
1694264205487183769 161.487917 488.793626 492 47139 0.000000
1694264206487958438 157.888681 506.607542 507 47646 0.000000
1694264207497486487 160.519061 507.167681 512 48158 0.000000
1694264208494908119 157.279590 499.287347 498 48661 0.000000
1694264209504060531 154.173438 523.211361 528 49185 0.000000
1694264210512485753 157.333376 504.747392 509 49694 0.000000
1694264211519205958 157.889723 508.582216 512 50205 0.000000
1694264212519246611 164.123475 486.980210 487 50692 0.000000
1694264213528750966 159.343849 503.217252 508 51203 0.000000
1694264214531717764 159.521417 504.503263 506 51709 0.000000
1694264215537599962 163.185549 486.140402 489 52196 0.000000
1694264216543676638 163.821689 491.016256 494 52691 0.000000
1694264217546412264 161.787616 494.646816 496 53186 0.000000
1694264218542814032 161.481365 492.773111 491 53679 0.000000
1694264219553504544 161.524479 499.658431 505 54182 0.000000
1694264220561217346 162.368645 487.241953 491 54672 0.000000
1694264221569212720 160.985991 500.994366 505 55179 0.000000
1694264222574061842 155.868973 518.485811 521 55698 0.000000
1694264223577515538 155.898255 507.248122 509 56207 0.000000
1694264224578570165 157.969866 505.466909 506 56712 0.000000
1694264225585946133 158.936583 503.287793 507 57221 0.000000
1694264226594369488 160.403778 491.856896 496 57719 0.000000
1694264227596445161 160.265702 497.966385 499 58216 0.000000
1694264228604866771 156.808191 521.607225 526 58740 0.000000
1694264229609822191 158.993848 497.534513 500 59244 0.000000
1694264230614558107 156.063602 515.558320 518 59758 0.000000
1694264231620287807 159.077582 502.123018 505 60265 0.000000
1694264232621084436 156.601783 512.591727 513 60776 0.000000
1694264233623950559 159.159726 499.568115 501 61281 0.000000
1694264234631343604 162.396949 489.381977 493 61772 0.000000
1694264235631180261 158.410734 511.083447 511 62282 0.000000
1694264236641829157 167.656462 474.942416 480 62762 0.000000
1694264237647301836 160.765059 496.284032 499 63263 0.000000
1694264238652518805 159.317734 499.394626 502 63765 0.000000
1694264239657750383 157.034613 501.377024 504 64270 0.000000
1694264240661506278 158.931278 518.054243 520 64787 0.000000
1694264241666151815 158.274632 501.669471 504 65291 0.000000
1694264242672625650 160.124779 495.790335 499 65790 0.000000
1694264243677471952 157.136639 515.501758 518 66308 0.000000
1694264244681869408 155.200646 505.775810 508 66817 0.000000
1694264245687223270 159.909137 509.273460 512 67327 0.000000
1694264246688950546 158.904424 504.129215 505 67832 0.000000
1694264247690946199 158.031595 498.006155 499 68332 0.000000
1694264248700876938 159.583103 510.926139 516 68851 0.000000
1694264249706763700 156.508107 498.067985 501 69351 0.000000
1694264250713199217 160.222173 505.745275 509 69869 0.000000
1694264251718258231 157.073900 513.402712 516 70374 0.000000
1694264252720949872 160.820179 503.644309 505 70878 0.000000
1694264253723885612 154.714188 503.521849 505 71387 0.000000
1694264254732938396 161.147186 498.487275 503 71886 0.000000
1694264255732700281 160.135745 503.119801 503 72390 0.000000
1694264256741577112 156.268751 508.486243 513 72906 0.000000
1694264257748105710 159.969987 512.653135 516 73419 0.000000
1694264258753458195 160.266752 495.348594 498 73917 0.000000
1694264259757657908 155.682770 497.908966 500 74417 0.000000
1694264260760113207 158.668443 513.738616 515 74937 0.000000
1694264261767804959 158.019682 501.145300 505 75441 0.000000
1694264262771515679 158.438980 507.118216 509 75950 0.000000
1694264263777558935 160.525498 502.960526 506 76454 0.000000
1694264264779997580 160.973100 491.800654 493 76946 0.000000
1694264265784979766 157.418292 516.427049 519 77466 0.000000
1694264266792622990 158.138556 505.139116 509 77975 0.000000
1694264267797233537 154.369500 514.627300 517 78490 0.000000
1694264268802290507 161.243078 490.519470 493 78991 0.000000
1694264269800378157 158.076898 508.973302 508 79491 0.000000
1694264270814478215 162.905320 493.047997 500 79991 0.000000
1694264271818640472 158.138051 510.873595 513 80504 0.000000
1694264272816436204 157.029854 511.126688 510 81014 0.000000
1694264273827494235 157.896442 508.378359 514 81528 0.000000
1694264274835243296 156.371977 510.047612 514 82041 0.000000
1694264275832789924 161.095074 497.219835 496 82538 0.000000
1694264276845083205 161.455460 486.025156 492 83037 0.000000
1694264277848448050 160.958775 496.329927 498 83531 0.000000
1694264278853701042 157.488861 505.345424 508 84036 0.000000
1694264279856685086 162.167801 496.518360 498 84540 0.000000
1694264280864838097 155.501453 517.778545 522 85058 0.000000
1694264281869534565 158.294237 510.601982 513 85569 0.000000
1694264282873344900 159.040043 499.098269 501 86072 0.000000
1694264283880348412 157.622041 507.446085 511 86581 0.000000
1694264284885439713 159.299479 506.421647 509 87089 0.000000
1694264285890222347 159.181619 491.648642 494 87585 0.000000
