1695207966120063046 144.461544 0.000000
1695207966191954859 144.307864 0.000000
1695207966263871572 144.403209 0.000000
1695207966625414482 144.386948 0.000000
1695207966626002230 144.338717 0.000000
1695207966697920599 144.445727 0.000000
1695207966699000754 144.402204 0.000000
1695207966770327445 144.394264 0.000000
1695207966771036893 144.333366 0.000000
1695207966842438148 144.490707 0.000000
1695207966988555276 144.366244 0.000000
1695207967021468212 144.469167 0.000000
1695207967059909459 144.339045 0.000000
1695207967350248572 144.431486 0.000000
1695207967494739614 144.484378 0.000000
1695207967566288968 144.419797 0.000000
1695207967711518231 144.402818 0.000000
1695207967711744767 144.303034 0.000000
1695207967711937335 144.330323 0.000000
1695207967784331479 144.389180 0.000000
1695207967855821341 144.451180 0.000000
1695207967855993106 144.488668 0.000000
1695207968363207998 144.389582 0.000000
1695207968580496068 144.352410 0.000000
1695207968797056236 144.267510 0.000000
1695207968869525427 144.356849 0.000000
1695207968941556041 144.466125 0.000000
1695207968942738305 144.341760 0.000000
1695207969014125759 144.671258 0.000000
1695207969158606356 144.471305 0.000000
1695207969158896943 144.581944 0.000000
1695207969159962678 144.718277 0.000000
1695207969231404632 144.609570 0.000000
1695207969266109649 144.466199 0.000000
1695207969376009035 144.471363 0.000000
1695207969520255995 144.552257 0.000000
1695207969521204900 144.405529 0.000000
1695207969737511270 144.472541 0.000000
1695207969738626011 144.426387 0.000000
1695207969954304297 144.430031 0.000000
1695207970026772923 144.525805 0.000000
1695207970026829846 144.502095 0.000000
1695207970026935011 144.300292 0.000000
1695207970171724025 144.337898 0.000000
1695207970316407537 144.633566 0.000000
1695207970390643037 144.666989 0.000000
1695207970461089367 144.395093 0.000000
1695207970462948130 144.735406 0.000000
1695207970677851155 144.367588 0.000000
1695207970896859085 144.412292 0.000000
1695207971039959490 144.434660 0.000000
1695207971113085003 144.589051 0.000000
1695207971257881323 144.346869 0.000000
1695207971473760119 144.439395 0.000000
1695207971474698817 144.423119 0.000000
1695207971619167402 144.453723 0.000000
1695207971765052637 144.460987 0.000000
1695207971908201932 144.462974 0.000000
1695207972053665068 144.364304 0.000000
1695207972270069585 144.393572 0.000000
1695207972271737188 144.251663 0.000000
1695207972342351297 144.573306 0.000000
1695207972343300733 144.335022 0.000000
1695207972559860620 144.275279 0.000000
1695207972632971492 144.361720 0.000000
1695207972850355638 144.353652 0.000000
1695207973716987903 144.436983 0.000000
1695207973716999565 144.426173 0.000000
1695207973717106243 144.331214 0.000000
1695207973971585002 144.437142 0.000000
1695207974006750286 144.382276 0.000000
1695207974007632219 144.381840 0.000000
1695207974079342070 144.308426 0.000000
1695207974223623393 144.354349 0.000000
1695207974296629827 144.589515 0.000000
1695207974296856460 144.479098 0.000000
1695207974513268864 144.234077 0.000000
1695207974550446696 144.444908 0.000000
1695207974658464179 144.381351 0.000000
1695207974658890565 144.404810 0.000000
1695207974730564228 144.618395 0.000000
1695207974803084315 144.448429 0.000000
1695207974948347544 144.325762 0.000000
1695207975019397062 144.380520 0.000000
1695207975163950727 144.496210 0.000000
1695207975164497758 144.378169 0.000000
1695207975164948494 144.424835 0.000000
1695207975237735030 144.403773 0.000000
1695207975599255257 144.397423 0.000000
1695207975960715054 144.583547 0.000000
1695207976070668697 144.441169 0.000000
1695207976178455439 144.319388 0.000000
1695207976250192842 144.344668 0.000000
1695207976322197563 144.420414 0.000000
1695207976322657248 144.357761 0.000000
1695207976323101603 144.398999 0.000000
1695207976467774232 144.359762 0.000000
1695207976577075217 144.367789 0.000000
1695207976683900450 144.517773 0.000000
1695207976973339249 144.345223 0.000000
1695207977190136559 144.464295 0.000000
1695207977191297558 144.352792 0.000000
1695207977191776959 144.367879 0.000000
1695207977264166459 144.385168 0.000000
1695207977300793125 144.389586 0.000000
1695207977336544114 144.455767 0.000000
1695207977625969248 144.394553 0.000000
1695207977770072789 144.386118 0.000000
1695207977952138381 144.367486 0.000000
1695207977988354527 144.401754 0.000000
1695207978132737046 144.361957 0.000000
1695207978203788008 144.445903 0.000000
1695207978204376664 144.413141 0.000000
1695207978277713935 144.469327 0.000000
1695207978565769046 144.340909 0.000000
1695207978855803656 144.467718 0.000000
1695207979435246926 144.407900 0.000000
1695207979507978514 144.428510 0.000000
1695207979508394984 144.397004 0.000000
1695207979653503078 144.357685 0.000000
1695207979653670077 144.405757 0.000000
1695207979797153070 144.466718 0.000000
1695207979942706906 144.424278 0.000000
1695207980015259491 144.448079 0.000000
1695207980087427054 144.684682 0.000000
1695207980159065669 144.367714 0.000000
1695207980448130271 144.297253 0.000000
1695207980666739153 144.366290 0.000000
1695207980737803949 144.453475 0.000000
1695207981099511280 144.432165 0.000000
1695207981389035540 144.526837 0.000000
1695207981389193949 144.460482 0.000000
1695207981390645133 144.661586 0.000000
1695207981534999509 144.392208 0.000000
1695207981679576198 144.338923 0.000000
1695207981679732172 144.383523 0.000000
1695207981717386404 144.377828 0.000000
1695207981823128576 144.435996 0.000000
1695207981896174645 144.366559 0.000000
1695207981896204389 144.366395 0.000000
1695207981896434049 144.382764 0.000000
1695207982041414629 144.525244 0.000000
1695207982403104251 144.369801 0.000000
1695207982403132406 144.301507 0.000000
1695207982730922858 144.510459 0.000000
1695207982836869709 144.436035 0.000000
1695207982908737481 144.436428 0.000000
1695207982910011283 144.440631 0.000000
1695207983053384543 144.491357 0.000000
1695207983270816483 144.484294 0.000000
1695207983270848753 144.294291 0.000000
1695207983271528456 144.425729 0.000000
1695207983343857010 144.310124 0.000000
1695207983415981177 144.443664 0.000000
1695207983416010303 144.393794 0.000000
1695207983632376631 144.392119 0.000000
1695207983705103237 144.401783 0.000000
1695207983777167971 144.382963 0.000000
1695207983850088372 144.441964 0.000000
1695207983994222897 144.474133 0.000000
1695207984034665448 144.358782 0.000000
1695207984139176941 144.491201 0.000000
1695207984139319919 144.336634 0.000000
1695207984211198040 144.390484 0.000000
1695207984211757290 144.410136 0.000000
1695207984283581075 144.417018 0.000000
1695207984355981923 144.400179 0.000000
1695207984428056833 144.464035 0.000000
1695207984790075954 144.344098 0.000000
1695207984790203888 144.448443 0.000000
1695207985224297037 144.568318 0.000000
1695207985224383896 144.443297 0.000000
1695207985224386804 144.483702 0.000000
1695207985225054343 144.514525 0.000000
1695207985225132495 144.538470 0.000000
1695207985297283661 144.405416 0.000000
1695207985513503569 144.351141 0.000000
1695207985585983405 144.394670 0.000000
1695207985586219479 144.340624 0.000000
1695207985586647259 144.314809 0.000000
1695207985699810447 144.425302 0.000000
1695207985803666334 144.385227 0.000000
1695207985876938470 144.325846 0.000000
1695207986021270723 144.399192 0.000000
1695207986061281394 144.397732 0.000000
1695207986237678397 144.355690 0.000000
1695207986309351109 144.411335 0.000000
1695207986454559694 144.419146 0.000000
1695207986526592572 144.388942 0.000000
1695207986527572269 144.319038 0.000000
1695207986743626634 144.460751 0.000000
1695207986817325682 144.452892 0.000000
1695207986960320082 144.340991 0.000000
1695207986960636515 144.426687 0.000000
1695207986960639112 144.401473 0.000000
1695207986961691932 144.343528 0.000000
1695207987539616067 144.359549 0.000000
1695207987611806496 144.389984 0.000000
1695207988335750426 144.476436 0.000000
1695207988338770619 144.448050 0.000000
1695207988338793423 144.353844 0.000000
1695207988481936210 144.439920 0.000000
1695207988770986502 144.290937 0.000000
1695207988771099160 144.350143 0.000000
1695207988845371910 144.475149 0.000000
1695207988885505560 144.353765 0.000000
1695207988917555236 144.459316 0.000000
1695207988989702086 144.465013 0.000000
1695207989060113965 144.443981 0.000000
1695207989351595189 144.454566 0.000000
1695207989421771088 144.380145 0.000000
1695207989422047998 144.250408 0.000000
1695207989423588561 144.323948 0.000000
1695207989710889604 144.432733 0.000000
1695207989856042773 144.464864 0.000000
1695207989928168052 144.582674 0.000000
1695207989928164798 144.270431 0.000000
1695207989929947275 144.388660 0.000000
1695207990000759242 144.545157 0.000000
1695207990002058264 144.437822 0.000000
1695207990217533003 144.440488 0.000000
1695207990289986244 144.451850 0.000000
1695207990363881227 144.392690 0.000000
1695207990581322966 144.300547 0.000000
1695207990869177343 144.505767 0.000000
1695207991013877911 144.328964 0.000000
1695207991232274083 144.510778 0.000000
1695207991303161857 144.483620 0.000000
1695207991303392426 144.269733 0.000000
1695207991376255068 144.478128 0.000000
1695207991664934767 144.401047 0.000000
1695207991882847872 144.578279 0.000000
1695207992027369936 144.440331 0.000000
1695207992389295191 144.496577 0.000000
1695207992461560032 144.476089 0.000000
1695207992679390198 144.348175 0.000000
1695207992750750201 144.497706 0.000000
1695207992795710274 144.342195 0.000000
1695207993112743634 144.473763 0.000000
1695207993184709442 144.408469 0.000000
1695207993256846949 144.517580 0.000000
1695207993257508758 144.590594 0.000000
1695207993618798076 144.393309 0.000000
1695207993619872909 144.297155 0.000000
1695207993736436141 144.475471 0.000000
1695207993764290298 144.397858 0.000000
1695207993764896911 144.751046 0.000000
1695207993908717687 144.523879 0.000000
1695207993909284672 144.378741 0.000000
1695207994125786189 144.335509 0.000000
1695207994126527691 144.446133 0.000000
1695207994198380971 144.518029 0.000000
1695207994198503576 144.578701 0.000000
1695207994198757197 144.299461 0.000000
1695207994271229406 144.499598 0.000000
1695207994343862362 144.439056 0.000000
1695207994849691286 144.387841 0.000000
1695207995212534692 144.415337 0.000000
1695207995357637787 144.435429 0.000000
1695207995430639646 144.434254 0.000000
1695207995618925678 144.540001 0.000000
1695207995645949007 144.428920 0.000000
1695207995648270725 144.404333 0.000000
1695207995936112572 144.456116 0.000000
1695207996009588759 144.336274 0.000000
1695207996125399153 144.409971 0.000000
1695207996154363797 144.459925 0.000000
1695207996369918250 144.418997 0.000000
1695207996371477415 144.509711 0.000000
1695207996515966024 144.327932 0.000000
1695207996586502855 144.337007 0.000000
1695207996805438751 144.378712 0.000000
1695207996805838542 144.555328 0.000000
1695207996950209983 144.301855 0.000000
1695207997238620756 144.502978 0.000000
1695207997455929112 144.375147 0.000000
1695207997673716203 144.479471 0.000000
1695207997746291654 144.283274 0.000000
1695207997962144173 144.594492 0.000000
1695207997963761058 144.442484 0.000000
1695207998034506155 144.422146 0.000000
1695207998035445663 144.496159 0.000000
1695207998396488584 144.377323 0.000000
1695207998687106478 144.539455 0.000000
1695207998733236138 144.493818 0.000000
1695207998758342370 144.433146 0.000000
1695207999047824326 144.352449 0.000000
1695207999048820357 144.431284 0.000000
1695207999337816895 144.438143 0.000000
1695207999337934870 144.475208 0.000000
1695207999482439960 144.463458 0.000000
1695207999699412840 144.542943 0.000000
1695207999844847183 144.424492 0.000000
1695207999916907258 144.547424 0.000000
1695207999989560903 144.603916 0.000000
1695208000207007127 144.350029 0.000000
1695208000543044160 144.484444 0.000000
1695208000785785378 144.419716 0.000000
1695208000786051608 144.307416 0.000000
1695208000930275639 144.420732 0.000000
1695208000930915658 144.466736 0.000000
1695208000930960058 144.341319 0.000000
1695208001219701284 144.357512 0.000000
1695208001219917405 144.305664 0.000000
1695208001436738015 144.418072 0.000000
1695208001437007410 144.435753 0.000000
1695208001509139862 144.495782 0.000000
1695208001581387832 144.420200 0.000000
1695208001628744472 144.460512 0.000000
1695208001654436494 144.408006 0.000000
1695208001798652799 144.508969 0.000000
1695208001870489828 144.410344 0.000000
1695208001943590177 144.348249 0.000000
1695208002016446369 144.390674 0.000000
1695208002232533943 144.461539 0.000000
1695208002304736312 144.338500 0.000000
1695208002304931799 144.381179 0.000000
1695208002377785783 144.303917 0.000000
1695208002378034617 144.378279 0.000000
1695208002593856577 144.433168 0.000000
1695208002811767261 144.298897 0.000000
1695208002883622794 144.317590 0.000000
1695208003029245132 144.419834 0.000000
1695208003462418353 144.611834 0.000000
1695208003462695737 144.435015 0.000000
1695208003535611326 144.402167 0.000000
1695208003607282104 144.478092 0.000000
1695208003897987029 144.387927 0.000000
1695208003969741150 144.380267 0.000000
1695208003969977320 144.351806 0.000000
1695208004090512558 144.399607 0.000000
1695208004548360194 144.436386 0.000000
1695208004548525273 144.449606 0.000000
1695208004620977241 144.458191 0.000000
1695208004693095516 144.410438 0.000000
1695208004837725513 144.403562 0.000000
1695208004838490229 144.305828 0.000000
1695208005055450312 144.646731 0.000000
1695208005127521097 144.537381 0.000000
1695208005128046428 144.413185 0.000000
1695208005272117311 144.581262 0.000000
1695208005272217160 144.788762 0.000000
1695208005416646225 144.421141 0.000000
1695208005417100463 144.367961 0.000000
1695208005489355208 144.371839 0.000000
1695208005490128136 144.427509 0.000000
1695208005562468781 144.361469 0.000000
1695208005634786890 144.356251 0.000000
1695208005706764895 144.273647 0.000000
1695208005851132020 144.346218 0.000000
1695208005923415174 144.554446 0.000000
1695208005923555946 144.367673 0.000000
1695208006068036782 144.510282 0.000000
1695208006068038151 144.477261 0.000000
1695208006430422111 144.368006 0.000000
1695208006575094359 144.470802 0.000000
1695208006647149112 144.487573 0.000000
1695208006791554990 144.390685 0.000000
1695208006792320961 144.567261 0.000000
1695208006792700349 144.472317 0.000000
1695208006865251515 144.562575 0.000000
1695208007009282434 144.423617 0.000000
1695208007081431099 144.471020 0.000000
1695208007154547140 144.443155 0.000000
1695208007225811299 144.558984 0.000000
1695208007226820234 144.546146 0.000000
1695208007298379576 144.386526 0.000000
1695208007444213856 144.538060 0.000000
1695208007588047506 144.430303 0.000000
1695208007711916384 144.786399 0.000000
1695208007876791084 144.376315 0.000000
1695208007877393523 144.443028 0.000000
1695208007950343860 144.306910 0.000000
1695208008021874818 144.758297 0.000000
1695208008167071961 144.392794 0.000000
1695208008239681476 144.307152 0.000000
1695208008311703004 144.376009 0.000000
1695208008435707913 144.402333 0.000000
1695208008527823786 144.315361 0.000000
1695208008529182838 144.425654 0.000000
1695208008601147492 144.454963 0.000000
1695208008674000148 144.376693 0.000000
1695208008745561672 144.359958 0.000000
1695208008818312405 144.542769 0.000000
1695208009034987654 144.368543 0.000000
1695208009087005783 144.442506 0.000000
1695208009107365596 144.336074 0.000000
1695208009251911086 144.643400 0.000000
1695208009396797105 144.605521 0.000000
1695208009541204072 144.481831 0.000000
1695208009541526647 144.391863 0.000000
1695208009593492524 144.392760 0.000000
1695208009685978513 144.442680 0.000000
1695208009975683354 144.323627 0.000000
1695208010120883841 144.405483 0.000000
1695208010244768425 144.415745 0.000000
1695208010337291928 144.525076 0.000000
1695208010771334308 144.574734 0.000000
1695208010988228772 144.441700 0.000000
1695208010988921156 144.343859 0.000000
1695208011040727059 144.384751 0.000000
1695208011060798524 144.481828 0.000000
1695208011205472079 144.361298 0.000000
1695208011206191278 144.348087 0.000000
1695208011547196198 144.350207 0.000000
1695208011640623231 144.475860 0.000000
1695208011711798791 144.589900 0.000000
1695208011856297098 144.394913 0.000000
1695208011856727878 144.482040 0.000000
1695208011929127807 144.342447 0.000000
1695208011929676218 144.359174 0.000000
1695208012074108949 144.418107 0.000000
1695208012436022339 144.343947 0.000000
1695208012508692625 144.376177 0.000000
1695208012580400175 144.393562 0.000000
1695208012653115241 144.360982 0.000000
1695208012869800308 144.331909 0.000000
1695208013087685605 144.354297 0.000000
1695208013376304996 144.386988 0.000000
1695208013522030620 144.521798 0.000000
1695208013522121678 144.531248 0.000000
1695208013665718035 144.439591 0.000000
1695208013666929397 144.342153 0.000000
1695208013811591439 144.395324 0.000000
1695208013864797655 144.508058 0.000000
1695208013956531084 144.363432 0.000000
1695208014027469163 144.575002 0.000000
1695208014172076282 144.353098 0.000000
1695208014245823006 144.576366 0.000000
1695208014316560406 144.459360 0.000000
1695208014535444130 144.322799 0.000000
1695208014606054980 144.437954 0.000000
1695208014679805833 144.358844 0.000000
1695208014752312649 144.268331 0.000000
1695208014895484022 144.412984 0.000000
1695208014969219399 144.534697 0.000000
1695208014969283579 144.509509 0.000000
1695208015112759499 144.571828 0.000000
1695208015113860167 144.625758 0.000000
1695208015114895081 144.373205 0.000000
1695208015257212411 144.422461 0.000000
1695208015259662732 144.429788 0.000000
1695208015330810484 144.524113 0.000000
1695208015385660328 144.508581 0.000000
1695208015547602125 144.247473 0.000000
1695208015691645177 144.454806 0.000000
1695208015984049728 144.462995 0.000000
1695208016126285174 144.353151 0.000000
1695208016272652436 144.479908 0.000000
1695208016415829331 144.473324 0.000000
1695208016490330402 144.336541 0.000000
1695208016777492480 144.435255 0.000000
1695208017140209918 144.601239 0.000000
1695208017429514546 144.378481 0.000000
1695208017430078364 144.354127 0.000000
1695208017502809953 144.422817 0.000000
1695208017863879174 144.456435 0.000000
1695208018008195992 144.307684 0.000000
1695208018298789741 144.423561 0.000000
1695208018371272239 144.354753 0.000000
1695208018442982520 144.674017 0.000000
1695208018516057415 144.445465 0.000000
1695208018659686168 144.383148 0.000000
1695208018660464392 144.391796 0.000000
1695208018660728776 144.420069 0.000000
1695208018732345389 144.370099 0.000000
1695208018935779320 144.550339 0.000000
1695208018950238507 144.366371 0.000000
1695208019167671276 144.431560 0.000000
1695208019239023352 144.317681 0.000000
1695208019673561899 144.344843 0.000000
1695208019890654472 144.573155 0.000000
1695208019891060738 144.420393 0.000000
1695208020107958814 144.513855 0.000000
1695208020325338170 144.382059 0.000000
1695208020397708173 144.421357 0.000000
1695208020470030643 144.406695 0.000000
1695208020542118568 144.388450 0.000000
1695208020903968847 144.409406 0.000000
1695208020963263126 144.407337 0.000000
1695208020976890991 144.287598 0.000000
1695208021120833841 144.413571 0.000000
1695208021193136789 144.307063 0.000000
1695208021628089568 144.458697 0.000000
1695208021699975839 144.474581 0.000000
1695208021844268624 144.299312 0.000000
1695208021917100393 144.395764 0.000000
1695208022135403250 144.345157 0.000000
1695208022278743362 144.417748 0.000000
1695208022424593182 144.420517 0.000000
1695208022773267401 144.432877 0.000000
1695208022785094592 144.300716 0.000000
1695208023075044380 144.445761 0.000000
1695208023075077722 144.371308 0.000000
1695208023219674731 144.336647 0.000000
1695208023292201930 144.328222 0.000000
1695208023364397966 144.411883 0.000000
1695208023726196952 144.424126 0.000000
1695208023798934485 144.347592 0.000000
1695208024015354062 144.364629 0.000000
1695208024076365589 144.352085 0.000000
1695208024088775785 144.359447 0.000000
1695208024160358635 144.460469 0.000000
1695208024232310158 144.396223 0.000000
1695208024232856702 144.381333 0.000000
1695208024233184121 144.400275 0.000000
1695208024293217805 144.441307 0.000000
1695208024305837475 144.372733 0.000000
1695208024377853344 144.395735 0.000000
1695208024595223427 144.488898 0.000000
1695208024883481723 144.461042 0.000000
1695208024884117141 144.330906 0.000000
1695208024884331114 144.401714 0.000000
1695208025028982760 144.542176 0.000000
1695208025390751989 144.296178 0.000000
1695208025462626524 144.476017 0.000000
1695208025607106700 144.454808 0.000000
1695208025969341158 144.419657 0.000000
1695208026041486668 144.489458 0.000000
1695208026331690388 144.448520 0.000000
1695208026466067853 144.517661 0.000000
1695208026548433555 144.430852 0.000000
1695208026610559377 144.473065 0.000000
1695208026837309743 144.293650 0.000000
1695208026910259110 144.353087 0.000000
1695208026910406884 144.347985 0.000000
1695208027261727252 144.436179 0.000000
1695208027344657123 144.318374 0.000000
1695208027416868100 144.412043 0.000000
1695208027417265541 144.377092 0.000000
1695208027778175660 144.408706 0.000000
1695208027778348453 144.340573 0.000000
1695208027778858575 144.377697 0.000000
1695208027851409130 144.499577 0.000000
1695208027923555147 144.546697 0.000000
1695208028212776218 144.535651 0.000000
1695208028284996799 144.502780 0.000000
1695208028285445623 144.359368 0.000000
1695208028357184082 144.380721 0.000000
1695208028574548321 144.527469 0.000000
1695208028646797408 144.379925 0.000000
1695208028647136499 144.336658 0.000000
1695208028863705018 144.418688 0.000000
1695208028928381711 144.464807 0.000000
1695208028938548406 144.391897 0.000000
1695208029011554722 144.475080 0.000000
1695208029225361350 144.374131 0.000000
1695208029228286617 144.432751 0.000000
1695208029372302411 144.478967 0.000000
1695208029372683336 144.381969 0.000000
1695208029661529616 144.350755 0.000000
1695208029662369601 144.357429 0.000000
1695208029732245131 144.445203 0.000000
1695208029735196477 144.720010 0.000000
1695208029806413648 144.289977 0.000000
1695208029950454906 144.283175 0.000000
1695208030093743085 144.398462 0.000000
1695208030240188495 144.354918 0.000000
1695208030531616197 144.577597 0.000000
1695208030674617966 144.435279 0.000000
1695208030739317628 144.446841 0.000000
1695208031035752299 144.434464 0.000000
1695208031035949739 144.353774 0.000000
1695208031180270259 144.448010 0.000000
1695208031253743105 144.342566 0.000000
1695208031253772565 144.274091 0.000000
1695208031254838663 144.449702 0.000000
1695208031398077791 144.314561 0.000000
1695208031463332195 144.546252 0.000000
1695208031759302679 144.544879 0.000000
1695208031761003948 144.366497 0.000000
1695208031761015533 144.441733 0.000000
1695208031976736471 144.388614 0.000000
1695208032050081115 144.365145 0.000000
1695208032121677693 144.472651 0.000000
1695208032193976767 144.378301 0.000000
1695208032694508246 144.389166 0.000000
1695208032772712772 144.438170 0.000000
1695208032773395698 144.418444 0.000000
1695208032773609092 144.342282 0.000000
1695208032845275165 144.392193 0.000000
1695208032917987170 144.326375 0.000000
1695208032918582792 144.393137 0.000000
1695208032990918455 144.352995 0.000000
1695208033134978954 144.458543 0.000000
1695208033351846761 144.541120 0.000000
1695208033425037862 144.545436 0.000000
1695208033496347527 144.424062 0.000000
1695208033641013748 144.601071 0.000000
1695208033713340487 144.480610 0.000000
1695208033714067896 144.338498 0.000000
1695208033858629754 144.591993 0.000000
1695208033930627436 144.478710 0.000000
1695208033997866638 144.553103 0.000000
1695208034076285307 144.546954 0.000000
1695208034148285154 144.523033 0.000000
1695208034220680257 144.477924 0.000000
1695208034437731794 144.600629 0.000000
1695208034438222577 144.380021 0.000000
1695208034438268594 144.384636 0.000000
1695208034944780137 144.483595 0.000000
1695208035017320278 144.622790 0.000000
1695208035017727565 144.355666 0.000000
1695208035307610745 144.405565 0.000000
1695208035379448651 144.367912 0.000000
1695208035446428612 144.355515 0.000000
1695208035451742528 144.356346 0.000000
1695208035452930119 144.517441 0.000000
1695208035740762641 144.367447 0.000000
1695208035740853967 144.351755 0.000000
1695208035742140883 144.368739 0.000000
1695208035742177464 144.426068 0.000000
1695208035886918445 144.554989 0.000000
1695208035959251633 144.461513 0.000000
1695208036247562930 144.488709 0.000000
1695208036320454128 144.402443 0.000000
1695208036320609259 144.413428 0.000000
1695208036320662438 144.280414 0.000000
1695208036393137095 144.442746 0.000000
1695208036464512634 144.491696 0.000000
1695208036682138044 144.813300 0.000000
1695208036682174323 144.399536 0.000000
1695208036749180431 144.386115 0.000000
1695208037260955468 144.453008 0.000000
1695208037478181716 144.329092 0.000000
1695208037549915980 144.482845 0.000000
1695208037551289759 144.328431 0.000000
1695208037694342604 144.402725 0.000000
1695208037767117717 144.493918 0.000000
1695208037767208864 144.411685 0.000000
1695208037840164251 144.379680 0.000000
1695208037912979453 144.434828 0.000000
1695208037913294556 144.552592 0.000000
1695208037985284441 144.395875 0.000000
1695208038273761087 144.558348 0.000000
1695208038347118990 144.333384 0.000000
1695208038491413460 144.468347 0.000000
1695208038563742346 144.288596 0.000000
1695208038635973256 144.390017 0.000000
1695208038636370339 144.404254 0.000000
1695208038708062941 144.307955 0.000000
1695208038920222551 144.348838 0.000000
1695208038925477684 144.390871 0.000000
1695208039070943529 144.406276 0.000000
1695208039137174196 144.440813 0.000000
1695208039215292639 144.520603 0.000000
1695208039360979095 144.489892 0.000000
1695208039504777914 144.418440 0.000000
1695208039649979593 144.401567 0.000000
1695208040006027911 144.519808 0.000000
1695208040012154123 144.527267 0.000000
1695208040084434887 144.527078 0.000000
1695208040150542355 144.491423 0.000000
1695208040301411693 144.378206 0.000000
1695208040373894313 144.541556 0.000000
1695208040590870136 144.657061 0.000000
1695208040663290668 144.507127 0.000000
1695208041025114728 144.414552 0.000000
1695208041164058484 144.484590 0.000000
1695208041170923772 144.321509 0.000000
1695208041317038117 144.606748 0.000000
1695208041388875491 144.338810 0.000000
1695208041532325718 144.433398 0.000000
1695208041604160085 144.368460 0.000000
1695208041606231098 144.378709 0.000000
1695208041676888314 144.377861 0.000000
1695208041815516010 144.435530 0.000000
1695208041821332795 144.336995 0.000000
1695208041821872657 144.438733 0.000000
1695208041822046891 144.319013 0.000000
1695208041823584093 144.585625 0.000000
1695208041894105639 144.339880 0.000000
1695208042110422130 144.334410 0.000000
1695208042111215533 144.466270 0.000000
1695208042182864384 144.397505 0.000000
1695208042328233588 144.345330 0.000000
1695208042618268262 144.340399 0.000000
1695208042618426674 144.445865 0.000000
1695208042690298919 144.416549 0.000000
1695208043196187542 144.388397 0.000000
1695208043196714358 144.387229 0.000000
1695208043197375538 144.410299 0.000000
1695208043341182079 144.440974 0.000000
1695208043703125216 144.324306 0.000000
1695208043775777418 144.398433 0.000000
1695208043992648736 144.420185 0.000000
1695208043992806183 144.431577 0.000000
1695208044065743020 144.347424 0.000000
1695208044066022038 144.348103 0.000000
1695208044282098430 144.460899 0.000000
1695208044283493048 144.423793 0.000000
1695208044428213112 144.526708 0.000000
1695208044428287441 144.478692 0.000000
1695208044500256928 144.429688 0.000000
1695208044500670933 144.319000 0.000000
1695208044571748723 144.506310 0.000000
1695208044861335438 144.500206 0.000000
1695208045222763280 144.411163 0.000000
1695208045368882407 145.034854 0.000000
1695208045513830858 144.482882 0.000000
1695208045584452338 144.389649 0.000000
1695208045875658390 144.295829 0.000000
1695208046020789921 144.569034 0.000000
1695208046164647087 144.354087 0.000000
1695208046236049094 144.505149 0.000000
1695208046452616603 144.413914 0.000000
1695208046452691140 144.436901 0.000000
1695208046526550511 144.377036 0.000000
1695208046600060325 144.320140 0.000000
1695208046741760218 144.357764 0.000000
1695208046814100269 144.467132 0.000000
1695208046889433019 144.488560 0.000000
1695208046960762828 144.769661 0.000000
1695208047249686724 144.311586 0.000000
1695208047320216748 144.435487 0.000000
1695208047465083023 144.379372 0.000000
1695208047465169139 144.438674 0.000000
1695208047685172527 144.456181 0.000000
1695208047829019213 144.487638 0.000000
1695208047971516250 144.518890 0.000000
1695208048118458715 144.541053 0.000000
1695208048118801634 144.426631 0.000000
1695208048188748461 144.458576 0.000000
1695208048191153176 144.404169 0.000000
1695208048333277550 144.465280 0.000000
1695208048336186503 144.521447 0.000000
1695208048408227820 144.517403 0.000000
1695208048477818789 144.516841 0.000000
1695208048550594890 144.450852 0.000000
1695208048550595647 144.401327 0.000000
1695208048767086386 144.454131 0.000000
1695208048915268244 144.356672 0.000000
1695208049056774048 144.791500 0.000000
1695208049059368052 144.493326 0.000000
1695208049201181307 144.388978 0.000000
1695208049202230665 144.398790 0.000000
1695208049273891460 144.428605 0.000000
1695208049276037808 144.494469 0.000000
1695208049418935696 144.365712 0.000000
1695208049421071784 144.506252 0.000000
1695208049491014126 144.404207 0.000000
1695208049852733454 144.492964 0.000000
1695208049997373021 144.487254 0.000000
1695208050000168721 144.450968 0.000000
1695208050069840664 144.625264 0.000000
1695208050144091811 144.385772 0.000000
1695208050286777370 144.406880 0.000000
1695208050431689860 144.621325 0.000000
1695208050721030779 144.426396 0.000000
1695208050867645527 144.437942 0.000000
1695208051155390871 144.551031 0.000000
1695208051227651873 144.442560 0.000000
1695208051444925693 144.508971 0.000000
1695208051518632307 144.408854 0.000000
1695208051734442016 144.354224 0.000000
1695208051808354309 144.587911 0.000000
1695208051880231346 144.384115 0.000000
1695208051881351459 144.319805 0.000000
1695208051953728837 144.439967 0.000000
1695208052097259227 144.351963 0.000000
1695208052240976978 144.607838 0.000000
1695208052242577655 144.455885 0.000000
1695208052313152861 144.366929 0.000000
1695208052386631639 144.518430 0.000000
1695208052457980085 144.349348 0.000000
1695208052530093760 144.533526 0.000000
1695208052674926853 144.366526 0.000000
1695208052676699260 144.279248 0.000000
1695208052748275322 144.328627 0.000000
1695208052821091182 144.392347 0.000000
1695208052893358944 144.493307 0.000000
1695208052965053166 144.554138 0.000000
1695208053036996688 144.620808 0.000000
1695208053253924627 144.370045 0.000000
1695208053327005799 144.428642 0.000000
1695208053327500642 144.351223 0.000000
1695208053399303014 144.376884 0.000000
1695208053471502785 144.489289 0.000000
1695208053471892312 144.382383 0.000000
1695208054049814058 144.330921 0.000000
1695208054339758280 144.426858 0.000000
1695208054556821459 144.371737 0.000000
1695208054701448288 144.438499 0.000000
1695208054919220156 144.298098 0.000000
1695208055064110432 144.343143 0.000000
1695208055064150176 144.360777 0.000000
1695208055208050977 144.431034 0.000000
1695208055208198296 144.307617 0.000000
1695208055280294941 144.298390 0.000000
1695208055424820526 144.425744 0.000000
1695208055424966414 144.319658 0.000000
1695208055425628592 144.357719 0.000000
1695208055497382051 144.338779 0.000000
1695208055497603485 144.298910 0.000000
1695208055497791249 144.292253 0.000000
1695208055498027155 144.328661 0.000000
1695208055570412429 144.268601 0.000000
1695208055641950153 144.329103 0.000000
1695208055642824435 144.328971 0.000000
1695208056221511047 144.455652 0.000000
1695208056294662646 144.370386 0.000000
1695208056366616164 144.501680 0.000000
1695208056655319493 144.456326 0.000000
1695208056656237984 144.387929 0.000000
1695208056727424491 144.464997 0.000000
1695208056873038680 144.491454 0.000000
1695208056945462918 144.443958 0.000000
1695208056945533172 144.381502 0.000000
1695208057090516705 144.490381 0.000000
1695208057235084984 144.450304 0.000000
1695208057306871136 144.543316 0.000000
1695208057306913272 144.474168 0.000000
1695208057307356138 144.371337 0.000000
1695208057523864551 144.377418 0.000000
1695208057524766872 144.262313 0.000000
1695208057885567784 144.370226 0.000000
1695208058102789965 144.424933 0.000000
1695208058103711728 144.354510 0.000000
1695208058176348002 144.461841 0.000000
1695208058321009391 144.428681 0.000000
1695208058321149964 144.469373 0.000000
1695208058610067599 144.343328 0.000000
1695208058755214251 144.236244 0.000000
1695208058755379363 144.344051 0.000000
1695208058971923875 144.390795 0.000000
1695208059044776511 144.502089 0.000000
1695208059116330181 144.382996 0.000000
1695208059117341721 144.414430 0.000000
1695208059261799612 144.245315 0.000000
1695208059406287356 144.401656 0.000000
1695208059478111370 144.382803 0.000000
1695208059623508399 144.559697 0.000000
1695208059912758114 144.382279 0.000000
1695208060058179177 144.476438 0.000000
1695208060129188218 144.378997 0.000000
1695208060347854252 144.401535 0.000000
1695208060419697973 144.391146 0.000000
1695208060491338764 144.394798 0.000000
1695208060492736875 144.456480 0.000000
1695208060564642202 144.396853 0.000000
1695208060637419285 144.440094 0.000000
1695208060780499974 144.355410 0.000000
1695208060781239580 144.316082 0.000000
1695208060854577482 144.360369 0.000000
1695208060925243115 144.399354 0.000000
1695208060925565756 144.414995 0.000000
1695208060997309637 144.503623 0.000000
1695208061069862482 144.281645 0.000000
1695208061070001456 144.341637 0.000000
1695208061071363723 144.477567 0.000000
1695208061143932469 144.395633 0.000000
1695208061288138181 144.462319 0.000000
1695208061288246538 144.452934 0.000000
1695208061359004219 144.368743 0.000000
1695208061503345258 144.324401 0.000000
1695208061504218818 144.453461 0.000000
1695208061649861348 144.514178 0.000000
1695208061792753657 144.451826 0.000000
1695208061792797137 144.322305 0.000000
1695208061793500737 144.489880 0.000000
1695208061939622263 144.501893 0.000000
1695208062083983407 144.336220 0.000000
1695208062156178874 144.434907 0.000000
1695208062227224857 144.391932 0.000000
1695208062373547090 144.383864 0.000000
1695208062516743849 144.480273 0.000000
1695208062734949690 144.426008 0.000000
1695208062878526482 144.375337 0.000000
1695208062951505948 144.345991 0.000000
1695208062951750506 144.314573 0.000000
1695208063023747449 144.420409 0.000000
1695208063385334513 144.451290 0.000000
1695208063530139929 144.397650 0.000000
1695208063602263088 144.471336 0.000000
1695208063819827675 144.443237 0.000000
1695208063820438610 144.438622 0.000000
1695208064036984985 144.400883 0.000000
1695208064110016907 144.366894 0.000000
1695208064182577858 144.463625 0.000000
1695208064182584079 144.405711 0.000000
1695208064254106789 144.342814 0.000000
1695208064326363550 144.341130 0.000000
1695208064398514442 144.416164 0.000000
1695208064471247008 144.481481 0.000000
1695208064615671882 144.407935 0.000000
1695208064615845552 144.450862 0.000000
1695208064688445298 144.402381 0.000000
1695208064978490907 144.566319 0.000000
1695208065267255283 144.447938 0.000000
1695208065412118903 144.542684 0.000000
1695208065412780243 144.392073 0.000000
1695208065486761138 145.727375 0.000000
1695208065486865972 145.970808 0.000000
1695208065773816829 144.497265 0.000000
1695208065918531183 144.456959 0.000000
1695208065993701682 144.436715 0.000000
1695208065993764368 144.367396 0.000000
1695208066065875878 144.312985 0.000000
1695208066280275727 144.510008 0.000000
1695208066282739681 144.426978 0.000000
1695208066283310219 144.357502 0.000000
1695208066283704412 144.407865 0.000000
1695208066355370444 144.391718 0.000000
1695208066933594504 144.475900 0.000000
1695208067077997244 144.385603 0.000000
1695208067150951592 144.325989 0.000000
1695208067152241741 144.481624 0.000000
1695208067223792618 144.442068 0.000000
1695208067440346227 144.366729 0.000000
1695208067513755022 144.477743 0.000000
1695208067585776893 144.331524 0.000000
1695208067586141888 144.391454 0.000000
1695208067803043890 144.498580 0.000000
1695208067946714162 144.391334 0.000000
1695208068018427460 144.510925 0.000000
1695208068018477511 144.498345 0.000000
1695208068162961351 144.405288 0.000000
1695208068235310593 144.451614 0.000000
1695208068237428214 144.349846 0.000000
1695208068381741825 144.476887 0.000000
1695208068524965294 144.369757 0.000000
1695208068598788494 144.383113 0.000000
1695208068959305515 144.488739 0.000000
1695208068960409048 144.313217 0.000000
1695208069031724225 144.476450 0.000000
1695208069176278068 144.476756 0.000000
1695208069249394125 144.425166 0.000000
1695208069249477530 144.353469 0.000000
1695208069249499706 144.253346 0.000000
1695208069393942137 144.453791 0.000000
1695208069394140033 144.388026 0.000000
1695208069610230944 144.337774 0.000000
1695208069611396248 144.390161 0.000000
1695208069756700318 144.569442 0.000000
1695208069827100393 144.428420 0.000000
1695208069828887670 144.326690 0.000000
1695208069900199022 144.505513 0.000000
1695208069900963876 144.239872 0.000000
1695208070045077268 144.281759 0.000000
1695208070116941091 144.463842 0.000000
1695208070333712870 144.399146 0.000000
1695208070406568479 144.437643 0.000000
1695208070407713703 144.373118 0.000000
1695208070479778622 144.365930 0.000000
1695208070624825130 144.516483 0.000000
1695208070695529138 144.349034 0.000000
1695208070840463690 144.257440 0.000000
1695208071058267765 144.428554 0.000000
1695208071275149904 144.525611 0.000000
1695208071275837180 144.330110 0.000000
1695208071346650006 144.469234 0.000000
1695208071346701456 144.565648 0.000000
1695208071346741992 144.522967 0.000000
1695208071420108874 144.530076 0.000000
1695208071420142556 144.419886 0.000000
1695208071564605090 144.384229 0.000000
1695208071564698383 144.362140 0.000000
1695208071636052983 144.415660 0.000000
1695208071710139265 144.679644 0.000000
1695208071781018555 144.607425 0.000000
1695208071781252656 144.334503 0.000000
1695208071781705495 144.437220 0.000000
1695208071926146298 144.337011 0.000000
1695208071927275467 144.310941 0.000000
1695208072071634385 144.391273 0.000000
1695208072216298292 144.398865 0.000000
1695208072287998936 144.364475 0.000000
1695208072288723640 144.439328 0.000000
1695208072433812550 144.477238 0.000000
1695208072578084310 144.362717 0.000000
1695208072722944775 144.447783 0.000000
1695208072722992622 144.551503 0.000000
1695208072939870808 144.434873 0.000000
1695208073229668910 144.384995 0.000000
1695208073230290923 144.366846 0.000000
1695208073230445224 144.263299 0.000000
1695208073303321516 144.576987 0.000000
1695208073374891625 144.441854 0.000000
1695208073375507327 144.371118 0.000000
1695208073446988179 144.461340 0.000000
1695208073737251064 144.411219 0.000000
1695208073808658778 144.454225 0.000000
1695208073808704460 144.371792 0.000000
1695208073809398182 144.452867 0.000000
1695208073809877088 144.331549 0.000000
1695208073882092280 144.348648 0.000000
1695208073954690542 144.369013 0.000000
1695208074098011192 144.392090 0.000000
1695208074388290021 144.448897 0.000000
1695208074459994213 144.793384 0.000000
1695208074533242987 144.384538 0.000000
1695208074677420427 144.377876 0.000000
1695208074895045855 144.945348 0.000000
1695208075040114215 144.433201 0.000000
1695208075040520566 144.454395 0.000000
1695208075113017955 144.399051 0.000000
1695208075329440488 144.491922 0.000000
1695208075402192630 144.434586 0.000000
1695208075402795258 144.378488 0.000000
1695208075475199271 144.461775 0.000000
1695208075546970514 144.547180 0.000000
1695208075619053019 144.400006 0.000000
1695208075764247414 144.337134 0.000000
1695208075909221424 144.350381 0.000000
1695208075909254431 144.371450 0.000000
1695208076053945994 144.287768 0.000000
1695208076197976083 144.409011 0.000000
1695208076198340483 144.368734 0.000000
1695208076271052007 144.258084 0.000000
1695208076342468440 144.366926 0.000000
1695208076488126218 144.384425 0.000000
1695208076560150810 144.453828 0.000000
1695208076922153240 144.335756 0.000000
1695208077139372551 144.409554 0.000000
1695208077139441637 144.567484 0.000000
1695208077284185787 144.421860 0.000000
1695208077428846982 144.376963 0.000000
1695208077718569565 144.441794 0.000000
1695208077791121612 144.337357 0.000000
1695208077862890617 144.314075 0.000000
1695208078152633614 144.521491 0.000000
1695208078225063516 144.281050 0.000000
1695208078297186449 144.384282 0.000000
1695208078527051265 144.493452 0.000000
1695208078687895488 144.496098 0.000000
1695208078832579263 144.323842 0.000000
1695208078832704114 144.328317 0.000000
1695208078894235596 144.374564 0.000000
1695208078984894134 152.001591 0.000000
1695208079202751069 145.356792 0.000000
1695208079348277943 144.631258 0.000000
1695208079401777664 144.480078 0.000000
1695208079420282091 144.562242 0.000000
1695208079709780761 144.639466 0.000000
1695208079710049498 144.537143 0.000000
1695208079855286360 144.389384 0.000000
1695208080270469666 144.423118 0.000000
1695208080361026527 144.482200 0.000000
1695208080434859577 144.495354 0.000000
1695208080652549712 144.365953 0.000000
1695208080723274879 144.359350 0.000000
1695208080941898359 144.384142 0.000000
1695208081302576544 144.550269 0.000000
1695208081302763585 144.510206 0.000000
1695208081375110680 144.381478 0.000000
1695208081954601716 144.414728 0.000000
1695208082171286936 144.266226 0.000000
1695208082316220996 144.535687 0.000000
1695208082316267863 144.479682 0.000000
1695208082316405117 144.377275 0.000000
1695208082316828624 144.376635 0.000000
1695208082316856960 144.461933 0.000000
1695208082461139275 144.528570 0.000000
1695208082534163577 144.522238 0.000000
1695208083040348827 144.441220 0.000000
1695208083041013369 144.393203 0.000000
1695208083113305536 144.309057 0.000000
1695208083257806641 144.311869 0.000000
1695208083258084714 144.460957 0.000000
1695208083329877854 144.436931 0.000000
1695208083329987249 144.362643 0.000000
1695208083330329551 144.467818 0.000000
1695208083402001233 144.342291 0.000000
1695208083402934732 144.501426 0.000000
1695208083475169595 144.516375 0.000000
1695208083691781114 144.693613 0.000000
1695208083764474530 144.480477 0.000000
1695208083764632142 144.405056 0.000000
1695208083836055080 144.381887 0.000000
1695208083837069162 144.290936 0.000000
1695208083981275375 144.423810 0.000000
1695208083981651264 144.308613 0.000000
1695208084052974381 144.385647 0.000000
1695208084126495224 144.424076 0.000000
1695208084487882377 144.389849 0.000000
1695208084560714098 144.293467 0.000000
1695208084631952960 144.371527 0.000000
1695208085067020268 144.390589 0.000000
1695208085211609689 144.271254 0.000000
1695208085356878151 144.491589 0.000000
1695208085428002198 144.526238 0.000000
1695208085484856694 144.530121 0.000000
1695208085501398051 144.377864 0.000000
1695208085573704058 144.363647 0.000000
1695208085718119384 144.408895 0.000000
1695208085862486930 144.502441 0.000000
1695208085934855405 144.536629 0.000000
1695208086151845676 144.467048 0.000000
1695208086297026591 144.501774 0.000000
1695208086440889677 144.350233 0.000000
1695208086441720130 144.313042 0.000000
1695208086947596708 144.420224 0.000000
1695208087310109487 144.426336 0.000000
1695208087454441143 144.407633 0.000000
1695208087455699974 144.443559 0.000000
1695208087961317850 144.582991 0.000000
1695208087961645077 144.332959 0.000000
1695208088105740965 144.413066 0.000000
1695208088251740024 144.444955 0.000000
1695208088323353270 144.467968 0.000000
1695208088395256351 144.498194 0.000000
1695208088467416107 144.373521 0.000000
1695208088539826800 144.434269 0.000000
1695208088684934382 144.695804 0.000000
1695208088685662096 144.496136 0.000000
1695208088975042278 144.346912 0.000000
1695208089047368620 144.396954 0.000000
1695208089119396156 144.439394 0.000000
1695208089191822383 144.445627 0.000000
1695208089191940122 144.374526 0.000000
1695208089264482710 144.438638 0.000000
1695208089409894033 144.511507 0.000000
1695208089553564971 144.365647 0.000000
1695208089612011248 144.497709 0.000000
1695208089699722563 144.342056 0.000000
1695208089771085983 144.529942 0.000000
1695208089843958467 144.500725 0.000000
1695208089844269688 144.452277 0.000000
1695208089916664533 144.410836 0.000000
1695208089987979757 144.409896 0.000000
1695208090132155478 144.414364 0.000000
1695208090132894011 144.351372 0.000000
1695208090421935237 144.547088 0.000000
1695208090566275242 144.372667 0.000000
1695208090639120208 144.491684 0.000000
1695208090712627720 144.425785 0.000000
1695208091364436995 144.329140 0.000000
1695208091507278402 144.519780 0.000000
1695208091579794022 144.419010 0.000000
1695208091653586115 144.436902 0.000000
1695208091798583287 144.394786 0.000000
1695208092086584356 144.326516 0.000000
1695208092520142956 144.397896 0.000000
1695208092521658260 144.402356 0.000000
1695208092592667460 144.469182 0.000000
1695208092664873637 144.423079 0.000000
1695208092737324760 144.503562 0.000000
1695208092737646850 144.370571 0.000000
1695208092954117969 144.439618 0.000000
1695208093026907505 144.380019 0.000000
1695208093027942926 144.405719 0.000000
1695208093171286191 144.361236 0.000000
1695208093388837048 144.593689 0.000000
1695208093533564314 144.347914 0.000000
1695208093534828086 144.389359 0.000000
1695208093678356633 144.286278 0.000000
1695208093895525783 144.396600 0.000000
1695208093895639182 144.400224 0.000000
1695208093896301620 144.345702 0.000000
1695208094113544150 144.565857 0.000000
1695208094330385316 144.482715 0.000000
1695208094331074907 144.487261 0.000000
1695208094402141312 144.376380 0.000000
1695208094402557639 144.474790 0.000000
1695208094402879524 144.469463 0.000000
1695208094619851350 144.401745 0.000000
1695208094620128781 144.454572 0.000000
1695208094908686960 144.433183 0.000000
1695208095055375832 144.752042 0.000000
1695208095198662160 144.611591 0.000000
1695208095261366701 144.489079 0.000000
1695208095478301194 144.585018 0.000000
1695208095635042035 144.607459 0.000000
1695208095706910306 144.423340 0.000000
1695208095851351438 144.409465 0.000000
1695208095852378029 144.423541 0.000000
1695208095996570676 144.350255 0.000000
1695208096143638068 144.324542 0.000000
1695208096504330477 144.314852 0.000000
1695208096577299455 144.328101 0.000000
1695208096650006359 144.425081 0.000000
1695208096866569748 144.493068 0.000000
1695208096938354986 144.406496 0.000000
1695208096939013584 144.606433 0.000000
1695208097012167028 144.767654 0.000000
1695208097083607876 144.338141 0.000000
1695208097228672749 144.332053 0.000000
1695208097372767765 144.378883 0.000000
1695208097519568851 144.419700 0.000000
1695208097806841280 144.488974 0.000000
1695208097807658087 144.302379 0.000000
1695208097880275487 144.435499 0.000000
1695208097951642558 144.394661 0.000000
1695208098024117876 144.381674 0.000000
1695208098168944699 144.581352 0.000000
1695208098170974476 144.393924 0.000000
1695208098241525421 144.523840 0.000000
1695208098387404433 144.366654 0.000000
1695208098387860390 144.487225 0.000000
1695208098387988694 144.468355 0.000000
1695208098460096301 144.274258 0.000000
1695208098532700090 144.432221 0.000000
1695208098604473646 144.365058 0.000000
1695208098748525191 144.301391 0.000000
1695208099039257733 144.379943 0.000000
1695208099173186066 144.477236 0.000000
1695208099183064356 144.594134 0.000000
1695208099255978502 144.404067 0.000000
1695208099256121936 144.357273 0.000000
1695208099400998594 144.285190 0.000000
1695208100123687221 144.303729 0.000000
1695208100197360898 144.370563 0.000000
1695208100341864161 144.476300 0.000000
1695208100414266266 144.340991 0.000000
1695208100776642649 144.442526 0.000000
1695208100920287602 144.399175 0.000000
1695208100921467019 144.415979 0.000000
1695208100992741783 144.556097 0.000000
1695208100992747516 144.378784 0.000000
1695208100993564293 144.579180 0.000000
1695208100993883602 144.438707 0.000000
1695208101064073246 144.442628 0.000000
1695208101209624685 144.329030 0.000000
1695208101211083449 144.455420 0.000000
1695208101281623157 144.401742 0.000000
1695208101354303936 144.401055 0.000000
1695208101643613196 144.480167 0.000000
1695208102006286183 144.345318 0.000000
1695208102077660116 144.429361 0.000000
1695208102142367225 144.438031 0.000000
1695208102151119355 144.398997 0.000000
1695208102224349916 144.468976 0.000000
1695208102296199493 144.495262 0.000000
1695208102296632023 144.355207 0.000000
1695208102368695727 144.434352 0.000000
1695208102368888200 144.530135 0.000000
1695208102440561883 144.335176 0.000000
1695208102648572943 144.518092 0.000000
1695208102657946181 144.502746 0.000000
1695208102802420842 144.429813 0.000000
1695208102946054094 144.514008 0.000000
1695208103018833964 144.645048 0.000000
1695208103083059787 144.483342 0.000000
1695208103163666513 144.353975 0.000000
1695208103236513719 144.447426 0.000000
1695208103236802943 144.352314 0.000000
1695208103307891564 144.411169 0.000000
1695208103307990239 144.497731 0.000000
1695208103308936101 144.466127 0.000000
1695208103380707510 144.417430 0.000000
1695208103669975076 144.402460 0.000000
1695208103951893450 144.416912 0.000000
1695208103960488466 144.433555 0.000000
1695208104033469194 144.368835 0.000000
1695208104105553613 144.432534 0.000000
1695208104249217978 144.524938 0.000000
1695208104322567398 144.518288 0.000000
1695208104393872489 144.471554 0.000000
1695208104611066794 144.470683 0.000000
1695208104611770649 144.428142 0.000000
1695208104683379857 144.405388 0.000000
1695208104828019367 144.392518 0.000000
1695208104828973434 144.455061 0.000000
1695208104901398228 144.474165 0.000000
1695208104973824822 144.483993 0.000000
1695208105045384626 144.404749 0.000000
1695208105117758695 144.558953 0.000000
1695208105118335218 144.384646 0.000000
1695208105118533911 144.493771 0.000000
1695208105262324895 144.525265 0.000000
1695208105335406943 144.414237 0.000000
1695208105407239451 144.478842 0.000000
1695208105407260516 144.560181 0.000000
1695208105479992211 144.322732 0.000000
1695208105552093670 144.403445 0.000000
1695208105769349436 144.419256 0.000000
1695208105769383100 144.403158 0.000000
1695208105914400846 144.448857 0.000000
1695208106058519406 144.465383 0.000000
1695208106132390003 144.371065 0.000000
1695208106204901443 144.429915 0.000000
1695208106269558816 144.429727 0.000000
1695208106275209416 144.383154 0.000000
1695208106276737870 144.332020 0.000000
1695208106493143658 144.468604 0.000000
1695208106565007647 144.336846 0.000000
1695208106566520445 144.455978 0.000000
1695208106639108422 144.813657 0.000000
1695208106710101876 144.310798 0.000000
1695208106710547875 144.384176 0.000000
1695208106855390051 144.489993 0.000000
1695208106855722317 144.274147 0.000000
1695208106926824590 144.472722 0.000000
1695208107144183639 144.501445 0.000000
1695208107144506546 144.444613 0.000000
1695208107217573084 144.612553 0.000000
1695208107288546236 144.420837 0.000000
1695208107505689497 144.404204 0.000000
1695208107505788732 144.312982 0.000000
1695208107578981781 144.508913 0.000000
1695208107723091470 144.310654 0.000000
1695208107868376501 144.325694 0.000000
1695208108085537872 144.455199 0.000000
1695208108230051889 144.394938 0.000000
1695208108302005738 144.311186 0.000000
1695208108368431925 144.495700 0.000000
1695208108374819205 144.324380 0.000000
1695208108519289602 144.456748 0.000000
1695208108520119279 144.444768 0.000000
1695208108520231561 144.458570 0.000000
1695208108663487274 144.453698 0.000000
1695208108881874962 144.366111 0.000000
1695208108952937365 144.539704 0.000000
1695208108954434540 144.347784 0.000000
1695208109170463930 144.361362 0.000000
1695208109170473423 144.476645 0.000000
1695208109242859475 144.397959 0.000000
1695208109315685378 144.403507 0.000000
1695208109387273883 144.468278 0.000000
1695208109460586362 144.349068 0.000000
1695208109532047927 144.306646 0.000000
1695208109532721634 144.425235 0.000000
1695208109599588044 144.492083 0.000000
1695208109676873210 144.341322 0.000000
1695208109677418199 144.345261 0.000000
1695208110038854787 144.428185 0.000000
1695208110110718971 144.453979 0.000000
1695208110111209237 144.400851 0.000000
1695208110112084121 144.506806 0.000000
1695208110112294965 144.460050 0.000000
1695208110183223880 144.350748 0.000000
1695208110328204171 144.400100 0.000000
1695208110400460311 144.526175 0.000000
1695208110473588647 144.330509 0.000000
1695208110545313595 144.375567 0.000000
1695208110546032274 144.337919 0.000000
1695208110618032814 144.530633 0.000000
1695208110689734121 144.412825 0.000000
1695208110691252685 144.688270 0.000000
1695208110762414544 144.370609 0.000000
1695208110834840635 144.311462 0.000000
1695208111052293815 144.483955 0.000000
1695208111413217194 144.438754 0.000000
1695208112065550569 144.394932 0.000000
1695208112351545383 144.500388 0.000000
1695208112500000912 144.357620 0.000000
1695208112644811893 144.361464 0.000000
1695208112645952580 144.341031 0.000000
1695208112716468257 144.415154 0.000000
1695208112718514302 144.362712 0.000000
1695208112863013161 144.415755 0.000000
1695208112863058787 144.500362 0.000000
1695208113005690171 144.403081 0.000000
1695208113007873393 144.506476 0.000000
1695208113079197847 144.409883 0.000000
1695208113152378726 144.369999 0.000000
1695208113293636662 144.520615 0.000000
1695208113370028078 144.370327 0.000000
1695208113586118451 144.510457 0.000000
1695208113586977857 144.306775 0.000000
1695208113656890893 144.418772 0.000000
1695208113803066128 144.355094 0.000000
1695208113875989324 144.373056 0.000000
1695208114020872993 144.441317 0.000000
1695208114307436991 144.371068 0.000000
1695208114527383338 144.366878 0.000000
1695208114671315812 144.681936 0.000000
1695208114743731523 144.336937 0.000000
1695208114815942996 144.331512 0.000000
1695208114817676875 144.369357 0.000000
1695208114888921703 144.304662 0.000000
1695208115105860406 144.356628 0.000000
1695208115106009404 144.352962 0.000000
1695208115250765442 144.420721 0.000000
1695208115324109505 144.361889 0.000000
1695208115538398712 144.483233 0.000000
1695208115756744384 144.360476 0.000000
1695208115757218281 144.385808 0.000000
1695208115902374667 144.376682 0.000000
1695208116046743314 144.336131 0.000000
1695208116118758453 144.309073 0.000000
1695208116263436334 144.346631 0.000000
1695208116407804109 144.315102 0.000000
1695208116480417294 144.505744 0.000000
1695208116480514963 144.581487 0.000000
1695208116625116939 144.493341 0.000000
1695208116913930715 144.353421 0.000000
1695208117420454646 144.384460 0.000000
1695208117421575642 144.518444 0.000000
1695208117493602112 144.491226 0.000000
1695208117494043763 144.433151 0.000000
1695208117565723063 144.452160 0.000000
1695208117638426510 144.368018 0.000000
1695208117927410171 144.428964 0.000000
1695208118072484378 144.578770 0.000000
1695208118144474734 144.391122 0.000000
1695208118145176753 144.475658 0.000000
1695208118216936512 144.474094 0.000000
1695208118217409405 144.376024 0.000000
1695208118434055299 144.540092 0.000000
1695208118723353461 144.390744 0.000000
1695208118723666292 144.442729 0.000000
1695208118795854131 144.442210 0.000000
1695208118796399641 144.453695 0.000000
1695208118940598969 144.498994 0.000000
1695208119012962024 144.630234 0.000000
1695208119375751559 144.307760 0.000000
1695208119447183964 144.466494 0.000000
1695208119592576831 144.409327 0.000000
1695208119737571080 144.391750 0.000000
1695208119809161390 144.454171 0.000000
1695208119809341612 144.333013 0.000000
1695208119881919720 144.333670 0.000000
1695208120027234085 144.532028 0.000000
1695208120099013761 144.271465 0.000000
1695208120243670509 144.674981 0.000000
1695208120316910704 144.306080 0.000000
1695208120823233980 144.410442 0.000000
1695208120895290556 144.645053 0.000000
1695208121402340247 144.437825 0.000000
1695208121547732079 144.425943 0.000000
1695208121691626649 144.535336 0.000000
1695208121692554918 144.416465 0.000000
1695208121764636821 144.595557 0.000000
1695208121981600779 144.446300 0.000000
1695208122127139171 144.422962 0.000000
1695208122271033846 144.324321 0.000000
1695208122271758321 144.451631 0.000000
1695208122343537657 144.344546 0.000000
1695208122416098904 144.322831 0.000000
1695208122561442354 144.393161 0.000000
1695208122705665004 144.382762 0.000000
1695208122705793067 144.371921 0.000000
1695208122995017341 144.512100 0.000000
1695208123139772974 144.583297 0.000000
1695208123212683058 144.537675 0.000000
1695208123284882199 144.563149 0.000000
1695208123357330438 144.400509 0.000000
1695208123429192529 144.445667 0.000000
1695208123429356741 144.467048 0.000000
1695208123501943043 144.402465 0.000000
1695208123646608320 144.392667 0.000000
1695208123790878988 144.437088 0.000000
1695208124370907787 144.421367 0.000000
1695208124515805547 144.272394 0.000000
1695208124587632985 144.452688 0.000000
1695208124732084779 144.548015 0.000000
1695208124732911903 144.322355 0.000000
1695208125166944014 144.265634 0.000000
1695208125167062649 144.294456 0.000000
1695208125311756579 144.273660 0.000000
1695208125528426033 144.586671 0.000000
1695208125528884932 144.468123 0.000000
1695208125744739587 144.359526 0.000000
1695208125745244003 144.371594 0.000000
1695208125745307123 144.476564 0.000000
1695208125818665557 144.681981 0.000000
1695208126107108054 144.736797 0.000000
1695208126252462643 144.340578 0.000000
1695208126325018707 144.362675 0.000000
1695208126614124944 144.578762 0.000000
1695208126686135810 144.447848 0.000000
1695208126758751013 144.437609 0.000000
1695208126975529284 144.424918 0.000000
1695208126975724369 144.355538 0.000000
1695208126976198969 144.258462 0.000000
1695208127265467828 144.376703 0.000000
1695208127265509214 144.547722 0.000000
1695208127410389795 144.531658 0.000000
1695208127482404814 144.494271 0.000000
1695208127554979966 144.370685 0.000000
1695208127699224151 144.323044 0.000000
1695208127700249359 144.366083 0.000000
1695208127771823105 144.580164 0.000000
1695208127916167749 144.395528 0.000000
1695208128277949563 144.498344 0.000000
1695208128278662413 144.300620 0.000000
1695208128495466159 144.466671 0.000000
1695208128567611136 144.422433 0.000000
1695208128639812505 144.404061 0.000000
1695208129219180508 144.438078 0.000000
1695208129436791029 144.499034 0.000000
1695208129509268435 144.472922 0.000000
1695208129509778623 144.302409 0.000000
1695208129653697270 144.366137 0.000000
1695208129726749885 144.349895 0.000000
1695208129798002917 144.321856 0.000000
1695208129943641993 144.527569 0.000000
1695208130160126135 144.438140 0.000000
1695208130161099026 144.331076 0.000000
1695208130304610835 144.415524 0.000000
1695208130594494240 144.550427 0.000000
1695208130738957372 144.501024 0.000000
1695208130740101553 144.288911 0.000000
1695208130883824573 144.548220 0.000000
1695208130883980096 144.305601 0.000000
1695208130884215000 144.276641 0.000000
1695208130884216947 144.321834 0.000000
1695208130955662034 144.380690 0.000000
1695208131028545788 144.317696 0.000000
1695208131029049289 144.455143 0.000000
1695208131029220015 144.285302 0.000000
1695208131245385455 144.325717 0.000000
1695208131246054972 144.314151 0.000000
1695208131246440241 144.316935 0.000000
1695208131897717077 144.451402 0.000000
1695208131969401101 144.450453 0.000000
1695208132114715011 144.409120 0.000000
1695208132114863602 144.465945 0.000000
1695208132475932049 144.444641 0.000000
1695208132476329020 144.471729 0.000000
1695208132548227550 144.402182 0.000000
1695208132548522281 144.309948 0.000000
1695208132693037366 144.505653 0.000000
1695208132764781515 144.361122 0.000000
1695208132765432645 144.363843 0.000000
1695208132837585528 144.286182 0.000000
1695208132910022569 144.390224 0.000000
1695208133054235607 144.329673 0.000000
1695208133415937477 144.326232 0.000000
1695208133416457432 144.432347 0.000000
1695208133489527876 144.501915 0.000000
1695208133561441550 144.409955 0.000000
1695208133634183734 144.522818 0.000000
1695208133850674312 144.577780 0.000000
1695208133923385513 144.271052 0.000000
1695208133923605601 144.408752 0.000000
1695208134068457871 144.497115 0.000000
1695208134285652279 144.414397 0.000000
1695208134358358769 144.500100 0.000000
1695208134430025388 144.356951 0.000000
1695208134575351762 144.350933 0.000000
1695208134576466108 144.432037 0.000000
1695208134647212940 144.498582 0.000000
1695208134721063254 144.313844 0.000000
1695208134791714799 144.485892 0.000000
1695208134793216190 144.323318 0.000000
1695208135082447031 144.544509 0.000000
1695208135082811752 144.367813 0.000000
1695208135154075899 144.474201 0.000000
1695208135154650718 144.387481 0.000000
1695208135298977447 144.312907 0.000000
1695208135299504000 144.420912 0.000000
1695208135300347229 144.298243 0.000000
