1694861731003881942 171.416427 94.433307 94 16 0.000000
1694861732006217139 169.367262 91.785664 92 16 0.000000
1694861733009121997 171.947455 91.733535 92 16 0.000000
1694861734010897646 168.566803 96.828060 97 16 0.000000
1694861734998088314 167.460243 97.245665 96 16 0.000000
1694861736000073197 171.124340 92.815758 93 16 0.000000
1694861737008552489 171.814340 93.209648 94 16 0.000000
1694861737993976060 174.826048 92.346085 91 16 0.000000
1694861738994081587 169.202488 92.990190 93 16 0.000000
1694861739998445158 172.033635 93.591593 94 16 0.000000
1694861741000129155 168.687499 95.838619 96 16 0.000000
1694861742018574153 166.426739 94.261349 96 16 0.000000
1694861742971625071 169.195874 98.630625 94 16 0.000000
1694861744022970763 171.867208 90.360365 95 16 0.000000
1694861745017222841 169.663727 93.537662 93 16 0.000000
1694861746023862473 167.976972 97.353596 98 16 0.000000
1694861747025239804 169.938822 91.873477 92 16 0.000000
1694861747984667916 169.383656 97.975032 94 16 0.000000
1694861749026430168 170.212369 88.311892 92 16 0.000000
1694861749989037657 169.780207 97.651434 94 16 0.000000
1694861751029978120 170.347338 92.224289 96 16 0.000000
1694861751992241251 172.812458 95.607933 92 16 0.000000
1694861753009287062 172.716606 91.441324 93 16 0.000000
1694861754020535986 166.655281 95.920985 97 16 0.000000
1694861755030626101 168.004407 96.031039 97 16 0.000000
1694861756036844530 169.636209 93.419079 94 16 0.000000
1694861757021478677 171.692065 91.404509 90 16 0.000000
1694861758032048746 170.061862 94.006338 95 16 0.000000
1694861759033260889 172.264249 94.884988 95 16 0.000000
1694861760036555995 170.264796 95.684722 96 16 0.000000
1694861761043110784 170.658652 92.394374 93 16 0.000000
1694861762042141459 168.065320 93.090224 93 16 0.000000
1694861763033014666 171.245836 92.847399 92 16 0.000000
1694861764009838326 170.121839 95.206550 93 16 0.000000
1694861765036512397 170.879389 93.505813 96 16 0.000000
1694861766036704635 170.069294 95.981538 96 16 0.000000
1694861767031471501 173.140963 92.483993 92 16 0.000000
1694861768050302911 169.708754 93.244077 95 16 0.000000
1694861769046115291 169.206090 93.391079 93 16 0.000000
1694861770041968302 167.153854 97.403931 97 16 0.000000
1694861771051373898 168.191894 94.114814 95 16 0.000000
1694861772050864001 170.730697 93.047445 93 16 0.000000
1694861773054033200 171.420615 94.699866 95 16 0.000000
1694861774041881818 172.102936 93.131679 92 15 0.000000
1694861775053257877 169.466662 92.942677 94 16 0.000000
1694861776056486335 170.608325 94.694287 95 16 0.000000
1694861777042370927 169.046356 94.331536 93 16 0.000000
1694861778003209775 170.686431 95.749663 92 16 0.000000
1694861779052224113 171.792251 91.514474 96 16 0.000000
1694861780055102309 168.003743 93.730227 94 16 0.000000
1694861781059355863 167.526271 94.597617 95 16 0.000000
1694861782036593191 170.671388 98.236134 96 16 0.000000
1694861783060504227 171.384029 93.758145 96 16 0.000000
1694861784067308832 169.896595 91.378206 92 16 0.000000
1694861785070609784 167.226480 96.680866 97 16 0.000000
1694861786056400721 169.493285 95.354895 94 16 0.000000
1694861787062239789 169.555368 93.454305 94 16 0.000000
1694861788072175091 172.344486 90.104781 91 16 0.000000
1694861789067287957 171.194684 95.466564 95 16 0.000000
1694861790061805828 173.405297 94.518173 94 16 0.000000
1694861791067175785 172.242975 91.508596 92 16 0.000000
1694861792074195140 169.264735 94.337803 95 16 0.000000
1694861793076710045 166.600609 96.756675 97 16 0.000000
1694861794081315278 170.910118 93.569090 94 16 0.000000
1694861795074910824 168.263692 95.612352 95 16 0.000000
1694861796066460998 169.587790 93.792524 93 16 0.000000
1694861797080237034 171.130987 89.763414 91 16 0.000000
1694861798080294226 171.488950 94.994560 95 16 0.000000
1694861799078498825 168.974911 95.170884 95 16 0.000000
1694861800083138811 170.567718 93.565859 94 16 0.000000
1694861801055704992 172.013867 95.623309 93 16 0.000000
1694861802089272032 169.873878 92.882223 96 16 0.000000
1694861803091345617 167.905440 95.801343 96 16 0.000000
1694861804091030277 169.240377 94.029643 94 16 0.000000
1694861805091007052 169.058973 95.002207 95 16 0.000000
1694861806094736939 169.338857 93.650694 94 16 0.000000
1694861807090463989 170.688535 93.399097 93 16 0.000000
1694861808094865820 173.635032 92.592419 93 16 0.000000
1694861809097180544 172.298520 91.787542 92 16 0.000000
1694861810094549206 171.597622 93.245343 93 16 0.000000
1694861811066433053 169.364814 95.690457 93 16 0.000000
1694861812096082559 168.971171 94.206812 97 16 0.000000
1694861813080275990 168.872286 97.541812 96 16 0.000000
1694861814104095033 167.357479 93.766573 96 16 0.000000
1694861815090737456 171.014672 92.231978 91 16 0.000000
1694861816082009025 169.823686 94.827698 94 16 0.000000
1694861817095913551 171.772027 93.697195 95 16 0.000000
1694861818083422743 169.673130 93.163684 92 16 0.000000
1694861819092676931 171.398749 93.138086 94 16 0.000000
1694861820101696603 173.163937 92.168662 93 16 0.000000
1694861821110830431 173.239169 93.149189 94 16 0.000000
1694861822112045574 168.652604 95.883504 96 16 0.000000
1694861823107920898 168.966918 93.385174 93 16 0.000000
1694861824112601848 169.961280 92.566703 93 16 0.000000
1694861825117047207 169.519225 93.583978 94 16 0.000000
1694861826111280708 169.535524 98.568407 98 16 0.000000
1694861827106875251 169.252548 90.398245 90 16 0.000000
1694861828118588125 168.673524 95.877008 97 16 0.000000
1694861829120103296 169.149657 94.856263 95 16 0.000000
1694861830117194644 170.014737 95.277136 95 16 0.000000
1694861831118486375 168.039556 95.876161 96 16 0.000000
1694861832118343020 171.245646 91.013040 91 16 0.000000
1694861833123628539 167.719330 96.489995 97 16 0.000000
1694861834110282442 169.238755 96.285038 95 16 0.000000
1694861835120379769 171.580545 93.060343 94 16 0.000000
1694861836113637422 170.607735 92.624501 92 16 0.000000
1694861837126828867 172.023225 92.776147 94 16 0.000000
1694861838113489507 170.206704 97.297902 96 16 0.000000
1694861839132764090 170.410062 92.222440 94 16 0.000000
1694861840126783977 167.472362 95.571537 95 16 0.000000
1694861841127297195 170.091615 92.952281 93 16 0.000000
1694861842125327557 169.414952 95.187498 95 16 0.000000
1694861843133412878 170.105554 92.254092 93 16 0.000000
1694861844114633286 171.025422 93.760792 92 16 0.000000
1694861845132733775 169.897316 94.293235 96 16 0.000000
1694861846137455927 168.385152 93.558210 94 16 0.000000
1694861847127221781 167.982461 96.992648 96 16 0.000000
1694861848074124615 165.973940 99.271010 94 16 0.000000
1694861849114784574 170.417916 93.210075 97 16 0.000000
1694861850142513877 170.379693 92.436780 95 16 0.000000
1694861851145113479 170.242483 95.751105 96 16 0.000000
1694861852130173348 170.485976 92.380165 91 16 0.000000
1694861853144834902 170.848745 91.656171 93 15 0.000000
1694861854146906689 172.094663 91.809789 92 16 0.000000
1694861855150956027 169.659780 97.604774 98 16 0.000000
1694861856131164706 170.322831 93.857557 92 16 0.000000
1694861857153252892 169.407854 94.903748 97 16 0.000000
1694861858154228646 171.420007 92.909343 93 16 0.000000
1694861859147912455 169.892049 93.591144 93 16 0.000000
1694861860159196497 168.110558 95.917673 97 16 0.000000
1694861861157719789 169.220219 95.140471 95 16 0.000000
1694861862142861420 169.991170 94.402686 93 16 0.000000
1694861863151039039 169.859593 94.229417 95 16 0.000000
1694861864151180929 170.347412 91.986956 92 16 0.000000
1694861865152588503 171.801833 93.867867 94 16 0.000000
1694861866160972801 169.996856 94.210120 95 16 0.000000
1694861867166581454 169.411029 93.475728 94 16 0.000000
1694861868157106586 170.083335 94.899166 94 16 0.000000
1694861869168081738 172.405740 91.990387 93 16 0.000000
1694861870157018761 168.533544 96.062736 95 16 0.000000
1694861871152822126 168.951144 92.387722 92 16 0.000000
1694861872169297854 170.098370 93.460168 95 16 0.000000
1694861873153862949 170.662871 96.489311 95 16 0.000000
1694861874173838467 166.866331 95.100325 97 16 0.000000
1694861875170574330 169.513259 92.301281 92 16 0.000000
1694861876168445590 166.985545 98.209050 98 16 0.000000
1694861877163088015 172.634911 93.500952 93 16 0.000000
1694861878165148368 168.448090 95.802615 96 16 0.000000
1694861879168368276 171.380365 92.701506 93 16 0.000000
1694861880180226329 169.346346 94.874970 96 16 0.000000
1694861881173268271 171.658439 92.644625 92 16 0.000000
1694861882183132314 168.869731 92.091593 93 16 0.000000
1694861883168425975 168.487805 97.432878 96 16 0.000000
1694861884179334720 168.563386 93.974860 95 16 0.000000
1694861885183381840 171.184421 93.621106 94 16 0.000000
1694861886186450300 168.543579 95.706334 96 16 0.000000
1694861887173920078 168.038678 95.192775 94 16 0.000000
1694861888185683931 169.745864 91.918685 93 16 0.000000
1694861889188530179 171.008708 93.733211 94 16 0.000000
1694861890182100226 169.402960 96.621271 96 16 0.000000
1694861891182760184 169.034937 94.937342 95 16 0.000000
1694861892187248299 167.920504 91.588946 92 16 0.000000
1694861893190048410 172.684072 95.731948 96 16 0.000000
1694861894184818552 167.548313 93.488927 93 16 0.000000
1694861895186938074 170.904028 96.794847 97 16 0.000000
1694861896176198528 168.656784 94.009620 93 16 0.000000
1694861897174887447 173.630493 91.119458 91 16 0.000000
1694861898201241549 168.524570 94.509297 97 16 0.000000
1694861899185696034 165.281697 97.515923 96 16 0.000000
