1693967943301313330 216.656728 0.000000
1693967945589579578 216.860623 0.000000
1693967946048464717 216.591887 0.000000
1693967946345858406 216.894978 0.000000
1693967947856562202 216.643533 0.000000
1693967947887382709 216.543801 0.000000
1693967947975993484 216.711566 0.000000
1693967948369135081 216.620519 0.000000
1693967948748469890 216.699368 0.000000
1693967949380776846 216.618154 0.000000
1693967950427318940 216.693173 0.000000
1693967951349316876 216.678840 0.000000
1693967952442864511 216.877784 0.000000
1693967952603539778 216.756195 0.000000
1693967953759288570 216.720107 0.000000
1693967953896952396 216.715030 0.000000
1693967954619694313 216.757589 0.000000
1693967955124623876 216.707938 0.000000
1693967955253901894 216.748623 0.000000
1693967955807230512 216.789934 0.000000
1693967958033191880 216.775385 0.000000
1693967958264809885 216.673274 0.000000
1693967958420693061 216.717401 0.000000
1693967961269356482 216.560485 0.000000
1693967962457772506 216.685356 0.000000
1693967963935371102 216.621623 0.000000
1693967964972809003 216.637349 0.000000
1693967966056380526 216.826405 0.000000
1693967967268979404 216.595056 0.000000
1693967967316967417 216.619638 0.000000
1693967969212161923 216.562486 0.000000
1693967970160131766 216.572108 0.000000
1693967971076567356 216.681938 0.000000
1693967971334507335 216.688298 0.000000
1693967972522996826 216.669775 0.000000
1693967973052336774 216.657281 0.000000
1693967973148400755 216.782517 0.000000
1693967973782886891 216.650565 0.000000
1693967974731123716 216.709227 0.000000
1693967975479177202 216.697465 0.000000
1693967975855812193 216.670572 0.000000
1693967976273294322 216.705653 0.000000
1693967976547796067 216.607860 0.000000
1693967976919208799 216.715071 0.000000
1693967977205001966 216.627657 0.000000
1693967978128581088 216.811175 0.000000
1693967979285793557 216.804159 0.000000
1693967980298145997 216.822430 0.000000
1693967982531779169 216.709884 0.000000
1693967984363269378 217.179361 0.000000
1693967986298051054 216.625803 0.000000
1693967987014226619 216.733429 0.000000
1693967987175625192 216.737052 0.000000
1693967987407493475 216.618010 0.000000
1693967987938072498 216.590366 0.000000
1693967990084585885 216.646977 0.000000
1693967990301464016 216.853905 0.000000
1693967990500821709 216.724874 0.000000
1693967990500911718 216.725059 0.000000
1693967990981591224 216.753035 0.000000
1693967991409970055 216.570810 0.000000
1693967991893679196 216.704661 0.000000
1693967991914922541 216.832490 0.000000
1693967992219425571 216.661406 0.000000
1693967996411555557 216.643370 0.000000
1693967997865412264 216.839110 0.000000
1693967999024344080 216.758407 0.000000
1693967999532741113 216.690930 0.000000
1693967999553963691 216.640467 0.000000
1693967999669033517 216.599567 0.000000
1693968000014829681 216.730204 0.000000
1693968000555914488 216.929987 0.000000
1693968000741426623 216.781587 0.000000
1693968001488009984 216.653699 0.000000
1693968001878011825 216.673665 0.000000
1693968003207146149 216.693096 0.000000
1693968003511715364 216.740160 0.000000
1693968004718468530 216.784688 0.000000
1693968005681861670 216.546455 0.000000
1693968007262961370 216.695170 0.000000
1693968008098026622 216.593358 0.000000
1693968008244531136 216.767709 0.000000
1693968009216334876 216.671224 0.000000
1693968011142177775 216.632896 0.000000
1693968011195224043 216.695156 0.000000
1693968011765214305 216.682170 0.000000
1693968011817204566 216.604590 0.000000
1693968011846317722 216.633221 0.000000
1693968012167166985 216.573821 0.000000
1693968012670937086 216.672252 0.000000
1693968012877566177 216.772525 0.000000
1693968013694012239 216.623724 0.000000
1693968015247624109 216.721498 0.000000
1693968015587311916 216.653864 0.000000
1693968015616857159 216.641797 0.000000
1693968016599713651 216.573322 0.000000
1693968017688659273 216.741287 0.000000
1693968018632053246 216.638384 0.000000
1693968019351718428 216.636469 0.000000
1693968020753016030 216.835366 0.000000
1693968020969782527 216.741639 0.000000
1693968021930849578 217.007418 0.000000
1693968022852669230 216.755175 0.000000
1693968024041545276 216.791511 0.000000
1693968024878824399 216.701500 0.000000
1693968025565467599 216.741629 0.000000
1693968026033680254 216.680237 0.000000
1693968026450082073 216.764867 0.000000
1693968028963644692 216.689824 0.000000
1693968029180490348 216.820492 0.000000
1693968029668812570 216.737715 0.000000
1693968031635427318 216.709750 0.000000
1693968034613211755 216.702869 0.000000
1693968036061738561 216.732212 0.000000
1693968036245457838 216.874730 0.000000
1693968037748395821 216.588423 0.000000
1693968037924288372 216.827860 0.000000
1693968038262979496 216.800893 0.000000
1693968041853373495 216.719308 0.000000
1693968043184836934 216.596418 0.000000
1693968043252839697 216.668735 0.000000
1693968044673484326 216.683745 0.000000
1693968045299181827 216.687594 0.000000
1693968047636722111 216.710357 0.000000
1693968048114363689 216.647231 0.000000
1693968048118508207 216.602552 0.000000
1693968050777447560 216.618127 0.000000
1693968050915191514 216.822914 0.000000
1693968050994168766 216.688470 0.000000
1693968051260765522 216.700008 0.000000
1693968051974431441 216.638767 0.000000
1693968052015342820 216.624916 0.000000
1693968053518797934 217.043989 0.000000
1693968054402212967 216.784936 0.000000
1693968055186159607 216.789692 0.000000
1693968055489814280 216.733481 0.000000
1693968056425346519 216.733526 0.000000
1693968057081047673 216.680373 0.000000
1693968057650985526 216.626773 0.000000
1693968058418136100 216.751608 0.000000
1693968058465999358 216.585702 0.000000
1693968058545292872 216.711048 0.000000
1693968059507201943 216.693092 0.000000
1693968060008157582 216.640835 0.000000
1693968060970522790 216.624092 0.000000
1693968062257426085 216.759562 0.000000
1693968062384216158 216.641778 0.000000
1693968063709599084 216.652392 0.000000
1693968064996564112 216.814149 0.000000
1693968065830394641 216.733917 0.000000
1693968065870629304 216.888094 0.000000
1693968068216987983 216.786770 0.000000
1693968068256370333 216.796211 0.000000
1693968069982884981 216.685055 0.000000
1693968070121150188 216.778732 0.000000
1693968070866472120 216.638911 0.000000
1693968070876604423 216.577609 0.000000
1693968071702817178 216.750852 0.000000
1693968075257323607 216.747223 0.000000
1693968075276357563 216.680919 0.000000
1693968076071529756 216.705396 0.000000
1693968076748434414 216.638100 0.000000
1693968077574207706 216.705210 0.000000
1693968078918318379 216.584796 0.000000
1693968079085393804 216.648900 0.000000
1693968080707074920 216.800663 0.000000
1693968081816534189 216.686497 0.000000
1693968082925514597 216.585558 0.000000
1693968085584936739 216.559417 0.000000
1693968085977957231 216.607272 0.000000
1693968086989725149 216.708289 0.000000
1693968087864173450 216.655235 0.000000
1693968089720454448 216.698636 0.000000
1693968090260237897 216.746155 0.000000
1693968090731730787 216.636386 0.000000
1693968090732005447 216.625240 0.000000
1693968090740886723 216.792595 0.000000
1693968090741838734 216.619337 0.000000
1693968093245237362 216.685078 0.000000
1693968094284230628 217.000664 0.000000
1693968095200825794 216.827726 0.000000
1693968095344337918 216.659555 0.000000
1693968097300098648 216.792094 0.000000
1693968097416485978 216.681025 0.000000
1693968097899411565 216.587387 0.000000
1693968099272659978 216.659979 0.000000
1693968099802729244 216.637563 0.000000
1693968100541344204 216.621456 0.000000
1693968101658207907 216.712338 0.000000
1693968101688302314 216.556545 0.000000
1693968102276514488 216.629646 0.000000
1693968102701714568 216.631743 0.000000
1693968103818658572 216.696180 0.000000
1693968104702408539 216.677196 0.000000
1693968105657149863 216.668971 0.000000
1693968105892092868 216.841720 0.000000
1693968106068525837 216.706219 0.000000
1693968107767130832 216.725589 0.000000
1693968108140579917 216.613076 0.000000
1693968108188540788 216.682313 0.000000
1693968110301100626 216.707577 0.000000
1693968110769712385 216.769491 0.000000
1693968110791561947 216.642695 0.000000
1693968111771953802 216.748993 0.000000
