1693967944023027988 239.130419 67.573913 67 16 0.000000
1693967945027695885 236.215729 65.693356 66 16 0.000000
1693967946032307090 234.845210 66.692466 67 16 0.000000
1693967947030741599 237.175627 70.109758 70 16 0.000000
1693967948029558341 241.339368 64.075814 64 16 0.000000
1693967948981653405 247.240798 69.320804 66 16 0.000000
1693967949992422649 234.859023 66.286153 67 16 0.000000
1693967950970771972 252.678933 65.416315 64 16 0.000000
1693967952013265233 261.175677 60.432038 63 16 0.000000
1693967953030360091 225.667803 71.773060 73 16 0.000000
1693967954021566410 242.861643 63.558907 63 16 0.000000
1693967955032249014 244.296476 67.281270 68 16 0.000000
1693967956023013509 230.130289 69.643190 69 16 0.000000
1693967957033557591 239.071597 63.332211 64 16 0.000000
1693967958031176205 247.863261 67.159930 67 15 0.000000
1693967959037602653 232.314134 68.559417 69 16 0.000000
1693967960041297810 225.294853 67.749646 68 16 0.000000
1693967961040975396 243.444648 67.021621 67 16 0.000000
1693967962039018896 245.035201 66.129375 66 16 0.000000
1693967963043885053 235.611580 67.670701 68 16 0.000000
1693967963996801424 245.153799 69.261068 66 16 0.000000
1693967965018479069 235.408262 63.620851 65 16 0.000000
1693967966029087289 242.679653 68.275704 69 16 0.000000
1693967967019491058 234.411287 69.668557 69 16 0.000000
1693967968039134274 228.131316 67.670736 69 16 0.000000
1693967969049854087 235.840136 70.246964 71 16 0.000000
1693967970051276882 244.282861 64.907648 65 16 0.000000
1693967971040677551 232.759600 67.717759 67 16 0.000000
1693967972051054248 233.801927 70.270831 71 16 0.000000
1693967973044649602 228.382036 67.431867 67 16 0.000000
1693967974055374554 235.632744 67.278452 68 16 0.000000
1693967975033176886 235.657472 69.543708 68 16 0.000000
1693967976043891181 238.430754 65.300356 66 16 0.000000
1693967977054747953 250.353868 63.312622 64 16 0.000000
1693967978011670532 230.126929 72.106145 69 16 0.000000
1693967979022470516 250.543726 63.316185 64 16 0.000000
1693967980033097631 230.718984 71.242897 72 16 0.000000
1693967981043840630 236.427738 68.266613 69 16 0.000000
1693967982054884795 227.331082 67.257202 68 16 0.000000
1693967983065533384 233.021661 69.262448 70 16 0.000000
1693967984054552613 247.560904 63.699469 63 16 0.000000
1693967985052280370 247.265070 66.150310 66 16 0.000000
1693967986063134159 231.096425 69.248392 70 16 0.000000
1693967987064843385 226.913825 69.880559 70 16 0.000000
1693967988066312657 236.813777 63.906108 64 16 0.000000
1693967989071792181 243.437003 66.634870 67 16 0.000000
1693967990070108113 242.064818 68.114709 68 16 0.000000
1693967991062528739 242.252426 65.496422 65 16 0.000000
1693967992072494113 233.098702 69.309307 70 16 0.000000
1693967993022552436 231.916610 69.469427 66 16 0.000000
1693967994015423983 226.930671 70.502576 70 16 0.000000
1693967995054907978 249.043701 66.379080 69 16 0.000000
1693967996065350921 236.991155 66.307563 67 16 0.000000
1693967997076005480 236.225547 65.304207 66 16 0.000000
1693967998057969138 233.112658 71.285730 70 16 0.000000
1693967999046274569 241.524749 64.757317 64 16 0.000000
1693968000078916037 234.182656 71.660884 74 16 0.000000
1693968001072047891 247.894280 60.414930 60 16 0.000000
1693968002078983985 229.759344 70.510936 71 16 0.000000
1693968003052619069 236.235870 67.787196 66 16 0.000000
1693968004080003043 232.243363 67.160870 69 16 0.000000
1693968005075899614 236.441583 69.284302 69 16 0.000000
1693968006085302944 235.745135 67.366532 68 16 0.000000
1693968007038295723 241.491362 64.008879 61 16 0.000000
1693968008045911594 239.213612 69.470919 70 16 0.000000
1693968009029748807 249.646196 67.084267 66 16 0.000000
1693968010074038816 245.154025 63.200843 66 16 0.000000
1693968011086633781 225.806171 70.116870 71 16 0.000000
1693968012067911154 236.532669 70.316513 69 16 0.000000
1693968013078545723 234.068407 65.305513 66 16 0.000000
1693968014088850248 248.565189 67.306438 68 16 0.000000
1693968015075105492 227.608155 66.919798 66 16 0.000000
1693968016085624030 237.789043 67.292184 68 16 0.000000
1693968017096290316 240.693058 65.303447 66 16 0.000000
1693968018092648925 248.107944 64.233899 64 16 0.000000
1693968019088235137 232.249735 69.305893 69 16 0.000000
1693968020099592554 231.821334 70.202687 71 16 0.000000
1693968021049189337 225.028732 71.609337 68 16 0.000000
1693968022060406196 237.797968 67.245718 68 16 0.000000
1693968023076680906 241.429419 65.927056 67 16 0.000000
1693968024087363516 248.295601 63.323542 64 16 0.000000
1693968025093006440 247.771794 66.624043 67 16 0.000000
1693968026065825664 231.392993 69.899942 68 16 0.000000
1693968027076043802 235.632608 67.312187 68 16 0.000000
1693968028099201653 225.527753 71.347740 73 16 0.000000
1693968029095707865 243.692918 64.224388 64 16 0.000000
1693968030107600496 241.275779 69.177309 70 16 0.000000
1693968031099156303 237.645078 65.553537 65 16 0.000000
1693968032109629722 243.600543 63.336650 64 16 0.000000
1693968033107116813 243.470452 67.168787 67 16 0.000000
1693968034103102683 245.432671 60.241819 60 16 0.000000
1693968035059355334 254.367762 65.882170 63 16 0.000000
1693968036069758031 250.516313 67.299899 68 16 0.000000
1693968037051327741 217.544357 74.370678 73 16 0.000000
1693968038091028621 247.151551 63.479793 66 16 0.000000
1693968039101626756 228.910227 69.265911 70 16 0.000000
1693968040112109472 252.030109 62.346441 63 16 0.000000
1693968041097405361 232.244703 70.029724 69 16 0.000000
1693968042089113728 224.564768 72.601989 72 16 0.000000
1693968043098260341 242.154675 64.410866 65 16 0.000000
1693968044109917175 239.136784 66.227992 67 16 0.000000
1693968045120229836 239.973598 67.305898 68 16 0.000000
1693968046113817333 246.897593 62.400131 62 16 0.000000
1693968047117850677 235.109358 69.718800 70 16 0.000000
1693968048115823410 229.316738 68.138136 68 16 0.000000
1693968049116551289 245.060423 65.951984 66 16 0.000000
1693968050073692806 235.666585 71.044884 68 16 0.000000
1693968051084349095 226.849500 69.261919 70 16 0.000000
1693968052095096626 221.741770 70.245057 71 16 0.000000
1693968053066752270 245.970211 68.954464 67 16 0.000000
1693968054089214841 245.067523 64.550038 66 16 0.000000
1693968055129182276 235.276154 67.309795 70 16 0.000000
1693968056098289152 231.882752 68.103956 66 16 0.000000
1693968057108621375 240.685880 68.294369 69 16 0.000000
1693968058119655314 234.324247 68.246964 69 16 0.000000
1693968059130142300 254.413898 62.346170 63 16 0.000000
1693968060125894069 247.486568 63.268785 63 16 0.000000
1693968061130418019 234.419738 68.689245 69 16 0.000000
1693968062128976812 221.731221 71.102483 71 16 0.000000
1693968063132321601 243.569711 63.786653 64 16 0.000000
1693968064132986938 253.950851 61.958768 62 16 0.000000
1693968065109173339 239.966734 69.658834 68 16 0.000000
1693968066119790134 245.828151 63.327659 64 16 0.000000
1693968067130559483 235.922968 70.243524 71 16 0.000000
1693968068141528080 242.074897 67.262222 68 16 0.000000
1693968069135378375 247.646995 63.389837 63 16 0.000000
1693968070121459481 240.586108 66.931609 66 16 0.000000
1693968071131986899 236.398931 68.281175 69 16 0.000000
1693968072136287783 248.889201 64.721640 65 16 0.000000
1693968073146730138 233.219781 69.276590 70 16 0.000000
1693968074142265499 235.702875 65.291503 65 16 0.000000
1693968075144733729 242.078667 67.832583 68 16 0.000000
1693968076147230548 230.131797 68.828138 69 16 0.000000
1693968077146497758 237.074819 67.049133 67 16 0.000000
1693968078111283737 234.306407 68.408952 66 16 0.000000
1693968079150914899 231.773538 68.293452 71 16 0.000000
1693968080121115788 247.562782 64.935014 63 16 0.000000
1693968081098558184 244.397579 66.500077 65 16 0.000000
1693968082148411901 231.882356 67.628468 71 16 0.000000
1693968083119687254 239.252392 68.981473 67 16 0.000000
1693968084125983476 233.506239 67.574533 68 16 0.000000
1693968085141029359 252.598383 63.051342 64 16 0.000000
1693968086151687645 233.518553 67.282880 68 16 0.000000
1693968087157987315 245.642775 66.580557 67 16 0.000000
1693968088146889098 253.323954 61.684589 61 16 0.000000
1693968089157652149 227.487366 72.222671 73 16 0.000000
1693968090159556470 242.865294 65.874547 66 16 0.000000
1693968091157569569 234.862207 67.133394 67 16 0.000000
1693968092160129708 244.481507 61.841670 62 16 0.000000
1693968093158197046 246.527937 65.125868 65 16 0.000000
1693968094145242157 243.469245 67.879370 67 16 0.000000
1693968095156145571 230.677874 71.223420 72 16 0.000000
1693968096114492613 237.013380 69.912043 67 16 0.000000
1693968097166419190 239.258049 63.692659 67 16 0.000000
1693968098135445406 229.342030 70.173542 68 16 0.000000
1693968099145732631 247.227515 65.327955 66 16 0.000000
1693968100156286218 243.502319 66.300291 67 16 0.000000
1693968101166568549 235.646775 67.307921 68 16 0.000000
1693968102161827230 239.890862 68.323946 68 16 0.000000
1693968103160138075 227.172233 68.115066 68 16 0.000000
1693968104170811451 237.871083 67.281871 68 16 0.000000
1693968105173312175 235.717786 67.830367 68 16 0.000000
1693968106172686680 246.782976 65.040685 65 16 0.000000
1693968107175341079 245.248681 62.833216 63 16 0.000000
1693968108157361097 242.850648 67.208406 66 16 0.000000
1693968109159280894 249.740872 62.879285 63 16 0.000000
1693968110123015646 246.317600 70.558834 68 16 0.000000
1693968111133440499 245.286095 62.350011 63 16 0.000000
1693968112139470644 228.805664 71.568439 72 16 0.000000
