1694832972911986307 117.184275 1766.012447 1736 200 0.000000
1694832973926098664 117.284358 1699.022817 1723 200 0.000000
1694832974939519826 118.000079 1705.115310 1728 200 0.000000
1694832975953406488 116.170513 1710.250126 1734 200 0.000000
1694832976966970790 117.265533 1707.834588 1731 200 0.000000
1694832977981278903 119.360880 1677.005283 1701 200 0.000000
1694832978996496260 118.787499 1673.533133 1699 200 0.000000
1694832980008836083 118.850946 1688.168300 1709 200 0.000000
1694832981020627326 120.356722 1653.503183 1673 200 0.000000
1694832982032504115 118.292635 1684.987708 1705 200 0.000000
1694832983045285380 120.910620 1658.798506 1680 200 0.000000
1694832984057470664 118.986462 1677.558490 1698 200 0.000000
1694832985073485806 120.052782 1662.376714 1689 200 0.000000
1694832986085151302 119.345759 1678.420478 1698 200 0.000000
1694832987095767101 121.085635 1635.636422 1653 200 0.000000
1694832988105698144 119.675877 1672.391219 1689 200 0.000000
1694832989117348889 121.315280 1648.790502 1668 200 0.000000
1694832990132917695 120.311625 1666.061438 1692 200 0.000000
1694832991143664857 120.875648 1645.317537 1663 200 0.000000
1694832992156766812 120.711963 1667.157035 1689 200 0.000000
1694832993169920825 119.477289 1667.071284 1689 200 0.000000
1694832994182679952 119.146236 1688.456716 1710 200 0.000000
1694832995194169597 120.277864 1657.950785 1677 200 0.000000
1694832996206733025 120.753338 1655.204975 1676 200 0.000000
1694832997218411650 118.244174 1693.225259 1713 200 0.000000
1694832998230770102 120.347563 1657.515869 1678 200 0.000000
1694832999242249114 118.328521 1683.673036 1703 200 0.000000
1694833000254954005 120.086773 1672.747699 1694 200 0.000000
1694833001267348958 119.868184 1667.333488 1688 200 0.000000
1694833002279508601 119.257380 1676.613208 1697 200 0.000000
1694833003291928470 118.587170 1680.133018 1701 200 0.000000
1694833004301402957 120.567362 1664.232273 1680 200 0.000000
1694833005312131572 119.470820 1669.092872 1687 200 0.000000
1694833006320320059 120.517441 1656.436300 1670 200 0.000000
1694833007335124552 119.461694 1674.213924 1699 200 0.000000
1694833008345713866 119.667378 1674.270778 1692 200 0.000000
1694833009357331675 118.482013 1683.442076 1703 200 0.000000
1694833010370492435 120.267394 1670.021226 1692 200 0.000000
1694833011382688944 121.031039 1646.913469 1667 200 0.000000
1694833012390646302 118.547640 1687.571392 1701 200 0.000000
1694833013402398508 118.467596 1690.137168 1710 200 0.000000
1694833014411343621 120.542916 1651.229490 1666 200 0.000000
1694833015422993721 118.388352 1684.376900 1704 200 0.000000
1694833016431759779 118.387538 1696.131654 1711 200 0.000000
1694833017440303664 119.785626 1659.818685 1674 200 0.000000
1694833018453189029 117.899360 1705.029922 1727 200 0.000000
1694833019464652679 119.429982 1679.744127 1699 200 0.000000
1694833020475550817 120.637827 1652.985421 1671 200 0.000000
1694833021482658402 118.470863 1674.101270 1686 200 0.000000
1694833022492870712 120.942365 1659.057197 1676 200 0.000000
1694833023504258755 119.977730 1670.970999 1690 200 0.000000
1694833024516277584 118.574647 1674.869938 1695 200 0.000000
1694833025530430404 120.218501 1671.345547 1695 200 0.000000
1694833026536522916 117.794037 1691.693595 1702 200 0.000000
1694833027549522161 121.399257 1648.569733 1670 200 0.000000
1694833028558588686 119.391510 1677.788397 1693 200 0.000000
1694833029567912764 119.362876 1674.387822 1690 200 0.000000
1694833030577339365 119.761506 1671.245740 1687 200 0.000000
1694833031586668717 120.215277 1663.480777 1679 200 0.000000
1694833032598669616 118.260336 1681.816831 1702 200 0.000000
1694833033606405686 118.935225 1697.865236 1711 200 0.000000
1694833034617799719 120.419491 1648.219775 1667 200 0.000000
1694833035625702458 120.686580 1666.827846 1680 200 0.000000
1694833036635613031 120.734948 1655.592076 1672 200 0.000000
1694833037645698584 120.294316 1655.305330 1672 200 0.000000
1694833038659666059 119.432610 1674.609961 1698 200 0.000000
1694833039673483211 118.153429 1685.708279 1709 200 0.000000
1694833040688359735 121.038782 1658.329831 1683 200 0.000000
1694833041700651256 120.458303 1655.649549 1676 200 0.000000
1694833042706961810 119.412987 1684.370663 1695 200 0.000000
1694833043719395922 121.112547 1652.453269 1673 200 0.000000
1694833044727255416 119.193830 1682.774186 1696 199 0.000000
1694833045748657257 117.321375 1691.792573 1728 200 0.000000
1694833046749567030 120.427138 1681.470240 1683 200 0.000000
1694833047770892848 119.425871 1648.837245 1684 200 0.000000
1694833048783908794 119.890292 1667.298506 1689 200 0.000000
1694833049793253361 118.882095 1686.242828 1702 200 0.000000
1694833050807906273 118.340895 1688.261903 1713 199 0.000000
1694833051823719161 119.887787 1679.443203 1706 200 0.000000
1694833052837603558 120.182634 1662.911419 1686 200 0.000000
1694833053849163778 119.090749 1668.709411 1688 199 0.000000
1694833054864468434 118.589318 1690.133119 1716 200 0.000000
1694833055876745376 120.448905 1662.588525 1683 200 0.000000
1694833056888108005 118.417570 1688.810617 1708 200 0.000000
1694833057899644107 121.446585 1647.000142 1666 199 0.000000
1694833058913632132 119.134734 1686.410410 1710 200 0.000000
1694833059930088003 119.743106 1656.736845 1684 200 0.000000
1694833060944023436 120.046658 1672.690366 1696 200 0.000000
1694833061960391399 119.392570 1672.622615 1700 200 0.000000
1694833062976881034 120.474972 1670.454849 1698 200 0.000000
1694833063990662343 119.468561 1668.998879 1692 200 0.000000
1694833065003726758 118.570900 1689.922181 1712 200 0.000000
1694833066016143796 118.575305 1686.064198 1707 200 0.000000
1694833067026306803 118.092620 1691.806028 1709 200 0.000000
1694833068041830580 119.608926 1674.013118 1700 200 0.000000
1694833069053878977 121.145384 1646.166310 1666 200 0.000000
1694833070061218151 119.606701 1672.723569 1685 200 0.000000
1694833071075646708 119.387830 1673.848815 1698 200 0.000000
1694833072082941925 120.736155 1659.890776 1672 200 0.000000
1694833073091186557 119.630636 1667.253836 1681 200 0.000000
1694833074101231412 119.762384 1673.193193 1690 200 0.000000
1694833075118753131 118.641269 1673.674289 1703 200 0.000000
1694833076128177987 120.265355 1661.342232 1677 200 0.000000
1694833077139121919 119.644945 1685.553321 1704 200 0.000000
1694833078151486044 119.656985 1664.420964 1685 200 0.000000
1694833079165094462 121.031907 1651.525362 1674 200 0.000000
1694833080178284731 120.683098 1660.102778 1682 199 0.000000
1694833081191939866 120.295500 1668.220203 1691 200 0.000000
1694833082202146107 118.836758 1663.026740 1680 199 0.000000
1694833083214251211 120.092260 1670.775130 1691 200 0.000000
1694833084226530028 118.915745 1686.294303 1707 200 0.000000
1694833085240552343 120.740954 1660.712916 1684 200 0.000000
1694833086254338077 121.290436 1652.222979 1675 200 0.000000
1694833087265372730 119.131950 1670.565839 1689 200 0.000000
1694833088273293318 119.622101 1674.735078 1688 200 0.000000
1694833089281087775 118.981460 1668.991160 1682 200 0.000000
1694833090292448809 118.563375 1695.734712 1715 200 0.000000
1694833091305224469 120.375004 1664.731924 1686 200 0.000000
1694833092319484060 120.703314 1651.450962 1675 200 0.000000
1694833093331054270 119.801946 1670.669973 1690 200 0.000000
1694833094346584076 120.625233 1654.308977 1680 200 0.000000
1694833095358515437 119.903933 1671.061953 1691 200 0.000000
1694833096373427060 118.001848 1696.699417 1722 200 0.000000
1694833097380844611 119.434594 1678.549258 1691 200 0.000000
1694833098391661559 120.366876 1665.979135 1684 200 0.000000
1694833099403318813 119.798850 1664.595453 1684 200 0.000000
1694833100416256132 119.481653 1672.364114 1694 200 0.000000
1694833101428903485 119.692004 1672.842943 1694 200 0.000000
1694833102439480816 120.203376 1655.489367 1673 200 0.000000
1694833103453983147 119.462391 1679.641256 1704 200 0.000000
1694833104465535842 119.314745 1677.618981 1697 200 0.000000
1694833105479387605 120.147909 1669.869428 1693 200 0.000000
1694833106490885984 118.907881 1677.708967 1697 200 0.000000
1694833107499619932 120.035597 1667.436688 1682 200 0.000000
1694833108508649892 121.248163 1658.028160 1673 200 0.000000
1694833109516617680 118.199573 1675.648769 1689 200 0.000000
1694833110527014639 120.311253 1654.795110 1672 200 0.000000
1694833111536640495 119.908916 1670.915972 1687 200 0.000000
1694833112547637982 119.303540 1680.518578 1699 200 0.000000
1694833113560554111 119.160349 1685.233357 1707 200 0.000000
1694833114572510239 119.259708 1665.091964 1685 199 0.000000
1694833115584646279 119.962354 1663.807889 1684 200 0.000000
1694833116595861347 121.397948 1656.423083 1675 200 0.000000
1694833117611077527 121.216154 1650.879898 1676 200 0.000000
1694833118623718529 120.320258 1652.115709 1673 200 0.000000
1694833119636181157 119.482278 1677.098774 1698 200 0.000000
1694833120642449322 118.686548 1688.416781 1699 200 0.000000
1694833121656444494 119.417124 1672.591817 1696 200 0.000000
1694833122671051858 119.625499 1668.625804 1693 200 0.000000
1694833123684195616 119.412913 1681.893661 1704 200 0.000000
1694833124698992400 119.879940 1671.270473 1696 200 0.000000
1694833125711777380 118.740193 1674.590296 1696 200 0.000000
1694833126726046554 121.895678 1646.505821 1670 200 0.000000
1694833127739562383 119.251069 1674.369432 1697 200 0.000000
1694833128752141618 119.020675 1677.893547 1699 200 0.000000
1694833129759798053 119.366480 1679.143658 1692 200 0.000000
1694833130773867686 121.149072 1655.704744 1679 200 0.000000
1694833131790331590 121.459273 1647.869775 1675 200 0.000000
1694833132803811360 118.911189 1682.322707 1705 200 0.000000
1694833133816393991 119.163740 1669.987090 1691 200 0.000000
1694833134824130816 119.508637 1668.094351 1681 200 0.000000
1694833135842515209 120.297233 1664.400880 1695 200 0.000000
1694833136854424762 118.818407 1674.062515 1694 200 0.000000
1694833137866047332 120.128082 1674.537663 1694 199 0.000000
1694833138877519098 121.091871 1642.161592 1661 200 0.000000
1694833139890614450 119.034930 1669.141774 1691 200 0.000000
1694833140898765684 120.339747 1674.352209 1688 200 0.000000
