1694263913299073631 72.442302 0.000000
1694263913518542677 72.694189 0.000000
1694263913878989164 72.242889 0.000000
1694263914532341522 72.425658 0.000000
1694263914819533003 72.273616 0.000000
1694263915256286376 72.361229 0.000000
1694263915399572123 72.691616 0.000000
1694263915473392479 72.402344 0.000000
1694263916704130088 72.286219 0.000000
1694263916704233982 72.325273 0.000000
1694263916921812511 72.586057 0.000000
1694263917863608362 72.525881 0.000000
1694263918226464268 72.431873 0.000000
1694263918441354774 72.276743 0.000000
1694263918587284780 72.394923 0.000000
1694263918948987242 72.642293 0.000000
1694263919527850851 72.453990 0.000000
1694263919965212629 72.655031 0.000000
1694263920615459678 72.425908 0.000000
1694263920976953013 72.369433 0.000000
1694263920978246721 72.331735 0.000000
1694263921338877537 72.357681 0.000000
1694263921484858269 72.409913 0.000000
1694263921628281526 72.379236 0.000000
1694263922423789163 72.351917 0.000000
1694263922499453576 72.341839 0.000000
1694263922644119101 72.443265 0.000000
1694263922933519903 72.345161 0.000000
1694263923582830786 72.423233 0.000000
1694263923729549158 72.510465 0.000000
1694263923946794690 72.439576 0.000000
1694263924090450819 72.319557 0.000000
1694263924525725964 72.297104 0.000000
1694263925467113281 72.540140 0.000000
1694263925539380676 72.565649 0.000000
1694263927927599106 72.455824 0.000000
1694263929450238888 72.773442 0.000000
1694263929594418633 72.317027 0.000000
1694263929666348589 72.361839 0.000000
1694263929740594234 72.358507 0.000000
1694263930825423500 72.448588 0.000000
1694263931984741996 72.529284 0.000000
1694263932781503799 72.347106 0.000000
1694263932926053791 72.260921 0.000000
1694263933070270759 72.246307 0.000000
1694263933433600809 72.343768 0.000000
1694263934155937491 72.419877 0.000000
1694263935169583087 72.477059 0.000000
1694263935532359717 72.386773 0.000000
1694263935820858853 72.335555 0.000000
1694263936689513613 72.555035 0.000000
1694263938644405720 72.325245 0.000000
1694263939801240127 72.356763 0.000000
1694263941251382335 72.364782 0.000000
1694263943497270932 72.475829 0.000000
1694263944077166755 72.342490 0.000000
1694263944293585922 72.265727 0.000000
1694263944946441240 73.278922 0.000000
1694263945163667277 72.463737 0.000000
1694263946320954117 72.422942 0.000000
1694263946973618919 72.491367 0.000000
1694263947481072460 72.535976 0.000000
1694263952695314930 72.501090 0.000000
1694263956024981875 72.335650 0.000000
1694263956748872510 72.523062 0.000000
1694263959572800729 72.514289 0.000000
1694263960948391960 72.387178 0.000000
1694263963555840231 72.402024 0.000000
1694263963555971446 72.394431 0.000000
1694263969275827203 72.427809 0.000000
1694263971954954203 72.347880 0.000000
1694263973619870508 72.432275 0.000000
1694263975141042347 72.315889 0.000000
1694263976589743569 72.354687 0.000000
1694263978472512669 72.449505 0.000000
1694263981007027574 72.393678 0.000000
1694263984773110391 72.362968 0.000000
1694263985497267587 72.352719 0.000000
1694263986004020045 72.459227 0.000000
1694263986076623448 72.574991 0.000000
1694263986583021332 72.478023 0.000000
1694263989117891660 72.365889 0.000000
1694263989841920814 72.385571 0.000000
1694263990927887905 72.394155 0.000000
1694263995199684403 72.509058 0.000000
1694263998385881270 72.409401 0.000000
1694264000558131077 72.369588 0.000000
1694264005987519197 72.453473 0.000000
1694264006422765434 72.504114 0.000000
1694264008450502682 72.399934 0.000000
1694264008884729124 72.381682 0.000000
1694264018586797307 72.359735 0.000000
1694264026695598429 72.404230 0.000000
1694264031401893022 72.236893 0.000000
1694264032487987708 72.351032 0.000000
1694264036397983385 72.332728 0.000000
1694264040597079680 72.383266 0.000000
1694264053627431501 72.403748 0.000000
1694264054858099811 72.376393 0.000000
1694264057102607808 72.437913 0.000000
1694264058550323908 72.401173 0.000000
1694264061446137977 72.456173 0.000000
1694264061590913236 72.309979 0.000000
1694264079978076393 72.376485 0.000000
