1694262937860613300 182.187977 0.000000
1694262938042811124 182.192727 0.000000
1694262938287358803 182.416343 0.000000
1694262938637020902 182.406580 0.000000
1694262939894050268 181.725136 0.000000
1694262940524171873 181.504604 0.000000
1694262940762468379 182.445340 0.000000
1694262941267296553 182.199018 0.000000
1694262943129776711 182.421931 0.000000
1694262944761546940 254.292300 0.000000
1694262945252916446 182.257007 0.000000
1694262945736163131 181.396693 0.000000
1694262945917949830 181.784790 0.000000
1694262946127986295 254.507504 0.000000
1694262946310225872 182.235277 0.000000
1694262946553484636 182.175107 0.000000
1694262946682786667 181.343815 0.000000
1694262946846310320 181.296234 0.000000
1694262947471510253 181.560138 0.000000
1694262948260255758 182.031574 0.000000
1694262949227190508 182.308191 0.000000
1694262950586470487 181.264010 0.000000
1694262952810718560 268.850888 0.000000
1694262954797349701 310.986409 0.000000
1694262958031277513 181.485279 0.000000
1694262959178439754 182.001829 0.000000
1694262960315907662 185.634942 0.000000
1694262961476412777 181.355923 0.000000
1694262961497560554 182.297957 0.000000
1694262962026834218 181.480718 0.000000
1694262963674743315 181.577920 0.000000
1694262964213219542 181.703717 0.000000
1694262965572528394 182.335696 0.000000
1694262965856410419 181.806064 0.000000
1694262967928369862 181.783141 0.000000
1694262968305175458 254.403318 0.000000
1694262969089223734 253.718436 0.000000
1694262971044231577 181.312457 0.000000
1694262972004164511 182.171103 0.000000
1694262972458103166 254.500258 0.000000
1694262972458202542 190.909011 0.000000
1694262973082631695 181.729447 0.000000
1694262973158683120 182.325468 0.000000
1694262973658730385 253.580471 0.000000
1694262974328807732 181.492721 0.000000
1694262975730574546 182.202606 0.000000
1694262976292357156 182.375659 0.000000
1694262976782368999 258.796864 0.000000
1694262977553985149 181.924325 0.000000
1694262977687076502 181.896055 0.000000
1694262978848262090 182.290580 0.000000
1694262978904557539 182.353503 0.000000
1694262979110817383 181.953458 0.000000
1694262979235788290 181.769410 0.000000
1694262979368248583 182.229158 0.000000
1694262979629453513 182.173153 0.000000
1694262982219946645 182.263804 0.000000
1694262983196489401 181.408310 0.000000
1694262984003730597 182.358609 0.000000
1694262985822653771 254.568381 0.000000
1694262987888453402 181.469943 0.000000
1694262988388225818 253.991196 0.000000
1694262989293589393 181.451216 0.000000
1694262989586504861 182.111364 0.000000
1694262990033335042 182.194477 0.000000
1694262990190535129 182.380415 0.000000
1694262990642330718 181.577464 0.000000
1694262992423555520 257.920967 0.000000
1694262992573453116 181.518702 0.000000
1694262992875069080 181.518011 0.000000
1694262993100485183 181.453852 0.000000
1694262993456195695 181.924937 0.000000
1694262993621229728 181.685190 0.000000
1694262993895963364 181.804476 0.000000
1694262994103515868 181.267950 0.000000
1694262994886311509 181.391507 0.000000
1694262995574443001 181.589061 0.000000
1694262996209138513 182.418683 0.000000
1694262996390896186 181.750967 0.000000
1694262996674049323 182.133947 0.000000
1694262996953696442 182.015607 0.000000
1694262997874800763 317.852717 0.000000
1694262998279591846 181.164009 0.000000
1694262999692533668 181.770198 0.000000
1694263000315886390 181.807679 0.000000
1694263000500693545 181.490658 0.000000
1694263001649757727 181.904574 0.000000
1694263002516871386 181.905792 0.000000
1694263002811795433 181.163443 0.000000
1694263003241847187 181.656754 0.000000
1694263004222234990 182.403904 0.000000
1694263004703945983 181.811869 0.000000
1694263006191848877 203.424305 0.000000
1694263007849891210 253.602017 0.000000
1694263008397240023 181.557237 0.000000
1694263008726368144 182.480478 0.000000
1694263011761568586 182.118687 0.000000
1694263011998368234 182.326600 0.000000
1694263013522302379 181.537301 0.000000
1694263014231371600 343.205011 0.000000
1694263015489197390 181.399747 0.000000
1694263015841542065 181.730896 0.000000
1694263016290599418 181.949198 0.000000
1694263017538039838 182.032712 0.000000
1694263017971129036 181.526491 0.000000
1694263018839631509 182.493533 0.000000
1694263020272875365 182.146337 0.000000
1694263020802074142 182.254212 0.000000
1694263021952625973 181.780235 0.000000
1694263022035907601 181.305342 0.000000
1694263022237371962 181.481230 0.000000
1694263022898936990 210.315470 0.000000
1694263022899011563 254.022199 0.000000
1694263023092387537 182.228282 0.000000
1694263023104617624 181.958416 0.000000
1694263023650207535 182.158028 0.000000
1694263024004101381 182.168197 0.000000
1694263024858964181 181.664412 0.000000
1694263025956206803 182.003845 0.000000
1694263027353231036 181.847637 0.000000
1694263027622771664 182.184555 0.000000
1694263028290954401 182.282763 0.000000
1694263028866908698 181.308700 0.000000
1694263029751007441 181.383559 0.000000
1694263031811991849 181.189773 0.000000
1694263031846765722 182.318848 0.000000
1694263031911970661 182.439668 0.000000
1694263032117957517 182.236225 0.000000
1694263033792419647 181.549700 0.000000
1694263034523189185 258.343180 0.000000
1694263034995988183 181.421021 0.000000
1694263035576648592 182.751794 0.000000
1694263036549083029 182.358490 0.000000
1694263036684156384 181.437920 0.000000
1694263036747911288 181.155373 0.000000
1694263037627239736 254.241868 0.000000
1694263037714193724 181.306049 0.000000
1694263038694489331 181.360520 0.000000
1694263039171693557 181.826994 0.000000
1694263039687182791 254.202583 0.000000
1694263045579006461 182.410285 0.000000
1694263045943023755 181.634632 0.000000
1694263046409263024 181.233585 0.000000
1694263046546657554 181.956681 0.000000
1694263051285170188 182.152301 0.000000
1694263051819911799 182.712949 0.000000
1694263051975224485 181.680730 0.000000
1694263052274259482 181.233179 0.000000
1694263052326658346 182.163332 0.000000
1694263053444954912 181.642091 0.000000
1694263055087543407 182.045592 0.000000
1694263057053602172 181.656910 0.000000
1694263057507462051 182.519575 0.000000
1694263057946012909 258.493580 0.000000
1694263058202607651 257.808188 0.000000
1694263058388263484 182.140404 0.000000
1694263058908599036 181.806738 0.000000
1694263059284114000 182.283757 0.000000
1694263059811775934 181.688744 0.000000
1694263059941186345 253.872391 0.000000
1694263060785949350 188.336472 0.000000
1694263060786012792 273.821330 0.000000
1694263062475490878 254.753398 0.000000
1694263063425192006 254.321936 0.000000
1694263066164971794 182.044686 0.000000
1694263066888779895 182.066251 0.000000
1694263067339041027 181.889025 0.000000
1694263069643746431 181.864281 0.000000
1694263070151791045 181.718463 0.000000
1694263070240648427 182.346498 0.000000
1694263071747589724 181.277683 0.000000
1694263072819557697 181.377912 0.000000
1694263074003188272 181.308595 0.000000
1694263074628108556 182.040631 0.000000
1694263075746996324 181.939827 0.000000
1694263076116298230 182.413895 0.000000
1694263076727449762 181.880549 0.000000
1694263078329551780 258.349521 0.000000
1694263078883244639 254.433019 0.000000
1694263079594797074 182.489510 0.000000
1694263080109397379 182.006552 0.000000
1694263080990340828 182.293204 0.000000
1694263082171586014 181.566961 0.000000
1694263085177830796 254.180733 0.000000
1694263085864155859 254.270642 0.000000
1694263087204815490 181.477618 0.000000
1694263087219990506 181.986496 0.000000
1694263088191073617 182.001977 0.000000
1694263088528450806 182.303442 0.000000
1694263088553160717 181.975214 0.000000
1694263088716128067 182.427039 0.000000
1694263089300814475 313.202351 0.000000
1694263089300868947 280.239783 0.000000
1694263090015569729 182.234634 0.000000
1694263090396368358 254.643735 0.000000
1694263091205250079 182.407780 0.000000
1694263091215326527 181.834338 0.000000
1694263091246604861 181.573116 0.000000
1694263092942978681 182.347274 0.000000
1694263092960205826 181.797041 0.000000
1694263094304745219 254.213209 0.000000
1694263094339008100 181.940614 0.000000
1694263096606718127 181.657115 0.000000
1694263097023973617 181.560942 0.000000
1694263097149918047 182.594845 0.000000
1694263097306775500 181.432459 0.000000
1694263097455562566 254.465765 0.000000
1694263097649447714 253.956968 0.000000
1694263097863752391 181.755599 0.000000
1694263099521751616 181.536480 0.000000
1694263100325016223 181.221669 0.000000
1694263101206436481 181.966395 0.000000
1694263101397489202 182.340600 0.000000
1694263102013942125 182.276735 0.000000
1694263102190506259 181.556576 0.000000
1694263102722561074 181.754867 0.000000
1694263103133554861 182.323695 0.000000
1694263104271445555 181.203818 0.000000
1694263104924952661 181.856209 0.000000
1694263106657318743 254.038683 0.000000
