1694833377289545440 185.340106 7286.810968 7280 200 0.000000
1694833378322219281 182.428038 1092.310031 1128 200 0.000000
1694833379328413499 180.514877 1108.136049 1115 199 0.000000
1694833380337820021 181.342349 1105.600112 1116 200 0.000000
1694833381346577246 182.440890 1084.502758 1094 200 0.000000
1694833382355007499 181.465634 1112.620393 1122 200 0.000000
1694833383366359157 182.342978 1096.552216 1109 200 0.000000
1694833384376047037 183.903883 1086.474426 1097 200 0.000000
1694833385385874841 183.101367 1088.304396 1099 200 0.000000
1694833386393922845 181.776804 1097.169978 1106 200 0.000000
1694833387399869665 183.959468 1099.461736 1106 200 0.000000
1694833388409484896 181.039819 1104.380995 1115 200 0.000000
1694833389419860145 182.576302 1098.601837 1110 200 0.000000
1694833390428650828 183.616968 1085.458053 1095 200 0.000000
1694833391436629771 183.178878 1086.332202 1095 200 0.000000
1694833392438605728 181.414812 1110.805125 1113 200 0.000000
1694833393448091690 179.560282 1103.531934 1114 200 0.000000
1694833394457863321 181.558813 1106.190658 1117 200 0.000000
1694833395464111510 181.373335 1113.045531 1120 200 0.000000
1694833396472996722 183.071638 1081.391621 1091 200 0.000000
1694833397478761821 182.648871 1092.700291 1099 200 0.000000
1694833398485217242 179.590709 1122.752334 1130 200 0.000000
1694833399494497970 181.479449 1095.829868 1106 200 0.000000
1694833400502632932 181.002483 1097.075372 1106 200 0.000000
1694833401513366719 182.735891 1091.286371 1103 200 0.000000
1694833402521431840 181.522840 1109.055291 1118 200 0.000000
1694833403533063744 181.271142 1103.168102 1116 200 0.000000
1694833404541565194 182.540561 1092.710357 1102 200 0.000000
1694833405548653203 180.940704 1109.138427 1117 200 0.000000
1694833406559013744 182.137800 1099.607287 1111 200 0.000000
1694833407564253340 181.830687 1095.261479 1101 200 0.000000
1694833408571900574 180.185316 1112.492417 1121 200 0.000000
1694833409581439208 180.300919 1109.417732 1120 200 0.000000
1694833410593471622 182.661813 1100.755186 1114 200 0.000000
1694833411603505012 180.444972 1099.963588 1111 200 0.000000
1694833412613380047 181.028473 1109.048278 1120 200 0.000000
1694833413622448983 180.980668 1099.032709 1109 200 0.000000
1694833414633851244 180.594924 1111.328542 1124 200 0.000000
1694833415642228221 181.465489 1098.795418 1108 200 0.000000
1694833416652236771 182.570824 1099.000557 1110 200 0.000000
1694833417657619119 182.289890 1092.121864 1098 200 0.000000
1694833418668396394 181.383650 1096.186050 1108 200 0.000000
1694833419674804875 182.188357 1107.900101 1115 200 0.000000
1694833420680359505 182.417817 1089.945728 1096 200 0.000000
1694833421686864301 182.651482 1099.845707 1107 200 0.000000
1694833422689480930 182.180954 1098.126605 1101 200 0.000000
1694833423698120503 182.780663 1094.543658 1104 200 0.000000
1694833424703484052 180.957096 1104.078217 1110 200 0.000000
1694833425711620218 181.410184 1097.074013 1106 200 0.000000
1694833426721982933 179.625345 1117.420501 1129 200 0.000000
1694833427727865662 181.120793 1103.508309 1110 199 0.000000
1694833428735543328 182.670301 1094.596064 1103 200 0.000000
1694833429742521067 180.879829 1107.273757 1115 200 0.000000
1694833430753550714 182.130792 1101.846900 1114 200 0.000000
1694833431761329625 179.675939 1101.432135 1110 200 0.000000
1694833432769277767 179.740625 1121.089503 1130 200 0.000000
1694833433780304807 181.968224 1102.838870 1115 200 0.000000
1694833434788458556 180.063936 1106.974061 1116 200 0.000000
1694833435795897148 181.368395 1099.818901 1108 200 0.000000
1694833436805553005 183.906500 1086.508879 1097 200 0.000000
1694833437817080227 181.532511 1111.190808 1124 200 0.000000
1694833438826672456 180.853057 1102.425411 1113 200 0.000000
1694833439837920344 182.579198 1088.753894 1101 200 0.000000
1694833440847103594 182.786019 1103.862885 1114 200 0.000000
1694833441853666990 180.972860 1095.807802 1103 200 0.000000
1694833442863138733 180.218679 1116.425448 1127 199 0.000000
1694833443874204328 180.143107 1110.709361 1123 200 0.000000
1694833444884887668 179.196390 1116.076643 1128 200 0.000000
1694833445896110842 180.554873 1101.636134 1114 200 0.000000
1694833446904466326 182.079132 1092.868569 1102 200 0.000000
1694833447915395246 181.538528 1101.956798 1114 200 0.000000
1694833448923992640 178.286493 1127.308125 1137 200 0.000000
1694833449936267584 180.603739 1106.418719 1120 200 0.000000
1694833450948873196 181.254245 1100.132176 1114 200 0.000000
1694833451959890962 181.490248 1108.783605 1121 200 0.000000
1694833452967625480 180.676357 1102.473014 1111 200 0.000000
1694833453979318139 181.450512 1105.078647 1118 200 0.000000
1694833454989368120 178.806422 1117.766484 1129 200 0.000000
1694833455997161423 180.102355 1117.292535 1126 200 0.000000
1694833457006870723 179.271306 1113.191754 1124 200 0.000000
1694833458017322470 179.819323 1100.497874 1112 200 0.000000
1694833459025631198 181.423948 1112.754422 1122 200 0.000000
1694833460034578320 179.446014 1110.067937 1120 200 0.000000
1694833461044848251 179.450058 1112.574057 1124 200 0.000000
1694833462054909165 179.737126 1112.804249 1124 200 0.000000
1694833463063491573 180.657918 1113.443903 1123 200 0.000000
1694833464070760032 180.997194 1100.997451 1109 200 0.000000
1694833465079160706 181.452224 1093.811261 1103 200 0.000000
1694833466085820454 180.585439 1114.577178 1122 200 0.000000
1694833467092218188 180.771729 1105.924577 1113 200 0.000000
1694833468099900089 180.522974 1106.499979 1115 200 0.000000
1694833469107867822 180.667103 1111.146536 1120 200 0.000000
1694833470116219375 180.842889 1108.740421 1118 200 0.000000
1694833471122613985 182.603670 1098.972574 1106 200 0.000000
1694833472131471390 180.226869 1098.272089 1108 200 0.000000
1694833473140349763 181.625314 1104.196597 1114 200 0.000000
1694833474143988092 181.908682 1099.001460 1103 200 0.000000
1694833475154357084 179.022607 1115.433939 1127 200 0.000000
1694833476162613822 180.752835 1104.877477 1114 200 0.000000
1694833477169384775 180.474102 1107.501139 1115 200 0.000000
1694833478176689189 180.468498 1110.885594 1119 200 0.000000
1694833479185337186 181.377147 1108.414446 1118 200 0.000000
1694833480193174448 180.874518 1100.376086 1109 200 0.000000
1694833481195958911 182.264045 1093.953937 1097 200 0.000000
1694833482205886990 180.034538 1124.832556 1136 200 0.000000
1694833483214310988 179.364770 1102.710663 1112 200 0.000000
1694833484220511440 181.040214 1106.141513 1113 200 0.000000
1694833485227822723 180.861235 1102.936166 1111 200 0.000000
1694833486235596845 179.342482 1116.321461 1125 200 0.000000
1694833487242195235 177.594344 1127.559815 1135 200 0.000000
1694833488254081454 182.086778 1101.902725 1115 200 0.000000
1694833489259886579 179.105126 1108.564654 1115 199 0.000000
1694833490271997920 180.286015 1109.561732 1123 200 0.000000
1694833491279678414 179.966915 1115.432847 1124 200 0.000000
1694833492290437742 180.277298 1106.099161 1118 199 0.000000
1694833493299706158 180.458169 1108.723933 1119 200 0.000000
1694833494308572722 180.241450 1113.130350 1123 200 0.000000
1694833495319007196 181.326129 1106.454743 1118 200 0.000000
1694833496327651332 179.548718 1104.452964 1114 200 0.000000
1694833497338381672 179.589691 1113.056498 1125 200 0.000000
1694833498341517398 178.705932 1123.477049 1127 200 0.000000
1694833499354443589 180.170552 1107.681849 1122 200 0.000000
1694833500361282321 182.134735 1104.446950 1112 200 0.000000
1694833501374079008 177.757184 1124.608834 1139 200 0.000000
1694833502384828626 179.631189 1115.014025 1127 200 0.000000
1694833503392723125 180.027072 1105.274330 1114 200 0.000000
1694833504404040716 180.418320 1113.399078 1126 200 0.000000
1694833505412524651 177.664683 1115.535888 1125 200 0.000000
1694833506422150719 177.457395 1138.045072 1149 200 0.000000
1694833507430432962 180.648379 1108.816532 1118 200 0.000000
1694833508440970766 180.857600 1093.477045 1105 200 0.000000
1694833509450351659 180.823018 1113.553971 1124 200 0.000000
1694833510459617139 179.456662 1105.754591 1116 200 0.000000
1694833511470908436 179.684777 1113.428015 1126 200 0.000000
1694833512480671828 179.941109 1111.151422 1122 200 0.000000
1694833513491245308 181.499914 1109.271061 1121 200 0.000000
1694833514498569408 181.575945 1101.929425 1110 200 0.000000
1694833515507438758 181.531110 1102.223990 1112 200 0.000000
1694833516513721726 179.305316 1114.994470 1122 200 0.000000
1694833517526747319 180.555317 1101.650258 1116 199 0.000000
1694833518533185487 180.680254 1106.873936 1114 200 0.000000
1694833519543699724 179.277796 1119.232079 1131 200 0.000000
1694833520552590386 180.645110 1107.156612 1117 200 0.000000
1694833521561776409 179.876537 1111.787120 1122 200 0.000000
1694833522573393398 181.236869 1109.115451 1122 200 0.000000
1694833523582197255 179.095958 1111.217037 1121 200 0.000000
1694833524594750773 180.099910 1110.064738 1124 200 0.000000
1694833525605466237 178.137881 1120.988124 1133 200 0.000000
1694833526614573652 177.667504 1119.801510 1130 200 0.000000
1694833527621886932 181.564314 1099.955590 1108 200 0.000000
1694833528632283627 180.002349 1111.444637 1123 200 0.000000
1694833529640785347 182.396518 1103.617426 1113 200 0.000000
1694833530649671859 179.902415 1105.178762 1115 200 0.000000
1694833531660998647 180.137084 1113.388987 1126 200 0.000000
1694833532667805239 179.879882 1117.394361 1125 200 0.000000
1694833533678782616 181.501377 1100.914769 1113 200 0.000000
1694833534690579726 180.948156 1100.022966 1113 200 0.000000
1694833535700670237 179.332653 1122.671647 1134 200 0.000000
1694833536708947396 181.882654 1092.953440 1102 200 0.000000
1694833537721121277 179.590981 1108.505250 1122 200 0.000000
1694833538730082582 181.117462 1114.016866 1124 200 0.000000
