1693787236384380446 133.689034 1498.877263 1499 200 0.000000
1693787237392249269 132.545307 1495.234072 1507 200 0.000000
1693787238401292455 133.884566 1484.574737 1498 200 0.000000
1693787239412376232 134.735042 1488.501867 1505 200 0.000000
1693787240418904017 133.322724 1496.232876 1506 200 0.000000
1693787241427617231 133.778444 1485.060307 1498 200 0.000000
1693787242440205859 135.253731 1488.264862 1507 200 0.000000
1693787243450915453 134.271200 1492.020964 1508 200 0.000000
1693787244463950126 134.257601 1490.570947 1510 200 0.000000
1693787245475724988 134.902564 1477.601380 1495 200 0.000000
1693787246486153540 135.211865 1469.673612 1485 200 0.000000
1693787247495026200 134.326650 1500.684848 1514 200 0.000000
1693787248511586367 134.854289 1483.434110 1508 200 0.000000
1693787249518603604 135.098459 1479.617183 1490 200 0.000000
1693787250530238111 134.725444 1483.737490 1501 200 0.000000
1693787251538637460 135.413610 1473.622491 1486 200 0.000000
1693787252546960143 134.257752 1488.610723 1501 200 0.000000
1693787253558685118 135.029231 1489.535228 1507 200 0.000000
1693787254570847998 135.765556 1469.131153 1487 200 0.000000
1693787255579708188 136.443528 1465.019648 1478 199 0.000000
1693787256590514415 135.081884 1487.921217 1504 200 0.000000
1693787257600221955 135.881698 1467.751516 1482 199 0.000000
1693787258610179718 135.441414 1470.358785 1485 200 0.000000
1693787259623946781 135.825000 1478.643366 1499 200 0.000000
