1694861730292898372 137.743771 0.000000
1694861730365285061 130.491668 0.000000
1694861731189092859 130.486821 0.000000
1694861731214987337 130.372049 0.000000
1694861731450269489 130.473358 0.000000
1694861731553286836 130.527211 0.000000
1694861732039825703 130.456537 0.000000
1694861733279040577 130.508774 0.000000
1694861733776336645 130.501221 0.000000
1694861733907088310 130.491637 0.000000
1694861734178715928 130.485544 0.000000
1694861737694888035 130.548319 0.000000
1694861738695832272 130.536072 0.000000
1694861739895595415 130.363240 0.000000
1694861740268498504 130.415480 0.000000
1694861740597211978 130.457204 0.000000
1694861740618020201 130.684812 0.000000
1694861741738037680 130.373325 0.000000
1694861742075272123 130.354909 0.000000
1694861743161607811 130.484843 0.000000
1694861743322220374 130.489825 0.000000
1694861744458157673 130.356125 0.000000
1694861744810110681 130.485249 0.000000
1694861745072352561 130.403776 0.000000
1694861747066686039 130.419367 0.000000
1694861748461016660 130.469950 0.000000
1694861748543636051 130.436509 0.000000
1694861748960726745 130.405940 0.000000
1694861749745958981 130.463022 0.000000
1694861749832425843 130.446614 0.000000
1694861749934809070 130.350623 0.000000
1694861751368600207 130.610651 0.000000
1694861755997894954 130.468936 0.000000
1694861757690145964 130.555880 0.000000
1694861759253410813 130.415822 0.000000
1694861759375137940 130.519157 0.000000
1694861759767358181 130.382744 0.000000
1694861759836161171 130.478814 0.000000
1694861759928563549 130.420407 0.000000
1694861760483471130 130.428351 0.000000
1694861760549908183 130.416529 0.000000
1694861761138478961 130.354936 0.000000
1694861761386857358 130.611909 0.000000
1694861761552915209 130.539463 0.000000
1694861762195458089 130.472652 0.000000
1694861763093689328 130.403370 0.000000
1694861765203138347 130.368610 0.000000
1694861766360842035 130.716095 0.000000
1694861766434333608 130.494221 0.000000
1694861767137059676 130.507180 0.000000
1694861767734964400 130.440083 0.000000
1694861768297567762 130.348180 0.000000
1694861768547551055 130.406207 0.000000
1694861768558684108 130.542752 0.000000
1694861769785909616 130.609953 0.000000
1694861769973622116 130.489313 0.000000
1694861770237127916 130.444214 0.000000
1694861770456216940 130.486789 0.000000
1694861771326025995 130.508092 0.000000
1694861771953682585 130.586705 0.000000
1694861772384684027 130.521360 0.000000
1694861772430250007 130.480498 0.000000
1694861772554879765 130.501301 0.000000
1694861772956025219 130.431026 0.000000
1694861773072184419 130.560828 0.000000
1694861773313690765 130.772226 0.000000
1694861773432802183 130.476076 0.000000
1694861773958377342 130.528000 0.000000
1694861774805346583 130.539238 0.000000
1694861774910090956 130.487469 0.000000
1694861776094398550 130.542307 0.000000
1694861778098790196 130.470315 0.000000
1694861778987810208 130.619394 0.000000
1694861779295332292 130.433807 0.000000
1694861780715381527 130.477695 0.000000
1694861781779757668 130.580138 0.000000
1694861781910049082 130.337706 0.000000
1694861782087487882 130.477600 0.000000
1694861783229688754 130.456757 0.000000
1694861783573430285 130.554645 0.000000
1694861784428319007 130.382631 0.000000
1694861784676970720 130.425227 0.000000
1694861784701586820 130.376862 0.000000
1694861784749575233 130.485961 0.000000
1694861785657200859 130.455700 0.000000
1694861785744261178 130.508175 0.000000
1694861785787675364 130.447496 0.000000
1694861786078771175 130.463837 0.000000
1694861786287992451 130.603078 0.000000
1694861786450571147 130.396132 0.000000
1694861787398409431 130.509164 0.000000
1694861787924184326 130.339420 0.000000
1694861788217604239 130.459785 0.000000
1694861788911473900 130.414635 0.000000
1694861793678690527 130.465343 0.000000
1694861794468117130 130.442783 0.000000
1694861794709749274 130.664433 0.000000
1694861798738240454 130.598392 0.000000
1694861800037400627 130.546091 0.000000
1694861800216826947 130.588415 0.000000
1694861802324851400 130.509048 0.000000
1694861803675651989 130.398316 0.000000
1694861805837458795 130.479646 0.000000
1694861805887547212 130.313640 0.000000
1694861807153596443 130.464610 0.000000
1694861811351505777 130.431469 0.000000
1694861812134688036 130.451380 0.000000
1694861813185610641 130.468829 0.000000
1694861813793621662 130.583944 0.000000
1694861814887164558 130.413201 0.000000
1694861814940173252 130.404345 0.000000
1694861814993075699 130.421711 0.000000
1694861818059603123 130.612607 0.000000
1694861818233795485 130.537226 0.000000
1694861818936057764 130.499164 0.000000
1694861819011938317 130.350310 0.000000
1694861820853979637 130.471142 0.000000
1694861821224791260 130.457513 0.000000
1694861821355174853 130.367400 0.000000
1694861822050427809 130.584374 0.000000
1694861822365289602 130.597728 0.000000
1694861822962051808 130.498858 0.000000
1694861824599489054 130.632426 0.000000
1694861825006666378 130.377770 0.000000
1694861825574215992 130.438297 0.000000
1694861826069556328 130.515395 0.000000
1694861827656624431 130.486493 0.000000
1694861827819123267 130.591416 0.000000
1694861828797917841 130.455938 0.000000
1694861829197279665 130.458647 0.000000
1694861831405738732 130.843927 0.000000
1694861831629128733 130.372401 0.000000
1694861831721918658 130.385617 0.000000
1694861832354113409 130.430321 0.000000
1694861833845786042 130.565772 0.000000
1694861834085732585 130.433729 0.000000
1694861834346732827 130.479053 0.000000
1694861835038917976 130.440312 0.000000
1694861835163754776 130.482995 0.000000
1694861836064104777 130.400710 0.000000
1694861836747763828 130.544000 0.000000
1694861837196999662 130.453088 0.000000
1694861837388499666 130.358946 0.000000
1694861837628390437 130.439393 0.000000
1694861837985495794 130.592637 0.000000
1694861839148650603 130.510044 0.000000
1694861839370885825 130.552904 0.000000
1694861839802356690 130.416730 0.000000
1694861839990315224 130.498012 0.000000
1694861840913500662 130.507240 0.000000
1694861841143641281 130.481336 0.000000
1694861841181239249 130.422291 0.000000
1694861841219383376 130.400241 0.000000
1694861841457945969 130.483017 0.000000
1694861842115909016 130.448890 0.000000
1694861842401879340 130.537559 0.000000
1694861845508187703 130.534875 0.000000
1694861845881061724 130.444609 0.000000
1694861846316277740 130.686530 0.000000
1694861846513925376 130.346216 0.000000
1694861846993339200 130.408013 0.000000
1694861847595103868 130.429766 0.000000
1694861847662140805 130.437950 0.000000
1694861848235757982 130.422319 0.000000
1694861848323687029 130.444016 0.000000
1694861848436021613 130.400521 0.000000
1694861850541866049 130.802565 0.000000
1694861851054925415 130.579938 0.000000
1694861852683841332 130.360840 0.000000
1694861852915869445 130.560570 0.000000
1694861853637885386 130.375018 0.000000
1694861853919850219 130.487520 0.000000
1694861854586419229 130.499781 0.000000
1694861854847394114 130.356082 0.000000
1694861855012672262 130.497437 0.000000
1694861855938071292 130.449456 0.000000
1694861857549589410 130.445848 0.000000
1694861857573726602 130.426476 0.000000
1694861860141762070 130.445477 0.000000
1694861860788209478 130.481484 0.000000
1694861861296920769 130.418816 0.000000
1694861861516265222 130.451947 0.000000
1694861863513486552 130.413853 0.000000
1694861863940935903 130.789382 0.000000
1694861863989785998 130.665376 0.000000
1694861864699179949 130.495597 0.000000
1694861866105522776 130.511401 0.000000
1694861867960494152 130.402622 0.000000
1694861868372500735 130.453474 0.000000
1694861868840090006 130.464890 0.000000
1694861869046941522 130.475687 0.000000
1694861869177434061 130.481952 0.000000
1694861869530523645 130.455714 0.000000
1694861869627258389 130.436978 0.000000
1694861870472532881 130.434882 0.000000
1694861871914774548 130.390704 0.000000
1694861872890217299 130.485671 0.000000
1694861872961429109 130.455321 0.000000
1694861874205338009 130.471172 0.000000
1694861874655674610 130.480765 0.000000
1694861875308794858 130.501747 0.000000
1694861875770043219 130.499074 0.000000
1694861876053506625 130.474860 0.000000
1694861876053516470 130.472371 0.000000
1694861876241155914 130.481757 0.000000
1694861876618465145 130.468243 0.000000
1694861877002027937 130.443252 0.000000
1694861877928006054 130.435348 0.000000
1694861877950509016 130.354512 0.000000
1694861878450394110 130.440581 0.000000
1694861878769710858 130.680494 0.000000
1694861879510927163 130.454712 0.000000
1694861880354304052 130.444791 0.000000
1694861881901913862 130.430829 0.000000
1694861881964733457 130.426627 0.000000
1694861882818980515 130.546512 0.000000
1694861883865932001 130.482227 0.000000
1694861884109863988 130.370047 0.000000
1694861884121544664 130.450832 0.000000
1694861886369223075 130.435215 0.000000
1694861886369410075 130.420603 0.000000
1694861887158792527 130.469629 0.000000
1694861889424192771 130.398304 0.000000
1694861889884238307 130.532269 0.000000
1694861889952067767 130.533217 0.000000
1694861890145049696 130.441847 0.000000
1694861890363289850 130.432788 0.000000
1694861890780593830 130.499798 0.000000
1694861891322039626 130.441323 0.000000
1694861891411765783 130.478213 0.000000
1694861892790076046 130.534467 0.000000
1694861894290121789 130.501754 0.000000
1694861894593270216 130.468736 0.000000
1694861895065800687 130.487515 0.000000
1694861895601293705 130.340809 0.000000
1694861896640757131 130.558255 0.000000
1694861896992918529 130.434351 0.000000
1694861897036717918 130.421317 0.000000
1694861897223320904 130.440316 0.000000
1694861897271070537 130.328982 0.000000
