1694226652391127474 152.911496 515.353032 513 2768 0.000000
1694226653398768004 153.138008 516.057053 520 3288 0.000000
1694226654402166859 152.397144 530.197932 532 3821 0.000000
1694226655411258975 155.835796 510.359788 515 4333 0.000000
1694226656415880265 149.296750 539.506742 542 4878 0.000000
1694226657421741465 151.511827 521.940801 525 5405 0.000000
1694226658427632346 147.976958 544.790717 548 5954 0.000000
1694226659431205308 152.220713 521.137988 523 6470 0.000000
1694226660436293907 155.229936 520.352145 523 6994 0.000000
1694226661440452866 153.256213 521.829718 524 7523 0.000000
1694226662439256340 155.417737 512.613366 512 8035 0.000000
1694226663453742251 152.042593 529.332168 537 8567 0.000000
1694226664457898886 154.162997 522.826799 525 9091 0.000000
1694226665464035468 153.738669 518.816201 522 9614 0.000000
1694226666468735940 151.545187 529.511090 532 10146 0.000000
1694226667473833960 152.304884 516.367525 519 10666 0.000000
1694226668481029117 153.277137 523.235237 527 11192 0.000000
1694226669484683736 153.031978 527.073749 529 11721 0.000000
1694226670491186749 155.362775 513.659687 517 12239 0.000000
1694226671496632607 155.564324 518.178051 521 12760 0.000000
1694226672501580774 150.028669 528.385431 531 13291 0.000000
1694226673507451429 151.674635 525.912536 529 13822 0.000000
1694226674510306789 152.385173 525.499539 527 14345 0.000000
1694226675517008095 155.188781 515.545213 519 14866 0.000000
1694226676522595743 147.930728 544.954958 548 15415 0.000000
1694226677527521716 151.752072 526.406916 529 15944 0.000000
1694226678532868930 155.578184 512.260850 515 16457 0.000000
1694226679539423018 147.516838 543.438279 547 17006 0.000000
1694226680540480001 150.619286 532.437204 533 17537 0.000000
1694226681550092907 154.955215 515.048843 520 18059 0.000000
1694226682554340219 152.667706 517.800778 520 18579 0.000000
1694226683559545059 155.175792 519.297138 522 19101 0.000000
1694226684564951015 150.980288 538.091092 541 19642 0.000000
1694226685571573041 153.439840 512.605511 516 20159 0.000000
1694226686576519814 151.638958 524.405883 527 20684 0.000000
1694226687582202286 154.700372 519.050508 522 21204 0.000000
1694226688584736681 153.707109 527.662713 529 21735 0.000000
1694226689592588541 148.392183 534.800819 539 22275 0.000000
1694226690596545198 150.837610 533.887590 536 22811 0.000000
1694226691603996143 152.483797 517.146750 521 23333 0.000000
1694226692608657544 149.775618 542.471321 545 23879 0.000000
1694226693609731271 149.629530 529.431537 530 24406 0.000000
1694226694619318336 153.166861 518.033587 523 24930 0.000000
1694226695624988485 151.006276 535.961031 539 25472 0.000000
1694226696628031300 150.365191 530.386118 532 26000 0.000000
1694226697635517613 147.521762 548.890872 553 26555 0.000000
1694226698641771890 148.775744 528.693352 532 27085 0.000000
1694226699646709018 151.907064 526.401101 529 27616 0.000000
1694226700652302981 152.752848 522.079546 525 28140 0.000000
1694226701654131187 153.314825 525.040095 526 28669 0.000000
1694226702662437176 153.360794 519.683517 524 29193 0.000000
1694226703667861976 153.235372 531.118808 534 29724 0.000000
1694226704673277882 150.340203 529.134238 532 30254 0.000000
1694226705677953070 152.476952 520.566252 523 30776 0.000000
1694226706683440078 149.975868 543.020453 546 31325 0.000000
1694226707686807114 158.121277 503.305342 505 31828 0.000000
1694226708694070540 153.077345 515.257468 519 32347 0.000000
1694226709699212190 152.000592 535.247911 538 32885 0.000000
1694226710705402642 150.282691 526.739262 530 33419 0.000000
1694226711711237666 151.849596 527.919595 531 33946 0.000000
1694226712716242167 155.276288 515.420577 518 34464 0.000000
1694226713715092279 156.396899 514.591720 514 34981 0.000000
1694226714726100653 150.628042 526.207313 532 35510 0.000000
1694226715732489583 151.581748 528.622672 532 36042 0.000000
1694226716736121726 151.162344 533.063793 535 36579 0.000000
1694226717742600983 152.312109 519.633192 523 37102 0.000000
1694226718746017629 154.389704 524.208969 526 37625 0.000000
1694226719752801537 152.300232 515.502879 519 38150 0.000000
1694226720742496327 154.939989 520.362465 515 38660 0.000000
1694226721760463140 152.730494 526.539743 536 39195 0.000000
1694226722770205001 152.611159 523.896299 529 39728 0.000000
1694226723772140170 148.253638 546.941543 548 40272 0.000000
1694226724781384807 150.161073 523.163525 528 40802 0.000000
1694226725786150637 154.273016 511.561995 514 41319 0.000000
1694226726790662849 154.403402 527.619276 530 41844 0.000000
1694226727796224018 152.745928 525.079944 528 42377 0.000000
1694226728802240043 151.942491 517.884395 521 42895 0.000000
1694226729805677030 155.249443 519.215463 521 43417 0.000000
1694226730812837915 152.385500 521.267250 525 43943 0.000000
1694226731816892040 153.730612 517.900365 520 44462 0.000000
1694226732823045795 153.957920 527.752346 531 44990 0.000000
1694226733827480103 151.515024 520.691114 523 45517 0.000000
1694226734833574393 154.831203 524.801724 528 46042 0.000000
1694226735839158938 154.954366 514.128799 517 46561 0.000000
1694226736843807930 149.830972 531.528891 534 47094 0.000000
1694226737848640384 158.174253 508.542528 511 47605 0.000000
1694226738851041539 151.304679 526.735250 528 48134 0.000000
1694226739858862148 151.472623 532.832880 537 48671 0.000000
1694226740861827131 154.838752 516.468679 518 49191 0.000000
1694226741870984380 150.916626 529.154401 534 49721 0.000000
1694226742874399509 155.145678 522.216564 524 50245 0.000000
1694226743878297269 150.785571 523.957738 526 50771 0.000000
1694226744887133559 151.803804 534.278972 539 51312 0.000000
1694226745893553155 149.304644 526.619304 530 51846 0.000000
1694226746898115478 149.372863 533.565680 536 52375 0.000000
1694226747904797808 157.997805 509.594755 513 52889 0.000000
1694226748907873658 149.719037 534.356381 536 53428 0.000000
1694226749915001402 152.930860 522.277347 526 53952 0.000000
1694226750915077703 151.479834 531.959411 532 54484 0.000000
1694226751925978271 150.096271 533.187961 539 55024 0.000000
1694226752924190773 147.734001 532.952636 532 55556 0.000000
1694226753937208607 148.066218 541.945071 549 56103 0.000000
1694226754942820629 156.374005 506.159397 509 56617 0.000000
1694226755947349813 150.977032 538.560749 541 57153 0.000000
1694226756949030510 152.731893 524.118698 525 57678 0.000000
1694226757958172386 156.085620 510.335003 515 58193 0.000000
1694226758962822826 153.695823 522.569841 525 58719 0.000000
1694226759968931163 155.247054 503.921840 507 59228 0.000000
1694226760973301651 150.478501 546.611054 549 59776 0.000000
1694226761978313002 149.571975 526.362216 529 60308 0.000000
1694226762984973929 151.224758 534.440174 538 60843 0.000000
1694226763990836302 151.584752 523.928493 527 61368 0.000000
1694226764996656754 150.149114 530.909870 534 61905 0.000000
1694226765998238251 150.700141 536.152075 537 62443 0.000000
1694226767007359985 151.881299 524.218260 529 62970 0.000000
1694226768012322270 154.604450 513.452066 516 63483 0.000000
1694226769016288119 152.109199 533.882667 536 64023 0.000000
1694226770019592174 154.212867 516.294165 518 64539 0.000000
1694226771026593899 151.997594 528.300987 532 65071 0.000000
1694226772032287834 149.358560 535.948320 539 65614 0.000000
1694226773037721378 150.567183 527.135824 530 66140 0.000000
1694226774043653261 152.058641 525.880539 529 66674 0.000000
1694226775048588421 152.080524 526.402124 529 67199 0.000000
1694226776052735173 154.335649 525.819540 528 67728 0.000000
1694226777055564825 153.526579 516.538413 518 68248 0.000000
1694226778062543491 149.129201 532.285334 536 68780 0.000000
1694226779065927037 152.117485 530.206020 532 69312 0.000000
1694226780075901877 147.497034 545.558175 551 69863 0.000000
1694226781078440034 151.233872 517.685982 519 70384 0.000000
1694226782082736204 153.125718 528.728504 531 70913 0.000000
1694226783091956364 152.060331 525.157954 530 71443 0.000000
1694226784095948782 156.703821 507.971972 510 71953 0.000000
1694226785102769891 155.213198 511.510921 515 72471 0.000000
1694226786108226697 150.431273 536.074765 539 73005 0.000000
1694226787112971795 152.421984 521.525309 524 73531 0.000000
1694226788118660446 152.630539 531.973787 535 74069 0.000000
1694226789120772474 151.841110 525.889308 527 74591 0.000000
1694226790125582293 149.468667 529.453414 532 75129 0.000000
1694226791133896958 148.836838 545.464642 550 75675 0.000000
1694226792139788582 154.664936 515.960177 519 76195 0.000000
1694226793136978949 147.648611 541.521474 540 76733 0.000000
1694226794148387687 152.306560 528.965169 535 77267 0.000000
1694226795156367089 151.045497 518.859835 523 77790 0.000000
1694226796158812548 151.997452 537.685062 539 78331 0.000000
1694226797163279190 150.037729 529.634340 532 78862 0.000000
1694226798170291720 152.201173 522.337119 526 79387 0.000000
1694226799174106809 152.595778 528.981887 531 79918 0.000000
1694226800182374953 152.723521 517.719383 522 80443 0.000000
1694226801184236811 151.906276 529.015049 530 80972 0.000000
1694226802190549992 149.749527 536.612289 540 81511 0.000000
1694226803195014812 150.012041 525.653069 528 82040 0.000000
1694226804202653184 153.798117 518.042961 522 82563 0.000000
1694226805207779877 150.775062 537.245752 540 83103 0.000000
1694226806213322087 154.206734 518.128377 521 83623 0.000000
1694226807219705559 156.554050 508.752396 512 84136 0.000000
1694226808221567600 144.970948 552.970341 554 84689 0.000000
1694226809228413141 159.235855 502.559712 506 85197 0.000000
1694226810230403677 153.310719 523.957058 525 85719 0.000000
1694226811239094212 152.742256 524.442313 529 86249 0.000000
1694226812244226839 157.749755 510.380436 513 86763 0.000000
1694226813250351881 152.649693 520.809993 524 87287 0.000000
1694226814256959211 149.264267 534.468574 538 87824 0.000000
1694226815261915883 156.211908 516.440160 519 88341 0.000000
1694226816267397077 151.598998 524.127213 527 88870 0.000000
1694226817270598341 154.580101 513.356571 515 89384 0.000000
1694226818274973008 152.287077 535.656694 538 89922 0.000000
1694226819281261284 147.196978 541.594311 545 90470 0.000000
1694226820286239190 152.836259 517.424293 520 90988 0.000000
1694226821293471441 151.303164 523.215984 527 91518 0.000000
