1694861927988158491 283.711798 0.000000
1694861928227218194 284.307570 0.000000
1694861928943606041 283.704125 0.000000
1694861928978024331 284.085814 0.000000
1694861929288915662 284.233764 0.000000
1694861929693228420 284.390174 0.000000
1694861929946672414 284.311856 0.000000
1694861931697593730 284.362383 0.000000
1694861931850400575 283.041722 0.000000
1694861935068111006 284.537556 0.000000
1694861938485372138 283.736389 0.000000
1694861939981272712 284.216122 0.000000
1694861940316862405 284.415467 0.000000
1694861941351743780 284.242840 0.000000
1694861942143684600 283.626294 0.000000
1694861942756821557 283.436386 0.000000
1694861943098760799 284.393030 0.000000
1694861943794055489 284.474716 0.000000
1694861944489294573 284.117734 0.000000
1694861946276833733 284.123271 0.000000
1694861947264683790 283.657957 0.000000
1694861947527057670 284.069601 0.000000
1694861950040871422 283.705824 0.000000
1694861951291049836 284.560721 0.000000
1694861954068539657 284.083202 0.000000
1694861954280703744 283.590531 0.000000
1694861956042556198 284.220167 0.000000
1694861958894793810 283.261252 0.000000
1694861959385126839 284.164813 0.000000
1694861959782304100 283.326860 0.000000
1694861961217221677 283.799337 0.000000
1694861962822004519 283.708199 0.000000
1694861963064225257 283.779761 0.000000
1694861964734834474 284.406205 0.000000
1694861965180210147 283.415446 0.000000
1694861966468675229 284.057458 0.000000
1694861966792065517 284.429950 0.000000
1694861967900112126 284.046422 0.000000
1694861970535410393 284.156910 0.000000
1694861971319930887 283.857702 0.000000
1694861972183179506 284.248106 0.000000
1694861974579940119 283.821663 0.000000
1694861974785490225 283.517059 0.000000
1694861975699561979 283.966306 0.000000
1694861976433102063 283.453209 0.000000
1694861977891005751 283.468686 0.000000
1694861978305595248 284.039381 0.000000
1694861980600240424 283.891410 0.000000
1694861980748760780 283.698020 0.000000
1694861981534464921 284.014192 0.000000
1694861982334920754 283.480544 0.000000
1694861982936274625 284.322725 0.000000
1694861984327549663 284.520095 0.000000
1694861985270566983 284.492611 0.000000
1694861985526420756 284.341519 0.000000
1694861986759411913 283.885056 0.000000
1694861989914190347 283.979180 0.000000
1694861991374192649 284.615477 0.000000
1694861992493043109 284.459579 0.000000
1694861992544573158 283.909542 0.000000
1694861994047344772 284.297552 0.000000
1694861997014255365 284.222973 0.000000
1694861997652833925 283.908480 0.000000
1694861997931660829 284.514917 0.000000
1694861999268325324 283.565812 0.000000
1694861999955278370 284.315208 0.000000
1694862000144449102 284.388584 0.000000
1694862000253361156 283.402050 0.000000
1694862000388719395 283.792500 0.000000
1694862000663522174 283.365505 0.000000
1694862001877827813 283.908380 0.000000
1694862002534748689 284.368617 0.000000
1694862002934658381 283.691454 0.000000
1694862003615617582 284.287313 0.000000
1694862003711442924 284.333074 0.000000
1694862005731488823 284.103309 0.000000
1694862007243588234 284.010597 0.000000
1694862008005241682 284.188478 0.000000
1694862009978519289 283.360313 0.000000
1694862010794611253 283.425279 0.000000
1694862011225984424 284.389361 0.000000
1694862011789985126 283.807805 0.000000
1694862015334317896 284.246522 0.000000
1694862015885417519 283.398387 0.000000
1694862016281865415 283.355792 0.000000
1694862017619425616 284.642881 0.000000
1694862018352538458 284.266424 0.000000
1694862018565539714 284.377187 0.000000
1694862018848841776 283.936295 0.000000
1694862019602484909 284.243099 0.000000
1694862019964325144 283.589546 0.000000
1694862021127580800 283.909713 0.000000
1694862024621841150 284.187555 0.000000
1694862025625937432 283.720461 0.000000
1694862029544059901 284.374657 0.000000
1694862029625614829 284.600597 0.000000
1694862030990095357 284.018235 0.000000
1694862031464889203 284.007335 0.000000
1694862032120001795 283.616660 0.000000
1694862033801992790 283.803449 0.000000
1694862035864275447 284.129224 0.000000
1694862038792275276 283.434982 0.000000
1694862039081211269 284.348886 0.000000
1694862039719123995 283.574917 0.000000
1694862039819551796 284.056919 0.000000
1694862041211863701 283.612696 0.000000
1694862041987682372 284.500599 0.000000
1694862045895206564 283.658923 0.000000
1694862046296430331 284.365589 0.000000
1694862046662410888 283.884840 0.000000
1694862048502187606 284.136144 0.000000
1694862048985613874 284.683500 0.000000
1694862051563956169 283.527321 0.000000
1694862052173697652 283.620052 0.000000
1694862053137772707 284.508241 0.000000
1694862054283708227 283.631323 0.000000
1694862056032197044 283.422421 0.000000
1694862057265371989 284.641186 0.000000
1694862057371705952 283.759522 0.000000
1694862058430847260 284.574099 0.000000
1694862058971508607 283.547759 0.000000
1694862060774532345 284.070501 0.000000
1694862061757321680 283.637197 0.000000
1694862064886145789 283.340572 0.000000
1694862065631744174 284.393334 0.000000
1694862068629336765 284.618052 0.000000
1694862068927752170 284.248632 0.000000
1694862069266830198 283.897609 0.000000
1694862069517861048 284.474297 0.000000
1694862074623783014 283.436745 0.000000
1694862077927289110 284.052329 0.000000
1694862078291391033 283.466062 0.000000
1694862078450445197 283.558258 0.000000
1694862080942335023 284.485388 0.000000
1694862084014841583 283.669211 0.000000
1694862084618212290 283.847396 0.000000
1694862085700023965 283.637413 0.000000
1694862086902943555 284.083500 0.000000
1694862089950477570 283.677184 0.000000
1694862092861759172 284.197487 0.000000
1694862094077135205 284.293115 0.000000
1694862094437459216 284.024012 0.000000
1694862094962805602 283.431928 0.000000
1694862095557215660 284.075908 0.000000
1694862096142814043 283.830447 0.000000
