1695146781820571033 72.307738 0.000000
1695146781821467764 72.372693 0.000000
1695146782109395495 72.297366 0.000000
1695146782326901545 72.459219 0.000000
1695146782399760434 72.366416 0.000000
1695146782472277819 72.342491 0.000000
1695146782472677816 72.338942 0.000000
1695146782545090838 72.358946 0.000000
1695146782978456679 72.345303 0.000000
1695146783049961335 72.390896 0.000000
1695146783267997872 72.372932 0.000000
1695146783557012136 72.299936 0.000000
1695146783846388661 72.334537 0.000000
1695146784208484763 72.290695 0.000000
1695146784425055417 72.303351 0.000000
1695146784497202752 72.411251 0.000000
1695146784570315699 72.277194 0.000000
1695146784858467362 72.302463 0.000000
1695146784859218461 72.408463 0.000000
1695146784859974854 72.315537 0.000000
1695146785003097670 72.281267 0.000000
1695146785076352153 72.220490 0.000000
1695146785149182518 72.301691 0.000000
1695146785292230879 72.305920 0.000000
1695146785509960325 72.196962 0.000000
1695146785581627805 72.405212 0.000000
1695146785581679509 72.470354 0.000000
1695146785655437282 72.327497 0.000000
1695146785725569676 72.392797 0.000000
1695146785726287177 72.296388 0.000000
1695146785727379969 72.485462 0.000000
1695146785727735471 72.273253 0.000000
1695146786014886209 72.382434 0.000000
1695146786232013316 72.384027 0.000000
1695146786232614974 72.282987 0.000000
1695146786304816654 72.259674 0.000000
1695146786378749993 72.248820 0.000000
1695146786450397170 72.318471 0.000000
1695146786451142727 72.305470 0.000000
1695146786594090730 72.376508 0.000000
1695146786739490329 72.187580 0.000000
1695146786956599683 72.333611 0.000000
1695146787028618715 72.392583 0.000000
1695146787028747931 72.281885 0.000000
1695146787100935182 72.303693 0.000000
1695146787172644601 72.445831 0.000000
1695146787173368840 72.367849 0.000000
1695146787318774150 72.367766 0.000000
1695146787390561074 72.318274 0.000000
1695146787462951100 72.363680 0.000000
1695146787534804789 72.314276 0.000000
1695146787607215419 72.255392 0.000000
1695146787607851772 72.294790 0.000000
1695146787751328175 72.353585 0.000000
1695146787752659490 72.401490 0.000000
1695146787825024778 72.450587 0.000000
1695146787896572225 72.284027 0.000000
1695146787969020273 72.318205 0.000000
1695146788041277070 72.243330 0.000000
1695146788256803984 72.294372 0.000000
1695146788331476558 72.391861 0.000000
1695146788403057282 72.324879 0.000000
1695146788474514683 72.341398 0.000000
1695146788476121996 72.304017 0.000000
1695146788548483436 72.263474 0.000000
1695146788692097305 72.270637 0.000000
1695146788837406013 72.383023 0.000000
1695146788908541986 72.282285 0.000000
1695146788982125098 72.292963 0.000000
1695146789053532051 72.257900 0.000000
1695146789126192210 72.318525 0.000000
1695146789415394963 72.206864 0.000000
1695146789630939890 72.506447 0.000000
1695146789631945252 72.357911 0.000000
1695146789777156460 72.291887 0.000000
1695146789849453987 72.281297 0.000000
1695146789993109795 72.338939 0.000000
1695146789993961656 72.285739 0.000000
1695146790066573944 72.533190 0.000000
1695146790211165796 72.274734 0.000000
1695146790283005510 72.360111 0.000000
1695146790355038348 72.283309 0.000000
1695146790355742463 72.562944 0.000000
1695146790572696384 72.352017 0.000000
1695146790645458453 72.433742 0.000000
1695146790645481526 72.393526 0.000000
1695146790716539919 72.283842 0.000000
1695146790935027484 72.565154 0.000000
1695146790935136624 72.535445 0.000000
1695146791007484153 72.338850 0.000000
1695146791152183696 72.347074 0.000000
1695146791152256598 72.386474 0.000000
1695146791366652740 72.280560 0.000000
1695146791730621966 72.248509 0.000000
1695146791801470933 72.241908 0.000000
1695146791873629773 72.307891 0.000000
1695146791945092248 72.307887 0.000000
1695146792018749775 72.317060 0.000000
1695146792234897823 72.310755 0.000000
1695146792380006702 72.244725 0.000000
1695146792596406643 72.361919 0.000000
1695146792886065751 72.347891 0.000000
1695146792886330601 72.403501 0.000000
1695146793032319598 72.294294 0.000000
1695146793032383911 72.211197 0.000000
1695146793103384788 72.289472 0.000000
1695146793175910709 72.462849 0.000000
1695146793248317613 72.342027 0.000000
1695146793321668811 72.360112 0.000000
1695146793464851684 72.347991 0.000000
1695146793682294723 72.428962 0.000000
1695146793682568588 72.270429 0.000000
1695146793683395504 72.310676 0.000000
1695146793752953929 72.319120 0.000000
1695146793755708720 72.318093 0.000000
1695146793825858280 72.294648 0.000000
1695146793970247596 72.323859 0.000000
1695146793970328420 72.315730 0.000000
1695146793972205262 72.248833 0.000000
1695146794044839367 72.259063 0.000000
1695146794116350930 72.518262 0.000000
1695146794116418685 72.528802 0.000000
1695146794334038777 72.364610 0.000000
1695146794404241245 72.297378 0.000000
1695146794478600663 72.375006 0.000000
1695146794623217914 72.449951 0.000000
1695146794768035230 72.321967 0.000000
1695146794910017216 72.364551 0.000000
1695146794984954402 72.425196 0.000000
1695146794985086966 72.318480 0.000000
1695146795055256919 72.417578 0.000000
1695146795056677786 72.306526 0.000000
1695146795126938322 72.314259 0.000000
1695146795201463932 72.464532 0.000000
1695146795201693237 72.470166 0.000000
1695146795344439787 72.286353 0.000000
1695146795346747471 72.394351 0.000000
1695146795418912567 72.342047 0.000000
1695146795491357378 72.430031 0.000000
1695146795491599216 72.380557 0.000000
1695146795562569241 72.414282 0.000000
1695146795708394428 72.408523 0.000000
1695146795780207959 72.381234 0.000000
1695146795924880829 72.293351 0.000000
1695146795994828491 72.345375 0.000000
1695146795997859866 72.402341 0.000000
1695146796214101473 72.263758 0.000000
1695146796431207162 72.371045 0.000000
1695146796576094831 72.272332 0.000000
1695146796645269364 72.374470 0.000000
1695146796648122407 72.305623 0.000000
1695146796717683930 72.340218 0.000000
1695146796793776686 72.369885 0.000000
1695146796866244051 72.450334 0.000000
1695146797083017984 72.275973 0.000000
1695146797298403990 72.359455 0.000000
1695146797368790699 72.407776 0.000000
1695146797441211414 72.306837 0.000000
1695146797513505067 72.265513 0.000000
1695146797516796392 72.350023 0.000000
1695146797585747488 72.358055 0.000000
1695146797730557937 72.427899 0.000000
1695146797804338224 72.273762 0.000000
1695146797804514435 72.312256 0.000000
1695146797875316273 72.290132 0.000000
1695146798019709854 72.250723 0.000000
1695146798021490472 72.289107 0.000000
1695146798093640358 72.317716 0.000000
1695146798381394460 72.430668 0.000000
1695146798384581989 72.373820 0.000000
1695146798453858969 72.391133 0.000000
1695146798457156998 72.284605 0.000000
1695146798527711811 72.289644 0.000000
1695146798529366175 72.389604 0.000000
1695146798599967994 72.307268 0.000000
1695146798674231385 72.409671 0.000000
1695146798743122444 72.281643 0.000000
1695146798746621695 72.378657 0.000000
1695146798815376309 72.314045 0.000000
1695146798960107645 72.428775 0.000000
1695146799035454023 72.321941 0.000000
1695146799104829987 72.413508 0.000000
1695146799104911214 72.437997 0.000000
1695146799252595528 72.271483 0.000000
1695146799253124780 72.310900 0.000000
1695146799321805713 72.318234 0.000000
1695146799542181894 72.448894 0.000000
1695146799611048312 72.265860 0.000000
1695146799614583608 72.387151 0.000000
1695146799682997710 72.311287 0.000000
1695146799757412293 72.342228 0.000000
1695146800695532020 72.328323 0.000000
1695146800768199579 72.345647 0.000000
1695146800913048522 72.451959 0.000000
1695146800913315421 72.347798 0.000000
1695146800915602603 72.337960 0.000000
1695146801057642506 72.386605 0.000000
1695146801061155639 72.361767 0.000000
1695146801130238801 72.282160 0.000000
1695146801133265553 72.339741 0.000000
1695146801274499176 72.339537 0.000000
1695146801277189563 72.334092 0.000000
1695146801350334780 72.338511 0.000000
1695146801491709467 72.359133 0.000000
1695146801491764599 72.356704 0.000000
1695146801566334030 72.335637 0.000000
1695146801636501801 72.357085 0.000000
1695146801711144686 72.302663 0.000000
1695146801711163222 72.325503 0.000000
1695146802001475280 72.296329 0.000000
1695146802069758244 72.718164 0.000000
1695146802070957339 72.430188 0.000000
1695146802289467724 72.219587 0.000000
1695146802432697429 72.267277 0.000000
1695146802435383437 72.352304 0.000000
1695146802649116046 72.316554 0.000000
1695146802721064177 72.266061 0.000000
1695146802794452723 72.429429 0.000000
1695146802796907834 72.301506 0.000000
1695146802939629602 72.259175 0.000000
1695146803012642954 72.410060 0.000000
1695146803156166127 72.422113 0.000000
1695146803158537951 72.254191 0.000000
1695146803373374910 72.372810 0.000000
1695146803373737945 72.285329 0.000000
1695146803447948886 72.210222 0.000000
1695146803520342056 72.396546 0.000000
1695146803664788001 72.237728 0.000000
1695146803664930704 72.326040 0.000000
1695146803807770874 72.304157 0.000000
1695146803881469175 72.338338 0.000000
1695146803952562640 72.490912 0.000000
1695146804025007506 72.618637 0.000000
1695146804243875407 72.479888 0.000000
1695146804314067016 72.306371 0.000000
1695146804388078576 72.277250 0.000000
1695146804460181463 72.417967 0.000000
1695146804530972575 72.354725 0.000000
1695146804677186519 72.297746 0.000000
1695146804748474329 72.429689 0.000000
1695146805472972838 72.734286 0.000000
1695146805617807780 72.322703 0.000000
1695146805833862744 72.301065 0.000000
1695146805906606021 72.420494 0.000000
1695146805978973717 72.289258 0.000000
1695146806124572544 72.270172 0.000000
1695146806486702883 72.257232 0.000000
1695146806557813075 72.350255 0.000000
1695146806630459186 73.119464 0.000000
1695146806630578657 72.791290 0.000000
1695146806630680446 72.333023 0.000000
1695146806631188713 72.327900 0.000000
1695146806703975944 72.564604 0.000000
1695146806775544279 72.324631 0.000000
1695146807209460166 72.352133 0.000000
1695146807210981994 72.344482 0.000000
1695146807355729853 72.464782 0.000000
1695146807428076660 72.415888 0.000000
1695146807571127030 72.359570 0.000000
1695146807572213270 72.254105 0.000000
1695146807717939573 72.418233 0.000000
1695146807790065892 72.329456 0.000000
1695146808079479954 72.286133 0.000000
1695146808367673181 72.349556 0.000000
1695146808513643714 72.504627 0.000000
1695146808803247523 72.363087 0.000000
1695146808948124446 72.347019 0.000000
1695146809021086286 72.387510 0.000000
1695146809165233148 72.668166 0.000000
1695146809238869693 72.736760 0.000000
1695146809311482548 72.528339 0.000000
1695146809527114602 72.357993 0.000000
1695146809600859080 72.272452 0.000000
1695146809672760735 72.338249 0.000000
1695146809745209002 72.412112 0.000000
1695146809816562236 72.345839 0.000000
1695146809818103324 72.343055 0.000000
1695146809890305450 72.567614 0.000000
1695146810107510718 72.297949 0.000000
1695146810178800958 72.407753 0.000000
1695146810179473693 72.293312 0.000000
1695146810323291764 72.381892 0.000000
1695146810323895503 72.339868 0.000000
1695146810540404567 72.261806 0.000000
1695146810758958961 72.401138 0.000000
1695146810829775790 72.289079 0.000000
1695146811119962622 72.264155 0.000000
1695146811409412744 72.334044 0.000000
1695146811553697426 72.340659 0.000000
1695146811554131060 72.539335 0.000000
1695146811770348216 72.331112 0.000000
1695146811915747475 72.344876 0.000000
1695146812059873418 72.446108 0.000000
1695146812132290002 72.400563 0.000000
1695146812204443225 72.423853 0.000000
1695146812278149843 72.329879 0.000000
1695146812278237933 72.269947 0.000000
1695146812640319060 72.579831 0.000000
1695146812712303548 72.511965 0.000000
1695146812857762779 72.672150 0.000000
1695146813074952367 72.365473 0.000000
1695146813217885280 72.264088 0.000000
1695146813290257297 72.319159 0.000000
1695146813436556692 72.396594 0.000000
1695146813579782170 72.417936 0.000000
1695146813652420451 72.362856 0.000000
1695146813724603384 72.436512 0.000000
1695146813726177451 72.337096 0.000000
1695146813798376200 72.299454 0.000000
1695146813798555998 72.364438 0.000000
1695146813869177984 72.297366 0.000000
1695146813941850874 72.277001 0.000000
1695146813942023319 72.360925 0.000000
1695146814015558875 72.296968 0.000000
1695146814232692022 72.365498 0.000000
1695146814377381682 72.448729 0.000000
1695146814522393083 73.027147 0.000000
1695146814739715941 72.349479 0.000000
1695146815029850594 72.325333 0.000000
1695146815102107945 72.479053 0.000000
1695146815318792108 72.325443 0.000000
1695146815319765074 72.259235 0.000000
1695146815391798802 72.316494 0.000000
1695146815392591176 72.445041 0.000000
1695146815610091816 72.430636 0.000000
1695146815681612163 72.653559 0.000000
1695146815753832082 72.430426 0.000000
1695146815754407554 72.442958 0.000000
1695146815754984684 72.441929 0.000000
1695146815826317687 72.453300 0.000000
1695146815827237496 72.355509 0.000000
1695146815899432457 72.349171 0.000000
1695146816044547599 72.438045 0.000000
1695146816115724338 72.326910 0.000000
1695146816188010083 72.269327 0.000000
1695146816188338402 72.580825 0.000000
1695146816189496363 72.398751 0.000000
1695146816404896350 72.298965 0.000000
1695146816551051325 72.518198 0.000000
1695146816551110543 72.597599 0.000000
1695146816695299727 72.238313 0.000000
1695146816839145625 72.373647 0.000000
1695146817056319375 72.367403 0.000000
1695146817056372724 72.397195 0.000000
1695146817201367977 72.234812 0.000000
1695146817419385555 72.337772 0.000000
1695146817562990798 72.289412 0.000000
1695146817634726306 72.319202 0.000000
1695146817708599640 72.402523 0.000000
1695146817780149728 72.315672 0.000000
1695146817852707938 72.549649 0.000000
1695146817853568564 72.374841 0.000000
1695146818213618302 72.421030 0.000000
1695146818213891674 72.384146 0.000000
1695146818936883026 72.338971 0.000000
1695146818938776256 72.293023 0.000000
1695146819010157146 72.299331 0.000000
1695146819154674094 72.304930 0.000000
1695146819372927916 72.473093 0.000000
1695146820095189972 72.329765 0.000000
1695146820096020160 72.284055 0.000000
1695146820168380384 72.349066 0.000000
1695146820311977121 72.338818 0.000000
1695146820313007646 72.312582 0.000000
1695146820385550330 72.311072 0.000000
1695146821109296453 72.311253 0.000000
1695146821326046222 72.424778 0.000000
1695146821326071237 72.386000 0.000000
1695146821326802477 72.310284 0.000000
1695146821470710633 72.394019 0.000000
1695146821471323558 72.308042 0.000000
1695146821543072278 72.310359 0.000000
1695146821543871636 72.314417 0.000000
1695146821615037881 72.439101 0.000000
1695146821615866646 72.268924 0.000000
1695146821688011999 72.249543 0.000000
1695146821688214635 72.331449 0.000000
1695146821688526832 72.389512 0.000000
1695146821904549201 72.270181 0.000000
1695146821977281537 72.332401 0.000000
1695146821978340296 72.405559 0.000000
1695146822194621798 72.522973 0.000000
1695146822340116793 72.414588 0.000000
1695146822485139144 72.317310 0.000000
1695146822701427629 72.367625 0.000000
1695146822701849388 72.344914 0.000000
1695146822702486783 72.355669 0.000000
1695146822702558867 72.400337 0.000000
1695146822991952672 72.424944 0.000000
1695146823353845771 72.373437 0.000000
1695146823354148521 72.282378 0.000000
1695146823425855716 72.420844 0.000000
1695146823498566779 72.484679 0.000000
1695146823571695276 72.892803 0.000000
1695146823716514400 72.387963 0.000000
1695146823932799210 72.364019 0.000000
1695146823933360185 72.491660 0.000000
1695146824005679371 72.289068 0.000000
1695146824006276433 72.324432 0.000000
1695146824150538694 72.343529 0.000000
1695146824221280785 72.285987 0.000000
1695146824221935115 72.235086 0.000000
1695146824222962181 72.450686 0.000000
1695146824440248513 72.391199 0.000000
1695146824440291545 72.262937 0.000000
1695146824511044348 72.296509 0.000000
1695146824512744525 72.530948 0.000000
1695146824727977549 72.379913 0.000000
1695146824872584573 72.263101 0.000000
1695146824873913263 72.343374 0.000000
1695146824944441073 72.299052 0.000000
1695146825019174464 72.331980 0.000000
1695146825090743028 72.220128 0.000000
1695146825163938956 72.351862 0.000000
1695146825306303249 72.255929 0.000000
1695146825598041386 72.360013 0.000000
1695146825668756960 72.218040 0.000000
1695146825670354846 72.297444 0.000000
1695146825813984425 72.246319 0.000000
1695146825959490906 72.281614 0.000000
1695146826175560886 72.343367 0.000000
1695146826246913595 72.320620 0.000000
1695146826391641545 72.371897 0.000000
1695146826463716123 72.390866 0.000000
1695146826537411833 72.292435 0.000000
1695146826609220794 72.455501 0.000000
1695146826609755938 72.310187 0.000000
1695146826681838294 72.601010 0.000000
1695146826827088049 72.340741 0.000000
1695146826899181545 72.301276 0.000000
1695146827044538928 72.436677 0.000000
1695146827478027053 72.284186 0.000000
1695146827696734122 72.340828 0.000000
1695146827768758247 72.272610 0.000000
1695146827986361322 72.459533 0.000000
1695146827986400745 72.483178 0.000000
1695146828057421885 72.317292 0.000000
1695146828131044514 72.228748 0.000000
1695146828275083521 72.340844 0.000000
1695146828347732184 72.421780 0.000000
1695146828492010194 72.504051 0.000000
1695146828564347764 72.358285 0.000000
1695146828565540626 72.457263 0.000000
1695146828636912409 72.358969 0.000000
1695146828709652523 72.356853 0.000000
1695146828854258581 72.432825 0.000000
1695146828926818846 72.565028 0.000000
1695146828999493149 72.455900 0.000000
1695146829072648972 72.592014 0.000000
1695146829144392604 72.858164 0.000000
1695146829145078746 72.522709 0.000000
1695146829361942909 72.276536 0.000000
1695146829362337989 72.574908 0.000000
1695146829362806809 72.574981 0.000000
1695146829362909717 72.519028 0.000000
1695146829507956739 72.559954 0.000000
1695146829579065790 72.223075 0.000000
1695146829723685445 72.304650 0.000000
1695146829796523442 72.274832 0.000000
1695146829797416795 72.483759 0.000000
1695146829869448427 72.330073 0.000000
1695146829941873515 72.366156 0.000000
1695146830013162557 72.402841 0.000000
1695146830086336098 72.298974 0.000000
1695146830231207260 72.515384 0.000000
1695146830448683692 72.482620 0.000000
1695146830520800208 72.466269 0.000000
1695146830591952078 72.619339 0.000000
1695146830665946903 72.404245 0.000000
1695146831027769248 72.262397 0.000000
1695146831099826683 72.402385 0.000000
1695146831172627092 72.424626 0.000000
1695146831244923855 72.451707 0.000000
1695146831461954734 72.288880 0.000000
1695146831678297626 72.346930 0.000000
1695146831679258195 72.380956 0.000000
1695146831750300946 72.316632 0.000000
1695146831751164870 72.312024 0.000000
1695146831822892987 72.401774 0.000000
1695146831823166779 72.440260 0.000000
1695146831823745671 72.262624 0.000000
1695146831896551195 72.361789 0.000000
1695146832040765120 72.244682 0.000000
1695146832257860431 72.357829 0.000000
1695146832475154478 72.423238 0.000000
1695146832691229292 72.362139 0.000000
1695146832692752103 72.399700 0.000000
1695146832909427999 72.320272 0.000000
1695146833053203813 72.386227 0.000000
1695146833415969550 72.306288 0.000000
1695146833416176246 72.394739 0.000000
1695146833487864106 72.277687 0.000000
1695146833560033147 72.441063 0.000000
1695146833705035662 72.435315 0.000000
1695146833705113329 72.568341 0.000000
1695146833705223756 72.450222 0.000000
1695146833777255823 72.324392 0.000000
1695146833778554442 72.604578 0.000000
1695146833851191588 73.220330 0.000000
1695146833923811935 72.630867 0.000000
1695146833996464688 72.328879 0.000000
1695146834212777102 72.396069 0.000000
1695146834285591693 72.306775 0.000000
1695146834285831521 72.326262 0.000000
1695146834574367161 72.273338 0.000000
1695146834575245637 72.487457 0.000000
1695146834720096578 72.373671 0.000000
1695146834720152728 72.413670 0.000000
1695146834791321404 72.320942 0.000000
1695146834792592899 72.431446 0.000000
1695146834864744240 72.364611 0.000000
1695146835082186267 72.431973 0.000000
1695146835153066269 72.345180 0.000000
1695146835370185001 72.461780 0.000000
1695146835661084371 72.423528 0.000000
1695146835733218048 72.290827 0.000000
1695146835950125126 72.296321 0.000000
1695146836023124411 72.874781 0.000000
1695146836023202045 72.625741 0.000000
1695146836167063028 72.422470 0.000000
1695146836311854297 72.260473 0.000000
1695146836312288453 72.254614 0.000000
1695146836457935345 72.438860 0.000000
1695146836674588321 72.393213 0.000000
1695146836674601408 72.272281 0.000000
1695146836747444759 72.268077 0.000000
1695146836818894008 72.452069 0.000000
1695146836819159151 72.316057 0.000000
1695146836963045230 72.427646 0.000000
1695146836963618494 72.361846 0.000000
1695146836963728193 72.423034 0.000000
1695146836963749188 72.301329 0.000000
1695146837181173615 72.306520 0.000000
1695146837181834978 72.358593 0.000000
1695146837254628079 72.436518 0.000000
1695146837326145480 72.296983 0.000000
1695146837398817688 72.316985 0.000000
1695146837470163461 72.347598 0.000000
1695146837614958333 72.338958 0.000000
1695146837760160086 72.329159 0.000000
1695146837905484608 72.412782 0.000000
1695146837905825382 72.342216 0.000000
1695146837978258400 72.359876 0.000000
1695146838050269978 72.363049 0.000000
1695146838195233005 72.226100 0.000000
1695146838266842553 72.312999 0.000000
1695146838267772529 72.353722 0.000000
1695146838340165885 72.332431 0.000000
1695146838411137872 72.317280 0.000000
1695146838412247962 72.392039 0.000000
1695146838629310278 72.293206 0.000000
1695146838846803370 72.346048 0.000000
1695146838918794571 72.302182 0.000000
1695146839207752425 72.329109 0.000000
1695146839280223351 72.459321 0.000000
1695146839352695150 72.455416 0.000000
1695146839424956955 72.311612 0.000000
1695146839425511259 72.671003 0.000000
1695146839425958183 72.861524 0.000000
1695146839571234671 72.545136 0.000000
1695146839788132162 72.564606 0.000000
1695146839859382743 72.320715 0.000000
1695146839860463698 72.320879 0.000000
1695146839860485117 72.350773 0.000000
1695146840005129167 72.256978 0.000000
1695146840005687544 72.365268 0.000000
1695146840221692536 72.537649 0.000000
1695146840294144454 72.350581 0.000000
1695146840438905423 72.369139 0.000000
1695146840439157308 72.306004 0.000000
1695146841163343833 72.254868 0.000000
1695146841235807659 72.329692 0.000000
1695146841307872445 72.415767 0.000000
1695146841308416140 72.281117 0.000000
1695146841743192856 72.461127 0.000000
1695146841814683185 72.311284 0.000000
1695146842031833050 72.432330 0.000000
1695146842176537655 72.332138 0.000000
1695146842177305575 72.342038 0.000000
1695146842465416999 72.299704 0.000000
1695146842466672148 72.492039 0.000000
1695146842539110593 72.342783 0.000000
1695146842900552720 72.360995 0.000000
1695146842972193632 72.360391 0.000000
1695146842972727883 72.392234 0.000000
1695146842973216287 72.266656 0.000000
1695146842973590874 72.425361 0.000000
1695146842973802979 72.371252 0.000000
1695146843190785799 72.276544 0.000000
1695146843262448470 72.424838 0.000000
1695146843262926608 72.504228 0.000000
1695146843841572699 72.473273 0.000000
1695146843987270293 72.357548 0.000000
1695146844058692015 72.352998 0.000000
1695146844132440189 72.387185 0.000000
1695146844204240266 72.309464 0.000000
1695146844275870875 72.330359 0.000000
1695146844711920660 72.379770 0.000000
1695146844855601475 73.195216 0.000000
1695146845074771062 72.842857 0.000000
1695146845219308337 72.413971 0.000000
1695146845363919655 72.449185 0.000000
1695146845653362912 72.366681 0.000000
1695146845798936683 72.342128 0.000000
1695146845871035985 72.408955 0.000000
1695146845871105762 72.419521 0.000000
1695146845871312084 72.364945 0.000000
1695146845943484959 72.433206 0.000000
1695146845943811036 72.306957 0.000000
1695146846087577721 72.278468 0.000000
1695146846160066613 72.272053 0.000000
1695146846232002916 72.287149 0.000000
1695146846232846092 72.242561 0.000000
1695146846304600033 72.314723 0.000000
1695146846448975236 72.287472 0.000000
1695146846449321778 72.348588 0.000000
1695146846594969765 72.316795 0.000000
1695146846667258358 72.274808 0.000000
1695146847172406649 72.351877 0.000000
1695146847172922798 72.363339 0.000000
1695146847317209830 72.352560 0.000000
1695146847534875364 72.335822 0.000000
1695146847535276389 72.288970 0.000000
1695146847679546483 72.317394 0.000000
1695146847750820324 72.315108 0.000000
1695146847824025491 72.330952 0.000000
1695146847896541866 72.478630 0.000000
1695146848185182253 72.322372 0.000000
1695146848331036958 72.364758 0.000000
1695146848620048573 72.314215 0.000000
1695146848620361544 72.375204 0.000000
1695146848764071655 72.291126 0.000000
1695146848982282371 72.404376 0.000000
1695146849198861690 72.397853 0.000000
1695146849270641293 72.302997 0.000000
1695146849416420736 72.401971 0.000000
1695146849487497065 72.313471 0.000000
1695146849487972301 72.244855 0.000000
1695146849488076988 72.337449 0.000000
1695146849560947508 72.334059 0.000000
1695146849705990386 72.378515 0.000000
1695146849777624709 72.384318 0.000000
1695146849850173418 72.287125 0.000000
1695146849995215463 72.392417 0.000000
1695146850066947808 72.286931 0.000000
1695146850138932344 72.306328 0.000000
1695146850139539573 72.318340 0.000000
1695146850139861957 72.361856 0.000000
1695146850284348406 72.409930 0.000000
1695146850284642097 72.282600 0.000000
1695146850573738668 72.503994 0.000000
1695146850718668294 72.714311 0.000000
1695146850862866629 72.367907 0.000000
1695146850863646425 72.457091 0.000000
1695146851370148294 72.329706 0.000000
1695146851804266988 72.395454 0.000000
1695146851949489984 72.522246 0.000000
1695146852020875697 72.649944 0.000000
1695146852384575811 72.519459 0.000000
1695146852746580444 72.570917 0.000000
1695146852892069232 72.252493 0.000000
1695146852964677701 72.426028 0.000000
1695146853541702281 72.287951 0.000000
1695146853615485800 72.288360 0.000000
1695146853615664405 72.349864 0.000000
1695146853759690148 72.264022 0.000000
1695146853975670954 72.302735 0.000000
1695146854121946460 72.377526 0.000000
1695146854193168018 72.298591 0.000000
1695146854193252099 72.329507 0.000000
1695146854264848753 72.280194 0.000000
1695146854265484723 72.297409 0.000000
1695146854411133292 72.321600 0.000000
1695146854699889452 72.318937 0.000000
1695146854700332491 72.368917 0.000000
1695146855061745376 72.420397 0.000000
1695146855279218083 72.521745 0.000000
1695146855279302957 72.274385 0.000000
1695146855279787410 72.283684 0.000000
1695146855785533577 72.369078 0.000000
1695146856147469286 72.576391 0.000000
1695146856293135779 72.249709 0.000000
1695146856364945728 72.322923 0.000000
1695146856437773433 72.351931 0.000000
1695146856727244828 72.319894 0.000000
1695146856943219372 72.361334 0.000000
1695146857088654223 72.280255 0.000000
1695146857161388698 72.314287 0.000000
1695146857305244805 72.357393 0.000000
1695146857305723492 72.362301 0.000000
1695146857451244331 72.499497 0.000000
1695146857884409858 72.350838 0.000000
1695146857956901855 72.776482 0.000000
1695146857956980730 72.556326 0.000000
1695146858029175998 72.382057 0.000000
1695146858029408677 72.493060 0.000000
1695146858102291884 72.361806 0.000000
1695146858174761856 72.692853 0.000000
1695146858174966630 72.661604 0.000000
1695146858247598980 72.532232 0.000000
1695146858320144140 72.404635 0.000000
1695146858536985428 72.382287 0.000000
1695146858681774039 72.341173 0.000000
1695146858754350321 72.380866 0.000000
1695146858970392566 72.329192 0.000000
1695146859332178869 72.353792 0.000000
1695146859476937038 72.244968 0.000000
1695146859550125189 72.464579 0.000000
1695146859693856950 72.414852 0.000000
1695146859911387053 72.364426 0.000000
1695146860272974644 72.326737 0.000000
1695146860417992296 72.446715 0.000000
1695146860780466031 72.318318 0.000000
1695146861141853606 72.408178 0.000000
1695146861142032952 72.378540 0.000000
1695146861359297035 72.432537 0.000000
1695146861432000636 72.431595 0.000000
1695146861504700794 72.368876 0.000000
1695146861648916942 72.311905 0.000000
1695146861938736496 72.339572 0.000000
1695146862082630540 72.359640 0.000000
1695146862227992939 72.449740 0.000000
1695146862228463308 72.461419 0.000000
1695146862228513460 72.404082 0.000000
1695146862300456546 72.396957 0.000000
1695146862806517233 72.950475 0.000000
1695146862879521386 72.489121 0.000000
1695146862951422709 72.444786 0.000000
1695146863240730183 72.383453 0.000000
1695146863458294756 72.331015 0.000000
1695146863530376525 72.402964 0.000000
1695146863747933198 72.265031 0.000000
1695146863819900431 72.387787 0.000000
1695146864110005561 72.490974 0.000000
1695146864400368289 72.379209 0.000000
1695146864472629817 72.464579 0.000000
1695146864473005177 72.415095 0.000000
1695146864689469124 72.265572 0.000000
1695146864762592010 73.045511 0.000000
1695146864762658007 73.011421 0.000000
1695146864835530666 72.678066 0.000000
1695146865125587585 72.722673 0.000000
1695146865414694451 72.370888 0.000000
1695146865559639319 72.355294 0.000000
1695146865632144089 72.414306 0.000000
1695146865776162763 72.378635 0.000000
1695146865993289091 72.280885 0.000000
1695146866066625902 72.272387 0.000000
1695146866283793188 72.287531 0.000000
1695146866717664182 72.278679 0.000000
1695146866862626100 72.448196 0.000000
1695146866935083228 72.374057 0.000000
1695146867007433636 72.338514 0.000000
1695146867079896230 72.438440 0.000000
1695146867224900386 72.456654 0.000000
1695146867369358498 72.363655 0.000000
1695146867369522889 72.571380 0.000000
1695146867369542731 72.385210 0.000000
1695146867441992100 72.440350 0.000000
1695146867442203253 72.415297 0.000000
1695146867514714290 72.709764 0.000000
1695146867586870162 72.382913 0.000000
1695146867659816225 72.610742 0.000000
1695146867876576414 72.816329 0.000000
1695146868094811021 72.384313 0.000000
1695146868095200460 72.496013 0.000000
1695146868167377631 72.364431 0.000000
1695146868385135773 72.485531 0.000000
1695146868528957189 72.282083 0.000000
1695146868601371938 72.383402 0.000000
1695146868601891032 72.335306 0.000000
1695146868673683435 72.300706 0.000000
1695146868746078782 72.382101 0.000000
1695146868746101831 72.289699 0.000000
1695146869180177437 72.436247 0.000000
1695146869253450732 72.529638 0.000000
1695146869253529320 72.617659 0.000000
1695146869470168491 72.450653 0.000000
1695146869470914284 72.515799 0.000000
1695146869759748507 72.615279 0.000000
1695146869832494034 72.280691 0.000000
1695146869977503724 72.310779 0.000000
1695146870122408737 72.485900 0.000000
1695146870122441194 72.478611 0.000000
1695146871135333679 72.597200 0.000000
1695146871425023052 72.366666 0.000000
1695146871497343808 72.364895 0.000000
1695146871714849118 72.464859 0.000000
1695146871932228629 72.290023 0.000000
1695146872077607732 72.311855 0.000000
1695146872293827308 72.219226 0.000000
1695146872439437041 72.364072 0.000000
1695146872583311971 72.303901 0.000000
1695146872584053262 72.350165 0.000000
1695146872728309874 72.342067 0.000000
1695146872873271365 72.434063 0.000000
1695146873235143825 72.309994 0.000000
1695146873379977926 72.611171 0.000000
1695146873525327021 73.015156 0.000000
1695146873670889398 72.447748 0.000000
1695146873671036223 72.533482 0.000000
1695146873742280479 72.279011 0.000000
1695146873742438136 72.281392 0.000000
1695146873888201767 72.334450 0.000000
1695146874104709322 72.404763 0.000000
1695146874104774553 72.378022 0.000000
1695146874104937376 72.334843 0.000000
1695146874322108141 72.281875 0.000000
1695146874756092303 72.314270 0.000000
1695146875046707134 72.319316 0.000000
1695146875119221917 72.374441 0.000000
1695146875263322260 72.395459 0.000000
1695146875263639125 72.288786 0.000000
1695146875264154007 72.425381 0.000000
1695146875408415422 72.361089 0.000000
1695146875480768149 72.342399 0.000000
1695146875624643961 72.275871 0.000000
1695146875914592489 72.345325 0.000000
1695146876060008145 72.948221 0.000000
1695146876060067331 72.661409 0.000000
1695146876566868672 72.348736 0.000000
1695146876856578661 72.446329 0.000000
1695146877000805470 72.308246 0.000000
1695146877218695376 72.291476 0.000000
1695146877580639199 72.257718 0.000000
1695146877797213080 72.529159 0.000000
1695146878087325095 72.353349 0.000000
1695146878159280391 72.304228 0.000000
1695146878159701317 72.347109 0.000000
1695146878232132147 72.388612 0.000000
1695146878593398774 72.259889 0.000000
1695146878882908403 72.384593 0.000000
1695146878955284029 72.345110 0.000000
1695146879027473748 72.332922 0.000000
1695146879243699324 72.327463 0.000000
1695146879317085033 72.326954 0.000000
1695146879317294498 72.354428 0.000000
1695146879461610094 72.814323 0.000000
1695146879607569781 72.744770 0.000000
1695146879607627514 72.576518 0.000000
1695146879680591386 72.792652 0.000000
1695146879825337111 72.386335 0.000000
1695146880113833260 72.381861 0.000000
1695146880114874710 72.448283 0.000000
1695146880259344430 72.378720 0.000000
1695146880692796522 72.328970 0.000000
1695146880764727895 72.254863 0.000000
1695146881053955814 72.334516 0.000000
1695146881126255106 72.325660 0.000000
1695146881126684961 72.289797 0.000000
1695146881489005008 72.349901 0.000000
1695146881633564316 72.335292 0.000000
1695146881850617514 72.452923 0.000000
1695146881923290917 72.454198 0.000000
1695146881995193262 72.334428 0.000000
1695146882140058564 72.389217 0.000000
1695146882429379044 72.352260 0.000000
1695146882646469908 72.390830 0.000000
1695146883153721528 72.397692 0.000000
1695146883948917943 72.511443 0.000000
1695146883949158781 72.254564 0.000000
1695146884095181921 73.094278 0.000000
1695146884385195724 72.742753 0.000000
1695146884603094239 72.474113 0.000000
1695146884675669751 72.390961 0.000000
1695146884819955387 72.297784 0.000000
1695146884820027644 72.253984 0.000000
1695146885036184679 72.381440 0.000000
1695146885036867464 72.367378 0.000000
1695146885109547931 72.314486 0.000000
1695146885398459876 72.966686 0.000000
1695146885398862144 72.304193 0.000000
1695146885471497225 72.605205 0.000000
1695146885617300166 72.690632 0.000000
1695146885690024735 72.430000 0.000000
1695146885690110549 72.420811 0.000000
1695146885761969226 72.296783 0.000000
1695146885762340436 72.289666 0.000000
1695146885834245016 72.263311 0.000000
1695146885835050701 72.396247 0.000000
1695146886629700805 72.417862 0.000000
1695146887209233801 72.341074 0.000000
1695146887281976448 72.334287 0.000000
1695146887355114640 72.943042 0.000000
1695146887426851373 72.372362 0.000000
1695146887788773574 72.558347 0.000000
1695146887788854968 72.418310 0.000000
1695146887861955752 72.601620 0.000000
1695146888730651882 72.333213 0.000000
1695146888874797540 72.338542 0.000000
1695146888947336197 72.266506 0.000000
1695146889092447268 73.117666 0.000000
1695146889092525033 73.001233 0.000000
1695146889092751716 72.286379 0.000000
1695146889238011861 72.576724 0.000000
1695146889309596989 72.498085 0.000000
1695146889382414806 72.354980 0.000000
1695146889527385166 72.289860 0.000000
1695146889599398413 72.465102 0.000000
1695146889960741366 72.318308 0.000000
1695146889960762153 72.321760 0.000000
1695146890540503981 72.293039 0.000000
1695146890901967460 72.285940 0.000000
1695146891119336119 72.298606 0.000000
1695146891262921700 72.321477 0.000000
1695146891479983510 72.350219 0.000000
1695146891553320908 72.244123 0.000000
1695146891769727024 73.166419 0.000000
1695146891987043654 72.449042 0.000000
1695146892131712763 72.356408 0.000000
1695146892204973555 72.359364 0.000000
1695146892421691606 72.308088 0.000000
1695146892783220461 72.324221 0.000000
1695146892783654172 72.319084 0.000000
1695146893000804969 72.391019 0.000000
1695146893362544418 72.248035 0.000000
1695146893434846945 72.443632 0.000000
1695146893651686281 72.420852 0.000000
1695146893796805944 72.309424 0.000000
1695146893941244270 72.403553 0.000000
1695146894159572760 72.927790 0.000000
1695146894542134324 72.502997 0.000000
1695146894620097888 78.159699 0.000000
1695146894772267616 79.852593 0.000000
1695146894772320916 79.702933 0.000000
1695146894844580251 72.414535 0.000000
1695146894917370911 72.471091 0.000000
1695146895134454447 72.404044 0.000000
1695146895497157149 72.373736 0.000000
1695146895515134525 72.397614 0.000000
1695146895732212137 72.357618 0.000000
1695146896021688463 72.359415 0.000000
1695146896311212378 72.357635 0.000000
1695146896600592207 72.417958 0.000000
1695146896817821822 72.415334 0.000000
1695146896962647263 72.404366 0.000000
1695146897089082112 72.432629 0.000000
1695146897305645806 72.314477 0.000000
1695146897397055184 72.251902 0.000000
1695146897469577280 72.289416 0.000000
1695146897469701005 72.325572 0.000000
1695146897595336330 72.278181 0.000000
1695146897686668856 72.342753 0.000000
1695146898029488346 72.287763 0.000000
1695146898101477983 72.273485 0.000000
1695146898193194126 72.562041 0.000000
1695146898265651584 72.281179 0.000000
1695146898555596460 72.779426 0.000000
1695146898825726685 72.448994 0.000000
1695146898917358571 72.372194 0.000000
1695146898989643468 72.319916 0.000000
1695146898989696547 72.307164 0.000000
1695146899206647619 72.371864 0.000000
1695146899206747646 72.459951 0.000000
1695146899332731910 72.358883 0.000000
1695146899405128882 72.300728 0.000000
1695146900075391607 72.423497 0.000000
1695146900129029718 72.480111 0.000000
1695146900220325468 72.448506 0.000000
1695146900220355074 72.543880 0.000000
1695146900292560827 72.271589 0.000000
1695146900944440420 72.407351 0.000000
1695146900944566560 72.434014 0.000000
1695146900997375021 72.310755 0.000000
1695146901016920144 72.413761 0.000000
1695146901286953861 72.293709 0.000000
1695146901378611406 72.441389 0.000000
1695146901523636523 72.547871 0.000000
1695146901648770088 72.426258 0.000000
1695146902010446353 72.370600 0.000000
1695146902102739843 72.425149 0.000000
1695146902247371782 72.289404 0.000000
1695146902464641618 72.486163 0.000000
1695146902826485767 72.386637 0.000000
1695146903530735334 72.338241 0.000000
1695146903747691806 72.403291 0.000000
1695146903840507735 72.462086 0.000000
1695146903840579775 72.465261 0.000000
1695146903985733640 72.857956 0.000000
1695146904130441267 72.268448 0.000000
1695146904543779915 72.317812 0.000000
1695146904832955658 72.408438 0.000000
1695146904854111513 72.341109 0.000000
1695146905143778130 72.327311 0.000000
1695146905194751871 72.322012 0.000000
1695146905216230656 72.356012 0.000000
1695146905361059157 72.344284 0.000000
1695146906425487583 72.375073 0.000000
1695146906591319776 72.367669 0.000000
1695146906953021557 72.318997 0.000000
1695146907097744641 72.376050 0.000000
1695146907097837681 72.361504 0.000000
1695146907510748793 72.270529 0.000000
1695146907822612665 72.520049 0.000000
1695146907872751076 72.299994 0.000000
1695146907967363487 72.592361 0.000000
1695146908112051524 72.368768 0.000000
1695146908161961556 72.336233 0.000000
1695146908668538379 72.578760 0.000000
1695146908691894428 72.367697 0.000000
1695146908908991777 72.448092 0.000000
1695146908981361480 72.529338 0.000000
1695146909343188202 72.330882 0.000000
1695146911007671745 72.501299 0.000000
1695146911152466070 72.561826 0.000000
1695146911370043029 72.291509 0.000000
1695146911418517660 72.259096 0.000000
1695146911442597149 72.547625 0.000000
1695146911732309352 72.415098 0.000000
1695146911780229363 72.492106 0.000000
1695146911877451771 72.760280 0.000000
1695146912673584126 72.268843 0.000000
1695146912721399005 72.320753 0.000000
1695146913155498624 72.271685 0.000000
1695146913397038031 72.405566 0.000000
1695146913541786821 72.384646 0.000000
1695146913541850550 72.347101 0.000000
1695146913831303600 72.323727 0.000000
1695146914096407284 72.358719 0.000000
1695146914266123729 72.486788 0.000000
1695146914338293672 72.472929 0.000000
1695146914410766521 72.288358 0.000000
1695146914458109587 72.278917 0.000000
1695146914747541162 72.374871 0.000000
1695146914772745265 72.372204 0.000000
1695146915616884538 72.400668 0.000000
1695146916076478695 72.404637 0.000000
1695146916221505073 72.370178 0.000000
1695146916339711649 72.394730 0.000000
1695146916438791323 72.552202 0.000000
1695146916728317309 72.410083 0.000000
1695146917018079445 72.779307 0.000000
1695146917307756287 72.444345 0.000000
1695146917353265409 72.286005 0.000000
1695146917452487006 72.332952 0.000000
1695146917642864014 72.570652 0.000000
1695146917887629866 72.370225 0.000000
1695146918467338752 72.392424 0.000000
1695146918684581216 72.385748 0.000000
1695146918873447226 72.415336 0.000000
1695146918973802438 72.299883 0.000000
1695146919307450782 72.782638 0.000000
1695146919452343142 72.368041 0.000000
1695146919553065774 72.343446 0.000000
1695146919698115807 72.390008 0.000000
1695146919741628142 72.412303 0.000000
1695146919770605134 72.398446 0.000000
1695146919843048640 72.448823 0.000000
1695146919915420847 72.370746 0.000000
1695146920204890613 72.389002 0.000000
1695146920566865716 72.670972 0.000000
1695146920639521080 72.723584 0.000000
1695146920711880168 72.346901 0.000000
1695146921001364573 72.332558 0.000000
1695146921073908403 72.482170 0.000000
1695146921073934454 72.487444 0.000000
1695146921218737639 72.471033 0.000000
1695146921261080879 72.457573 0.000000
1695146921405733111 72.355965 0.000000
1695146921725402300 72.369394 0.000000
1695146922521430665 72.437657 0.000000
1695146922593870734 72.433411 0.000000
1695146922780462327 72.297422 0.000000
1695146923142338204 72.318790 0.000000
1695146923576431516 72.420617 0.000000
1695146923753132278 72.413836 0.000000
1695146923970404111 72.422618 0.000000
1695146924404470254 72.357179 0.000000
1695146924476752788 72.275986 0.000000
1695146924807207149 72.461070 0.000000
1695146925273394168 72.244813 0.000000
1695146925635378311 72.427422 0.000000
1695146925780149326 72.426521 0.000000
1695146926110142539 72.328383 0.000000
1695146926214067044 72.344695 0.000000
1695146926720736104 72.316051 0.000000
1695146926937791179 72.348521 0.000000
1695146928240749702 72.549593 0.000000
1695146928820122644 72.418256 0.000000
1695146931138357149 72.436800 0.000000
1695146931283226355 72.411627 0.000000
1695146931644959185 72.414425 0.000000
1695146931789774275 72.460583 0.000000
1695146931934700180 72.522644 0.000000
1695146932043195901 72.345035 0.000000
1695146932441132638 72.446049 0.000000
1695146932549236398 72.309929 0.000000
1695146932585784582 72.266532 0.000000
1695146932694079080 72.290153 0.000000
1695146932838747888 72.376568 0.000000
1695146932911251084 72.399683 0.000000
1695146933092379994 72.339153 0.000000
1695146933671090411 72.251480 0.000000
1695146933743543129 72.438598 0.000000
1695146933888134798 72.295196 0.000000
1695146933960374649 72.285243 0.000000
1695146934141337347 72.401132 0.000000
1695146935046088592 72.354037 0.000000
1695146935081986239 72.349043 0.000000
1695146935480067166 72.375518 0.000000
1695146935842356193 72.488010 0.000000
1695146935987051581 72.373042 0.000000
1695146936059470754 72.309259 0.000000
1695146936131827691 72.484892 0.000000
1695146936204223798 72.290389 0.000000
1695146936421342528 72.360777 0.000000
1695146936493730302 72.378288 0.000000
1695146936565922918 72.291149 0.000000
1695146936783080023 72.327856 0.000000
1695146937289903331 72.280015 0.000000
1695146937362382420 72.455836 0.000000
1695146937362406377 72.415080 0.000000
1695146937869065246 72.273722 0.000000
1695146938013814305 72.419438 0.000000
1695146938050229649 72.501794 0.000000
1695146939172285633 72.415732 0.000000
1695146939389534753 72.543954 0.000000
1695146939389634485 72.566585 0.000000
1695146939642957747 72.300189 0.000000
1695146939968345610 72.235861 0.000000
1695146940257755077 72.366560 0.000000
1695146940837013117 72.409416 0.000000
1695146940873193978 72.443909 0.000000
1695146941090244552 72.411070 0.000000
1695146941126561001 72.327898 0.000000
1695146941596502618 72.340766 0.000000
1695146941704999358 72.365619 0.000000
1695146942247576806 72.386693 0.000000
1695146942573284718 72.380289 0.000000
1695146942717968271 72.343424 0.000000
1695146942826532852 72.633065 0.000000
1695146943441818560 72.465921 0.000000
1695146943586321029 72.401194 0.000000
1695146943875742449 72.258834 0.000000
1695146943948035609 72.303915 0.000000
1695146944273893744 72.358074 0.000000
1695146944382429293 72.351833 0.000000
1695146945106006614 72.299905 0.000000
1695146945178673535 72.341084 0.000000
1695146945250629156 72.288170 0.000000
1695146945505218238 73.093294 0.000000
1695146945612551512 72.452802 0.000000
1695146946046853972 72.368960 0.000000
1695146946336274529 72.298668 0.000000
1695146946336344849 72.351905 0.000000
1695146946553280676 72.345926 0.000000
1695146946698055295 72.297341 0.000000
1695146946880289649 72.366232 0.000000
1695146948073465080 72.604895 0.000000
1695146948145860405 72.508923 0.000000
1695146948254953075 72.337385 0.000000
1695146948362791287 72.285236 0.000000
1695146948906324113 72.398022 0.000000
1695146949702760078 72.394363 0.000000
1695146949955704489 72.332740 0.000000
1695146950245101213 72.445884 0.000000
1695146950462165529 72.405223 0.000000
