1694261095835949383 263.629418 0.000000
1694261096074149164 263.652044 0.000000
1694261096575704406 263.758502 0.000000
1694261097769213064 263.586991 0.000000
1694261102068003841 263.619825 0.000000
1694261102545132536 263.634088 0.000000
1694261102545222400 263.595128 0.000000
1694261103239053915 263.707909 0.000000
1694261103358328380 263.577291 0.000000
1694261103716875512 263.805406 0.000000
1694261104577318227 263.768586 0.000000
1694261105079764703 263.642322 0.000000
1694261106150763533 263.687292 0.000000
1694261107537902484 263.606994 0.000000
1694261107611907327 263.542135 0.000000
1694261108394950837 263.829007 0.000000
1694261108398410928 263.601348 0.000000
1694261108635601206 263.674086 0.000000
1694261108658168602 263.748234 0.000000
1694261109255216611 263.661396 0.000000
1694261109852094626 263.605186 0.000000
1694261110783034880 264.064685 0.000000
1694261112123656208 263.623327 0.000000
1694261112433776050 263.722234 0.000000
1694261115558238825 263.629366 0.000000
1694261116015731830 263.648351 0.000000
1694261117134681751 263.732723 0.000000
1694261117254119180 263.655709 0.000000
1694261118524174955 264.081609 0.000000
1694261118805701223 263.662520 0.000000
1694261119402645927 263.728393 0.000000
1694261120532780847 264.331957 0.000000
1694261121433149852 263.928664 0.000000
1694261122056757241 263.635497 0.000000
1694261122481972647 263.726454 0.000000
1694261123820427028 263.833227 0.000000
1694261124083867200 263.726880 0.000000
1694261124278310917 263.626461 0.000000
1694261125041208911 263.662325 0.000000
1694261125518551191 263.667072 0.000000
1694261126856839633 263.643310 0.000000
1694261128166891040 263.703264 0.000000
1694261129388836210 263.837291 0.000000
1694261130319584683 263.712181 0.000000
1694261131129502807 263.700783 0.000000
1694261131990239207 263.690921 0.000000
1694261132084901528 263.673410 0.000000
1694261132323747107 263.616367 0.000000
1694261133087892614 263.861131 0.000000
1694261133398796277 264.185026 0.000000
1694261133973875258 263.665125 0.000000
1694261134044512341 263.508050 0.000000
1694261134425850204 263.629358 0.000000
1694261135496938485 263.753306 0.000000
1694261135548123318 263.713118 0.000000
1694261135550763175 263.616878 0.000000
1694261136596270191 263.604841 0.000000
1694261138223824421 263.670568 0.000000
1694261138597007225 263.825990 0.000000
1694261140157258931 263.742812 0.000000
1694261141185438483 264.134463 0.000000
1694261141662737028 263.658916 0.000000
1694261142779961070 263.798511 0.000000
1694261143498959647 263.670445 0.000000
1694261144382118471 263.825183 0.000000
1694261144595721359 263.900012 0.000000
1694261144791997299 263.675435 0.000000
1694261145530509998 263.670509 0.000000
1694261145720589100 263.571748 0.000000
1694261146727042147 263.739153 0.000000
1694261146915549131 263.910652 0.000000
1694261150566977073 263.565750 0.000000
1694261150687808881 263.780470 0.000000
1694261151287813746 263.601929 0.000000
1694261152287777229 263.881655 0.000000
1694261153909491212 263.592476 0.000000
1694261154700950394 263.599759 0.000000
1694261155536174802 263.854958 0.000000
1694261155629252677 263.676687 0.000000
1694261156200981624 264.073822 0.000000
1694261156754898679 263.729786 0.000000
1694261158256120729 263.659002 0.000000
1694261160260651738 263.657174 0.000000
1694261162340056271 263.763786 0.000000
1694261162603700489 263.632219 0.000000
1694261162698637854 263.683589 0.000000
1694261163821744218 263.564813 0.000000
1694261163941265773 263.749438 0.000000
1694261165988209231 263.538591 0.000000
1694261166945606142 263.622482 0.000000
1694261169337753529 263.753803 0.000000
1694261169623341296 263.527731 0.000000
1694261170889578991 263.800973 0.000000
1694261171534243153 263.728995 0.000000
1694261172108385746 263.810870 0.000000
1694261172274714220 263.799173 0.000000
1694261175803549986 263.723206 0.000000
1694261176118930967 263.707095 0.000000
1694261176621698771 263.792854 0.000000
1694261177450348423 263.770756 0.000000
1694261178694545227 263.811898 0.000000
1694261179334406886 263.718070 0.000000
1694261183682277511 263.624518 0.000000
1694261184310038771 263.586419 0.000000
1694261184572985556 263.584298 0.000000
1694261186666524532 263.921091 0.000000
1694261187745724306 263.857799 0.000000
1694261189442138889 263.732874 0.000000
1694261190751201835 263.760353 0.000000
1694261190751249962 263.762458 0.000000
1694261191854311734 263.651770 0.000000
1694261192237417843 263.699482 0.000000
1694261192452467859 263.670549 0.000000
1694261193352732039 263.635898 0.000000
1694261193525273092 263.650841 0.000000
1694261193686521941 263.882206 0.000000
1694261193761075045 263.765179 0.000000
1694261194148736407 263.664560 0.000000
1694261195621239867 263.660224 0.000000
1694261195927146183 263.656290 0.000000
1694261196391572316 264.058867 0.000000
1694261197849088450 263.838021 0.000000
1694261198232046075 263.605039 0.000000
1694261198922183352 263.781913 0.000000
1694261199038934400 263.788297 0.000000
1694261199294555345 263.736799 0.000000
1694261199425486206 263.913134 0.000000
1694261202400969915 263.699395 0.000000
1694261202570762323 263.625234 0.000000
1694261204147796630 263.801223 0.000000
1694261204697627043 263.683745 0.000000
1694261206255375383 263.743924 0.000000
1694261207421977508 263.686983 0.000000
1694261207705347872 263.688737 0.000000
1694261207893493120 263.846218 0.000000
1694261208036779738 263.572746 0.000000
1694261209211827062 263.723798 0.000000
1694261210092967949 263.854702 0.000000
1694261212359916811 263.587466 0.000000
1694261212459077844 263.693393 0.000000
1694261212675221820 263.661969 0.000000
1694261213286750489 263.538401 0.000000
1694261213462890536 263.778686 0.000000
1694261214652818618 263.687373 0.000000
1694261215155548214 263.852858 0.000000
1694261215369382461 263.696430 0.000000
1694261216374245596 263.592242 0.000000
1694261217377215452 263.833107 0.000000
1694261218423079442 263.708245 0.000000
1694261218812035271 263.641797 0.000000
1694261219433791015 263.735330 0.000000
1694261219456694258 263.725281 0.000000
1694261219576178321 263.724064 0.000000
1694261223278405645 263.624578 0.000000
1694261223561455338 263.732950 0.000000
1694261224110776913 263.663673 0.000000
1694261224273141619 263.838204 0.000000
1694261224732598249 263.568101 0.000000
1694261225569383655 263.748436 0.000000
1694261225591661495 263.625153 0.000000
1694261225847388507 263.672784 0.000000
1694261227786492605 263.629248 0.000000
1694261228144577319 263.622783 0.000000
1694261229192123664 263.670895 0.000000
1694261229412736673 263.706799 0.000000
1694261229840950021 263.742753 0.000000
1694261230264122947 263.663027 0.000000
1694261230272445380 263.594112 0.000000
1694261231962515905 263.860396 0.000000
1694261232229891194 263.745860 0.000000
1694261232422298664 263.657018 0.000000
1694261233210600317 263.658501 0.000000
1694261233948376585 263.727768 0.000000
1694261236139644898 263.635352 0.000000
1694261237030511720 263.756128 0.000000
1694261237545380114 263.589191 0.000000
1694261238463202086 263.739791 0.000000
1694261239321936742 263.689834 0.000000
1694261239599921520 263.644219 0.000000
1694261240078173215 263.679255 0.000000
1694261241277258685 263.704884 0.000000
1694261241852315847 263.696039 0.000000
1694261242069890919 263.622138 0.000000
1694261242427845138 263.631088 0.000000
1694261242613190768 263.733958 0.000000
1694261244383980209 263.695454 0.000000
1694261245122206975 263.699963 0.000000
1694261245436882240 263.680663 0.000000
1694261245556319624 263.754947 0.000000
1694261245953469258 263.595445 0.000000
1694261247132850252 263.699271 0.000000
1694261247224953529 263.611366 0.000000
1694261248012140419 264.013814 0.000000
1694261248607934975 263.804842 0.000000
1694261248801192484 263.976797 0.000000
1694261249469691523 263.630888 0.000000
1694261250138463928 263.770881 0.000000
1694261250609062287 263.709104 0.000000
1694261251046182775 263.735806 0.000000
1694261251087510244 263.917946 0.000000
1694261251469833638 263.599534 0.000000
1694261253245920838 263.940607 0.000000
1694261253458796217 263.652340 0.000000
1694261255369307462 263.652020 0.000000
1694261256612212163 263.535999 0.000000
1694261257922271366 263.590686 0.000000
1694261258154633137 263.728272 0.000000
1694261260094645073 263.612868 0.000000
1694261260214193152 263.649008 0.000000
1694261261020626942 263.738485 0.000000
1694261261289568307 263.732702 0.000000
1694261261404020485 264.081303 0.000000
1694261261671555087 263.489376 0.000000
1694261261671591973 263.549155 0.000000
1694261261839356271 263.605522 0.000000
