1694224247753076651 144.527217 0.000000
1694224248114191929 144.513475 0.000000
1694224248548542848 144.684257 0.000000
1694224248621277349 144.690316 0.000000
1694224248983881053 144.522400 0.000000
1694224248983935940 144.501195 0.000000
1694224249055799747 144.603394 0.000000
1694224249127832672 144.608095 0.000000
1694224249562319105 144.535080 0.000000
1694224249562996906 144.777729 0.000000
1694224249635285224 144.687806 0.000000
1694224249851905505 144.734809 0.000000
1694224249852367063 144.678463 0.000000
1694224250069237110 144.535961 0.000000
1694224250286650887 144.506634 0.000000
1694224251372742770 144.527021 0.000000
1694224251734999883 144.575880 0.000000
1694224252169592339 144.511445 0.000000
1694224252965348925 144.523157 0.000000
1694224253038664102 144.567641 0.000000
1694224253329319884 144.708192 0.000000
1694224253980527684 144.789907 0.000000
1694224254269985260 144.560333 0.000000
1694224255863141250 144.628708 0.000000
1694224256008865134 144.679581 0.000000
1694224257456205667 144.851276 0.000000
1694224258035387990 144.531667 0.000000
1694224258614309497 144.614630 0.000000
1694224258760545748 144.504996 0.000000
1694224259411419341 144.772808 0.000000
1694224259411475431 144.656312 0.000000
1694224260208174049 144.595230 0.000000
1694224260570987507 144.778727 0.000000
1694224260714690447 144.605889 0.000000
1694224261729947729 144.602988 0.000000
1694224261801546694 144.730530 0.000000
1694224261875050264 144.555393 0.000000
1694224261947529060 144.574447 0.000000
1694224262019642367 144.569921 0.000000
1694224262453487415 144.491439 0.000000
1694224262671389691 144.670049 0.000000
1694224262960324738 144.876800 0.000000
1694224263105117653 144.632186 0.000000
1694224263250185541 144.523157 0.000000
1694224263467219786 144.543084 0.000000
1694224263612930344 144.459400 0.000000
1694224263975087535 144.749669 0.000000
1694224264336460497 144.979893 0.000000
1694224264844013756 144.466997 0.000000
1694224265061554006 144.619937 0.000000
1694224265206477460 144.646489 0.000000
1694224265713176667 144.572918 0.000000
1694224266727090571 144.724907 0.000000
1694224267597719456 144.722200 0.000000
1694224268320868449 144.653090 0.000000
1694224269045699057 144.636125 0.000000
1694224269117985596 144.451877 0.000000
1694224269190142529 144.519293 0.000000
1694224269480644253 144.562574 0.000000
1694224270566806458 144.502630 0.000000
1694224271073733140 144.586284 0.000000
1694224271146469294 144.684743 0.000000
1694224272160218917 144.914262 0.000000
1694224272305336101 144.647186 0.000000
1694224272522303945 144.551077 0.000000
1694224272956857276 144.621426 0.000000
1694224273318500407 144.527702 0.000000
1694224273898339032 144.530429 0.000000
1694224274404777078 144.575129 0.000000
1694224274476648903 144.644490 0.000000
1694224274694603256 144.620389 0.000000
1694224274911114269 144.675281 0.000000
1694224275274004225 144.684207 0.000000
1694224276070513679 144.733307 0.000000
1694224276070592502 144.792620 0.000000
1694224276215582250 144.783939 0.000000
1694224276288563840 144.681361 0.000000
1694224276867782610 144.665062 0.000000
1694224277447104996 144.602216 0.000000
1694224277447575148 144.429210 0.000000
1694224277664034686 144.638335 0.000000
1694224277954141034 144.542372 0.000000
1694224278316734899 144.509762 0.000000
1694224278460673622 144.707592 0.000000
1694224279473758550 144.652127 0.000000
1694224279980647479 144.804281 0.000000
1694224280125870384 144.620123 0.000000
1694224280198632615 144.486974 0.000000
1694224280415256485 144.678073 0.000000
1694224280922200472 144.694746 0.000000
1694224280994394451 144.635780 0.000000
1694224281139354450 144.451416 0.000000
1694224281211527961 144.576978 0.000000
1694224281429341046 144.618467 0.000000
1694224281429783099 144.568163 0.000000
1694224282007792782 144.719219 0.000000
1694224282225883839 144.550782 0.000000
1694224283310845928 144.732656 0.000000
1694224284107767318 144.849226 0.000000
1694224284107958031 144.605634 0.000000
1694224284324968645 144.642726 0.000000
1694224284614619557 144.681686 0.000000
1694224284615108744 144.454407 0.000000
1694224284759247268 144.527408 0.000000
1694224284904424942 144.473726 0.000000
1694224285121867131 144.605384 0.000000
1694224286063185744 144.611994 0.000000
1694224286352044994 144.585784 0.000000
1694224286569738382 144.457680 0.000000
1694224286786805007 144.683962 0.000000
1694224288525053603 144.501091 0.000000
1694224288525493661 144.744568 0.000000
1694224289176396360 144.602753 0.000000
1694224289321123823 144.567275 0.000000
1694224289393246832 144.488186 0.000000
1694224290045266568 144.658126 0.000000
1694224291204732780 144.657440 0.000000
1694224291275734192 144.591332 0.000000
1694224292362684586 144.632758 0.000000
1694224292578607712 144.670646 0.000000
1694224293014362793 144.403274 0.000000
1694224293810832963 144.712443 0.000000
1694224294173308285 144.661485 0.000000
1694224294462792709 144.607514 0.000000
1694224295983732520 144.428278 0.000000
1694224299460359159 144.888488 0.000000
1694224299750824900 144.673928 0.000000
1694224300112611050 144.807634 0.000000
1694224301417230917 144.534519 0.000000
1694224301633665658 144.486694 0.000000
1694224301777995141 144.730630 0.000000
1694224302284972537 144.515805 0.000000
1694224302357136070 144.666802 0.000000
1694224302358181676 144.490733 0.000000
1694224302430396901 144.739447 0.000000
1694224302430446386 144.485641 0.000000
1694224302575342055 144.714573 0.000000
1694224302865479093 144.496958 0.000000
1694224303082434348 144.467859 0.000000
1694224303154685448 144.482450 0.000000
1694224304022728085 144.687431 0.000000
1694224304819691293 144.746447 0.000000
1694224305182018671 144.441258 0.000000
1694224305834031507 144.753429 0.000000
1694224305978456707 144.515169 0.000000
1694224307499501172 144.465438 0.000000
1694224309600224039 144.640837 0.000000
1694224310106093213 144.755148 0.000000
1694224310395870494 144.717099 0.000000
1694224310757267369 144.855732 0.000000
1694224311047509661 144.683226 0.000000
1694224311481407258 144.559722 0.000000
1694224312277178073 144.480835 0.000000
1694224313942639782 144.819391 0.000000
1694224315172833767 144.595763 0.000000
1694224315752718136 145.026970 0.000000
1694224316403782006 144.464934 0.000000
1694224317273298800 144.840652 0.000000
1694224317562828636 144.547475 0.000000
1694224317780463989 144.830679 0.000000
1694224318142517335 144.468230 0.000000
1694224318214472730 144.501338 0.000000
1694224319083388591 144.441202 0.000000
1694224319372350637 144.603105 0.000000
1694224320168845115 144.555133 0.000000
1694224320675988809 144.519649 0.000000
1694224321110816715 144.442231 0.000000
1694224321182842278 144.620860 0.000000
1694224321255260479 144.598394 0.000000
1694224321763106872 144.765196 0.000000
1694224322052183248 144.480594 0.000000
1694224322270065435 144.495147 0.000000
1694224322340517069 144.578738 0.000000
1694224322486707037 144.587432 0.000000
1694224322704062875 144.723393 0.000000
1694224322704348550 144.936574 0.000000
1694224322921621891 144.526104 0.000000
1694224323066381499 144.412706 0.000000
1694224323427981472 144.703027 0.000000
1694224323572971330 144.878318 0.000000
1694224324948517806 144.545908 0.000000
1694224325165589003 144.798406 0.000000
1694224325165671400 144.517643 0.000000
1694224325672857257 144.689142 0.000000
1694224326107504781 144.510627 0.000000
1694224326325294754 144.618572 0.000000
1694224327844681142 144.597509 0.000000
1694224327917012956 144.659552 0.000000
1694224329438411212 144.585425 0.000000
1694224329582637477 144.481870 0.000000
1694224329872106587 144.592026 0.000000
1694224330016982558 144.791008 0.000000
1694224330090213086 144.659542 0.000000
1694224330669440211 144.654009 0.000000
1694224331029867570 144.522544 0.000000
1694224331971417998 144.509038 0.000000
1694224332115814163 144.580599 0.000000
1694224332405671220 144.638689 0.000000
1694224332550290128 144.605423 0.000000
1694224333056942264 144.672543 0.000000
1694224333057324393 144.565032 0.000000
1694224333346159748 144.589776 0.000000
1694224333925097476 144.587070 0.000000
1694224333998808417 144.777803 0.000000
1694224335663048098 144.734557 0.000000
1694224336169688432 144.589635 0.000000
1694224336458726739 144.555621 0.000000
1694224337037957804 144.731489 0.000000
1694224337472641416 144.495486 0.000000
1694224338051603339 144.906446 0.000000
1694224338341980134 144.639772 0.000000
1694224338486674423 144.561880 0.000000
1694224338848178410 144.682627 0.000000
1694224338993298694 144.690985 0.000000
1694224338993527251 144.726172 0.000000
1694224340585864076 144.517803 0.000000
1694224340730599927 144.608650 0.000000
1694224341381843201 144.695341 0.000000
1694224342105874325 144.429111 0.000000
1694224342107343050 144.630901 0.000000
1694224342903819638 144.440128 0.000000
1694224343265364870 145.019735 0.000000
1694224344207469081 144.939965 0.000000
1694224344425701408 144.542136 0.000000
1694224344498678953 144.770741 0.000000
1694224344860435619 144.651891 0.000000
1694224344861409453 144.549753 0.000000
1694224345440996019 144.591134 0.000000
1694224345512317899 144.817425 0.000000
1694224345585551269 144.479122 0.000000
1694224345657941158 145.076482 0.000000
1694224345802078095 144.779185 0.000000
1694224346236588369 144.614823 0.000000
1694224346382875502 144.770315 0.000000
1694224348121736140 144.836624 0.000000
1694224348193657750 144.677429 0.000000
1694224348484419144 144.732673 0.000000
1694224349279996685 144.441540 0.000000
1694224349352718896 144.569308 0.000000
1694224349714014730 144.605572 0.000000
1694224350005140181 144.415145 0.000000
1694224350365730173 144.505083 0.000000
1694224350511871607 144.429984 0.000000
1694224350582175625 144.622357 0.000000
1694224350871921131 144.552363 0.000000
1694224350872286992 144.572454 0.000000
1694224351596896171 144.756709 0.000000
1694224351669064454 144.634890 0.000000
1694224351814087933 144.673019 0.000000
1694224352176255062 144.779111 0.000000
1694224353044980990 144.584632 0.000000
1694224354203786970 144.724665 0.000000
1694224354279150568 144.569177 0.000000
1694224354279266392 144.597644 0.000000
1694224354638251597 144.633342 0.000000
1694224355437344679 144.692905 0.000000
1694224356521543197 144.733504 0.000000
1694224356813364175 144.583452 0.000000
1694224357464558246 144.907841 0.000000
1694224358479225878 145.231945 0.000000
1694224358843040087 144.547372 0.000000
1694224358987138546 144.710657 0.000000
1694224359275138694 144.618913 0.000000
1694224359929654402 144.820143 0.000000
1694224360216993640 144.594465 0.000000
1694224361230523282 144.822256 0.000000
1694224361230980535 144.514385 0.000000
1694224361447959898 144.667606 0.000000
1694224361810330010 144.747813 0.000000
1694224362752749188 144.752485 0.000000
1694224363404338297 144.609170 0.000000
1694224363550640960 144.537268 0.000000
1694224363767450158 144.626742 0.000000
1694224363838800259 144.690571 0.000000
1694224364055721582 144.547476 0.000000
1694224364346932407 144.539885 0.000000
1694224364490343195 144.437587 0.000000
1694224364781552902 144.593880 0.000000
1694224366300518526 144.664299 0.000000
1694224366590620603 144.806945 0.000000
1694224366879654053 144.471320 0.000000
1694224367098126725 144.689347 0.000000
1694224367099385477 144.594517 0.000000
1694224367244244709 144.484751 0.000000
1694224367821264917 144.785355 0.000000
1694224368110830511 144.587606 0.000000
1694224368330464853 144.636809 0.000000
1694224368690638808 144.769483 0.000000
1694224369706314114 144.558037 0.000000
1694224369995112834 144.789094 0.000000
1694224369995267323 144.802550 0.000000
1694224370139852644 144.645220 0.000000
1694224370864610517 144.607982 0.000000
1694224371299493568 144.591215 0.000000
1694224371952805173 144.828089 0.000000
1694224372025506787 144.873117 0.000000
1694224372168268766 144.548860 0.000000
1694224372531359293 144.724258 0.000000
1694224372893479363 144.655318 0.000000
1694224372893632509 144.539234 0.000000
1694224375792696996 144.534913 0.000000
1694224375936016753 144.542826 0.000000
1694224376080632399 144.599659 0.000000
1694224376877697509 144.853243 0.000000
1694224377023220524 144.732167 0.000000
1694224377891598740 144.630765 0.000000
1694224379703519279 144.861472 0.000000
1694224380499108122 144.453874 0.000000
1694224380718132465 144.674493 0.000000
1694224380791735901 144.588186 0.000000
1694224381585931273 144.642553 0.000000
1694224383326216654 144.663547 0.000000
1694224384049828228 145.100047 0.000000
1694224384268088710 144.926728 0.000000
1694224384557712002 144.678234 0.000000
1694224384557937993 144.833953 0.000000
1694224385280659758 144.654485 0.000000
1694224385425600279 144.581546 0.000000
1694224385788886972 144.546526 0.000000
1694224386584764264 144.555967 0.000000
1694224386801743748 144.736236 0.000000
1694224387889249176 144.684982 0.000000
1694224390064207575 144.722750 0.000000
1694224391872552791 144.662540 0.000000
1694224392163743668 144.564782 0.000000
1694224393539303852 144.525742 0.000000
1694224393828958397 144.742821 0.000000
1694224394480402839 144.754518 0.000000
1694224394552814630 144.571608 0.000000
1694224395568189241 144.681819 0.000000
1694224396291116759 144.656851 0.000000
1694224396654213608 144.792875 0.000000
1694224397957032337 144.612629 0.000000
1694224398538485363 144.592442 0.000000
1694224398828181560 144.612489 0.000000
1694224399045469291 144.506783 0.000000
1694224399478920313 144.630792 0.000000
1694224399479980533 144.797424 0.000000
1694224399840529900 144.633678 0.000000
1694224400349109343 144.496428 0.000000
1694224400349654085 144.449399 0.000000
1694224401797072631 144.514660 0.000000
1694224401941534113 144.922363 0.000000
1694224402086535285 144.847424 0.000000
1694224402376845385 144.811651 0.000000
1694224403029004223 144.536341 0.000000
1694224403172568800 144.583054 0.000000
1694224403174389724 144.613260 0.000000
1694224403679587844 144.548319 0.000000
1694224406069574836 144.540807 0.000000
1694224406288602787 144.754824 0.000000
1694224407084784984 144.599999 0.000000
1694224408749118233 144.770480 0.000000
1694224409184047547 144.457578 0.000000
1694224409618875520 144.641620 0.000000
1694224411575021328 144.626717 0.000000
1694224411719077447 144.616413 0.000000
1694224413314387015 144.733254 0.000000
1694224413385284914 144.640393 0.000000
1694224413749859101 145.498715 0.000000
1694224413966118435 144.621965 0.000000
1694224414038721143 144.410819 0.000000
1694224414327672409 144.520691 0.000000
1694224414472904533 144.702186 0.000000
1694224414690418299 144.556293 0.000000
1694224415487890386 144.812073 0.000000
1694224415633372701 144.704011 0.000000
1694224415923332973 144.676293 0.000000
1694224416284420060 144.518986 0.000000
