1695148824592402332 191.400101 0.000000
1695148824688327873 191.441737 0.000000
1695148824753323943 191.340245 0.000000
1695148824991942018 191.563000 0.000000
1695148825121309397 191.525192 0.000000
1695148825134608554 191.354298 0.000000
1695148825233955802 191.395989 0.000000
1695148825312728710 191.399224 0.000000
1695148825499686462 191.381529 0.000000
1695148825758737411 191.487745 0.000000
1695148826018440392 191.356582 0.000000
1695148826696467313 191.750443 0.000000
1695148826697061269 191.341297 0.000000
1695148827262744834 191.531625 0.000000
1695148827368575819 191.385578 0.000000
1695148827460607111 191.406151 0.000000
1695148827560005710 191.408912 0.000000
1695148828008860561 191.367442 0.000000
1695148828057258770 191.552392 0.000000
1695148828248673221 191.346535 0.000000
1695148828319574065 191.450886 0.000000
1695148828558127107 191.332823 0.000000
1695148828753460902 191.359840 0.000000
1695148828885976458 191.348976 0.000000
1695148829393629173 191.531030 0.000000
1695148829435241132 191.417039 0.000000
1695148829526358046 191.518800 0.000000
1695148829782067163 191.568345 0.000000
1695148829901260550 191.443240 0.000000
1695148830103981837 191.502992 0.000000
1695148830377276743 191.430562 0.000000
1695148830580040885 191.434728 0.000000
1695148830658423404 191.540197 0.000000
1695148830774793516 191.427276 0.000000
1695148830931731868 191.443910 0.000000
1695148830966191672 191.384544 0.000000
1695148830993321772 191.563957 0.000000
1695148831014845697 191.370672 0.000000
1695148831277091274 191.569009 0.000000
1695148831337738151 191.411565 0.000000
1695148831446368005 191.292021 0.000000
1695148831839820644 191.391286 0.000000
1695148832031217326 191.382767 0.000000
1695148832271432385 191.526841 0.000000
1695148832303998237 191.519774 0.000000
1695148832614772973 191.427569 0.000000
1695148832841845367 191.567533 0.000000
1695148833011615254 191.355972 0.000000
1695148833188817104 191.380294 0.000000
1695148833525756976 191.450933 0.000000
1695148833764276309 191.357565 0.000000
1695148833857636135 191.473255 0.000000
1695148833988255814 191.500056 0.000000
1695148834166416467 191.390527 0.000000
1695148834286726333 191.341277 0.000000
1695148834478971976 192.231623 0.000000
1695148834612072140 191.952387 0.000000
1695148834762932951 191.496793 0.000000
1695148835192946603 191.374021 0.000000
1695148835268066260 191.430413 0.000000
1695148835551758247 191.786744 0.000000
1695148835922138743 191.787277 0.000000
1695148836344095228 191.479765 0.000000
1695148836535649868 191.476032 0.000000
1695148836917685694 191.302754 0.000000
1695148836983481424 191.533013 0.000000
1695148837082465448 191.305307 0.000000
1695148837109366945 191.667825 0.000000
1695148837413690556 191.398331 0.000000
1695148837512553856 191.340150 0.000000
1695148837925466561 191.428262 0.000000
1695148837967641752 191.448251 0.000000
1695148837986566654 191.380503 0.000000
1695148838135077734 191.419578 0.000000
1695148838301921805 191.346235 0.000000
1695148838320795187 191.301931 0.000000
1695148838493321226 191.311013 0.000000
1695148838826071683 191.462669 0.000000
1695148838851247284 191.410228 0.000000
1695148839231898104 191.505035 0.000000
1695148839577284344 191.377162 0.000000
1695148839831682900 191.472416 0.000000
1695148840236847014 191.366039 0.000000
1695148840665847712 191.438233 0.000000
1695148840693726942 191.408288 0.000000
1695148840833486103 191.508773 0.000000
1695148840986818003 191.496570 0.000000
1695148841024756972 191.548445 0.000000
1695148841096030617 191.495706 0.000000
1695148841362389838 191.462262 0.000000
1695148841536188056 191.398021 0.000000
1695148841860007746 191.327451 0.000000
1695148841958996767 191.444312 0.000000
1695148842801833403 191.779702 0.000000
1695148842981569783 191.406192 0.000000
1695148843006124290 191.390836 0.000000
1695148843440157370 191.587535 0.000000
1695148843941499972 191.331530 0.000000
1695148844104934322 191.329855 0.000000
1695148844538275780 191.478130 0.000000
1695148844657442722 191.375322 0.000000
1695148845392562987 191.361295 0.000000
1695148845490823618 191.517001 0.000000
1695148845703282755 191.403280 0.000000
1695148845757983712 191.411516 0.000000
1695148845776053865 191.367307 0.000000
1695148845798144498 191.469790 0.000000
1695148846003232288 191.572798 0.000000
1695148846098349052 191.400104 0.000000
1695148846277413002 191.307659 0.000000
1695148846307376822 191.457123 0.000000
1695148846402364057 191.439388 0.000000
1695148846409267926 191.636243 0.000000
1695148846692403335 191.588796 0.000000
1695148846826923433 191.469284 0.000000
1695148846946250608 191.417004 0.000000
1695148847003091347 191.337645 0.000000
1695148847166339905 191.467617 0.000000
1695148847256946123 191.412913 0.000000
1695148847321085777 191.366573 0.000000
1695148847864309290 191.572960 0.000000
1695148847925597939 191.382779 0.000000
1695148847973067914 191.647768 0.000000
1695148848164437959 191.356046 0.000000
1695148848215549404 191.485759 0.000000
1695148848228721425 191.513404 0.000000
1695148848768051871 191.377304 0.000000
1695148849071568562 191.411691 0.000000
1695148849436656739 191.410300 0.000000
1695148849452131514 191.413302 0.000000
1695148849487984657 191.893430 0.000000
1695148849505526597 191.425022 0.000000
1695148849550747669 191.423929 0.000000
1695148849622583030 191.431231 0.000000
1695148850033370056 191.466839 0.000000
1695148850222560736 191.447627 0.000000
1695148850251677582 191.501986 0.000000
1695148850344114465 191.435399 0.000000
1695148850490261797 191.426984 0.000000
1695148850562420213 191.411144 0.000000
1695148850670609331 191.506068 0.000000
1695148850863321802 191.434518 0.000000
1695148850891472381 191.504161 0.000000
1695148850935612504 191.477890 0.000000
1695148851130030791 191.374813 0.000000
1695148851172811077 191.493235 0.000000
1695148851321695748 191.596414 0.000000
1695148851489891827 191.299361 0.000000
1695148851656688842 191.362505 0.000000
1695148851752025870 191.690192 0.000000
1695148851844684322 191.906549 0.000000
1695148851920071060 191.479900 0.000000
1695148852182172208 191.515254 0.000000
1695148852203904513 191.488106 0.000000
1695148852361559846 191.495078 0.000000
1695148852492878242 191.400012 0.000000
1695148852735005657 191.364270 0.000000
1695148853111119470 191.385422 0.000000
1695148853165209054 191.466540 0.000000
1695148853660483261 191.344821 0.000000
1695148853834751795 191.423066 0.000000
1695148853881006630 191.388156 0.000000
1695148853946580203 191.546376 0.000000
1695148854149281673 191.439852 0.000000
1695148854209762959 191.372186 0.000000
1695148854304329553 191.429570 0.000000
1695148854358230606 191.318923 0.000000
1695148854549692259 191.386756 0.000000
1695148854781818007 191.504442 0.000000
1695148854822790901 191.377510 0.000000
1695148854838277775 191.621097 0.000000
1695148855212236919 191.440267 0.000000
1695148855218344069 191.411623 0.000000
1695148855385039830 191.564374 0.000000
1695148855570174390 191.444214 0.000000
1695148855599079496 191.334062 0.000000
1695148855818142228 191.518144 0.000000
1695148855896955274 191.456762 0.000000
1695148855958718091 191.433531 0.000000
1695148856009627467 191.468777 0.000000
1695148856088096839 191.395795 0.000000
1695148856238846868 191.403271 0.000000
1695148856296432651 191.566643 0.000000
1695148856365560002 191.463278 0.000000
1695148856430221174 191.358887 0.000000
1695148856558859041 191.372584 0.000000
1695148856628495973 191.389505 0.000000
1695148856756940721 191.431959 0.000000
1695148856924877558 191.501317 0.000000
1695148857098951115 191.449180 0.000000
1695148857228116553 191.935315 0.000000
1695148857750106431 191.428649 0.000000
1695148857902885984 191.371780 0.000000
1695148858093919170 191.398486 0.000000
1695148858104618271 191.430827 0.000000
1695148858864379317 191.794661 0.000000
1695148858874543693 191.424457 0.000000
1695148859175276197 191.464599 0.000000
1695148859203561697 191.463439 0.000000
1695148859360374716 191.376661 0.000000
1695148859489112937 191.443592 0.000000
1695148859680555632 191.362181 0.000000
1695148860038357314 191.382149 0.000000
1695148860471046362 191.353600 0.000000
1695148860513196204 191.389535 0.000000
1695148860559915749 191.419566 0.000000
1695148860712387661 191.485325 0.000000
1695148860767321596 191.568760 0.000000
1695148860823880665 191.366924 0.000000
1695148860886489099 191.637366 0.000000
1695148861347960354 191.417616 0.000000
1695148861500906577 191.441991 0.000000
1695148861515007970 191.406581 0.000000
1695148861664451799 191.520154 0.000000
1695148861692247802 191.325278 0.000000
1695148861888738100 191.339010 0.000000
1695148861917595128 191.392263 0.000000
1695148862099239050 191.463272 0.000000
1695148862249824081 191.369083 0.000000
1695148862275468418 191.428064 0.000000
1695148862576512237 191.318760 0.000000
1695148862651823510 191.376774 0.000000
1695148862887363271 191.527034 0.000000
1695148862919277135 191.566949 0.000000
1695148862971230337 191.444908 0.000000
1695148863440619085 191.394878 0.000000
1695148863767538637 191.530168 0.000000
1695148863849136101 191.508421 0.000000
1695148863968280247 191.481577 0.000000
1695148864106648286 191.352672 0.000000
1695148864212600105 191.736040 0.000000
1695148864279179730 191.474364 0.000000
1695148864667804076 191.377818 0.000000
1695148864667806334 191.380147 0.000000
1695148864677694926 191.377822 0.000000
1695148864859602914 191.788690 0.000000
1695148865217274477 191.650135 0.000000
1695148865305765855 191.455672 0.000000
1695148865358341525 191.405182 0.000000
1695148866089791789 191.474577 0.000000
1695148866380134808 191.780362 0.000000
1695148866721202065 191.336166 0.000000
1695148866810139617 191.380260 0.000000
1695148866891521612 191.553330 0.000000
1695148866959839075 191.380727 0.000000
1695148866994113624 191.499001 0.000000
1695148867497180971 191.410891 0.000000
1695148867597955807 191.435638 0.000000
1695148867956116007 191.337019 0.000000
1695148868132748520 191.428800 0.000000
1695148868451697530 191.509318 0.000000
1695148868586711004 191.391331 0.000000
1695148868815930368 191.438222 0.000000
1695148869275521311 191.554189 0.000000
1695148869541791444 191.449294 0.000000
1695148869597628615 191.409320 0.000000
1695148869718425255 191.389650 0.000000
1695148869732633219 191.338790 0.000000
1695148869755883373 191.317147 0.000000
1695148869842610199 191.482679 0.000000
1695148869937435662 191.396098 0.000000
1695148869945897185 191.439578 0.000000
1695148870034326187 191.640484 0.000000
1695148870043451373 191.495602 0.000000
1695148870234845810 191.381835 0.000000
1695148870305230468 191.346736 0.000000
1695148870407976220 192.072486 0.000000
1695148870606015765 191.410180 0.000000
1695148870824720908 191.383964 0.000000
1695148871011641572 191.689952 0.000000
1695148871036013615 191.395673 0.000000
1695148871187857238 191.514387 0.000000
1695148871212650931 191.602477 0.000000
1695148871227705277 191.575898 0.000000
1695148871614756059 191.306158 0.000000
1695148871762032551 191.508254 0.000000
1695148871868406443 191.411943 0.000000
1695148871975951903 191.348345 0.000000
1695148872015643549 191.415955 0.000000
1695148872048828232 191.548421 0.000000
1695148872179101334 191.376625 0.000000
1695148872214650025 191.344149 0.000000
1695148872301538537 191.573464 0.000000
1695148872515640945 191.406992 0.000000
1695148872525808194 191.356961 0.000000
1695148872574618633 191.683275 0.000000
1695148872684456379 191.476323 0.000000
1695148872885458818 191.467902 0.000000
1695148872885479756 191.486607 0.000000
1695148873315509408 191.387720 0.000000
1695148873423581573 191.431763 0.000000
1695148873447553863 191.513912 0.000000
1695148873911931559 191.705170 0.000000
1695148874315741696 191.511571 0.000000
1695148874521240665 191.400185 0.000000
1695148874646988728 191.402895 0.000000
1695148874795096318 191.381522 0.000000
1695148874984785010 191.446932 0.000000
1695148875327731951 191.458219 0.000000
1695148875774769395 191.397787 0.000000
1695148875774770651 191.456294 0.000000
1695148875794467130 191.628246 0.000000
1695148875943658252 192.245492 0.000000
1695148876264385579 191.725843 0.000000
1695148876354297720 191.371791 0.000000
1695148876609885366 191.398830 0.000000
1695148876756226796 191.356350 0.000000
1695148877136492201 191.689658 0.000000
1695148877160793439 191.355404 0.000000
1695148877210412304 191.440871 0.000000
1695148877445111380 191.420212 0.000000
1695148877448892754 191.420126 0.000000
1695148878044656364 191.511069 0.000000
1695148878402685767 191.366950 0.000000
1695148878503417626 191.491094 0.000000
1695148878594053663 191.354589 0.000000
1695148878890867968 191.359223 0.000000
1695148878955466907 191.356618 0.000000
1695148879104122132 191.498830 0.000000
1695148879193984043 191.423127 0.000000
1695148879430276585 191.358774 0.000000
1695148879440283767 191.387075 0.000000
1695148879743640149 191.394448 0.000000
1695148879990699086 191.613609 0.000000
1695148880045228635 191.542576 0.000000
1695148880158307080 191.496429 0.000000
1695148880218175278 191.427761 0.000000
1695148880347647071 191.498803 0.000000
1695148880623065182 191.340168 0.000000
1695148880817533894 191.495816 0.000000
1695148881016325724 191.486661 0.000000
1695148881128199744 191.379914 0.000000
1695148881726905913 191.435417 0.000000
1695148881804835777 191.775428 0.000000
1695148881972174876 191.496598 0.000000
1695148882261608514 191.402050 0.000000
1695148882395644004 191.470214 0.000000
1695148882402560940 191.523709 0.000000
1695148882728776892 191.434821 0.000000
1695148883206364877 191.377817 0.000000
1695148883243391889 191.476439 0.000000
1695148883335684972 191.340983 0.000000
1695148883422408908 191.664650 0.000000
1695148883428061730 191.431845 0.000000
1695148883493966816 191.399134 0.000000
1695148883564319271 191.471721 0.000000
1695148883595753106 191.476449 0.000000
1695148883685831782 191.848629 0.000000
1695148884113664822 191.435136 0.000000
1695148884430525307 191.514639 0.000000
1695148884724523632 191.823076 0.000000
1695148884843474686 191.514890 0.000000
1695148884979922853 191.498264 0.000000
1695148884987097710 191.379109 0.000000
1695148885023413189 191.335966 0.000000
1695148885027080662 191.438175 0.000000
1695148885392715407 191.387565 0.000000
1695148885990085341 191.511224 0.000000
1695148886169251369 191.339877 0.000000
1695148886288784769 191.498780 0.000000
1695148886311443130 191.520231 0.000000
1695148886386740201 191.443683 0.000000
1695148886650734645 191.382420 0.000000
1695148886658036483 191.343172 0.000000
1695148886691695967 191.519847 0.000000
1695148886777992320 191.437591 0.000000
1695148887174680596 191.402990 0.000000
1695148887409865689 191.517986 0.000000
1695148887558383592 191.738939 0.000000
1695148887612788129 191.454535 0.000000
1695148887687124841 191.495876 0.000000
1695148887911951340 191.460994 0.000000
1695148887916136878 191.499377 0.000000
1695148888165257860 191.360515 0.000000
1695148888201429608 191.551353 0.000000
1695148888226947385 191.425467 0.000000
1695148888269847270 191.378253 0.000000
1695148888884236547 191.411982 0.000000
1695148889679378166 191.435665 0.000000
1695148889749611600 191.544557 0.000000
1695148889803535456 191.584265 0.000000
1695148889910639270 191.374152 0.000000
1695148890425073817 191.502492 0.000000
1695148890468745382 191.438573 0.000000
1695148890537753261 191.490974 0.000000
1695148890818040749 191.350751 0.000000
1695148890906882589 191.419042 0.000000
1695148890967950835 191.545930 0.000000
1695148891032613676 191.446831 0.000000
1695148891151893841 191.356821 0.000000
1695148891533340306 191.718847 0.000000
1695148891577897218 191.537791 0.000000
1695148891814340978 191.346150 0.000000
1695148891982183523 191.385160 0.000000
1695148892173821001 191.543205 0.000000
1695148892484577827 191.460945 0.000000
1695148892531380680 191.345220 0.000000
1695148892553692776 192.115383 0.000000
1695148892679289774 191.434955 0.000000
1695148892842206420 191.497120 0.000000
1695148893371652521 191.429538 0.000000
1695148893381240739 191.409278 0.000000
1695148893705929272 191.386028 0.000000
1695148893774326009 191.388304 0.000000
1695148893812561601 191.450236 0.000000
1695148893826392599 191.370072 0.000000
1695148893916347112 191.383744 0.000000
1695148894255503876 191.712316 0.000000
1695148894649208784 191.468854 0.000000
1695148894992412993 191.440458 0.000000
1695148895162887423 191.439834 0.000000
1695148895181762294 191.429972 0.000000
1695148895492565596 191.400371 0.000000
1695148895899591711 191.362537 0.000000
1695148895939031532 191.432028 0.000000
1695148896238981365 191.421958 0.000000
1695148896476245603 191.360191 0.000000
1695148896487937244 191.403896 0.000000
1695148897227167179 191.337789 0.000000
1695148897623568595 191.343898 0.000000
1695148897920499653 191.529926 0.000000
1695148897934392864 191.496558 0.000000
1695148897944790517 191.409259 0.000000
1695148898253782373 191.420150 0.000000
1695148898366249730 191.365266 0.000000
1695148898613352966 191.395864 0.000000
1695148898995195260 192.051963 0.000000
1695148899383465644 191.522074 0.000000
1695148899484904756 191.516264 0.000000
1695148899790336558 191.547151 0.000000
1695148899914884600 191.388010 0.000000
1695148900141022275 191.359717 0.000000
1695148900141026128 191.398613 0.000000
1695148900220387764 191.363506 0.000000
1695148900253201305 191.517306 0.000000
1695148900267448714 191.498793 0.000000
1695148900844031195 191.322453 0.000000
1695148901179986121 191.353641 0.000000
1695148901250745366 191.552776 0.000000
1695148901393321795 191.382279 0.000000
1695148901413629883 191.520580 0.000000
1695148901766800359 191.411790 0.000000
1695148901958303255 191.487430 0.000000
1695148902082489308 191.424661 0.000000
1695148902201744400 191.377683 0.000000
1695148902234593820 191.787487 0.000000
1695148902248752927 191.471655 0.000000
1695148902636605627 191.485688 0.000000
1695148902751092246 191.421484 0.000000
1695148902783952549 191.497707 0.000000
1695148902855298370 191.407433 0.000000
1695148902875104503 191.398790 0.000000
1695148903382968030 191.544792 0.000000
1695148904306708801 191.336492 0.000000
1695148904528941122 191.639308 0.000000
1695148904545363469 191.410604 0.000000
1695148904601312806 191.497346 0.000000
1695148904839817198 191.437586 0.000000
1695148904948188736 191.506940 0.000000
1695148905013848080 191.640439 0.000000
1695148905405822030 191.445542 0.000000
1695148905505714063 191.383633 0.000000
1695148905525396703 191.451089 0.000000
1695148905675884924 191.476517 0.000000
1695148905801971163 191.549719 0.000000
1695148905910469715 191.408155 0.000000
1695148906084935329 191.441499 0.000000
1695148906168788948 191.388903 0.000000
1695148906463822718 191.428591 0.000000
1695148906479531689 191.477525 0.000000
1695148906634203608 191.345687 0.000000
1695148906671061546 191.515016 0.000000
1695148906825683785 191.466748 0.000000
1695148906882282898 191.537027 0.000000
1695148906912781350 191.423871 0.000000
1695148906948833448 191.473935 0.000000
1695148906956808709 191.462132 0.000000
1695148907029113600 191.354272 0.000000
1695148907132813077 191.685595 0.000000
1695148907259901193 191.689076 0.000000
1695148907368118533 191.465073 0.000000
1695148907378927264 191.397588 0.000000
1695148907544793286 191.510685 0.000000
1695148907583431521 191.619885 0.000000
1695148907691355683 191.343697 0.000000
1695148907775003580 191.550922 0.000000
1695148908094156641 191.393207 0.000000
1695148908261177888 191.441650 0.000000
1695148908899928179 191.411680 0.000000
1695148909182818646 191.471261 0.000000
1695148909240265703 191.446852 0.000000
1695148909806112524 191.694472 0.000000
1695148909981524242 191.699546 0.000000
1695148909999505085 191.327421 0.000000
1695148910151429338 191.367430 0.000000
1695148910356788700 191.445241 0.000000
1695148910548194272 191.389564 0.000000
1695148910713396263 191.385357 0.000000
1695148910801829667 191.417759 0.000000
1695148911097807370 191.502410 0.000000
1695148911678310434 191.474682 0.000000
1695148911807586496 191.377291 0.000000
1695148911908962138 191.528390 0.000000
1695148912108262916 191.364171 0.000000
1695148912130907053 191.390044 0.000000
1695148912219589375 191.353810 0.000000
1695148912227624809 191.363905 0.000000
1695148912369762110 191.493023 0.000000
1695148912538414984 191.529592 0.000000
1695148912595792846 191.663175 0.000000
1695148912766922284 191.428409 0.000000
1695148912850815179 191.333538 0.000000
1695148913317955431 192.097257 0.000000
1695148913385237878 191.483375 0.000000
1695148913399785310 191.407472 0.000000
1695148913408213715 191.363252 0.000000
1695148913503236100 191.478324 0.000000
1695148913674259186 191.387795 0.000000
1695148913725917111 191.333109 0.000000
1695148913852911713 191.487203 0.000000
1695148913865624605 191.353780 0.000000
1695148913945860507 191.305518 0.000000
1695148913972336715 191.666428 0.000000
1695148914176363272 191.352959 0.000000
1695148914198664155 191.355976 0.000000
1695148914367784788 191.408968 0.000000
1695148914474570545 191.345150 0.000000
1695148914559111550 191.308548 0.000000
1695148914731712020 191.724477 0.000000
1695148914829719695 191.582886 0.000000
1695148914832579906 191.391965 0.000000
1695148915347255057 191.609696 0.000000
1695148915607921722 191.369025 0.000000
1695148915673059431 191.928246 0.000000
1695148915739810626 191.402007 0.000000
1695148915777305766 191.500741 0.000000
1695148915839075267 191.631830 0.000000
1695148916096942798 191.418871 0.000000
1695148916349688076 191.542437 0.000000
1695148916461211060 191.419669 0.000000
1695148916461234974 191.430546 0.000000
1695148916488908041 191.590127 0.000000
1695148916515370966 191.552803 0.000000
1695148916593757630 191.365839 0.000000
1695148916649210022 191.456017 0.000000
1695148916826180153 191.522337 0.000000
1695148916906464005 191.548687 0.000000
1695148916928016986 191.461592 0.000000
1695148917083433886 191.497081 0.000000
1695148917300958300 192.071058 0.000000
1695148917447686664 191.391618 0.000000
1695148917502959861 191.368367 0.000000
1695148917969585990 191.355780 0.000000
1695148918235885516 191.362057 0.000000
1695148918327940614 191.578428 0.000000
1695148918665858729 191.415300 0.000000
1695148918769888344 191.431172 0.000000
1695148918811538316 191.417754 0.000000
1695148919253992757 191.487428 0.000000
1695148919548262273 191.502794 0.000000
1695148919837966918 191.355863 0.000000
1695148919991530883 191.404865 0.000000
1695148920095379092 191.418090 0.000000
1695148920217156743 191.420871 0.000000
1695148920302166727 191.382533 0.000000
1695148920387471686 191.497892 0.000000
1695148920599811703 191.328300 0.000000
1695148920625951480 191.452056 0.000000
1695148920692061424 191.451535 0.000000
1695148920996391784 191.398553 0.000000
1695148920996464638 191.298316 0.000000
1695148921122123177 191.376312 0.000000
1695148921124303793 191.351981 0.000000
1695148921340723730 191.360815 0.000000
1695148921363032966 191.389909 0.000000
1695148921414024894 191.425725 0.000000
1695148921770852863 191.518356 0.000000
1695148922355630541 191.418696 0.000000
1695148922621692034 191.342081 0.000000
1695148922824264321 192.038895 0.000000
1695148922922615993 191.348967 0.000000
1695148923106889646 191.425119 0.000000
1695148923254326646 191.379730 0.000000
1695148923641660891 191.493664 0.000000
1695148923684387824 191.382617 0.000000
1695148923752184182 191.467107 0.000000
1695148923943629168 191.427593 0.000000
1695148923943682729 191.401815 0.000000
1695148924307226786 191.479556 0.000000
1695148924488309675 191.358990 0.000000
1695148924545781850 191.581582 0.000000
1695148924712183541 191.474830 0.000000
1695148924846265651 191.519567 0.000000
1695148925030251027 191.333668 0.000000
1695148925044279338 191.485466 0.000000
1695148925142938409 191.767612 0.000000
1695148925276231165 191.405385 0.000000
1695148925474461594 191.565301 0.000000
1695148925924090882 191.396794 0.000000
1695148926205680555 191.312336 0.000000
1695148926473493387 191.456314 0.000000
1695148926538981837 191.364739 0.000000
1695148926555997719 191.367349 0.000000
1695148926646751103 191.373466 0.000000
1695148927129454501 191.565058 0.000000
1695148927481384005 191.450283 0.000000
1695148927526528443 191.505541 0.000000
1695148927757348148 191.669240 0.000000
1695148928292922445 191.844698 0.000000
1695148928441879697 191.525989 0.000000
1695148928454744917 191.394956 0.000000
1695148928509603777 191.801478 0.000000
1695148928791996032 191.378163 0.000000
1695148929144343858 191.436522 0.000000
1695148929168308597 191.820712 0.000000
1695148929455580253 191.912058 0.000000
1695148929538904018 191.420509 0.000000
1695148929562845005 191.385585 0.000000
1695148929580363174 191.523581 0.000000
1695148930096937278 191.603269 0.000000
1695148930181569749 191.405432 0.000000
1695148930207750323 191.401578 0.000000
1695148930551908560 191.437112 0.000000
1695148930585443638 191.466745 0.000000
1695148930828385753 191.526094 0.000000
1695148931004230114 191.401918 0.000000
1695148931506604288 191.430480 0.000000
1695148931553853568 191.393706 0.000000
1695148931561849563 191.448293 0.000000
1695148931753223733 191.366150 0.000000
1695148931794727308 191.425455 0.000000
1695148931927216293 191.471594 0.000000
1695148931944597043 191.357641 0.000000
1695148931974724839 191.499650 0.000000
1695148932060352909 191.381675 0.000000
1695148932146086359 191.433724 0.000000
1695148932337639595 191.463493 0.000000
1695148932349419248 191.399919 0.000000
1695148932533471622 191.639791 0.000000
1695148932576136036 191.373133 0.000000
1695148932683278554 191.374083 0.000000
1695148932994261797 191.685987 0.000000
1695148933202120102 191.474695 0.000000
1695148933245229755 191.611905 0.000000
1695148933364537774 191.430965 0.000000
1695148933537194189 191.375513 0.000000
1695148933687989686 191.400039 0.000000
1695148933771133278 191.470658 0.000000
1695148933900856086 191.404409 0.000000
1695148933967181704 191.416014 0.000000
1695148934098844581 191.431051 0.000000
1695148934161301150 191.436311 0.000000
1695148934643609960 191.405910 0.000000
1695148934682603603 191.359442 0.000000
1695148934690546000 191.455573 0.000000
1695148934726366673 192.008383 0.000000
1695148934767533833 191.388935 0.000000
1695148934874332549 191.664639 0.000000
1695148935359594308 191.473590 0.000000
1695148935387832615 191.445454 0.000000
1695148935436493535 191.391675 0.000000
1695148935574903092 191.398113 0.000000
1695148935642370148 191.451551 0.000000
1695148935796259917 191.524084 0.000000
1695148935987827725 191.552087 0.000000
1695148936208528593 191.375877 0.000000
1695148936208529252 191.281678 0.000000
1695148936293853800 192.334363 0.000000
1695148936383686644 209.309420 0.000000
1695148936383740981 209.298792 0.000000
1695148936399916764 191.378699 0.000000
1695148936467195606 211.341354 0.000000
1695148936575172823 191.425148 0.000000
1695148936897319924 191.403849 0.000000
1695148937057408166 191.444751 0.000000
1695148937262088105 191.726840 0.000000
1695148937554827095 191.949017 0.000000
1695148937619773813 191.370648 0.000000
1695148937988975765 191.465942 0.000000
1695148938050363576 191.712990 0.000000
1695148938343069987 191.495050 0.000000
1695148938633437380 191.590709 0.000000
1695148938693700352 191.493074 0.000000
1695148938991108573 191.346683 0.000000
1695148939229980859 191.553170 0.000000
1695148939304507372 191.499692 0.000000
1695148939444149165 191.364490 0.000000
1695148939444220202 191.410485 0.000000
1695148939779440614 191.520193 0.000000
1695148939883760592 191.448679 0.000000
1695148940555832738 191.589345 0.000000
1695148940866791243 191.603748 0.000000
1695148940927779270 191.332135 0.000000
1695148941186639075 191.554595 0.000000
1695148941654725979 191.364051 0.000000
1695148941663858694 191.436014 0.000000
1695148941949633037 191.442826 0.000000
1695148941954227605 191.508642 0.000000
1695148942141065948 191.419708 0.000000
1695148942265034028 191.395104 0.000000
1695148942444006685 192.519794 0.000000
1695148942828307622 191.363240 0.000000
1695148942936402879 191.464714 0.000000
1695148943127752362 191.397811 0.000000
1695148943158906271 191.697036 0.000000
1695148943291974835 191.746819 0.000000
1695148943377736410 191.455859 0.000000
1695148943525882143 191.431522 0.000000
1695148943721989486 191.386252 0.000000
1695148943768530373 191.492548 0.000000
1695148944094217734 191.443232 0.000000
1695148944399446410 191.345417 0.000000
1695148944544880850 191.383499 0.000000
1695148944586381770 191.470087 0.000000
1695148944672441059 191.924260 0.000000
1695148945200492750 191.432400 0.000000
1695148945291542627 191.511557 0.000000
1695148945685378889 191.413029 0.000000
1695148945699037448 191.344613 0.000000
1695148945949778026 191.783913 0.000000
1695148946009848221 191.529627 0.000000
1695148946578528617 191.496354 0.000000
1695148946800246950 191.378144 0.000000
1695148947165714522 191.510900 0.000000
1695148947513992326 191.363994 0.000000
1695148947573317228 191.711684 0.000000
1695148947724373913 191.420953 0.000000
1695148947733987028 191.376237 0.000000
1695148947884126397 191.479743 0.000000
1695148947907659479 191.486065 0.000000
1695148948048313047 191.486409 0.000000
1695148949074879017 191.367249 0.000000
1695148949149580974 191.523104 0.000000
1695148949181076516 191.439388 0.000000
1695148949505831531 191.429409 0.000000
1695148949650429646 191.557961 0.000000
1695148949746131479 191.583349 0.000000
1695148951250243624 191.445727 0.000000
1695148951441738162 191.475739 0.000000
1695148951561111467 191.474563 0.000000
1695148951633146578 191.391615 0.000000
1695148951871826947 191.412373 0.000000
1695148952221033886 191.386830 0.000000
1695148952330449224 191.491772 0.000000
1695148952478192897 191.514836 0.000000
1695148952779181663 191.525546 0.000000
1695148953089923983 191.337915 0.000000
1695148953156336061 192.079862 0.000000
1695148953347800385 191.443943 0.000000
1695148953448028073 191.456008 0.000000
1695148953458060250 191.440223 0.000000
1695148953470184292 191.386094 0.000000
1695148953614450776 191.401710 0.000000
1695148953639362627 191.478999 0.000000
1695148953900235994 191.382986 0.000000
1695148953982063639 191.351770 0.000000
1695148954146596332 191.375954 0.000000
1695148954211142555 191.564685 0.000000
1695148954211377016 191.447287 0.000000
1695148954295905419 191.422339 0.000000
1695148954597928629 191.534085 0.000000
1695148954625638028 191.368355 0.000000
1695148954789307372 191.362541 0.000000
1695148954815361210 191.463693 0.000000
1695148955131075596 191.414626 0.000000
1695148955357351959 191.341301 0.000000
1695148955715504556 191.407801 0.000000
1695148955715506592 191.430374 0.000000
1695148955842081376 191.418141 0.000000
1695148956104810732 191.485163 0.000000
1695148956248963233 191.347547 0.000000
1695148956265865242 191.522914 0.000000
1695148956277406703 191.476415 0.000000
1695148956359997640 191.410787 0.000000
1695148956761429878 191.468548 0.000000
1695148956934480951 191.359388 0.000000
1695148956993755483 192.136739 0.000000
1695148957019546324 191.389217 0.000000
1695148957028492645 191.338761 0.000000
1695148957423437591 191.442715 0.000000
1695148957430140632 191.409000 0.000000
1695148957568919883 191.502979 0.000000
1695148957603314568 191.382160 0.000000
1695148957633297986 191.382431 0.000000
1695148957650377864 191.405414 0.000000
1695148957734229444 191.483860 0.000000
1695148957935715501 191.409807 0.000000
1695148958183304989 192.085589 0.000000
1695148958357000408 191.427146 0.000000
1695148958365712769 191.351803 0.000000
1695148958557567272 191.427833 0.000000
1695148958770348432 191.493692 0.000000
1695148959034452874 191.420274 0.000000
1695148959128856194 191.734291 0.000000
1695148959361737770 191.395930 0.000000
1695148959452445533 191.427973 0.000000
1695148959559107250 191.674573 0.000000
1695148959791864565 191.444673 0.000000
1695148960001975369 191.552913 0.000000
1695148960221868499 191.411104 0.000000
1695148960287006759 191.465188 0.000000
1695148960302352040 191.450261 0.000000
1695148960800834606 191.320846 0.000000
1695148961110196153 191.436117 0.000000
1695148961111505197 191.401761 0.000000
1695148961295807142 191.340857 0.000000
1695148961420849516 191.372691 0.000000
1695148961587360841 191.386192 0.000000
1695148961679241226 191.360243 0.000000
1695148961984494609 191.454513 0.000000
1695148962162916490 191.685281 0.000000
1695148962315159351 191.427156 0.000000
1695148962533917253 191.428686 0.000000
1695148962759057941 191.324081 0.000000
1695148962880031640 191.455732 0.000000
1695148962944396033 191.316791 0.000000
1695148963190776042 191.458652 0.000000
1695148963341858120 191.535310 0.000000
1695148963454207542 191.478591 0.000000
1695148963461444314 191.367524 0.000000
1695148963524625162 191.625766 0.000000
1695148963634914842 191.408387 0.000000
1695148963666496234 191.501273 0.000000
1695148963806455710 191.365631 0.000000
1695148964176215582 191.401752 0.000000
1695148964215961191 191.488172 0.000000
1695148964475345136 191.453506 0.000000
1695148964495825361 191.405471 0.000000
1695148964730579563 191.523267 0.000000
1695148965003086897 191.483732 0.000000
1695148965125992269 191.362832 0.000000
1695148965196533401 191.353470 0.000000
1695148965243805160 191.359384 0.000000
1695148965653359745 191.443839 0.000000
1695148965751597366 191.500001 0.000000
1695148965761415054 191.447433 0.000000
1695148965793029737 191.347666 0.000000
1695148965993245335 191.714999 0.000000
1695148966029809692 191.444248 0.000000
1695148966062333221 191.406663 0.000000
1695148966162730668 191.494310 0.000000
1695148966474353019 191.426207 0.000000
1695148966698508302 191.333656 0.000000
1695148966788006185 191.549207 0.000000
1695148966918855287 191.425931 0.000000
1695148966939091016 191.519845 0.000000
1695148966984341531 191.494761 0.000000
1695148966986172609 191.315018 0.000000
1695148967130474930 191.375786 0.000000
1695148967168636054 191.452800 0.000000
1695148967587902316 191.301296 0.000000
1695148967918486532 191.520135 0.000000
1695148967968127961 191.476272 0.000000
1695148968025013139 191.443745 0.000000
1695148968271708782 191.367278 0.000000
1695148968560240220 191.408653 0.000000
1695148968663116004 191.311787 0.000000
1695148968821358665 191.545750 0.000000
1695148968931086028 191.543771 0.000000
1695148969199383265 191.332655 0.000000
1695148969251423200 191.448192 0.000000
1695148970278090271 191.323820 0.000000
1695148970315992260 191.528749 0.000000
1695148970366910505 191.417239 0.000000
1695148970426590727 191.703134 0.000000
1695148970477748053 191.392120 0.000000
1695148970788421000 191.336112 0.000000
1695148970807235231 191.539158 0.000000
1695148970842578689 191.360717 0.000000
1695148970903498505 191.370344 0.000000
1695148971035665771 191.438061 0.000000
1695148971153267125 191.353190 0.000000
1695148971227132724 191.445932 0.000000
1695148971248607322 191.412763 0.000000
1695148971464054206 191.466983 0.000000
1695148971667440308 191.394782 0.000000
1695148971695650071 191.402262 0.000000
1695148971774751009 191.377821 0.000000
1695148971887568689 191.549070 0.000000
1695148971905967317 191.434257 0.000000
1695148971978197690 191.457490 0.000000
1695148972216774198 191.472280 0.000000
1695148972885557280 191.455209 0.000000
1695148972897388321 191.481856 0.000000
1695148972941457186 191.365498 0.000000
1695148973052249524 191.520478 0.000000
1695148973124114064 191.467957 0.000000
1695148973159578625 191.488724 0.000000
1695148973227723594 191.515440 0.000000
1695148973591500583 191.434335 0.000000
1695148973593449709 191.415590 0.000000
1695148973840631968 191.625800 0.000000
1695148973924000055 191.547901 0.000000
1695148973926817599 191.437096 0.000000
1695148973990935887 191.823550 0.000000
1695148974087089418 191.353081 0.000000
1695148974186162736 191.423165 0.000000
1695148974278609631 191.507002 0.000000
1695148974500832466 191.453824 0.000000
1695148974618376822 191.430292 0.000000
1695148974630157357 191.495702 0.000000
1695148974854760840 191.427722 0.000000
1695148975140631795 191.398293 0.000000
1695148975165561547 191.500486 0.000000
1695148975192436038 191.881386 0.000000
1695148975289039591 191.602536 0.000000
1695148975465323122 191.449583 0.000000
1695148975571396808 191.609306 0.000000
1695148975635783720 191.502866 0.000000
1695148975827168708 191.371340 0.000000
1695148976359682341 191.571993 0.000000
1695148976627042241 191.462609 0.000000
1695148976908943491 191.353926 0.000000
1695148976921854793 191.400439 0.000000
1695148977054294023 191.527748 0.000000
1695148977214843329 191.362129 0.000000
1695148977286830214 191.416545 0.000000
1695148977498275070 191.413503 0.000000
1695148977565935681 191.422785 0.000000
1695148977580869382 191.419035 0.000000
1695148978432948121 191.395900 0.000000
1695148978599429230 191.395949 0.000000
1695148978617548936 191.414798 0.000000
1695148979204794909 191.520861 0.000000
1695148979230645482 191.311072 0.000000
1695148979460027390 191.755190 0.000000
1695148979729972516 191.335764 0.000000
1695148979754212779 191.423006 0.000000
1695148979773064003 191.423520 0.000000
1695148979790518722 191.384698 0.000000
1695148979804412226 191.418565 0.000000
1695148979866901291 191.433646 0.000000
1695148980096825867 191.494288 0.000000
1695148980234449385 191.386628 0.000000
1695148980367474095 191.401062 0.000000
1695148980376757266 191.480840 0.000000
1695148980680622065 191.476086 0.000000
1695148980756701759 191.368562 0.000000
1695148981204425435 191.468984 0.000000
1695148981213941482 191.410711 0.000000
1695148981378698999 191.954001 0.000000
1695148981405308700 191.351085 0.000000
1695148981868671727 191.798254 0.000000
1695148981965735389 191.542428 0.000000
1695148981974699043 191.379801 0.000000
1695148982285610057 191.420569 0.000000
1695148982589041179 191.490151 0.000000
1695148982683636900 191.669596 0.000000
1695148983084536575 191.463856 0.000000
1695148983138485990 191.433315 0.000000
1695148983212285025 191.438188 0.000000
1695148983514686269 191.412468 0.000000
1695148983514711364 191.456483 0.000000
1695148983944673984 191.342749 0.000000
1695148983974088626 191.526029 0.000000
1695148984028943697 191.476735 0.000000
1695148984068583278 191.408562 0.000000
1695148984379353830 191.371022 0.000000
1695148984460788886 191.527558 0.000000
1695148984498828818 191.334026 0.000000
1695148984523032229 191.376951 0.000000
1695148984643817263 191.410792 0.000000
1695148984750808156 191.861752 0.000000
1695148984762586128 191.389580 0.000000
1695148984809594017 191.481350 0.000000
1695148984809648362 191.535620 0.000000
1695148984861489499 191.329483 0.000000
1695148984954070239 191.469311 0.000000
1695148984984710095 191.509604 0.000000
1695148985384074773 191.348601 0.000000
1695148985414854746 191.462267 0.000000
1695148985819922376 191.375276 0.000000
1695148986011796377 191.543914 0.000000
1695148986027815423 191.343825 0.000000
1695148986423917559 191.663801 0.000000
1695148986570502744 191.654108 0.000000
1695148986616179717 191.586905 0.000000
1695148986624560827 191.549552 0.000000
1695148986734952598 191.663265 0.000000
1695148986876688955 191.586207 0.000000
1695148987293058174 191.411792 0.000000
1695148987324320910 191.413369 0.000000
1695148987358635764 191.464682 0.000000
1695148987585101993 191.365247 0.000000
1695148987776582559 191.466789 0.000000
1695148988146779139 191.493359 0.000000
1695148988338106257 191.306730 0.000000
1695148988351239468 191.381552 0.000000
1695148988438989833 191.508411 0.000000
1695148988542813101 191.558144 0.000000
1695148988546991397 191.503107 0.000000
1695148988630473878 191.470807 0.000000
1695148988692384664 191.456456 0.000000
1695148988738474105 191.462731 0.000000
1695148988835866932 191.326295 0.000000
1695148989092204218 191.361307 0.000000
1695148989679783101 191.866510 0.000000
1695148989862549447 191.432695 0.000000
1695148989871321406 191.525029 0.000000
1695148989884464348 191.412573 0.000000
1695148990015537435 191.494620 0.000000
1695148990112934467 191.717132 0.000000
1695148990264284145 191.393181 0.000000
1695148990413713043 191.355552 0.000000
1695148990532966674 191.345179 0.000000
1695148990659228831 191.425136 0.000000
1695148990843696596 191.341146 0.000000
1695148991042571243 191.395497 0.000000
1695148991512988204 191.922372 0.000000
1695148991675180654 191.519959 0.000000
1695148991830558427 191.453947 0.000000
1695148992022240358 191.666343 0.000000
1695148992233113467 191.757369 0.000000
1695148992524443190 191.617130 0.000000
