1694825392766389285 171.957797 95.388554 95 16 0.000000
1694825393763076132 169.043850 94.312483 94 16 0.000000
1694825394764016049 170.001200 91.913609 92 16 0.000000
1694825395771781277 169.862350 95.260285 96 16 0.000000
1694825396762243963 170.170884 93.895509 93 16 0.000000
1694825397760654330 170.193685 96.152846 96 16 0.000000
1694825398770641615 169.938541 94.060592 95 16 0.000000
1694825399774268000 169.416396 95.653125 96 16 0.000000
1694825400771891241 168.987431 91.216814 91 16 0.000000
1694825401768636719 173.000492 91.297115 91 16 0.000000
1694825402771801505 170.118047 93.703460 94 16 0.000000
1694825403782554625 170.342415 96.957394 98 16 0.000000
1694825404780556655 169.648469 94.188196 94 16 0.000000
1694825405781475691 168.622897 93.913693 94 16 0.000000
1694825406784321181 169.935435 95.727592 96 16 0.000000
1694825407782755660 171.448050 93.145820 93 16 0.000000
1694825408775125374 169.090463 93.715009 93 16 0.000000
1694825409777493077 169.853601 92.780390 93 16 0.000000
1694825410789467314 171.103093 95.852243 97 16 0.000000
1694825411770982213 172.658645 91.695004 90 16 0.000000
1694825412770263266 169.002971 95.068336 95 16 0.000000
1694825413783131271 171.092191 92.805769 94 16 0.000000
1694825414772509277 169.343988 97.030666 96 16 0.000000
1694825415790058017 167.950399 93.361636 95 16 0.000000
1694825416779891781 168.559386 93.955154 93 16 0.000000
1694825417773404970 171.702691 95.620270 95 16 0.000000
1694825418797731353 168.625883 91.767626 94 16 0.000000
1694825419789856567 170.923029 95.754058 95 16 0.000000
1694825420774981751 172.684908 92.374033 91 16 0.000000
1694825421791235284 170.855861 93.480605 95 16 0.000000
1694825422801786872 168.077669 93.018519 94 16 0.000000
1694825423787900361 168.642701 95.323705 94 16 0.000000
1694825424804197559 170.659765 92.492634 94 16 0.000000
1694825425780735000 172.012654 97.282486 95 16 0.000000
1694825426799016274 171.694675 94.276525 96 16 0.000000
1694825427787279107 172.134745 89.045123 88 16 0.000000
1694825428803653759 168.320183 93.469471 95 16 0.000000
1694825429795315158 170.292534 95.798838 95 16 0.000000
1694825430806758658 170.123836 92.936472 94 16 0.000000
1694825431810825407 171.780535 94.615223 95 16 0.000000
1694825432805486491 171.144273 93.499185 93 16 0.000000
1694825433796039701 167.377454 94.896486 94 16 0.000000
1694825434796551994 168.999180 94.951350 95 16 0.000000
1694825435808810089 168.069423 98.789034 100 16 0.000000
1694825436805268904 170.601031 89.316286 89 16 0.000000
1694825437801736103 170.833984 95.336787 95 16 0.000000
1694825438794937392 171.412479 94.643469 94 16 0.000000
1694825439795154921 170.540003 92.979766 93 16 0.000000
1694825440819055709 169.458251 92.782422 95 16 0.000000
1694825441810571443 172.915899 92.787247 92 16 0.000000
1694825442818784952 170.290637 94.226064 95 16 0.000000
1694825443822819621 169.705690 93.622263 94 16 0.000000
1694825444825427460 169.074360 94.752901 95 16 0.000000
1694825445813419521 168.289153 95.142480 94 16 0.000000
1694825446823717573 172.260779 93.041840 94 16 0.000000
1694825447820162751 167.698799 95.338900 95 16 0.000000
1694825448822759106 171.261161 95.751416 96 16 0.000000
1694825449820998890 169.396371 93.163976 93 16 0.000000
1694825450823313648 168.922097 93.782916 94 16 0.000000
1694825451821949168 171.155278 93.127078 93 16 0.000000
1694825452824972154 170.300970 95.710673 96 16 0.000000
1694825453827306944 169.898071 93.781039 94 16 0.000000
1694825454823547390 171.066216 93.350958 93 16 0.000000
1694825455827861373 171.689380 92.600512 93 16 0.000000
1694825456824038875 170.377146 95.364537 95 16 0.000000
1694825457830700841 169.530832 93.377915 94 16 0.000000
1694825458833918285 171.277846 94.695338 95 16 0.000000
1694825459829726835 168.981634 93.391445 93 16 0.000000
1694825460838922125 174.023598 93.143510 94 16 0.000000
1694825461815506129 169.897384 91.133986 89 16 0.000000
1694825462843024865 168.656445 96.348610 99 16 0.000000
1694825463816074596 174.554058 92.492714 90 16 0.000000
1694825464842695591 170.492010 92.536585 95 16 0.000000
1694825465838950691 171.770001 92.345829 92 16 0.000000
1694825466846220248 170.949894 94.314357 95 16 0.000000
1694825467845385342 166.820388 97.081059 97 16 0.000000
1694825468845648624 168.249057 96.974466 97 16 0.000000
1694825469845242183 172.087978 92.037412 92 16 0.000000
1694825470845738001 169.223308 94.952929 95 16 0.000000
1694825471838333289 169.526078 93.693761 93 16 0.000000
1694825472846164166 167.779352 94.261845 95 16 0.000000
1694825473840188844 169.697127 94.565059 94 16 0.000000
1694825474855468995 166.868722 92.585285 94 16 0.000000
1694825475850772665 168.369066 96.452975 96 16 0.000000
1694825476850780384 169.988772 94.999268 95 16 0.000000
1694825477845755777 169.074443 95.479753 95 16 0.000000
1694825478833957453 170.257807 94.110346 93 16 0.000000
1694825479852470852 169.532775 93.273193 95 16 0.000000
1694825480851673472 166.927513 97.077422 97 16 0.000000
1694825481837119458 172.554926 93.358725 92 16 0.000000
1694825482861758902 166.857731 94.667434 97 16 0.000000
1694825483860249831 171.616365 94.142095 94 16 0.000000
1694825484861360113 171.481588 92.896845 93 16 0.000000
1694825485858648991 169.231987 94.255538 94 16 0.000000
1694825486866063449 171.511857 93.308169 94 16 0.000000
1694825487868359868 171.475344 90.791507 91 16 0.000000
1694825488869851434 169.944826 93.860015 94 16 0.000000
1694825489869157846 170.332430 93.064544 93 16 0.000000
1694825490856011091 167.775733 99.305538 98 16 0.000000
1694825491871011342 170.512270 92.610811 94 16 0.000000
1694825492854092280 169.777792 95.617765 94 16 0.000000
1694825493864521458 168.847916 93.029776 94 16 0.000000
1694825494866221858 169.599324 94.838731 95 16 0.000000
1694825495876316675 169.105405 94.050587 95 16 0.000000
1694825496859631166 170.633712 94.578078 93 16 0.000000
1694825497865344522 171.126670 94.460318 95 16 0.000000
1694825498877147010 169.877201 92.903515 94 16 0.000000
1694825499872888738 172.172216 92.393426 92 16 0.000000
1694825500869704415 171.914365 94.300297 94 16 0.000000
1694825501875827870 168.258733 95.415700 96 16 0.000000
1694825502876106546 170.698893 92.974112 93 16 0.000000
1694825503877917230 169.788988 94.828292 95 16 0.000000
1694825504881091121 166.248409 94.699428 95 16 0.000000
1694825505873731512 167.370583 97.719171 97 16 0.000000
1694825506876617978 167.984285 96.720836 97 16 0.000000
1694825507884043207 173.013386 90.329283 91 16 0.000000
1694825508874351621 170.364914 92.900339 92 16 0.000000
1694825509873853773 169.951537 95.047333 95 16 0.000000
1694825510866211210 166.831548 95.731634 95 16 0.000000
1694825511891207894 171.697872 93.658817 96 16 0.000000
1694825512885809733 168.749975 93.504764 93 16 0.000000
1694825513873390545 168.141310 95.182089 94 16 0.000000
1694825514894155232 171.615190 93.067470 95 16 0.000000
1694825515880933855 165.902808 96.272882 95 16 0.000000
1694825516891794405 169.895570 93.979320 95 16 0.000000
1694825517898084167 168.588281 95.399964 96 16 0.000000
1694825518899202105 171.114033 94.893920 95 16 0.000000
1694825519883129000 166.376699 96.551875 95 16 0.000000
1694825520882308007 167.973014 94.077247 94 16 0.000000
1694825521899074446 171.102149 92.449946 94 16 0.000000
1694825522879597928 171.399943 94.847277 93 16 0.000000
1694825523904383943 171.048690 93.678099 96 16 0.000000
1694825524887025206 168.573208 95.660549 94 16 0.000000
1694825525863214594 168.489506 96.292798 94 16 0.000000
1694825526838626345 168.027797 96.369547 94 16 0.000000
1694825527893201392 171.178216 91.980171 97 16 0.000000
1694825528896356455 171.397992 93.704380 94 16 0.000000
1694825529902713774 170.593481 93.406171 94 16 0.000000
1694825530906739303 169.295707 93.623112 94 16 0.000000
1694825531912680797 169.624537 91.456618 92 16 0.000000
1694825532891588604 170.547425 93.982292 92 16 0.000000
1694825533896170698 169.262876 96.557562 97 16 0.000000
1694825534895618810 171.473235 93.051374 93 16 0.000000
1694825535912229527 169.201552 94.431424 96 16 0.000000
1694825536914435441 167.408340 93.793101 94 16 0.000000
1694825537920535069 173.337266 93.430094 94 16 0.000000
1694825538894697391 171.370079 93.413600 91 16 0.000000
1694825539906850291 169.259101 95.835326 97 16 0.000000
1694825540917157204 171.531072 93.041033 94 16 0.000000
1694825541921827939 170.711879 93.562992 94 16 0.000000
1694825542907875300 170.969035 94.315948 93 16 0.000000
1694825543907266760 167.523448 95.057846 95 16 0.000000
1694825544910373373 168.937260 93.708883 94 16 0.000000
1694825545926026003 170.718914 94.520505 96 16 0.000000
1694825546922194866 170.514845 93.357683 93 16 0.000000
1694825547926133168 168.247544 93.631248 94 16 0.000000
1694825548901542453 171.312733 96.369788 94 16 0.000000
1694825549927006625 169.988763 92.640975 95 16 0.000000
1694825550913924675 167.046374 96.259258 95 16 0.000000
1694825551928205524 171.336001 92.676496 94 16 0.000000
1694825552918645607 165.569643 97.936287 97 16 0.000000
1694825553929291486 167.904700 94.988739 96 16 0.000000
1694825554927238015 170.217410 95.195504 95 16 0.000000
1694825555941264886 170.211763 94.672040 96 16 0.000000
1694825556941138938 171.514754 91.011467 91 16 0.000000
1694825557923257010 171.201817 91.638674 90 16 0.000000
1694825558937626968 170.454995 95.625860 97 16 0.000000
1694825559938094321 168.335824 94.955624 95 16 0.000000
1694825560935732615 170.779738 94.222519 94 16 0.000000
