1693775282554763193 144.451022 0.000000
1693775282771102920 144.538155 0.000000
1693775282771928361 144.599804 0.000000
1693775282844493560 144.931339 0.000000
1693775282916747440 144.957777 0.000000
1693775283060791474 144.611491 0.000000
1693775283133200711 144.597207 0.000000
1693775283422580497 144.608809 0.000000
1693775283567442787 144.579953 0.000000
1693775283640738235 145.280843 0.000000
1693775283640856155 144.697370 0.000000
1693775283858391720 144.816878 0.000000
1693775284147914605 144.595208 0.000000
1693775284376967674 144.477058 0.000000
1693775284436782203 144.473504 0.000000
1693775285087902484 144.520809 0.000000
1693775285089780034 144.526648 0.000000
1693775285450241541 144.553852 0.000000
1693775285450306177 144.532837 0.000000
1693775286246185877 144.668047 0.000000
1693775286391719324 144.602850 0.000000
1693775286404105926 144.479559 0.000000
1693775286548719772 144.596541 0.000000
1693775286753267400 144.610312 0.000000
1693775286825478931 144.545266 0.000000
1693775286826364257 144.463732 0.000000
1693775286970295770 144.577300 0.000000
1693775287115097799 144.714140 0.000000
1693775287187492551 144.598916 0.000000
1693775287260550829 144.611175 0.000000
1693775287332904771 144.611430 0.000000
1693775287476419484 144.541518 0.000000
1693775287766899856 144.440222 0.000000
1693775287912689880 144.465687 0.000000
1693775288274303189 144.695777 0.000000
1693775288418356335 144.508991 0.000000
1693775288419481704 144.712792 0.000000
1693775288491449468 144.465456 0.000000
1693775288636480365 144.496994 0.000000
1693775288780290686 144.469211 0.000000
1693775288853592244 144.654692 0.000000
1693775288937137772 144.538451 0.000000
1693775289298874382 144.559810 0.000000
1693775289359707387 144.667341 0.000000
1693775289360835694 144.592456 0.000000
1693775289721511865 144.688109 0.000000
1693775289722716314 144.553701 0.000000
1693775289794149163 144.456474 0.000000
1693775289867380648 144.502863 0.000000
1693775290011403303 144.549652 0.000000
1693775290012238993 144.465797 0.000000
1693775290083946781 144.780344 0.000000
1693775290156228240 144.801899 0.000000
1693775290228373753 144.705885 0.000000
1693775290228749628 144.626160 0.000000
1693775290301844234 144.532757 0.000000
1693775290374056452 144.528121 0.000000
1693775290446396818 144.597994 0.000000
1693775290519139725 144.706872 0.000000
1693775290591347854 144.721256 0.000000
1693775291098280169 144.587324 0.000000
1693775291098338966 144.624756 0.000000
1693775291170096084 144.686617 0.000000
1693775291180759756 144.524729 0.000000
1693775291242693334 144.673952 0.000000
1693775291614907502 144.515051 0.000000
1693775291677314150 144.647008 0.000000
1693775292111583990 144.651208 0.000000
1693775292112463287 144.477358 0.000000
1693775292184670348 144.609361 0.000000
1693775292547203417 144.753641 0.000000
1693775292619390056 144.545892 0.000000
1693775292690701115 144.561614 0.000000
1693775292763830087 144.521099 0.000000
1693775292909563163 144.568230 0.000000
1693775293053104106 144.794572 0.000000
1693775293343819026 144.475825 0.000000
1693775293415917283 144.548450 0.000000
1693775293424387348 144.627007 0.000000
1693775293560358081 144.726240 0.000000
1693775293561495689 144.888791 0.000000
1693775293633083042 144.639515 0.000000
1693775293706215206 144.547111 0.000000
1693775293778239802 144.695593 0.000000
1693775293778641803 144.699947 0.000000
1693775293850911073 144.912276 0.000000
1693775293851201519 144.785576 0.000000
1693775293851524932 144.915277 0.000000
1693775293923657339 144.873284 0.000000
1693775293995705715 144.781803 0.000000
1693775294140107989 144.679759 0.000000
1693775294430178858 144.535348 0.000000
1693775294575414963 144.905426 0.000000
1693775294719879341 144.584347 0.000000
1693775294719988245 144.802630 0.000000
1693775294792879218 144.601102 0.000000
1693775294865016595 144.449749 0.000000
1693775294936891864 144.546599 0.000000
1693775295009322836 144.519542 0.000000
1693775295154415251 144.471409 0.000000
1693775295297869738 144.487652 0.000000
1693775295299189450 144.499244 0.000000
1693775295371482857 144.727175 0.000000
1693775295371703796 144.558913 0.000000
1693775295442759536 144.616643 0.000000
1693775295515576311 144.537579 0.000000
1693775295804659162 144.585972 0.000000
1693775295805628002 144.710807 0.000000
1693775295806069134 144.660290 0.000000
1693775295949494969 144.667461 0.000000
1693775296023176316 144.572093 0.000000
1693775296247349086 144.512781 0.000000
1693775296312443440 144.571853 0.000000
1693775296602691964 144.578910 0.000000
1693775296675034469 144.549867 0.000000
1693775296746775716 144.562286 0.000000
1693775296819207835 144.679805 0.000000
1693775296964078204 144.667947 0.000000
1693775297181396769 144.514565 0.000000
1693775297326015245 144.561690 0.000000
1693775297398144280 144.722860 0.000000
1693775297542967759 144.747758 0.000000
1693775297543053779 144.686209 0.000000
1693775297615242271 144.600952 0.000000
1693775297688009320 144.647384 0.000000
1693775297688504583 144.578684 0.000000
1693775297832784822 144.463532 0.000000
1693775297905721972 144.545256 0.000000
1693775297977623627 144.744992 0.000000
1693775298050394014 144.748549 0.000000
1693775298050506170 144.680125 0.000000
1693775298195700557 144.567840 0.000000
1693775298267904265 144.477784 0.000000
1693775298340670473 145.181388 0.000000
1693775298412793968 144.865461 0.000000
1693775298484943019 144.491235 0.000000
1693775298557390575 144.652206 0.000000
1693775298557390971 144.583606 0.000000
1693775298558036603 144.508883 0.000000
1693775298702548071 145.143715 0.000000
1693775298702638532 145.101731 0.000000
1693775298919893363 144.512581 0.000000
1693775299065360656 144.686430 0.000000
1693775299360098008 144.457352 0.000000
1693775299426703930 144.716445 0.000000
1693775299427339079 144.503323 0.000000
1693775299499188918 144.585570 0.000000
1693775299643709843 144.541482 0.000000
1693775299717051851 144.659121 0.000000
1693775299861889267 144.641711 0.000000
1693775300006048960 144.662765 0.000000
1693775300150349623 144.629278 0.000000
1693775300150966624 144.434901 0.000000
1693775300368404342 144.579637 0.000000
1693775300512605562 144.600119 0.000000
1693775300512935540 144.524794 0.000000
1693775300513203113 144.559128 0.000000
1693775300657162556 144.533263 0.000000
1693775300658155657 144.625914 0.000000
1693775300801694595 144.509419 0.000000
1693775300947814758 144.556095 0.000000
1693775301091119197 144.519816 0.000000
1693775301091573941 144.456010 0.000000
1693775301092433401 144.364932 0.000000
1693775301308755908 144.556161 0.000000
1693775301309290532 144.524112 0.000000
1693775301309349089 144.450516 0.000000
1693775301380680115 144.608830 0.000000
1693775301525600347 144.745809 0.000000
1693775301670515070 144.628303 0.000000
1693775301887787022 144.454718 0.000000
1693775302032303126 144.769498 0.000000
1693775302032405920 144.594932 0.000000
1693775302177830098 144.494118 0.000000
1693775302181623462 144.520328 0.000000
1693775302249938593 144.804004 0.000000
1693775302322801666 144.580087 0.000000
1693775302612280949 144.547497 0.000000
1693775302756783366 144.487663 0.000000
1693775302901719422 144.667210 0.000000
1693775303191265916 144.736517 0.000000
1693775303263745556 144.581029 0.000000
1693775303263878117 144.657312 0.000000
1693775303336107698 144.509212 0.000000
1693775303408614706 144.731627 0.000000
1693775303625693092 144.571357 0.000000
1693775303698991598 144.512570 0.000000
1693775303770707150 144.630585 0.000000
1693775303842656611 144.537042 0.000000
1693775303844016727 144.707819 0.000000
1693775303914916946 144.484535 0.000000
1693775303915482297 144.633331 0.000000
1693775303916145420 144.561609 0.000000
1693775304059773075 144.850046 0.000000
1693775304062997070 144.493782 0.000000
1693775304132574695 144.668564 0.000000
1693775304349298300 144.678967 0.000000
1693775304494503571 144.496459 0.000000
1693775304711063487 144.554247 0.000000
1693775304784674120 144.592015 0.000000
1693775304929010781 144.591449 0.000000
1693775304930187019 144.700788 0.000000
1693775305002324868 144.605723 0.000000
1693775305146911952 144.844768 0.000000
1693775305219108333 144.472377 0.000000
1693775305291794528 144.875495 0.000000
1693775305364724978 144.839968 0.000000
1693775305581033126 144.648808 0.000000
1693775305653326442 144.567162 0.000000
1693775305654710699 144.582854 0.000000
1693775305728063512 145.884419 0.000000
1693775305797880274 144.522469 0.000000
1693775305798552699 144.636284 0.000000
1693775305943209180 144.555144 0.000000
1693775306160518964 144.684816 0.000000
1693775306161153807 144.433380 0.000000
1693775306524608090 144.587139 0.000000
1693775306887511492 144.533148 0.000000
1693775307031854818 144.543392 0.000000
1693775307174514100 144.402955 0.000000
1693775307245613157 144.449469 0.000000
1693775307391503604 144.615695 0.000000
1693775307607593760 144.676452 0.000000
1693775307609954841 144.549457 0.000000
1693775307680114996 144.701556 0.000000
1693775307900772704 144.583134 0.000000
1693775308044249177 144.554478 0.000000
1693775308115224300 144.443119 0.000000
1693775308188974784 144.491777 0.000000
1693775308259095102 144.634780 0.000000
1693775308550721638 144.545908 0.000000
1693775308695488104 144.581615 0.000000
1693775308766598853 144.607836 0.000000
1693775308769075563 144.589595 0.000000
1693775308984605169 144.420866 0.000000
1693775309057069975 144.523922 0.000000
1693775309564651216 144.552969 0.000000
1693775309636442494 144.793264 0.000000
1693775309708076320 144.659678 0.000000
1693775309781613572 144.893476 0.000000
1693775309998694820 144.594466 0.000000
1693775310071278567 144.587244 0.000000
1693775310143827117 144.642322 0.000000
1693775310215076634 144.678812 0.000000
1693775310215524542 144.527545 0.000000
1693775310432416670 144.602801 0.000000
1693775310650112829 144.705665 0.000000
1693775310722368863 144.965294 0.000000
1693775311156651047 144.823173 0.000000
1693775311156703228 144.607992 0.000000
1693775311301693802 144.785712 0.000000
1693775311302320024 144.595690 0.000000
1693775311374285412 144.455046 0.000000
1693775311591775471 144.549531 0.000000
1693775311664348860 145.089568 0.000000
1693775311664408343 144.812274 0.000000
1693775311881115375 144.779367 0.000000
1693775311881164695 144.798767 0.000000
1693775312027116365 144.669420 0.000000
1693775312098211818 144.634555 0.000000
1693775312244577101 144.585174 0.000000
1693775312388559141 144.645955 0.000000
1693775312751556526 144.637572 0.000000
1693775312823027584 144.568320 0.000000
1693775312823060044 144.611320 0.000000
1693775313258211296 144.461527 0.000000
1693775313329900422 144.601342 0.000000
1693775313547256885 144.386512 0.000000
1693775313763213014 144.764637 0.000000
1693775313764588536 144.970622 0.000000
1693775313836855395 144.786147 0.000000
1693775314125106359 144.549721 0.000000
1693775314342328239 144.562606 0.000000
1693775314416590774 144.564937 0.000000
1693775314488902944 144.633386 0.000000
1693775314560546298 144.489492 0.000000
1693775314633123394 144.442978 0.000000
1693775314705971998 144.642994 0.000000
1693775314777911581 144.537835 0.000000
1693775314922521969 144.593704 0.000000
1693775314922832678 144.487427 0.000000
1693775314994370676 144.744871 0.000000
1693775314994636861 144.509634 0.000000
1693775315139396095 145.094811 0.000000
1693775315139493507 144.624726 0.000000
1693775315284039149 144.570109 0.000000
1693775315284301209 144.577687 0.000000
1693775315284706788 144.547010 0.000000
1693775315356530191 144.656926 0.000000
1693775315357377964 145.356260 0.000000
1693775315429416457 144.670062 0.000000
1693775315429961100 144.745082 0.000000
1693775315791949627 144.610574 0.000000
1693775315863626794 144.684871 0.000000
1693775315935760163 144.611696 0.000000
1693775315936519761 144.555329 0.000000
1693775316007337017 144.544260 0.000000
1693775316008021154 144.455448 0.000000
1693775316009018897 144.740461 0.000000
1693775316153158719 144.430189 0.000000
1693775316224376177 144.572961 0.000000
1693775316515117211 144.461426 0.000000
1693775316515248687 144.571326 0.000000
1693775316587892244 144.485948 0.000000
1693775316659708395 144.580384 0.000000
1693775316876606406 144.491150 0.000000
1693775317021696000 144.422156 0.000000
1693775317094064265 144.502211 0.000000
1693775317094563341 144.631196 0.000000
1693775317166555818 144.742761 0.000000
1693775317239580506 144.545633 0.000000
1693775317311517313 144.622060 0.000000
1693775317456068589 144.730163 0.000000
1693775317528555536 144.613600 0.000000
1693775317529504900 144.942025 0.000000
1693775317891857515 144.519867 0.000000
1693775317964065102 144.590902 0.000000
1693775318107738213 144.576547 0.000000
1693775318108836690 144.718870 0.000000
1693775318109039622 144.597910 0.000000
1693775318180947075 144.531825 0.000000
1693775318253455523 144.484901 0.000000
1693775318396916320 144.633311 0.000000
1693775318397698335 144.509603 0.000000
1693775318469533796 144.454296 0.000000
1693775318541919547 144.417518 0.000000
1693775318686884952 144.474698 0.000000
1693775318687729353 144.420637 0.000000
1693775318976038551 144.468107 0.000000
1693775319411598655 144.669831 0.000000
1693775319483072178 144.528247 0.000000
1693775319555821797 144.493506 0.000000
1693775319627553220 144.578424 0.000000
1693775319700407528 144.545457 0.000000
1693775319701107808 144.403748 0.000000
1693775319773969710 144.423034 0.000000
1693775319917496423 144.474571 0.000000
1693775319988615756 144.388187 0.000000
1693775320062609847 144.428910 0.000000
1693775320133151095 144.595795 0.000000
1693775320134340058 144.483518 0.000000
1693775320206010108 144.488775 0.000000
1693775320206850509 144.520814 0.000000
1693775320206974723 144.348232 0.000000
1693775320494982862 144.544585 0.000000
1693775320496154048 144.480575 0.000000
1693775320784710729 144.491171 0.000000
1693775320929397790 144.672443 0.000000
1693775320930946009 144.564887 0.000000
1693775320931169464 144.658234 0.000000
1693775321075353419 144.652165 0.000000
1693775321146739223 144.815666 0.000000
1693775321292563687 144.433425 0.000000
1693775321365010326 144.477339 0.000000
1693775321436321085 144.690324 0.000000
1693775321509617331 144.611340 0.000000
1693775321654516431 144.541873 0.000000
1693775321654566487 144.675830 0.000000
1693775321727158830 144.468066 0.000000
1693775321871612921 144.644656 0.000000
1693775322016245685 144.588758 0.000000
1693775322088819749 144.523210 0.000000
1693775322088884154 144.548048 0.000000
1693775322159320072 144.525309 0.000000
1693775322232718927 144.555044 0.000000
1693775322232753337 144.519249 0.000000
1693775322377662295 144.519929 0.000000
1693775322739078825 144.407380 0.000000
1693775322740112145 144.558186 0.000000
1693775322883962574 144.575592 0.000000
1693775323173349683 144.583240 0.000000
1693775323247079969 144.577753 0.000000
1693775323247129003 144.564131 0.000000
1693775323391451982 144.490373 0.000000
1693775323536538624 144.469625 0.000000
1693775323607179215 144.508820 0.000000
1693775323608821496 144.615342 0.000000
1693775323680045524 144.545072 0.000000
1693775323825022169 144.542099 0.000000
1693775323897388716 144.684055 0.000000
1693775323969902575 144.556622 0.000000
1693775324114612290 144.605031 0.000000
1693775324332428183 144.639768 0.000000
1693775324404849301 144.698934 0.000000
1693775324549819106 144.669261 0.000000
1693775324621204148 144.496237 0.000000
1693775324621297866 144.487436 0.000000
1693775324693864153 144.446386 0.000000
1693775324694789347 144.341632 0.000000
1693775324765733433 144.547653 0.000000
1693775324765925560 144.611481 0.000000
1693775324910686353 144.464899 0.000000
1693775325199353561 144.487948 0.000000
1693775325272458551 144.743678 0.000000
1693775325417257743 144.435636 0.000000
1693775325489274697 144.472842 0.000000
1693775325489788593 144.428264 0.000000
1693775325562900380 144.395022 0.000000
1693775325634642112 144.363137 0.000000
1693775325634789535 144.438302 0.000000
1693775325706934892 144.403396 0.000000
1693775325851304053 144.485011 0.000000
1693775325995492129 144.520504 0.000000
1693775326358381583 144.490243 0.000000
1693775326430066012 144.841226 0.000000
1693775326575536823 144.479468 0.000000
1693775326719472229 144.543247 0.000000
1693775326719624373 144.425884 0.000000
1693775326864462191 144.430840 0.000000
1693775326935974189 144.498973 0.000000
1693775327009311811 144.487507 0.000000
1693775327080541105 144.460930 0.000000
1693775327081816158 144.610062 0.000000
1693775327153996712 144.669676 0.000000
1693775327371160477 144.729891 0.000000
1693775327588040487 144.512590 0.000000
1693775327588298191 144.506055 0.000000
1693775327660309717 144.920696 0.000000
1693775327733562927 144.503013 0.000000
1693775327951379747 144.878753 0.000000
1693775328023110284 144.702402 0.000000
1693775328023977858 144.610032 0.000000
1693775328166727836 144.673284 0.000000
1693775328168331433 144.589650 0.000000
1693775328529005426 144.573398 0.000000
1693775328529068834 144.803022 0.000000
1693775328673830589 144.752027 0.000000
1693775328674298257 144.602084 0.000000
1693775329038185008 144.704306 0.000000
1693775329038227055 144.783325 0.000000
1693775329108311185 144.730077 0.000000
1693775329109986820 144.493496 0.000000
1693775329180899793 144.560231 0.000000
1693775329327117523 144.665983 0.000000
1693775329399869953 144.714686 0.000000
1693775329472163821 144.717126 0.000000
1693775329544558318 144.661793 0.000000
1693775329617065306 144.880647 0.000000
1693775329760604331 144.705415 0.000000
1693775329906910401 144.511753 0.000000
1693775330050452978 144.848339 0.000000
1693775330123650339 144.459727 0.000000
1693775330195813357 144.840609 0.000000
1693775330629930512 144.939114 0.000000
1693775330630531987 144.564621 0.000000
1693775330701985679 144.765664 0.000000
1693775330775510965 144.806952 0.000000
1693775331065496133 144.940812 0.000000
1693775331427067184 144.775107 0.000000
1693775331499612651 144.614903 0.000000
1693775331571978918 144.610077 0.000000
1693775331572235231 144.726936 0.000000
1693775331716789236 144.680341 0.000000
1693775332079200171 144.771819 0.000000
1693775332079628373 144.733289 0.000000
1693775332152241414 144.577712 0.000000
1693775332223699681 144.583671 0.000000
1693775332224895570 144.944370 0.000000
1693775332369509346 144.549842 0.000000
1693775332513396366 144.606153 0.000000
1693775332587890745 144.598149 0.000000
1693775332659258387 144.564511 0.000000
1693775332876642575 144.841476 0.000000
1693775333165951922 144.717764 0.000000
1693775333166317689 144.648302 0.000000
1693775333167070761 144.641436 0.000000
1693775333238375622 144.727305 0.000000
1693775333310577796 144.596927 0.000000
1693775333384583213 144.645801 0.000000
1693775333455966561 144.646853 0.000000
1693775333528216722 144.790659 0.000000
1693775333674604252 145.111083 0.000000
1693775333745527514 144.741985 0.000000
1693775333817857896 144.851649 0.000000
1693775333819149162 144.847339 0.000000
1693775333819332293 144.674507 0.000000
1693775333890174412 144.616137 0.000000
1693775333891012142 144.502231 0.000000
1693775333892431902 144.587514 0.000000
1693775334108666584 144.561033 0.000000
1693775334542744788 144.515112 0.000000
1693775334615227140 144.533885 0.000000
1693775334759879936 144.713393 0.000000
1693775334906809939 144.455557 0.000000
1693775335049357040 144.557566 0.000000
1693775335052048614 144.567995 0.000000
1693775335269921840 144.482786 0.000000
1693775335339482611 144.463510 0.000000
1693775335701771307 144.609421 0.000000
1693775335991163161 144.697070 0.000000
1693775336064032068 144.916616 0.000000
1693775336065807701 144.519151 0.000000
1693775336136331222 144.750148 0.000000
1693775336138165266 144.482384 0.000000
1693775336208901047 144.807311 0.000000
1693775336210091869 144.531549 0.000000
1693775336354589685 144.475619 0.000000
1693775336354771789 144.595728 0.000000
1693775336426714094 144.980730 0.000000
1693775336644012828 144.927867 0.000000
1693775336788436416 144.766787 0.000000
1693775337079441751 144.495029 0.000000
1693775337079650146 144.452039 0.000000
1693775337080075591 144.628411 0.000000
1693775337224078355 144.789800 0.000000
1693775337514270678 144.673680 0.000000
1693775337514482451 144.649880 0.000000
1693775337585498830 144.706398 0.000000
1693775337659804300 144.699781 0.000000
1693775338021912936 144.593413 0.000000
1693775338092480555 144.743172 0.000000
1693775338166627206 144.797580 0.000000
1693775338166632188 144.713253 0.000000
1693775338166753636 144.564051 0.000000
1693775338383257820 144.577095 0.000000
1693775338456375405 144.758548 0.000000
1693775338528826629 144.574965 0.000000
1693775338599880716 144.713743 0.000000
1693775338672386897 144.604730 0.000000
1693775338672801903 144.531971 0.000000
1693775338817222275 144.819846 0.000000
1693775338818339355 144.588783 0.000000
1693775339108377353 144.727922 0.000000
1693775339179964435 144.906537 0.000000
1693775339397765809 144.626195 0.000000
1693775339470032454 144.887554 0.000000
1693775339470842234 144.475079 0.000000
1693775339542893872 145.019800 0.000000
1693775339543030390 144.951066 0.000000
1693775339543403463 144.516855 0.000000
1693775339615250416 144.965084 0.000000
1693775339615719528 145.339439 0.000000
1693775339833009276 144.619739 0.000000
1693775339904589588 144.775528 0.000000
1693775339978673186 145.259178 0.000000
1693775340194350175 144.710396 0.000000
1693775340195572876 144.706993 0.000000
1693775340339168407 144.794236 0.000000
1693775340341584917 145.007783 0.000000
1693775340485811041 144.500588 0.000000
1693775340486484824 144.714897 0.000000
1693775340556390708 144.651268 0.000000
1693775340631332003 144.856619 0.000000
1693775340704084288 144.604901 0.000000
1693775340774175127 144.436784 0.000000
1693775341136085187 144.699391 0.000000
1693775341281111859 144.593754 0.000000
1693775341283040313 144.781441 0.000000
1693775341283167935 144.905600 0.000000
1693775341498122748 144.524999 0.000000
1693775341500208298 144.432709 0.000000
1693775341572644347 144.736247 0.000000
1693775342006436234 144.489498 0.000000
1693775342077949164 144.786673 0.000000
1693775342078491035 144.917638 0.000000
1693775342369715054 144.509664 0.000000
1693775342513878888 144.739368 0.000000
1693775342730947907 144.658084 0.000000
1693775342731417725 144.720309 0.000000
1693775342804082156 144.526252 0.000000
1693775342875641118 144.389715 0.000000
1693775342875740364 144.388217 0.000000
1693775342876611868 144.540100 0.000000
1693775342947394443 144.608243 0.000000
1693775342949457945 144.642583 0.000000
1693775343092823892 145.147348 0.000000
1693775343093263586 144.600656 0.000000
1693775343165070339 145.111209 0.000000
1693775343165592324 144.980288 0.000000
1693775343237591110 144.669275 0.000000
1693775343238340765 145.060686 0.000000
1693775343309955287 144.564482 0.000000
1693775343310125994 144.516260 0.000000
1693775343383422410 144.897361 0.000000
1693775343454886647 144.916199 0.000000
1693775343528742360 144.584534 0.000000
1693775343599572676 144.515798 0.000000
1693775343600217878 144.584613 0.000000
1693775343673634188 144.589038 0.000000
1693775343817308362 144.790267 0.000000
1693775343817571925 144.545432 0.000000
1693775343963171166 144.560152 0.000000
1693775344034711985 144.715859 0.000000
1693775344107146946 144.714725 0.000000
1693775344324772055 144.704807 0.000000
1693775344397391441 144.548089 0.000000
1693775344397814931 144.599880 0.000000
1693775344469356838 144.636137 0.000000
1693775344614202815 144.695838 0.000000
1693775344687979845 144.755441 0.000000
1693775344759066061 144.564391 0.000000
1693775344759523446 144.779000 0.000000
1693775345122336186 144.634795 0.000000
1693775345266806900 144.926494 0.000000
1693775345339360357 144.499906 0.000000
1693775345340323012 144.522063 0.000000
1693775345556722347 144.608318 0.000000
1693775345627777397 144.657492 0.000000
1693775345701879348 144.926845 0.000000
1693775345702056380 144.975158 0.000000
1693775345845819182 144.537163 0.000000
1693775345847657038 144.741644 0.000000
1693775345990672318 144.500980 0.000000
1693775346210072033 144.546334 0.000000
1693775346424367261 144.705410 0.000000
1693775346427607428 144.715869 0.000000
1693775346497645675 144.456574 0.000000
1693775346569461991 144.600731 0.000000
1693775346572679616 144.987431 0.000000
1693775346934674683 144.507223 0.000000
1693775347076484452 144.571936 0.000000
1693775347150402285 144.462950 0.000000
1693775347221644911 144.725616 0.000000
1693775347293658195 144.641095 0.000000
1693775347366235397 144.582017 0.000000
1693775347439458107 144.459061 0.000000
1693775347440905346 144.480993 0.000000
1693775347585822107 144.893010 0.000000
1693775347801222587 144.577730 0.000000
1693775347872987223 144.830415 0.000000
1693775347875120654 144.680486 0.000000
1693775347947203205 144.779422 0.000000
1693775347947696498 144.644793 0.000000
1693775347947714300 144.750635 0.000000
1693775348092647794 144.922843 0.000000
1693775348164701298 144.597513 0.000000
1693775348234982641 144.601026 0.000000
1693775348237240176 144.586524 0.000000
1693775348308002004 144.587752 0.000000
1693775348453546294 144.478570 0.000000
1693775348454223556 144.505210 0.000000
1693775348597487180 144.597228 0.000000
1693775348598560713 144.535509 0.000000
1693775348671017004 144.446406 0.000000
1693775348671703757 144.544971 0.000000
1693775348671834356 144.475173 0.000000
1693775348743271400 144.693627 0.000000
1693775348814370462 144.555401 0.000000
1693775348958931588 144.574615 0.000000
1693775348959322433 144.422186 0.000000
1693775348960412475 144.649795 0.000000
1693775349248637250 144.538135 0.000000
1693775349322088130 144.516664 0.000000
1693775349465074779 144.677274 0.000000
1693775349540753926 144.494698 0.000000
1693775349610197514 144.650649 0.000000
1693775349899924613 144.632357 0.000000
1693775349902777229 144.594122 0.000000
1693775349973567356 144.436343 0.000000
1693775350118131312 144.535153 0.000000
1693775350189778659 144.711128 0.000000
1693775350189781927 144.816102 0.000000
1693775350189853789 144.927205 0.000000
1693775350334623824 144.603072 0.000000
1693775350480333561 144.529536 0.000000
1693775350552494344 144.403402 0.000000
1693775350552612564 144.444002 0.000000
1693775350625776948 144.479853 0.000000
1693775350769217729 144.655132 0.000000
1693775350842503580 145.102358 0.000000
1693775350913930470 144.702041 0.000000
1693775350986322096 144.701861 0.000000
1693775350988322898 144.603878 0.000000
1693775351059983827 144.807156 0.000000
1693775351132219289 144.708637 0.000000
1693775351133060241 144.645500 0.000000
1693775351203967857 144.754204 0.000000
1693775351350225770 144.634168 0.000000
1693775351566302139 144.464067 0.000000
1693775351784845600 144.755245 0.000000
1693775352000474106 144.583941 0.000000
1693775352000784855 144.533379 0.000000
1693775352073748805 144.616127 0.000000
1693775352145269475 144.770541 0.000000
1693775352218996960 144.545131 0.000000
1693775352509128155 144.588398 0.000000
1693775352653712783 144.547746 0.000000
1693775352725303084 144.559064 0.000000
1693775353087244736 144.832529 0.000000
1693775353087284032 144.785671 0.000000
1693775353160378763 144.842101 0.000000
1693775353306220584 144.576148 0.000000
1693775353523606997 144.855489 0.000000
1693775353595599659 144.488660 0.000000
1693775353595954670 144.738011 0.000000
1693775353812048319 144.679054 0.000000
1693775353957596755 144.682261 0.000000
1693775353957674426 144.693471 0.000000
1693775354103399484 145.196953 0.000000
1693775354103549287 145.156408 0.000000
1693775354248109711 144.694739 0.000000
1693775354319316005 144.423513 0.000000
1693775354320770811 144.835452 0.000000
1693775354320935620 144.884055 0.000000
1693775354465224520 144.539138 0.000000
1693775354465655842 144.863458 0.000000
1693775354466257645 144.838191 0.000000
1693775354827365672 144.531479 0.000000
1693775354970507407 144.481194 0.000000
1693775355115222699 144.700297 0.000000
1693775355117609405 144.595143 0.000000
1693775355187782010 144.605697 0.000000
1693775355333990749 144.542115 0.000000
1693775355406593545 144.570956 0.000000
1693775355477811082 144.483117 0.000000
1693775355479208255 144.727300 0.000000
1693775355480539488 144.767398 0.000000
1693775355549932409 144.715217 0.000000
1693775355696944075 144.790550 0.000000
1693775355767502294 144.851018 0.000000
1693775355767722015 144.776153 0.000000
1693775355839806170 144.761224 0.000000
1693775355912508272 144.886941 0.000000
1693775355985129237 144.557821 0.000000
1693775356130301994 144.812604 0.000000
1693775356202551609 144.574606 0.000000
1693775356275565146 144.872574 0.000000
1693775356349479145 144.633877 0.000000
1693775356566285698 144.464700 0.000000
1693775356566690826 144.672743 0.000000
1693775356781862459 144.680791 0.000000
1693775356782240414 144.586709 0.000000
1693775356926376749 144.492619 0.000000
1693775357071012646 144.764291 0.000000
1693775357073037023 144.627253 0.000000
1693775357216933735 144.714129 0.000000
1693775357217824193 144.588431 0.000000
1693775357289565996 144.722705 0.000000
1693775357434652477 144.501204 0.000000
1693775357650327616 144.685177 0.000000
1693775357651850466 144.680691 0.000000
1693775358012745619 144.799684 0.000000
1693775358085110511 144.707082 0.000000
1693775358303060140 144.630028 0.000000
1693775358375677501 144.497189 0.000000
1693775358376788086 144.808715 0.000000
1693775358447962869 144.887508 0.000000
1693775358519867941 144.670207 0.000000
1693775358520562824 144.489341 0.000000
1693775358521545456 144.557706 0.000000
1693775358592800476 144.609255 0.000000
1693775358593800153 144.512000 0.000000
1693775358810593315 144.428925 0.000000
1693775358954603922 144.537379 0.000000
1693775359028263403 144.817406 0.000000
1693775359099417231 144.793267 0.000000
1693775359172183895 144.633451 0.000000
1693775359244600354 144.724670 0.000000
1693775359534385348 144.568421 0.000000
1693775359534547110 144.573814 0.000000
1693775359606229133 144.602273 0.000000
1693775359751103528 144.613010 0.000000
1693775359824392184 144.684049 0.000000
1693775359896109495 144.624857 0.000000
1693775359897095054 144.485157 0.000000
1693775359969511482 144.722504 0.000000
1693775360040691446 144.650517 0.000000
1693775360040836018 144.718444 0.000000
1693775360041996629 144.640182 0.000000
1693775360186421641 144.531738 0.000000
1693775360186697780 144.626002 0.000000
1693775360259333969 144.873335 0.000000
1693775360259383905 144.790357 0.000000
1693775360403413621 144.599127 0.000000
1693775360475832971 144.455157 0.000000
1693775360476022026 144.752724 0.000000
1693775360619826553 144.691723 0.000000
1693775360620338475 144.488068 0.000000
1693775360621977580 144.764678 0.000000
1693775360693548235 144.606018 0.000000
1693775360694200358 144.544793 0.000000
1693775360838853926 144.642243 0.000000
1693775360909160488 144.577031 0.000000
1693775360909522747 144.534522 0.000000
1693775360981729746 144.675730 0.000000
1693775361056320604 144.699170 0.000000
1693775361200776038 144.633442 0.000000
1693775361273001570 144.475929 0.000000
1693775361345378489 144.586127 0.000000
1693775361418463567 144.659803 0.000000
1693775361563154719 144.671345 0.000000
1693775361706454215 144.781490 0.000000
1693775361851859318 144.460862 0.000000
1693775361852883171 144.671326 0.000000
1693775361996674263 144.806270 0.000000
1693775362648169557 144.637101 0.000000
1693775362648646104 144.570191 0.000000
1693775362721034227 144.748530 0.000000
1693775362721281658 144.649279 0.000000
1693775362794501061 144.600424 0.000000
1693775362939403553 144.773758 0.000000
1693775363083818111 144.816314 0.000000
1693775363155640822 144.630547 0.000000
1693775363228165397 144.656199 0.000000
1693775363373720443 144.715467 0.000000
1693775363517076813 144.660400 0.000000
1693775363589899153 144.408062 0.000000
1693775363735032561 144.521132 0.000000
1693775363808055937 144.546780 0.000000
1693775363952440595 144.365997 0.000000
1693775364024049608 144.477606 0.000000
1693775364168570373 144.536646 0.000000
1693775364168919891 144.449384 0.000000
1693775364458822954 144.558512 0.000000
1693775364459155011 144.424949 0.000000
1693775364603763778 144.498565 0.000000
1693775364675105775 144.648316 0.000000
1693775364747866639 144.731774 0.000000
1693775364964823583 144.541408 0.000000
1693775364965222576 144.865568 0.000000
1693775365038543615 144.608529 0.000000
1693775365183381057 144.585094 0.000000
1693775365255166130 144.488083 0.000000
1693775365327304219 144.578550 0.000000
1693775365544748689 144.811449 0.000000
1693775365617248160 144.502823 0.000000
1693775365617973458 144.882266 0.000000
1693775365906874776 144.790898 0.000000
1693775365979647634 144.935991 0.000000
1693775366124209408 144.699039 0.000000
1693775366196996800 144.806415 0.000000
1693775366269033143 144.799409 0.000000
1693775366414303182 144.709538 0.000000
1693775366487729425 144.568080 0.000000
1693775366559320667 144.598596 0.000000
1693775366703869242 144.768898 0.000000
1693775366777310460 144.688399 0.000000
1693775366778642861 144.427928 0.000000
1693775366848753452 144.610128 0.000000
1693775366850871623 144.422205 0.000000
1693775367138832396 144.674117 0.000000
1693775367283496529 144.573653 0.000000
1693775367356057995 144.631027 0.000000
1693775367428798341 144.520173 0.000000
1693775367502116413 144.760898 0.000000
1693775367573021774 144.652021 0.000000
1693775367647207129 144.763850 0.000000
1693775367648090856 144.695045 0.000000
1693775367718268573 144.671500 0.000000
1693775367864196563 144.574445 0.000000
1693775368226814015 144.701214 0.000000
1693775368300072617 144.736461 0.000000
1693775368370175970 144.491019 0.000000
1693775368370884465 144.745176 0.000000
1693775368661498290 144.597154 0.000000
1693775368733838093 144.449428 0.000000
1693775369024024333 145.390665 0.000000
1693775369024370479 145.196705 0.000000
1693775369167875243 144.499520 0.000000
1693775369459137177 144.570154 0.000000
1693775369529666740 144.632017 0.000000
1693775369676355888 144.655499 0.000000
1693775369677784057 144.614489 0.000000
1693775369893222812 144.555685 0.000000
1693775369964007457 144.559153 0.000000
1693775370039319164 144.729591 0.000000
1693775370183909125 144.486279 0.000000
1693775370473682297 144.552474 0.000000
1693775370546017897 144.711764 0.000000
1693775370618827550 144.426324 0.000000
1693775370690737880 144.441540 0.000000
1693775370763315453 144.714315 0.000000
1693775370833144859 144.567829 0.000000
1693775370834744277 144.503594 0.000000
1693775370908472493 145.007147 0.000000
1693775370979188373 144.426571 0.000000
1693775370980580218 144.566116 0.000000
1693775371050258923 144.584798 0.000000
1693775371123895742 144.489827 0.000000
1693775371195073662 144.787767 0.000000
1693775371413320243 144.537464 0.000000
1693775371413496533 144.758739 0.000000
1693775371632284113 144.814298 0.000000
1693775371776566076 144.457897 0.000000
1693775371847443592 144.472412 0.000000
1693775372064616648 144.792823 0.000000
1693775372209581822 144.642082 0.000000
1693775372211456731 144.687763 0.000000
1693775372426799041 144.688700 0.000000
1693775372426875770 144.723591 0.000000
1693775372501598692 144.429783 0.000000
1693775372573160656 144.454622 0.000000
1693775372574541966 144.474632 0.000000
1693775372864198737 144.639676 0.000000
1693775373150801575 144.590937 0.000000
1693775373151208851 144.419644 0.000000
1693775373151293776 144.435566 0.000000
1693775373225848165 144.548830 0.000000
1693775373369532202 144.517747 0.000000
1693775373513106573 144.664709 0.000000
1693775373585559436 144.777998 0.000000
1693775373732787858 144.533018 0.000000
1693775373733112073 144.415539 0.000000
1693775373805048022 144.593398 0.000000
1693775373875387792 144.747467 0.000000
1693775373947825028 144.431035 0.000000
1693775374094876258 144.470468 0.000000
1693775374238899890 144.460774 0.000000
1693775374529098583 144.851499 0.000000
1693775374599814021 144.668920 0.000000
1693775374600542078 144.899954 0.000000
1693775374601087104 144.628114 0.000000
1693775374746636829 144.685239 0.000000
1693775374889420931 144.608494 0.000000
1693775374890695282 144.642677 0.000000
1693775375398263980 144.676380 0.000000
1693775375542192942 144.596672 0.000000
1693775375686513967 144.767423 0.000000
1693775375832243068 144.512480 0.000000
1693775375903859840 144.793474 0.000000
1693775375904789830 144.587009 0.000000
1693775376195277320 144.643234 0.000000
1693775376483473265 144.616301 0.000000
1693775376557053563 144.648055 0.000000
1693775376629343501 144.766287 0.000000
1693775376775315534 144.709766 0.000000
1693775376846013341 144.487912 0.000000
1693775377136826053 144.584860 0.000000
1693775377136988246 144.461592 0.000000
1693775377280036362 144.889137 0.000000
1693775377352558411 144.798326 0.000000
1693775377352925492 144.602050 0.000000
1693775377642824605 144.759304 0.000000
1693775377932611565 144.835642 0.000000
1693775378005305679 144.758153 0.000000
1693775378296366829 144.871953 0.000000
1693775378368473266 144.417409 0.000000
1693775378512322667 144.790232 0.000000
1693775378657611006 145.266108 0.000000
1693775378874163426 144.965555 0.000000
1693775379091696420 144.784790 0.000000
1693775379092755766 144.679164 0.000000
1693775379309976809 144.582767 0.000000
1693775379310011725 144.631243 0.000000
1693775379381912071 144.636599 0.000000
1693775379526923795 144.535093 0.000000
1693775379527000187 144.534216 0.000000
1693775379671556479 144.740280 0.000000
1693775379743501931 144.641832 0.000000
1693775379817063835 144.734617 0.000000
1693775380178162401 144.597677 0.000000
1693775380252795879 145.097474 0.000000
1693775380467321291 144.595989 0.000000
1693775380468675335 144.905455 0.000000
1693775380468692500 144.667491 0.000000
1693775380614448750 144.582994 0.000000
1693775380686593726 144.812033 0.000000
1693775380687198273 144.549176 0.000000
1693775380976903256 144.795759 0.000000
1693775381119672038 144.908899 0.000000
1693775381192611518 144.606559 0.000000
1693775381409912437 144.706105 0.000000
1693775381483945879 144.698283 0.000000
1693775381628386828 144.495300 0.000000
1693775381846097425 145.194638 0.000000
1693775381846118661 144.988708 0.000000
1693775381846427829 145.226948 0.000000
1693775381990874738 144.423564 0.000000
1693775382133901489 144.592346 0.000000
1693775382279131570 144.652988 0.000000
1693775382424097030 144.949021 0.000000
1693775382496575733 144.858772 0.000000
1693775382569105309 144.583450 0.000000
1693775382931091400 144.810580 0.000000
1693775383221253473 144.897041 0.000000
1693775383222087995 144.400280 0.000000
1693775383438829978 144.680170 0.000000
1693775383583397191 144.873395 0.000000
1693775383728569797 144.769263 0.000000
1693775383730553269 144.750865 0.000000
1693775383873715387 144.839562 0.000000
1693775383946069123 145.082708 0.000000
1693775384092404181 144.625324 0.000000
1693775384164186217 144.797784 0.000000
1693775384671544590 144.467536 0.000000
1693775384743951621 144.554598 0.000000
1693775384744644715 144.510866 0.000000
1693775384745484565 144.847524 0.000000
1693775385034297537 144.535599 0.000000
1693775385105485249 144.862309 0.000000
1693775385106939970 144.519817 0.000000
1693775385179171594 144.864184 0.000000
1693775385179523638 144.475173 0.000000
1693775385251186808 144.585796 0.000000
1693775385542185092 144.684335 0.000000
1693775385613509192 144.509293 0.000000
1693775385613857101 144.521316 0.000000
1693775385758525475 144.446973 0.000000
1693775385759108843 144.609797 0.000000
1693775385976049228 144.772155 0.000000
1693775386192450393 144.670033 0.000000
1693775386266415966 144.428509 0.000000
1693775386482507300 144.718806 0.000000
1693775386483104866 144.487557 0.000000
1693775386845027560 144.806419 0.000000
1693775386918704467 144.958053 0.000000
1693775386991335083 144.640112 0.000000
1693775387063016305 144.553626 0.000000
1693775387207239331 144.589875 0.000000
1693775387207547167 144.690775 0.000000
1693775387208653838 144.816423 0.000000
1693775387280359933 144.582408 0.000000
1693775387352170692 144.603833 0.000000
1693775387426226300 144.753165 0.000000
1693775387569291351 144.612824 0.000000
1693775387570221536 144.844349 0.000000
1693775387715370508 144.752032 0.000000
1693775388004247654 144.919959 0.000000
1693775388005785910 144.966322 0.000000
1693775388221539923 144.712130 0.000000
1693775388295583133 144.594847 0.000000
1693775388367458100 144.575707 0.000000
1693775388873848971 144.706291 0.000000
1693775389090803374 144.572629 0.000000
1693775389163767297 144.868053 0.000000
1693775389165413148 144.596316 0.000000
1693775389309969254 144.498909 0.000000
1693775389454998823 144.537013 0.000000
1693775389598781625 144.702011 0.000000
1693775389671975838 144.633727 0.000000
1693775389744424553 144.659705 0.000000
1693775389887787266 144.521151 0.000000
1693775389889157124 144.735741 0.000000
1693775390539820552 144.695456 0.000000
1693775390759350830 144.895266 0.000000
1693775390829925461 144.509529 0.000000
1693775391046866488 144.506001 0.000000
1693775391048958412 144.844148 0.000000
1693775391119560261 144.572926 0.000000
1693775391120864802 144.696258 0.000000
1693775391191803881 144.775848 0.000000
1693775391193654790 144.647971 0.000000
1693775391265460081 144.578109 0.000000
1693775391336425756 144.606329 0.000000
1693775391338687942 144.623774 0.000000
1693775391481967944 144.601097 0.000000
1693775391772629308 144.488620 0.000000
1693775391989462338 144.686065 0.000000
1693775391990616786 144.933255 0.000000
1693775392062623825 144.645815 0.000000
1693775392135580280 144.633116 0.000000
1693775392205618222 144.585075 0.000000
1693775392280384244 144.576614 0.000000
1693775392351220143 144.532181 0.000000
1693775392423193916 144.459527 0.000000
1693775392505157386 152.377532 0.000000
1693775392577472489 153.831963 0.000000
1693775392795289945 144.548629 0.000000
1693775392867143413 144.682220 0.000000
1693775393446710084 144.649774 0.000000
1693775393592698991 144.543569 0.000000
1693775393881781395 144.634775 0.000000
1693775393882927578 144.460946 0.000000
1693775393954942622 144.945623 0.000000
1693775394098958360 144.609922 0.000000
1693775394170854969 144.681037 0.000000
1693775394243593981 144.609089 0.000000
1693775394316033552 144.466569 0.000000
1693775394534407677 144.599062 0.000000
1693775394679443701 144.558999 0.000000
1693775394752448949 144.941289 0.000000
1693775394894996831 144.657954 0.000000
1693775395040285248 144.681133 0.000000
1693775395041856395 144.655824 0.000000
1693775395112593789 144.748058 0.000000
1693775395114686140 144.655232 0.000000
1693775395185120509 144.683238 0.000000
1693775395329927214 144.793785 0.000000
1693775395329977331 144.775221 0.000000
1693775395330025703 144.825128 0.000000
1693775395476693802 144.705665 0.000000
1693775395692461206 144.657543 0.000000
1693775395693583945 144.564051 0.000000
1693775395694355060 145.004286 0.000000
1693775395910925339 144.534494 0.000000
1693775395982682210 144.857457 0.000000
1693775396055914247 144.617687 0.000000
1693775396127355576 144.853725 0.000000
1693775396273015729 144.746120 0.000000
1693775396490999460 144.534376 0.000000
1693775396562527536 144.566359 0.000000
1693775396708500465 144.568139 0.000000
1693775396924833577 144.531304 0.000000
1693775396925366652 144.475133 0.000000
1693775397503369103 144.553144 0.000000
1693775397575517372 144.687373 0.000000
1693775397575562733 144.815816 0.000000
1693775397720375893 144.796436 0.000000
1693775397794613916 144.651384 0.000000
1693775397937932567 144.725772 0.000000
1693775398301814648 144.788768 0.000000
1693775398372969403 144.604935 0.000000
1693775398517840548 144.703080 0.000000
1693775398518560544 144.757024 0.000000
1693775398518588594 144.701796 0.000000
1693775398518672269 144.789047 0.000000
1693775398590279576 144.915167 0.000000
1693775398807126982 144.547998 0.000000
1693775398881778999 144.816424 0.000000
1693775398953115153 144.499071 0.000000
1693775399026979455 144.566837 0.000000
1693775399096955533 144.578799 0.000000
1693775399097681753 144.543492 0.000000
1693775399098111474 144.467244 0.000000
1693775399241359000 144.603758 0.000000
1693775399242945240 144.433773 0.000000
1693775399243101837 144.567612 0.000000
1693775399459450575 144.874990 0.000000
1693775399532927485 144.485282 0.000000
1693775399676667383 144.701985 0.000000
1693775399677403573 144.449954 0.000000
1693775399822306870 144.578660 0.000000
1693775400184069017 144.981963 0.000000
1693775400330152489 144.982074 0.000000
1693775400618321111 144.805262 0.000000
1693775400836171504 144.650291 0.000000
1693775401198510737 144.769393 0.000000
1693775401199593893 145.521674 0.000000
1693775401272492855 144.809312 0.000000
1693775401416250493 144.921076 0.000000
1693775401489940204 144.530141 0.000000
1693775401634798379 144.601990 0.000000
1693775401996674370 144.608042 0.000000
1693775402141469253 144.808114 0.000000
1693775402285104420 144.574060 0.000000
1693775402575308953 144.744248 0.000000
1693775402720420912 144.768305 0.000000
1693775402792856726 144.942998 0.000000
1693775402864630572 144.570881 0.000000
1693775402865953045 144.649438 0.000000
1693775403082456208 144.681815 0.000000
1693775403082828299 144.722475 0.000000
1693775403082910036 144.666374 0.000000
1693775403227407004 144.561554 0.000000
1693775403228884909 144.468751 0.000000
1693775403736066761 144.755907 0.000000
1693775403808632215 145.065994 0.000000
1693775403808826533 144.669425 0.000000
1693775403878385820 144.755406 0.000000
1693775403952980058 144.577752 0.000000
1693775404096626381 144.560968 0.000000
1693775404313221137 144.551786 0.000000
1693775404457869734 144.629007 0.000000
1693775404820495925 144.540741 0.000000
1693775404964611963 144.757802 0.000000
1693775404964787306 144.894886 0.000000
1693775405037521288 144.543427 0.000000
1693775405111582299 144.577742 0.000000
1693775405112092517 144.453588 0.000000
1693775405400769277 144.479062 0.000000
1693775405544173966 144.904038 0.000000
1693775405616542235 144.838228 0.000000
1693775405616618091 144.816392 0.000000
1693775405618439787 144.558223 0.000000
1693775405980183423 144.887984 0.000000
1693775405981009526 144.643850 0.000000
1693775406125551561 145.131517 0.000000
1693775406270650851 144.659612 0.000000
1693775406342498803 144.567752 0.000000
1693775406344425350 144.694819 0.000000
1693775406488164335 144.880292 0.000000
1693775406559216561 144.517831 0.000000
1693775406559352327 144.422192 0.000000
1693775406777763215 144.791753 0.000000
1693775406779189676 144.589434 0.000000
1693775406995055986 144.745063 0.000000
1693775407066368998 144.692971 0.000000
1693775407139950059 144.703931 0.000000
1693775407211330374 144.741789 0.000000
1693775407285080443 144.630551 0.000000
1693775407428727489 144.816036 0.000000
1693775407429479660 145.059318 0.000000
1693775407503223260 145.123463 0.000000
1693775407573588150 144.533046 0.000000
1693775407646555142 144.573953 0.000000
1693775407648115629 144.739414 0.000000
1693775407864401804 144.606965 0.000000
1693775408010568525 144.455993 0.000000
1693775408081554381 144.845902 0.000000
1693775408298673324 144.922695 0.000000
1693775408372778235 144.825685 0.000000
1693775408372963090 144.754694 0.000000
1693775408444191781 144.698223 0.000000
1693775408516045978 144.871050 0.000000
1693775408805644750 144.673059 0.000000
1693775408807910594 144.427106 0.000000
1693775408808401557 144.727085 0.000000
1693775408880771870 144.394269 0.000000
1693775409024624429 144.458389 0.000000
1693775409167821623 144.667842 0.000000
1693775409385132353 144.780143 0.000000
1693775409675082648 144.815530 0.000000
1693775409675739632 144.598220 0.000000
1693775409820271367 144.668870 0.000000
1693775409893885601 144.644473 0.000000
1693775409893973977 144.606880 0.000000
1693775409894042231 144.512751 0.000000
1693775410111232871 144.556403 0.000000
1693775410183000952 144.526066 0.000000
1693775410183268239 144.492999 0.000000
1693775410327895472 144.753957 0.000000
1693775410401147733 145.062351 0.000000
1693775410544979173 144.798642 0.000000
1693775410617667086 144.637676 0.000000
1693775410762178329 144.756053 0.000000
1693775410835034312 144.608384 0.000000
1693775410835342159 144.741910 0.000000
1693775410835885278 144.905055 0.000000
1693775410907199463 144.989901 0.000000
1693775410907345448 144.850141 0.000000
1693775410908399687 144.858065 0.000000
1693775410979852123 144.662164 0.000000
1693775411124744924 144.670914 0.000000
1693775411196896428 144.653865 0.000000
1693775411343738231 144.860380 0.000000
1693775411414673293 144.698879 0.000000
1693775411632940704 144.483142 0.000000
1693775412068045780 144.593679 0.000000
1693775412212981766 144.842154 0.000000
1693775412284571402 144.695582 0.000000
1693775412356599293 144.581887 0.000000
1693775412428742593 144.605371 0.000000
1693775412502033424 144.699781 0.000000
1693775412502354295 144.609401 0.000000
1693775412574556854 145.160915 0.000000
1693775412645763694 144.592813 0.000000
1693775412936900114 144.515427 0.000000
1693775412937309367 144.592321 0.000000
1693775412937400023 144.775272 0.000000
1693775413080061415 144.539974 0.000000
1693775413080786297 144.531205 0.000000
1693775413226646025 144.586590 0.000000
1693775413370956283 144.684191 0.000000
1693775413515981593 144.499646 0.000000
1693775413660402535 144.650371 0.000000
1693775413733494858 144.596902 0.000000
1693775413877241916 144.465368 0.000000
1693775413951049421 144.684497 0.000000
1693775414094376477 144.571087 0.000000
1693775414094999723 144.680637 0.000000
1693775414095002334 144.625242 0.000000
1693775414167025734 144.703400 0.000000
1693775414239206318 144.806118 0.000000
1693775414239554732 144.536802 0.000000
1693775414312630082 144.825474 0.000000
1693775414456899326 144.665421 0.000000
1693775414746527611 144.559230 0.000000
1693775414892876837 144.655589 0.000000
1693775414964620632 144.559549 0.000000
1693775415037927515 144.652536 0.000000
1693775415182744565 144.535550 0.000000
1693775415327053787 144.905921 0.000000
1693775415327382880 144.707759 0.000000
1693775415399281989 144.686942 0.000000
1693775415543826875 144.552077 0.000000
1693775415762211139 145.246844 0.000000
1693775415762272818 145.178435 0.000000
1693775415907607963 144.804816 0.000000
1693775415907654356 144.799994 0.000000
1693775415978410427 144.731811 0.000000
1693775416051410992 144.623659 0.000000
1693775416052885619 144.801799 0.000000
1693775416196818105 144.530342 0.000000
1693775416197520961 144.995630 0.000000
1693775416270214882 144.693877 0.000000
1693775416343049912 144.655418 0.000000
1693775416415434366 144.652872 0.000000
1693775416631448485 144.493361 0.000000
1693775416777242181 144.487961 0.000000
1693775416848385580 144.549917 0.000000
1693775417354769238 144.589245 0.000000
1693775417356036187 144.529425 0.000000
1693775417428965356 144.678647 0.000000
1693775417572691882 144.622296 0.000000
1693775417644603943 144.767755 0.000000
1693775417789865242 144.634710 0.000000
1693775417934940076 144.906938 0.000000
1693775418079914552 144.627342 0.000000
1693775418441459103 144.450526 0.000000
1693775418513858328 144.482429 0.000000
1693775418514239154 144.577656 0.000000
1693775418588155016 144.655017 0.000000
1693775418660583706 144.658330 0.000000
1693775418875978801 144.723166 0.000000
1693775418949022096 144.690735 0.000000
1693775419239325528 144.634274 0.000000
1693775419601279693 144.413048 0.000000
1693775419890716047 144.822527 0.000000
1693775419890765341 144.857710 0.000000
1693775419963348089 144.782504 0.000000
1693775419963662678 144.632180 0.000000
1693775420036752810 144.690514 0.000000
1693775420107954894 144.648488 0.000000
1693775420108994198 144.643536 0.000000
1693775420181797477 145.038283 0.000000
1693775420253568829 144.591302 0.000000
1693775420399224530 144.670302 0.000000
1693775420470823493 144.476797 0.000000
1693775420543985903 144.453465 0.000000
1693775420616400571 144.737138 0.000000
1693775420977550053 144.566257 0.000000
1693775421195532752 144.525922 0.000000
1693775421195796756 144.685839 0.000000
1693775421267410123 144.964412 0.000000
1693775421339998599 144.693016 0.000000
1693775421485952569 145.062345 0.000000
1693775421630289757 144.537244 0.000000
1693775421919704500 144.721226 0.000000
1693775422064770063 144.709580 0.000000
1693775422138196199 145.063217 0.000000
1693775422210446237 144.745563 0.000000
1693775422645563752 144.658560 0.000000
1693775422717582584 144.868751 0.000000
1693775422718498266 144.470080 0.000000
1693775423153085468 144.647980 0.000000
1693775423659916151 144.644187 0.000000
1693775423660347144 144.803267 0.000000
1693775423732718019 144.377673 0.000000
1693775423805028824 144.689448 0.000000
1693775424022699932 144.603176 0.000000
1693775424167658266 144.516410 0.000000
1693775424311739482 144.608033 0.000000
1693775424530149310 144.782269 0.000000
1693775424601622270 144.811958 0.000000
1693775424747517870 144.803056 0.000000
1693775425035826834 144.640960 0.000000
1693775425035918713 144.590848 0.000000
1693775425036711052 144.433753 0.000000
1693775425108487518 144.823013 0.000000
1693775425110180875 144.654235 0.000000
1693775425110443551 144.632765 0.000000
1693775425327544182 144.804360 0.000000
1693775425471133789 144.695717 0.000000
1693775425471264108 144.564221 0.000000
1693775425545360273 144.496884 0.000000
1693775425832967640 144.434615 0.000000
1693775425979563489 144.641270 0.000000
1693775426123829361 144.816824 0.000000
1693775426339486166 144.690089 0.000000
1693775426630656686 144.487954 0.000000
1693775426775622677 144.529916 0.000000
1693775426847736951 144.553553 0.000000
1693775426919331847 144.393384 0.000000
1693775426992520566 144.498332 0.000000
1693775427063926544 144.578574 0.000000
1693775427136931525 145.305361 0.000000
1693775427137185832 144.676557 0.000000
1693775427354026062 144.668188 0.000000
1693775427354843509 144.767379 0.000000
1693775427498759075 144.519980 0.000000
1693775427861083247 144.619871 0.000000
1693775428078239827 144.859157 0.000000
1693775428151638379 144.702228 0.000000
1693775428367842032 144.595980 0.000000
1693775428441209682 144.642132 0.000000
1693775428442295479 144.889037 0.000000
1693775428513407538 144.628490 0.000000
1693775428514286259 145.114431 0.000000
1693775428514487793 144.660955 0.000000
1693775428585767699 144.541448 0.000000
1693775428948634788 144.870188 0.000000
1693775429309273767 144.558969 0.000000
1693775429384013436 144.461757 0.000000
1693775429384094675 144.359631 0.000000
1693775429526683317 144.722900 0.000000
1693775429744004090 144.754063 0.000000
1693775429889752919 144.449875 0.000000
1693775429961208824 144.660700 0.000000
1693775430106603988 144.765409 0.000000
1693775430251248266 145.053566 0.000000
1693775430323636175 144.746089 0.000000
1693775430323858523 144.634635 0.000000
1693775430469262864 144.584528 0.000000
1693775430541117422 144.640353 0.000000
1693775430614003762 144.495181 0.000000
1693775430687175626 144.735180 0.000000
1693775430759267460 144.601493 0.000000
1693775430976409713 144.579596 0.000000
1693775431047869547 144.649024 0.000000
1693775431192805318 144.651724 0.000000
1693775431339256915 144.466531 0.000000
1693775431555580339 144.852607 0.000000
1693775431555722701 144.711774 0.000000
1693775431556053254 144.423295 0.000000
1693775431556407995 144.705921 0.000000
1693775431556501576 144.608417 0.000000
1693775431844405715 144.873386 0.000000
1693775431845021529 144.603442 0.000000
1693775431918973969 144.755447 0.000000
1693775431990273430 144.537363 0.000000
1693775432207192884 144.905762 0.000000
1693775432207594284 144.907130 0.000000
1693775432279472551 144.893693 0.000000
1693775432424504556 144.695385 0.000000
1693775432498317427 144.452094 0.000000
1693775432498481910 144.477885 0.000000
1693775432570263709 144.651610 0.000000
1693775432570732652 144.427875 0.000000
1693775432641752700 144.799945 0.000000
1693775432642328776 144.546039 0.000000
1693775432714225191 144.829280 0.000000
1693775432714554924 144.666267 0.000000
1693775432932927395 144.792873 0.000000
1693775433149598391 144.545557 0.000000
1693775433150937708 144.589765 0.000000
1693775433223507827 144.712591 0.000000
1693775433293839717 144.557994 0.000000
1693775433366202687 144.656606 0.000000
1693775433368093603 144.797714 0.000000
1693775433440026488 144.417285 0.000000
1693775433657018325 144.573638 0.000000
1693775433801298886 144.568521 0.000000
1693775433802314706 144.581767 0.000000
1693775433946578938 144.574053 0.000000
1693775433947617651 144.819465 0.000000
1693775434091036220 144.812834 0.000000
1693775434164982176 144.743583 0.000000
1693775434382294444 144.631803 0.000000
1693775434453633637 144.850170 0.000000
1693775434453948651 144.499761 0.000000
1693775434526653889 144.416176 0.000000
1693775434599518673 144.575071 0.000000
1693775434671399758 144.759420 0.000000
1693775434815442735 144.535875 0.000000
1693775434889804213 145.151753 0.000000
1693775435251691888 144.662495 0.000000
1693775435324440397 145.276428 0.000000
1693775435540649337 144.478056 0.000000
1693775435541919454 144.571598 0.000000
1693775435614869266 144.491276 0.000000
1693775435757243104 144.602064 0.000000
1693775435759193398 144.533891 0.000000
1693775435759380584 144.495125 0.000000
1693775435902315282 144.520273 0.000000
1693775435902812319 144.473399 0.000000
1693775435903780322 144.515202 0.000000
1693775435903958652 144.559635 0.000000
1693775436410622226 144.638639 0.000000
1693775436481985500 144.822577 0.000000
1693775436482032374 144.884676 0.000000
1693775436483229150 144.651649 0.000000
1693775437062176045 144.520961 0.000000
1693775437279568019 144.612057 0.000000
1693775437351596571 144.595048 0.000000
1693775437353448371 144.648131 0.000000
1693775437496066498 144.726398 0.000000
1693775437497258533 144.612930 0.000000
1693775437859086128 144.732934 0.000000
1693775437931386774 144.756769 0.000000
1693775437931547629 144.747217 0.000000
1693775438221543886 144.564552 0.000000
1693775438365804810 144.913118 0.000000
1693775438656060947 145.173414 0.000000
1693775438657727035 145.331166 0.000000
1693775438874025684 144.525701 0.000000
1693775438875081892 144.399377 0.000000
1693775438875284915 144.462098 0.000000
1693775439019553308 144.550625 0.000000
1693775439092381342 144.922801 0.000000
1693775439092447696 144.989385 0.000000
1693775439236470963 144.519662 0.000000
1693775439309055394 144.931069 0.000000
1693775439381765068 144.500237 0.000000
1693775439453670694 144.530829 0.000000
1693775439526995880 144.623238 0.000000
1693775439598685484 144.643645 0.000000
1693775439599112893 144.489753 0.000000
1693775439743943309 144.368470 0.000000
1693775439743965596 144.575708 0.000000
1693775439889928803 144.606780 0.000000
1693775440032926969 144.673119 0.000000
1693775440033375513 144.775913 0.000000
1693775440250093393 144.584869 0.000000
1693775440394770356 144.646783 0.000000
1693775440468546963 144.891287 0.000000
1693775440686601188 144.521456 0.000000
1693775440829529564 144.579553 0.000000
1693775441047533380 144.585530 0.000000
1693775441119949916 144.587174 0.000000
1693775441193798645 144.666293 0.000000
1693775441336781721 144.437742 0.000000
1693775441336781741 144.796297 0.000000
1693775441338425241 144.591104 0.000000
1693775441699224463 144.772632 0.000000
1693775441699718533 144.450646 0.000000
1693775441772895073 144.592683 0.000000
1693775441843919448 144.670799 0.000000
1693775442061860406 144.613642 0.000000
1693775442135031433 144.721132 0.000000
1693775442785887102 144.554564 0.000000
1693775442787659612 144.722043 0.000000
1693775443003055164 144.542961 0.000000
1693775443004543263 144.488555 0.000000
1693775443149288790 144.728543 0.000000
1693775443149847220 144.660965 0.000000
1693775443582288476 144.772636 0.000000
1693775443872515174 144.398054 0.000000
1693775443944579410 144.742852 0.000000
1693775444091714535 144.571625 0.000000
1693775444161663442 144.716235 0.000000
1693775444308714586 144.570155 0.000000
1693775444378751012 144.800532 0.000000
1693775444451134992 144.726614 0.000000
1693775444668375218 144.713735 0.000000
1693775444740925390 144.598947 0.000000
1693775444813306879 144.656080 0.000000
1693775444815332915 144.593354 0.000000
1693775444885650766 144.743793 0.000000
1693775445031460040 144.892786 0.000000
1693775445321610938 144.701869 0.000000
1693775445323475859 145.307878 0.000000
1693775445468569345 144.880900 0.000000
1693775445538700883 144.776250 0.000000
1693775445538733154 144.745418 0.000000
1693775445539257574 144.500541 0.000000
1693775445612820804 144.490795 0.000000
1693775445683737142 144.463840 0.000000
1693775445755839632 144.712095 0.000000
1693775445902125603 144.456623 0.000000
1693775446045771670 144.761129 0.000000
1693775446119037277 144.433327 0.000000
1693775446120053189 144.623904 0.000000
1693775446190727688 144.746365 0.000000
1693775446192487388 144.659027 0.000000
1693775446263549772 144.894708 0.000000
1693775446263961776 144.910626 0.000000
1693775446409505006 144.460941 0.000000
1693775446482093928 144.775507 0.000000
1693775446626425749 144.553076 0.000000
1693775446698325055 144.761235 0.000000
1693775446771891612 144.621492 0.000000
1693775446844685743 144.818884 0.000000
1693775446916977508 144.564320 0.000000
1693775446988533541 144.736091 0.000000
1693775447061834738 144.871994 0.000000
1693775447133581899 144.442182 0.000000
1693775447277238567 144.720039 0.000000
1693775447495863547 144.417274 0.000000
1693775447640197671 144.408172 0.000000
1693775447712115687 144.568906 0.000000
1693775448075330367 145.017902 0.000000
1693775448075849505 145.184139 0.000000
1693775448291970856 144.438132 0.000000
1693775448292333886 144.416722 0.000000
1693775448364863179 144.496909 0.000000
1693775448727525237 144.609647 0.000000
1693775448944379094 144.547833 0.000000
1693775449088360649 144.510592 0.000000
1693775449161525115 144.786589 0.000000
1693775449161794377 144.956123 0.000000
1693775449378702360 144.684491 0.000000
1693775449524162701 144.967990 0.000000
1693775449741878932 144.623096 0.000000
1693775449813459239 144.602766 0.000000
1693775449884615460 144.501275 0.000000
1693775449886219796 144.885488 0.000000
1693775449886521273 144.517849 0.000000
1693775449957695623 144.528413 0.000000
1693775450029863961 144.597025 0.000000
1693775450031103361 144.868274 0.000000
1693775450103315616 144.468362 0.000000
1693775450104579578 144.580208 0.000000
1693775450174533311 144.634966 0.000000
1693775450609483141 144.640974 0.000000
1693775450755875036 144.835568 0.000000
1693775450828245990 144.591034 0.000000
1693775450899221637 144.680993 0.000000
1693775450900136667 144.453162 0.000000
1693775450973301259 144.536511 0.000000
1693775451263379066 144.594266 0.000000
1693775451406790960 144.763390 0.000000
1693775451841278232 144.744298 0.000000
