1694825789304494230 149.895359 106.588861 106 16 0.000000
1694825790286340499 151.452756 108.978379 107 16 0.000000
1694825791311003725 155.496477 99.544900 102 16 0.000000
1694825792302462817 148.131811 112.964809 112 16 0.000000
1694825793307289417 148.792453 104.495638 105 16 0.000000
1694825794316024407 157.272589 101.116751 102 16 0.000000
1694825795307324110 153.421305 104.912770 104 16 0.000000
1694825796298531345 151.139789 106.940316 106 16 0.000000
1694825797314119483 149.310225 108.311621 110 16 0.000000
1694825798311493380 159.345365 97.255388 97 16 0.000000
1694825799311527087 147.126642 110.996279 111 16 0.000000
1694825800322373489 148.607814 107.830410 109 16 0.000000
1694825801324534322 157.921283 101.780070 102 16 0.000000
1694825802317835088 143.740934 108.728398 108 16 0.000000
1694825803322540625 145.944658 109.484806 110 16 0.000000
1694825804315780524 150.141078 107.728278 107 16 0.000000
1694825805319983510 150.801838 107.547962 108 16 0.000000
1694825806328546130 142.485188 111.049146 112 16 0.000000
1694825807304003830 153.986616 103.541136 101 16 0.000000
1694825808331280258 159.828488 101.238560 104 16 0.000000
1694825809334104906 145.084011 105.701430 106 16 0.000000
1694825810322824262 147.162351 110.243619 109 16 0.000000
1694825811315931293 148.157473 109.756566 109 16 0.000000
1694825812333479214 147.011536 109.085760 111 16 0.000000
1694825813325301131 143.726342 109.898773 109 16 0.000000
1694825814327576963 145.646322 111.745667 112 16 0.000000
1694825815340078889 147.584521 105.678812 107 16 0.000000
1694825816343285063 152.596539 106.658036 107 16 0.000000
1694825817341869081 146.860250 108.153153 108 16 0.000000
1694825818317111757 147.307820 109.716271 107 16 0.000000
1694825819343927628 144.726289 109.075057 112 16 0.000000
1694825820327767882 148.518503 108.757492 107 16 0.000000
1694825821348772548 161.552617 97.942743 100 16 0.000000
1694825822330413808 145.107391 110.019826 108 16 0.000000
1694825823344625367 152.105477 106.486662 108 16 0.000000
1694825824345170472 146.472880 108.940616 109 16 0.000000
1694825825340069820 139.361868 116.594728 116 16 0.000000
1694825826347846995 149.829991 106.174245 107 16 0.000000
1694825827356798854 143.109563 111.997432 113 16 0.000000
1694825828357441706 150.993982 103.933191 104 16 0.000000
1694825829349676718 150.173159 107.837337 107 16 0.000000
1694825830352365808 141.358238 113.694266 114 16 0.000000
1694825831359739481 155.035778 104.231431 105 16 0.000000
1694825832349196201 140.934667 112.182787 111 16 0.000000
1694825833363167178 142.768771 110.456809 112 16 0.000000
1694825834356753678 144.894749 110.710027 110 16 0.000000
1694825835365605742 142.789681 112.999729 114 16 0.000000
1694825836365217218 154.314722 100.038868 100 16 0.000000
1694825837369536720 146.522578 111.518196 112 16 0.000000
1694825838343762771 145.744669 110.857339 108 16 0.000000
1694825839369354988 141.970391 114.080413 117 16 0.000000
1694825840354005171 146.365809 108.668052 107 16 0.000000
1694825841370064397 146.704639 107.277194 109 16 0.000000
1694825842372829682 145.182274 110.693894 111 16 0.000000
1694825843375198670 140.712452 113.730589 114 16 0.000000
1694825844376910964 145.640885 108.813669 109 16 0.000000
1694825845364442319 151.477737 106.325735 105 16 0.000000
1694825846380338990 143.190073 114.184843 116 16 0.000000
1694825847378952972 146.623329 107.148510 107 16 0.000000
1694825848383560316 138.675286 114.472587 115 16 0.000000
1694825849384429913 140.006750 112.901818 113 16 0.000000
1694825850367856272 152.792333 109.820130 108 16 0.000000
1694825851381777694 141.441422 110.462199 112 16 0.000000
1694825852374745300 153.172751 103.729461 103 16 0.000000
1694825853389587273 151.966509 105.435140 107 16 0.000000
1694825854347725648 143.108450 115.849655 111 16 0.000000
1694825855390498270 151.220725 102.611057 107 16 0.000000
1694825856391996753 150.399846 107.838406 108 16 0.000000
1694825857395279922 151.581146 103.659671 104 16 0.000000
1694825858390883716 147.722554 107.472469 107 16 0.000000
1694825859396185213 141.948416 115.388276 116 16 0.000000
1694825860390163301 149.154037 104.630067 104 16 0.000000
1694825861397356336 143.493204 114.178722 115 16 0.000000
1694825862354073813 146.720472 109.750271 105 16 0.000000
1694825863382428216 146.329822 107.939426 111 16 0.000000
1694825864385453033 152.852389 105.680351 106 16 0.000000
1694825865395639544 154.297593 102.951266 104 16 0.000000
1694825866400523974 147.582521 108.470190 109 16 0.000000
1694825867396119927 143.259609 110.486606 110 16 0.000000
1694825868407344515 144.564962 110.756781 112 16 0.000000
1694825869408379370 139.834926 113.882148 114 16 0.000000
1694825870405658805 149.977215 105.286438 105 16 0.000000
1694825871406504300 146.673488 109.907077 110 16 0.000000
1694825872397029619 144.483625 114.080898 113 16 0.000000
1694825873405886224 152.797358 101.104552 102 16 0.000000
1694825874404167059 144.154412 113.194588 113 16 0.000000
1694825875410940687 154.443333 103.300299 104 16 0.000000
1694825876415760682 153.603193 101.510710 102 16 0.000000
1694825877407888433 144.388499 113.896631 113 16 0.000000
1694825878407706412 143.684188 111.020208 111 16 0.000000
1694825879405662775 144.522556 111.227289 111 16 0.000000
1694825880419074725 151.241217 106.570686 108 16 0.000000
1694825881419867964 146.170827 105.915991 106 16 0.000000
1694825882422189926 144.954551 110.742865 111 16 0.000000
1694825883412759397 146.251330 110.037709 109 16 0.000000
1694825884428292617 150.162703 107.332763 109 16 0.000000
1694825885417437720 150.373220 106.152289 105 16 0.000000
1694825886430849057 148.928970 109.531026 111 16 0.000000
1694825887421910330 152.251624 104.938009 104 16 0.000000
1694825888424882401 144.161013 110.671099 111 16 0.000000
1694825889434469367 152.558902 104.002915 105 16 0.000000
1694825890435098332 137.091502 115.927100 116 16 0.000000
1694825891432176505 141.238714 115.336976 115 16 0.000000
1694825892432074507 145.718104 106.010829 106 16 0.000000
1694825893410042856 148.334116 112.478052 110 16 0.000000
1694825894426388093 150.960127 104.295291 106 16 0.000000
1694825895442063513 142.498996 111.256015 113 16 0.000000
1694825896442813923 146.145131 111.916019 112 16 0.000000
1694825897441129680 152.562971 105.177138 105 16 0.000000
1694825898430569420 153.870004 101.067285 100 16 0.000000
1694825899436053809 144.878578 110.394553 111 16 0.000000
1694825900413934316 142.297232 114.533423 112 16 0.000000
1694825901430512688 148.332137 107.222427 109 16 0.000000
1694825902446062617 138.676253 115.208516 117 16 0.000000
1694825903432986222 152.682221 103.351469 102 16 0.000000
1694825904448876040 145.761243 110.248172 112 16 0.000000
1694825905454165870 151.639822 105.442226 106 16 0.000000
1694825906455839798 137.702886 114.807815 115 16 0.000000
1694825907455885974 147.595638 107.995035 108 16 0.000000
1694825908455629232 151.436216 106.027206 106 16 0.000000
1694825909428690289 155.374623 106.879214 104 16 0.000000
1694825910447883267 147.068907 106.947361 109 16 0.000000
1694825911459962690 142.890609 109.675206 111 16 0.000000
1694825912453267656 143.189603 113.761629 113 16 0.000000
1694825913462537615 149.533477 107.998858 109 16 0.000000
1694825914466192541 141.852010 109.599406 110 16 0.000000
1694825915434155993 142.439882 114.673754 111 16 0.000000
1694825916464154298 151.325177 104.854555 108 16 0.000000
1694825917469764719 150.705395 108.391880 109 16 0.000000
1694825918451685778 143.016891 108.970045 107 16 0.000000
1694825919464137289 139.255880 113.585701 115 16 0.000000
1694825920452772553 149.695792 109.241486 108 16 0.000000
1694825921445612866 149.925556 108.778822 108 16 0.000000
1694825922472380925 156.851703 100.314769 103 16 0.000000
1694825923477578711 151.111173 104.457055 105 16 0.000000
1694825924466732516 144.338034 112.217127 111 15 0.000000
1694825925474818716 150.442516 107.133713 108 16 0.000000
1694825926463917340 141.928201 110.201329 109 16 0.000000
1694825927480045007 143.612138 112.190632 114 16 0.000000
1694825928483534669 152.618879 106.627901 107 16 0.000000
1694825929478713267 144.085000 106.513542 106 16 0.000000
1694825930468709254 151.469540 109.091370 108 16 0.000000
1694825931484286376 141.736186 112.251443 114 16 0.000000
1694825932482586502 145.264747 109.185588 109 16 0.000000
1694825933485549259 144.375051 112.666198 113 16 0.000000
1694825934491999268 142.101232 110.288648 111 16 0.000000
1694825935491551266 148.280666 110.049291 110 16 0.000000
1694825936492257175 143.579355 110.921708 111 16 0.000000
1694825937474918263 145.376789 108.887991 107 16 0.000000
1694825938496464280 145.200505 112.574486 115 16 0.000000
1694825939483265782 145.570986 109.444486 108 16 0.000000
1694825940499155969 141.335070 112.216852 114 16 0.000000
1694825941496560925 145.473700 110.286195 110 16 0.000000
1694825942484093049 145.929884 111.388784 110 16 0.000000
1694825943499826757 146.329961 107.311591 109 16 0.000000
1694825944503756284 148.636342 107.577274 108 16 0.000000
1694825945504078506 148.112088 107.965209 108 16 0.000000
1694825946504292454 139.380545 111.976045 112 16 0.000000
1694825947501122767 140.572041 116.368851 116 16 0.000000
1694825948504516509 145.585470 110.624586 111 16 0.000000
1694825949502305568 148.945822 106.234862 106 16 0.000000
1694825950509339508 146.505162 110.224704 111 16 0.000000
1694825951500988765 153.054585 104.875788 104 16 0.000000
1694825952485801939 141.093017 111.696296 110 16 0.000000
1694825953507002860 144.821329 110.654034 113 16 0.000000
1694825954506490494 149.981944 109.055876 109 16 0.000000
1694825955513377574 141.911663 109.247603 110 16 0.000000
1694825956519921724 144.118377 110.278322 111 16 0.000000
