1695146782400606229 72.323092 223.061488 208 16 0.000000
1695146783412846888 72.298995 221.291262 224 16 0.000000
1695146784426010170 72.345362 221.089730 224 16 0.000000
1695146785438618419 72.313660 221.210912 224 16 0.000000
1695146786451142727 72.314439 221.229262 224 16 0.000000
1695146787463370215 72.300214 221.294132 224 16 0.000000
1695146788476212851 72.315160 221.159728 224 16 0.000000
1695146789415876447 72.292386 221.355815 208 16 0.000000
1695146790428468249 72.321190 221.214506 224 16 0.000000
1695146791441624711 72.305210 221.091221 224 16 0.000000
1695146792453954413 72.297225 221.271789 224 16 0.000000
1695146793466418930 72.308644 221.242318 224 16 0.000000
1695146794478675565 72.313466 221.287754 224 16 0.000000
1695146795491599216 72.325153 221.142045 224 16 0.000000
1695146796432115050 72.313057 221.155232 208 16 0.000000
1695146797444643794 72.301500 221.228279 224 16 0.000000
1695146798457176120 72.325714 221.227496 224 16 0.000000
1695146799469956016 72.309215 221.173444 224 16 0.000000
1695146800482641363 72.303627 221.194074 224 16 0.000000
1695146801495264108 72.306758 221.207748 224 16 0.000000
1695146802506319196 72.317169 217.594455 220 16 0.000000
1695146803447948886 72.332982 225.141609 212 16 0.000000
1695146804460818072 72.340690 221.153921 224 16 0.000000
1695146805473531413 72.391804 221.187968 224 16 0.000000
1695146806486823726 72.360395 221.061561 224 16 0.000000
1695146807500891988 72.416520 220.892438 224 16 0.000000
1695146808514150476 72.368272 217.121314 220 16 0.000000
1695146809456535782 72.464062 206.921722 195 16 0.000000
1695146810469161310 72.333585 207.381709 210 16 0.000000
1695146811482174584 72.347892 207.302318 210 16 0.000000
1695146812495607953 72.379182 207.216383 210 16 0.000000
1695146813509268599 72.365879 207.169908 210 16 0.000000
1695146814522437402 72.383907 207.270514 210 16 0.000000
1695146815465225145 72.503219 206.833393 195 16 0.000000
1695146816478663449 72.380025 207.215387 210 16 0.000000
1695146817491876096 72.346858 207.261527 210 16 0.000000
1695146818504822161 72.330726 207.316068 210 16 0.000000
1695146819517781546 72.353059 207.313349 210 16 0.000000
1695146820530293329 72.304710 207.404995 210 16 0.000000
1695146821544027914 72.414629 207.154816 210 16 0.000000
1695146822485244949 72.384132 207.178557 195 16 0.000000
1695146823499422018 72.428677 207.064430 210 16 0.000000
1695146824512841901 72.361842 207.219157 210 16 0.000000
1695146825525670851 72.300784 207.340038 210 16 0.000000
1695146826537658755 72.311695 207.512361 210 16 0.000000
1695146827551919231 72.442168 207.047412 210 16 0.000000
1695146828493109803 72.390932 207.184391 195 16 0.000000
1695146829507977761 72.472602 206.923475 210 16 0.000000
1695146830521223886 72.374429 207.254681 210 16 0.000000
1695146831534612202 72.365521 207.225579 210 16 0.000000
1695146832547994195 72.367649 207.226901 210 16 0.000000
1695146833561066073 72.359052 207.290336 210 16 0.000000
1695146834502984976 72.447631 207.024186 195 16 0.000000
1695146835516228736 72.366738 205.281309 208 16 0.000000
1695146836530382248 72.415159 193.264629 196 16 0.000000
1695146837543995454 72.389762 193.367641 196 16 0.000000
1695146838557461273 72.376113 193.395763 196 16 0.000000
1695146839571380372 72.416004 183.446595 186 16 0.000000
1695146840512405193 72.378122 175.340740 165 16 0.000000
1695146841526005215 72.399426 165.745866 168 16 0.000000
1695146842539393871 72.362380 165.780414 168 16 0.000000
1695146843553319215 72.367083 165.692676 168 16 0.000000
1695146844567238839 72.425924 165.693612 168 16 0.000000
1695146845582404960 72.505256 165.490155 168 16 0.000000
1695146846522768875 72.324420 165.893215 156 16 0.000000
1695146847535335740 72.323168 165.914978 168 16 0.000000
1695146848548297246 72.333583 165.850325 168 16 0.000000
1695146849561298192 72.357144 165.843869 168 16 0.000000
1695146850574105653 72.341892 165.875557 168 16 0.000000
1695146851587976194 72.389175 165.701626 168 16 0.000000
1695146852602055601 72.487710 158.764687 161 16 0.000000
1695146853543305366 72.337265 173.174013 163 16 0.000000
1695146854555873235 72.309895 156.038927 158 16 0.000000
1695146855569475292 72.381542 151.933392 154 16 0.000000
1695146856582802621 72.376006 151.974580 154 16 0.000000
1695146857595935986 72.346631 152.003689 154 16 0.000000
1695146858609614529 72.400948 151.921924 154 16 0.000000
1695146859550125189 72.329087 152.045057 143 16 0.000000
1695146860563808418 72.417211 151.921234 154 16 0.000000
1695146861577436387 72.373178 151.929507 154 16 0.000000
1695146862590484102 72.343832 152.016537 154 16 0.000000
1695146863603609085 72.367229 152.004931 154 16 0.000000
1695146864617925608 72.443046 151.826375 154 16 0.000000
1695146865560303402 72.467308 151.743817 143 16 0.000000
1695146866573300688 72.338742 152.024093 154 16 0.000000
1695146867587354078 72.448515 151.865770 154 16 0.000000
1695146868602060288 72.443627 140.927497 143 16 0.000000
1695146869615967560 72.407736 138.079687 140 16 0.000000
1695146870628795850 72.356245 135.264777 137 16 0.000000
1695146871570800943 72.421084 141.188206 133 16 0.000000
1695146872584071190 72.355188 138.166492 140 16 0.000000
1695146873598496505 72.470560 138.009180 140 16 0.000000
1695146874612901712 72.422628 138.011906 140 16 0.000000
1695146875625762140 72.354368 134.273191 136 16 0.000000
1695146876567698490 72.448594 124.212205 117 16 0.000000
1695146877580858970 72.338899 124.363322 126 16 0.000000
1695146878593880974 72.350391 124.380319 126 16 0.000000
1695146879607906406 72.436647 124.257241 126 16 0.000000
1695146880621315624 72.347380 124.332793 126 16 0.000000
1695146881633737789 72.318245 124.454011 126 16 0.000000
1695146882575075244 72.377973 124.291250 117 16 0.000000
1695146883588155181 72.352166 124.373204 126 16 0.000000
1695146884603272251 72.509148 124.123612 126 16 0.000000
1695146885617784654 72.465144 124.197592 126 16 0.000000
1695146886630804069 72.324724 124.380631 126 16 0.000000
1695146887644692396 72.418464 124.274045 126 16 0.000000
1695146888585833015 72.394472 124.317241 117 16 0.000000
1695146889599873754 72.409678 124.255360 126 16 0.000000
1695146890612881025 72.325149 124.382134 126 16 0.000000
1695146891625610149 72.315849 124.416284 126 16 0.000000
1695146892639019857 72.408905 119.398896 121 16 0.000000
1695146893652461325 72.348072 110.514518 112 16 0.000000
1695146894620130995 74.473042 107.474705 104 16 0.000000
1695146895641868361 73.842053 104.723576 107 16 0.000000
1695146896654533808 72.338893 110.599216 112 16 0.000000
1695146897614433857 72.383931 113.553493 109 16 0.000000
1695146898628009868 72.382061 110.499846 112 16 0.000000
1695146899641356474 72.376704 110.524872 112 16 0.000000
1695146900654554638 72.375687 109.554084 111 16 0.000000
1695146901648770088 72.385528 93.541090 93 16 0.000000
1695146902662374780 72.380401 96.684639 98 16 0.000000
1695146903623349560 72.391437 99.898568 96 16 0.000000
1695146904637102816 72.382219 96.670456 98 16 0.000000
1695146905650436562 72.364360 96.710498 98 16 0.000000
1695146906663667002 72.366121 96.720340 98 16 0.000000
1695146907655864322 72.399129 93.731352 93 16 0.000000
1695146908668833788 72.415590 96.745269 98 16 0.000000
1695146909632681665 72.359757 99.600782 96 16 0.000000
1695146910645767807 72.348500 96.734129 98 16 0.000000
1695146911659908329 72.397014 96.633545 98 16 0.000000
1695146912673617934 72.394214 96.674607 98 16 0.000000
1695146913661836885 72.338014 94.108723 93 16 0.000000
1695146914675169745 72.392145 91.776354 93 16 0.000000
1695146915641769307 72.396281 84.833478 82 16 0.000000
1695146916655963986 72.396260 82.824335 84 16 0.000000
1695146917670139798 72.411204 82.825879 84 16 0.000000
1695146918656255620 72.423553 81.126373 80 16 0.000000
1695146919669323117 72.379641 82.916488 84 16 0.000000
1695146920682198881 72.381209 82.932189 84 16 0.000000
1695146921653146406 72.366428 84.453580 82 16 0.000000
1695146922666207509 72.351208 82.917017 84 16 0.000000
1695146923680787799 72.421488 82.792854 84 16 0.000000
1695146924662362390 72.355215 81.501695 80 16 0.000000
1695146925676151849 72.411072 82.857451 84 16 0.000000
1695146926648481921 72.352949 84.333501 82 16 0.000000
1695146927661382245 72.337335 82.930174 84 16 0.000000
1695146928675384414 72.383995 82.840059 84 16 0.000000
1695146929690417183 72.440877 82.755947 84 16 0.000000
1695146930668223280 72.375360 81.815810 80 16 0.000000
1695146931681443838 72.357749 82.903965 84 16 0.000000
1695146932693856596 72.345373 81.982372 83 16 0.000000
1695146933671155597 72.345131 84.927953 83 16 0.000000
1695146934683967301 72.339881 82.937427 84 16 0.000000
1695146935661523819 72.386255 81.836698 80 16 0.000000
1695146936674683182 72.365555 82.908973 84 16 0.000000
1695146937688301597 72.389513 82.871422 84 16 0.000000
1695146938665385825 72.359680 83.923168 82 16 0.000000
1695146939679115198 72.402836 82.862348 84 16 0.000000
1695146940692074500 72.338617 82.925343 84 16 0.000000
1695146941668745418 72.343104 81.910910 80 16 0.000000
1695146942681809359 72.343948 82.916779 84 16 0.000000
1695146943695190171 72.359554 82.890856 84 16 0.000000
1695146944672235631 72.374111 83.926496 82 16 0.000000
1695146945684903469 72.352699 82.949210 84 16 0.000000
1695146946698130175 72.359156 82.903461 84 16 0.000000
1695146947676253776 72.350283 81.789244 80 16 0.000000
1695146948689363555 72.407729 82.913035 84 16 0.000000
1695146949702760078 72.358128 82.889568 84 16 0.000000
1695146950679382385 72.341058 83.962856 82 16 0.000000
