1693778252259084499 185.444368 0.000000
1693778252588502980 185.801559 0.000000
1693778253988866226 185.333726 0.000000
1693778256412067805 186.266014 0.000000
1693778256539525475 253.712097 0.000000
1693778256870975953 186.337906 0.000000
1693778258363559039 226.066221 0.000000
1693778258469217669 185.839273 0.000000
1693778258791147476 218.095124 0.000000
1693778258980963303 185.469101 0.000000
1693778261061387654 185.328960 0.000000
1693778261498674154 186.166087 0.000000
1693778262048027850 185.349944 0.000000
1693778262754670906 186.046555 0.000000
1693778263402394136 185.768302 0.000000
1693778265006672966 185.575924 0.000000
1693778265801083531 186.110639 0.000000
1693778266333915242 218.677454 0.000000
1693778266333980829 205.132458 0.000000
1693778267230927054 186.248905 0.000000
1693778267779074635 185.676639 0.000000
1693778269119783600 186.147639 0.000000
1693778269566408336 186.427465 0.000000
1693778270303958773 186.540644 0.000000
1693778271071763757 185.826723 0.000000
1693778271855417763 186.027916 0.000000
1693778272392764661 185.535645 0.000000
1693778272453531937 186.176156 0.000000
1693778272686504794 217.982338 0.000000
1693778273035021918 185.826984 0.000000
1693778273602621615 186.140397 0.000000
1693778275080869134 186.104554 0.000000
1693778275673488943 185.652247 0.000000
1693778277385169072 185.956054 0.000000
1693778277586621876 186.415683 0.000000
1693778279073893250 185.800914 0.000000
1693778279678727416 185.484091 0.000000
1693778280132961546 185.739961 0.000000
1693778281999811374 217.803993 0.000000
1693778282361161084 218.073495 0.000000
1693778282388638632 218.279925 0.000000
1693778283034266751 186.365662 0.000000
1693778284712278126 185.180204 0.000000
1693778286790337734 186.371049 0.000000
1693778286846033178 185.443677 0.000000
1693778288811655510 217.803297 0.000000
1693778289230962163 185.336833 0.000000
1693778289666780153 185.453024 0.000000
1693778290347062328 186.366012 0.000000
1693778290451005959 185.719219 0.000000
1693778291348076912 185.383438 0.000000
1693778291639338884 185.441637 0.000000
1693778291783863798 218.022327 0.000000
1693778292655537420 186.246073 0.000000
1693778296649482102 186.008046 0.000000
1693778297343403217 185.565851 0.000000
1693778301162691242 217.481823 0.000000
1693778301282750087 186.281766 0.000000
1693778303766163763 217.466694 0.000000
1693778304347388884 218.176189 0.000000
1693778304491932832 185.500704 0.000000
1693778304629818558 185.116863 0.000000
1693778306130466819 186.195928 0.000000
1693778306729479519 185.484733 0.000000
1693778307106165190 186.215873 0.000000
1693778307576565259 186.095990 0.000000
1693778307659691693 186.000859 0.000000
1693778308834616813 218.002214 0.000000
1693778309995131643 186.267538 0.000000
1693778311377339362 185.197760 0.000000
1693778312175237992 185.963878 0.000000
1693778312452451878 185.395069 0.000000
1693778312829089203 217.848091 0.000000
1693778312955418974 185.412324 0.000000
1693778314165695702 185.834968 0.000000
1693778315442799081 186.189983 0.000000
1693778316208507245 185.234346 0.000000
1693778317693958868 185.992854 0.000000
1693778319497802947 185.762444 0.000000
1693778319787610217 186.206893 0.000000
1693778319829506328 186.129142 0.000000
1693778320122894312 186.266962 0.000000
1693778320732579507 186.245538 0.000000
1693778321516754010 185.162394 0.000000
1693778322637010684 185.439809 0.000000
1693778326935447758 186.220510 0.000000
1693778328225867949 185.489970 0.000000
1693778328606843323 185.869628 0.000000
1693778330028700709 186.000562 0.000000
1693778330059711897 185.880083 0.000000
1693778330361863265 186.484127 0.000000
1693778331087484873 185.703015 0.000000
1693778331627412024 217.924654 0.000000
1693778332512482308 186.154210 0.000000
1693778332525711816 185.736413 0.000000
1693778334109549985 186.126300 0.000000
1693778335965836122 254.365061 0.000000
1693778336883386987 186.280824 0.000000
1693778337157882853 186.451181 0.000000
1693778337304677997 186.303146 0.000000
1693778337450477411 185.921448 0.000000
1693778338071944161 185.720076 0.000000
1693778338434869110 186.114578 0.000000
1693778338911613582 185.323988 0.000000
1693778339525470812 185.896226 0.000000
1693778339743308178 185.450910 0.000000
1693778339856846046 186.255421 0.000000
1693778339929325711 186.012741 0.000000
1693778340106819507 218.399083 0.000000
1693778340137310484 186.042890 0.000000
1693778340444490514 218.315694 0.000000
1693778341356980057 185.613127 0.000000
1693778342885617794 218.168281 0.000000
1693778343514283770 185.352074 0.000000
1693778343882439832 186.332600 0.000000
1693778345301786083 186.345248 0.000000
1693778346614782131 185.927358 0.000000
1693778346708768487 186.119585 0.000000
1693778347047168655 185.673021 0.000000
1693778347135462630 217.901956 0.000000
1693778348455735195 218.286557 0.000000
1693778348844997745 185.685901 0.000000
1693778352349769325 218.274664 0.000000
1693778352390266919 186.379209 0.000000
1693778353115742998 186.056573 0.000000
1693778353982386316 186.385534 0.000000
1693778354550019127 185.342051 0.000000
1693778354986225732 218.129992 0.000000
1693778355181926959 218.335585 0.000000
1693778355454171403 185.704564 0.000000
1693778356800486623 185.795632 0.000000
1693778357803281730 217.888100 0.000000
1693778358906590855 217.603862 0.000000
1693778359054380398 186.014185 0.000000
1693778359602596811 185.333066 0.000000
1693778361460363683 185.624894 0.000000
1693778361856760890 218.360653 0.000000
1693778362613027083 233.541519 0.000000
1693778363190892481 186.309642 0.000000
1693778364338878256 217.537754 0.000000
1693778364947240841 186.339632 0.000000
1693778367560543574 185.969781 0.000000
1693778367745879897 185.332389 0.000000
1693778367792315518 185.928205 0.000000
1693778368636566637 218.962255 0.000000
1693778369712186307 303.436713 0.000000
1693778371801152035 186.173229 0.000000
1693778371850065038 217.936311 0.000000
1693778372732602278 186.162942 0.000000
1693778372865226781 186.116327 0.000000
1693778373136061903 185.516803 0.000000
1693778374595288204 218.617697 0.000000
1693778375060320824 186.392174 0.000000
1693778375480889650 186.131202 0.000000
1693778375707406114 185.380702 0.000000
1693778375812986578 186.078073 0.000000
1693778376467931625 218.692736 0.000000
1693778376945896793 186.180837 0.000000
1693778377220920341 185.740864 0.000000
1693778377406740590 186.202758 0.000000
1693778378207260790 186.121475 0.000000
1693778380558446688 185.158394 0.000000
1693778382216381070 185.680339 0.000000
1693778382401833012 185.904315 0.000000
1693778383536263062 185.871975 0.000000
1693778384435802946 185.524761 0.000000
1693778385999506991 185.632568 0.000000
1693778386061410159 185.461389 0.000000
1693778386387177650 217.659373 0.000000
1693778387481823185 185.590925 0.000000
1693778389118242288 204.311616 0.000000
1693778389118306357 218.350391 0.000000
1693778390852397819 185.408942 0.000000
1693778391278920971 185.626960 0.000000
1693778392630704753 185.877197 0.000000
1693778393082191531 185.852443 0.000000
1693778393341384116 185.751078 0.000000
1693778394519576379 186.485918 0.000000
1693778395190042144 187.396771 0.000000
1693778396488932499 185.293304 0.000000
1693778399492322551 309.918405 0.000000
1693778399762560333 218.243742 0.000000
1693778400093875302 186.048059 0.000000
1693778401477404546 185.390719 0.000000
1693778401698563504 185.528690 0.000000
1693778401970773723 256.956354 0.000000
1693778401970833788 218.576621 0.000000
1693778403643259129 186.068707 0.000000
1693778403934309196 185.969295 0.000000
1693778404230111432 185.063463 0.000000
1693778404341614115 186.191261 0.000000
1693778404403030517 218.217737 0.000000
1693778408376734301 186.160425 0.000000
1693778408494951808 217.887263 0.000000
1693778409071182409 186.209344 0.000000
1693778412036915672 185.953878 0.000000
1693778412191757207 185.978680 0.000000
1693778412277829689 185.817169 0.000000
1693778412369709053 185.481356 0.000000
1693778412568335335 185.431190 0.000000
1693778413076601434 218.048851 0.000000
1693778414496841531 185.725861 0.000000
1693778415644691458 186.207774 0.000000
1693778418396668513 185.811022 0.000000
1693778418787590771 186.015633 0.000000
1693778418813133173 186.186867 0.000000
1693778418885252390 186.085215 0.000000
1693778419960198575 185.655424 0.000000
1693778420828140857 218.614611 0.000000
