1694024926006730910 216.591936 0.000000
1694024926704853907 217.025038 0.000000
1694024927451603525 216.661929 0.000000
1694024927489936349 216.665122 0.000000
1694024927659710331 216.681445 0.000000
1694024929554874694 217.003480 0.000000
1694024933360070956 216.584246 0.000000
1694024933570265386 216.645104 0.000000
1694024933753267638 216.623171 0.000000
1694024934451906532 216.723685 0.000000
1694024934814143530 216.748677 0.000000
1694024936219770414 216.684860 0.000000
1694024938550713968 216.678355 0.000000
1694024939799485828 216.853207 0.000000
1694024940328925864 216.651068 0.000000
1694024940417620546 216.878571 0.000000
1694024941069836367 216.745637 0.000000
1694024942063162097 216.659906 0.000000
1694024944520416170 216.624998 0.000000
1694024944930316047 216.671351 0.000000
1694024945668857388 216.763129 0.000000
1694024947476820470 216.626863 0.000000
1694024951097110788 216.698320 0.000000
1694024951744206878 216.697669 0.000000
1694024953786997293 216.789558 0.000000
1694024955240252753 216.905287 0.000000
1694024955689848730 216.610071 0.000000
1694024956425536909 216.554854 0.000000
1694024956425571550 216.753936 0.000000
1694024956926153260 216.728245 0.000000
1694024958427628775 216.710551 0.000000
1694024958572758530 217.028607 0.000000
1694024958849525958 216.551651 0.000000
1694024958998176327 216.555485 0.000000
1694024964150253687 216.773989 0.000000
1694024964926798455 216.607147 0.000000
1694024965757933028 216.891257 0.000000
1694024966354372209 216.709712 0.000000
1694024966683074187 216.803002 0.000000
1694024966942607751 216.680718 0.000000
1694024969842953038 216.671466 0.000000
1694024970525976203 216.590989 0.000000
1694024970743388728 216.569550 0.000000
1694024972423543280 216.627095 0.000000
1694024973906797632 216.724336 0.000000
1694024978495630472 216.639776 0.000000
1694024979788172072 216.790741 0.000000
1694024979860230988 216.553826 0.000000
1694024980539107940 216.709985 0.000000
1694024982426963445 216.811400 0.000000
1694024982815369135 216.629537 0.000000
1694024986056046316 216.670158 0.000000
1694024988026266909 216.597145 0.000000
1694024989596698147 216.655124 0.000000
1694024989773803670 216.646007 0.000000
1694024992510183562 216.716467 0.000000
1694024992953775627 216.583850 0.000000
1694024993168584342 216.500384 0.000000
1694024993521916532 216.672916 0.000000
1694024994049259952 216.772699 0.000000
1694024994488018129 216.666516 0.000000
1694024995112924468 216.670741 0.000000
1694024995593532858 216.771415 0.000000
1694024995683133421 216.788045 0.000000
1694024995941248566 216.766825 0.000000
1694024996034702766 216.644210 0.000000
1694024996788918870 216.610021 0.000000
1694024999312365309 216.618602 0.000000
1694024999868715520 216.801567 0.000000
1694025001313922182 216.739628 0.000000
1694025001861804186 216.711087 0.000000
1694025001903834622 216.607762 0.000000
1694025001950594241 216.766812 0.000000
1694025003058375476 216.739463 0.000000
1694025003058418055 216.667536 0.000000
1694025004268901490 216.696413 0.000000
1694025007595877662 216.643350 0.000000
1694025008171509861 216.719688 0.000000
1694025008546127731 216.562036 0.000000
1694025008714531448 216.775674 0.000000
1694025009850940854 216.652413 0.000000
1694025010167579620 216.632732 0.000000
1694025010507282244 216.722406 0.000000
1694025010578529978 216.749413 0.000000
1694025010959126152 216.870910 0.000000
1694025011793899254 216.733070 0.000000
1694025011825677307 216.687900 0.000000
1694025011930549896 216.646263 0.000000
1694025011969360385 216.919042 0.000000
1694025013247174201 216.641341 0.000000
1694025013874123160 216.936519 0.000000
1694025016553994813 216.614510 0.000000
1694025016739072891 216.886382 0.000000
1694025016849052601 216.635640 0.000000
1694025017347679626 216.715177 0.000000
1694025021420705830 216.648941 0.000000
1694025024639840403 216.757894 0.000000
1694025024639883563 216.625146 0.000000
1694025026494978724 216.645469 0.000000
1694025026495064293 216.600004 0.000000
1694025027859281989 216.681223 0.000000
1694025029414532489 216.792391 0.000000
1694025030685622620 216.581266 0.000000
1694025030782518893 216.666154 0.000000
1694025031167163485 216.659604 0.000000
1694025031463118190 216.724911 0.000000
1694025032275945530 216.765420 0.000000
1694025032583950671 216.709961 0.000000
1694025033053275313 216.664907 0.000000
1694025033154094924 216.779803 0.000000
1694025033517248417 216.775980 0.000000
1694025034083374463 216.597184 0.000000
1694025036202408193 216.914883 0.000000
1694025036449281166 216.620023 0.000000
1694025037734913210 216.676961 0.000000
1694025039757243653 216.617517 0.000000
1694025039823494885 216.676886 0.000000
1694025039916909196 216.643949 0.000000
1694025040747835857 216.774477 0.000000
1694025040954232930 216.754000 0.000000
1694025041541757615 216.653758 0.000000
1694025042439811891 216.724572 0.000000
1694025042835154663 216.713377 0.000000
1694025043202918409 216.711587 0.000000
1694025044372443638 216.823583 0.000000
1694025045748328992 216.709137 0.000000
1694025048522119669 216.710835 0.000000
1694025048915668499 216.950902 0.000000
1694025049700007037 216.796234 0.000000
1694025051007932635 216.755079 0.000000
1694025051212415767 216.603476 0.000000
1694025051264206376 216.774794 0.000000
1694025052930613830 216.678101 0.000000
1694025053507767987 216.591505 0.000000
1694025054832430728 216.698889 0.000000
1694025056727214456 216.834791 0.000000
1694025057180702312 216.755397 0.000000
1694025057534210226 216.619722 0.000000
1694025059739714731 216.847576 0.000000
1694025059986099611 216.617872 0.000000
1694025060211824326 216.752797 0.000000
1694025060270131660 217.019015 0.000000
1694025061260551162 216.645292 0.000000
1694025061459751014 216.571496 0.000000
1694025062095572834 216.742308 0.000000
1694025062998543069 216.785494 0.000000
1694025063490325865 216.707383 0.000000
1694025063893258286 216.620071 0.000000
1694025064990873219 216.691781 0.000000
1694025065589488477 216.618792 0.000000
1694025069546483721 216.651389 0.000000
1694025069851731085 216.691808 0.000000
1694025070770812267 216.869988 0.000000
1694025071432161398 216.704007 0.000000
1694025072717732368 216.870846 0.000000
1694025074001238439 216.861108 0.000000
1694025075363645514 216.588581 0.000000
1694025077395210198 216.745301 0.000000
1694025077523235726 216.899870 0.000000
1694025079733688206 216.685803 0.000000
1694025080400119336 216.753856 0.000000
1694025080526970124 216.682225 0.000000
1694025081009951892 216.753662 0.000000
1694025082147447603 216.664821 0.000000
1694025084279392708 216.795746 0.000000
1694025084484233257 216.638921 0.000000
1694025085513187849 216.651330 0.000000
1694025085521701780 216.688402 0.000000
1694025086966490165 216.701682 0.000000
1694025088034825306 216.727674 0.000000
1694025088740986979 216.542480 0.000000
