1694024923035103966 154.967562 102.832780 102 16 0.000000
1694024924023777259 154.748273 102.157103 101 16 0.000000
1694024925042312620 157.055571 102.107404 104 16 0.000000
1694024926046110236 150.236934 108.587638 109 16 0.000000
1694024927041042870 154.086053 100.509315 100 16 0.000000
1694024928045538340 154.033867 107.516652 108 16 0.000000
1694024929041218580 147.212453 108.468577 108 16 0.000000
1694024930051438740 160.970944 97.998427 99 16 0.000000
1694024931049134125 156.022839 103.237921 103 16 0.000000
1694024932041987141 146.913729 110.791832 110 16 0.000000
1694024933047993454 153.866858 100.396995 101 16 0.000000
1694024934051873275 164.422807 98.617382 99 16 0.000000
1694024935045379424 153.587465 104.679774 104 16 0.000000
1694024936049758161 149.377077 106.533519 107 16 0.000000
1694024937054801611 161.121615 99.498183 100 16 0.000000
1694024938026347640 157.891669 101.899440 99 16 0.000000
1694024939052659026 154.941956 101.333766 104 16 0.000000
1694024940051683906 153.069577 107.104427 107 16 0.000000
1694024941051779100 157.609172 97.990677 98 16 0.000000
1694024942063162097 150.283563 109.750712 111 16 0.000000
1694024943066872084 148.290614 105.608201 106 16 0.000000
1694024944054451140 158.065801 101.257700 100 16 0.000000
1694024945052122511 146.855040 110.256772 110 16 0.000000
1694024946057474523 148.884859 109.414413 110 16 0.000000
1694024947057510621 152.142766 100.996338 101 16 0.000000
1694024948054418024 157.971391 102.316425 102 16 0.000000
1694024949061239050 157.105120 103.295419 104 16 0.000000
1694024950053098688 151.622205 106.869964 106 16 0.000000
1694024951057413952 154.128145 101.561726 102 16 0.000000
1694024952057680417 154.280494 102.972564 103 16 0.000000
1694024953069045478 156.249278 102.831315 104 16 0.000000
1694024954060251935 149.189987 108.958132 108 16 0.000000
1694024955072399449 151.858602 105.715813 107 16 0.000000
1694024956071930946 155.550229 101.047346 101 16 0.000000
1694024957043485060 157.491640 102.927868 100 16 0.000000
1694024958074710364 162.169458 100.850917 104 16 0.000000
1694024959074717028 149.876413 102.999292 103 16 0.000000
1694024960086054262 156.243675 102.834159 104 16 0.000000
1694024961088344917 145.877587 108.750887 109 16 0.000000
1694024962078437894 149.082373 110.090663 109 16 0.000000
1694024963089805297 151.182843 102.831082 104 16 0.000000
1694024964091717565 152.697446 106.795776 107 16 0.000000
1694024965092980060 152.565704 102.870136 103 16 0.000000
1694024966093730355 148.950254 106.919765 107 16 0.000000
1694024967084489881 157.892053 102.951321 102 16 0.000000
1694024968096180651 160.717933 98.844432 100 16 0.000000
1694024969096274384 154.779735 104.990158 105 16 0.000000
1694024970087357226 162.306911 96.863748 96 16 0.000000
1694024971096530388 155.523954 104.045572 105 16 0.000000
1694024972066194711 146.374169 108.284891 105 16 0.000000
1694024973090566393 159.029485 100.549455 103 16 0.000000
1694024974101709011 152.861800 104.831906 106 16 0.000000
1694024975099801550 152.221752 105.200649 105 16 0.000000
1694024976092696790 149.368641 107.765650 107 16 0.000000
1694024977104557991 152.649433 105.745744 107 16 0.000000
1694024978102439628 153.680804 104.220770 104 16 0.000000
1694024979095294899 158.988549 98.705214 98 16 0.000000
1694024980106343875 156.833962 101.874393 103 16 0.000000
1694024981097636085 158.833951 102.895992 102 16 0.000000
1694024982098023144 154.122863 101.960539 102 16 0.000000
1694024983109766372 153.616343 102.792897 104 16 0.000000
1694024984105043813 152.474884 106.502950 106 15 0.000000
1694024985100184642 156.901725 103.502938 103 16 0.000000
1694024986112630241 153.032853 101.733861 103 16 0.000000
1694024987102819479 148.005772 109.070075 108 16 0.000000
1694024988103931294 158.343073 103.884501 104 16 0.000000
1694024989086978969 156.118961 100.707214 99 16 0.000000
1694024990112239705 160.660132 97.536158 100 16 0.000000
1694024991117418711 152.293488 108.438414 109 16 0.000000
1694024992117647208 149.160902 102.976453 103 16 0.000000
1694024993125779785 156.612082 101.177170 102 16 0.000000
1694024994120204073 153.807900 107.599946 107 16 0.000000
1694024995112924468 154.678400 101.740631 101 16 0.000000
1694024996118917431 157.797718 103.380443 104 16 0.000000
1694024997122920405 161.689981 97.609275 98 16 0.000000
1694024998112180500 152.219399 106.139944 105 16 0.000000
1694024999125501273 153.065949 103.619698 105 16 0.000000
1694025000115856009 154.471086 105.012890 104 16 0.000000
1694025001115742309 144.779140 111.012622 111 16 0.000000
1694025002135523716 150.313559 105.905049 108 16 0.000000
1694025003129719899 155.092588 103.601266 103 16 0.000000
1694025004118669934 140.830868 112.240265 111 16 0.000000
1694025005131184013 155.116868 103.702264 105 16 0.000000
1694025006123179610 149.956220 106.855314 106 16 0.000000
1694025007122035872 155.169182 103.117936 103 16 0.000000
1694025008131653137 155.553175 102.018827 103 16 0.000000
1694025009142139126 154.811742 102.920792 104 16 0.000000
1694025010124276018 152.593948 106.909751 105 16 0.000000
1694025011138948891 158.262929 100.524999 102 16 0.000000
1694025012146908352 152.686871 103.178761 104 16 0.000000
1694025013139056670 151.627899 106.838854 106 16 0.000000
1694025014141254577 150.129449 106.765356 107 16 0.000000
1694025015149415834 148.545139 106.133799 107 16 0.000000
1694025016141752719 145.795315 106.818561 106 16 0.000000
1694025017140909981 155.653976 108.091104 108 16 0.000000
1694025018152875977 157.094151 100.793910 102 16 0.000000
1694025019156752784 151.032782 106.586775 107 16 0.000000
1694025020145908699 151.152602 105.140139 104 16 0.000000
1694025021155864609 154.985807 100.994521 102 16 0.000000
1694025022159493621 151.769774 104.620332 105 16 0.000000
1694025023148836604 157.551412 103.098712 102 16 0.000000
1694025024158198205 145.874472 110.961242 112 16 0.000000
1694025025162747338 154.892926 101.538074 102 16 0.000000
1694025026150808746 150.446057 109.304961 108 16 0.000000
1694025027156836547 157.960802 98.406819 99 16 0.000000
1694025028166163623 154.936171 103.038954 104 16 0.000000
1694025029154185111 154.752053 106.272991 105 16 0.000000
1694025030159737054 154.493564 101.436816 102 16 0.000000
1694025031167163485 155.055843 104.225986 105 16 0.000000
1694025032155937369 155.168993 102.146697 101 16 0.000000
1694025033167522579 153.579671 106.763128 108 16 0.000000
1694025034171779776 147.111152 104.554891 105 16 0.000000
1694025035173353609 155.399150 103.836590 104 16 0.000000
1694025036170204500 154.531062 104.328526 104 16 0.000000
1694025037176413166 149.867183 105.345943 106 16 0.000000
1694025038176463025 154.923513 103.994819 104 16 0.000000
1694025039170428568 151.634189 106.643530 106 16 0.000000
1694025040181919570 157.022936 100.841229 102 16 0.000000
1694025041163405760 151.559389 107.999506 106 16 0.000000
1694025042160495664 158.300638 99.288938 99 16 0.000000
1694025043187455080 150.501852 102.243560 105 16 0.000000
1694025044174513824 151.297532 111.442218 110 16 0.000000
1694025045168358968 149.598115 103.637860 103 16 0.000000
1694025046190228132 156.000713 102.752894 105 16 0.000000
1694025047186185451 156.247689 104.422131 104 16 0.000000
1694025048170730208 150.792288 107.663989 106 16 0.000000
1694025049193489590 147.393949 106.574433 109 16 0.000000
1694025050180936680 154.463283 103.296669 102 16 0.000000
1694025051184525115 155.536917 102.631701 103 16 0.000000
1694025052195347073 146.854818 108.822347 110 16 0.000000
1694025053183985205 155.593587 104.183704 103 16 0.000000
1694025054187826399 151.186616 105.594410 106 16 0.000000
1694025055198467550 159.518957 99.936557 101 16 0.000000
1694025056198944544 158.035594 99.952321 100 16 0.000000
1694025057190871117 153.196091 106.862736 106 16 0.000000
1694025058198424283 139.116821 111.160394 112 16 0.000000
1694025059188842247 144.801661 112.073888 111 16 0.000000
1694025060194020007 153.003153 104.459152 105 16 0.000000
1694025061191973828 158.883335 100.205023 100 16 0.000000
1694025062192220944 161.617196 97.975789 98 16 0.000000
1694025063196714414 156.614389 103.534783 104 16 0.000000
1694025064206401625 154.034747 104.982994 106 16 0.000000
1694025065207687741 150.358933 105.863855 106 16 0.000000
1694025066200305084 154.924919 104.773500 104 16 0.000000
1694025067209709304 154.319402 102.040404 103 16 0.000000
1694025068211826009 146.371784 107.771850 108 16 0.000000
1694025069211255678 156.060313 103.058796 103 16 0.000000
1694025070204787723 154.662608 105.683549 105 16 0.000000
1694025071215441628 157.593588 98.945854 100 16 0.000000
1694025072214280500 153.676398 106.123225 106 16 0.000000
1694025073203567696 159.753814 98.050391 97 16 0.000000
1694025074218819541 154.120748 106.377545 108 16 0.000000
1694025075210927887 140.694030 113.898845 113 16 0.000000
1694025076208592861 154.073879 104.243421 104 16 0.000000
1694025077228744899 157.732068 100.965324 103 16 0.000000
1694025078220927703 147.386638 106.835153 106 16 0.000000
1694025079211678982 149.652013 109.008185 108 16 0.000000
1694025080232123123 155.768440 101.916426 104 16 0.000000
1694025081233282005 153.793819 102.880771 103 16 0.000000
1694025082234893798 148.625474 108.824585 109 16 0.000000
1694025083235375385 150.813498 105.948973 106 16 0.000000
1694025084236045858 154.963933 101.931674 102 16 0.000000
1694025085238704037 154.471431 103.724280 104 16 0.000000
1694025086238611635 149.561449 108.009978 108 16 0.000000
1694025087239283411 152.605910 104.929513 105 16 0.000000
1694025088213632906 154.951192 102.632579 100 16 0.000000
1694025089241825904 149.156021 107.956367 111 16 0.000000
1694025090242133674 150.474855 107.966774 108 16 0.000000
1694025091214013128 157.023715 101.864500 99 16 0.000000
