1694354816940724374 241.996891 0.000000
1694354816940799211 203.616508 0.000000
1694354816940816150 204.618995 0.000000
1694354816940833133 204.603347 0.000000
1694354816940850578 205.027619 0.000000
1694354816940868806 205.121287 0.000000
1694354816940886491 205.404976 0.000000
1694354816984693623 233.310382 0.000000
1694354817047477777 274.754976 0.000000
1694354817053816231 274.573432 0.000000
1694354817066390925 190.759251 0.000000
1694354817081468487 184.744742 0.000000
1694354817160798755 184.824259 0.000000
1694354817253805202 184.815041 0.000000
1694354817814388520 185.304304 0.000000
1694354817818834290 185.213622 0.000000
1694354817821511969 185.125053 0.000000
1694354817824600296 184.931355 0.000000
1694354817825355014 184.743308 0.000000
1694354817826443436 185.597458 0.000000
1694354817827218221 185.204517 0.000000
1694354818010748218 185.388168 0.000000
1694354818524986537 184.772186 0.000000
1694354818528549524 185.815072 0.000000
1694354818529379032 184.927528 0.000000
1694354818532597125 184.775074 0.000000
1694354818536649187 184.784000 0.000000
1694354818536868333 184.614795 0.000000
1694354819305038662 184.943200 0.000000
1694354819306740332 185.044010 0.000000
1694354819307842821 184.860738 0.000000
1694354819316657123 184.954350 0.000000
1694354819317210462 185.155279 0.000000
1694354819317643602 184.943620 0.000000
1694354819318799355 185.169532 0.000000
1694354819490157886 185.110199 0.000000
1694354819502491370 185.276231 0.000000
1694354819503654480 184.850619 0.000000
1694354820241405461 184.961024 0.000000
1694354820242173165 185.566585 0.000000
1694354820242247022 185.483522 0.000000
1694354820242971375 185.749697 0.000000
1694354820245658501 185.045581 0.000000
1694354820245913630 185.206867 0.000000
1694354820248908694 184.735690 0.000000
1694354820249870430 185.380180 0.000000
1694354820249907877 185.263394 0.000000
1694354820249940017 185.433275 0.000000
1694354820252651581 185.080418 0.000000
1694354820253544662 184.788031 0.000000
1694354820254506713 184.937489 0.000000
1694354820254527371 185.318833 0.000000
1694354820254582610 184.681272 0.000000
1694354820255299651 185.057008 0.000000
1694354820426312048 184.901715 0.000000
1694354820427219417 185.041091 0.000000
1694354820434963290 185.050301 0.000000
1694354821021141517 185.599311 0.000000
1694354821021479580 185.251520 0.000000
1694354821021669422 184.765818 0.000000
1694354821023908053 185.003292 0.000000
1694354821026588770 184.782312 0.000000
1694354821029421921 185.185783 0.000000
1694354821035243757 184.758727 0.000000
1694354821036417326 184.867832 0.000000
1694354821036534063 184.716479 0.000000
1694354821205960257 184.813783 0.000000
1694354821681211757 184.823937 0.000000
1694354821681658238 184.848093 0.000000
1694354821686263253 185.269424 0.000000
1694354821686805501 184.883656 0.000000
1694354821696043726 184.746020 0.000000
1694354821698118075 184.758078 0.000000
1694354821698190007 184.854352 0.000000
1694354821879437827 184.788825 0.000000
1694354822442163942 185.543330 0.000000
1694354822443007297 184.570198 0.000000
1694354822449228177 185.121432 0.000000
1694354822453737112 184.954979 0.000000
1694354822540050753 185.003026 0.000000
1694354823105407367 184.647369 0.000000
1694354823105925209 185.132179 0.000000
1694354823107532630 185.097187 0.000000
1694354823111159475 184.839462 0.000000
1694354823113774769 185.759866 0.000000
1694354823113842166 185.488253 0.000000
1694354823114602237 185.374644 0.000000
1694354823114920549 185.555751 0.000000
1694354823122126941 185.287446 0.000000
1694354823122180821 185.305860 0.000000
1694354823802656878 184.874605 0.000000
1694354823806928396 184.697361 0.000000
1694354823811378981 185.204553 0.000000
1694354823813248467 186.806590 0.000000
1694354823813317352 185.145009 0.000000
1694354823813817538 184.910167 0.000000
1694354823815055883 185.338295 0.000000
1694354823815256566 185.235991 0.000000
1694354823816692582 185.010551 0.000000
1694354823998109965 184.856377 0.000000
1694354823998614441 184.791886 0.000000
1694354824504076522 185.173438 0.000000
1694354824510147212 185.207577 0.000000
1694354824515020492 184.813479 0.000000
1694354824517278939 185.279199 0.000000
1694354824598229540 184.815419 0.000000
1694354824603854331 184.747144 0.000000
1694354825200062745 184.845430 0.000000
1694354825206211872 184.894740 0.000000
1694354825206801171 184.979382 0.000000
1694354825211162713 184.782018 0.000000
1694354825887177303 185.203313 0.000000
1694354825887837606 184.897705 0.000000
1694354825887838874 185.131279 0.000000
1694354825889058351 185.370327 0.000000
1694354825890413308 184.634969 0.000000
1694354825894524953 185.120340 0.000000
1694354825895387804 185.098133 0.000000
1694354825898509813 184.789049 0.000000
1694354825899383900 185.101271 0.000000
1694354826079469023 184.933771 0.000000
1694354826725486221 184.865545 0.000000
1694354826726660357 184.939422 0.000000
1694354826728716146 184.969202 0.000000
1694354826729306121 184.863344 0.000000
1694354826733474985 185.178980 0.000000
1694354826735943737 184.680915 0.000000
1694354826738302287 184.813819 0.000000
1694354826739033315 184.610170 0.000000
1694354827422363888 185.050823 0.000000
1694354827423492658 184.753245 0.000000
1694354827425468487 184.909089 0.000000
1694354827428208791 184.961907 0.000000
1694354827428499363 184.772430 0.000000
1694354827431683732 185.478084 0.000000
1694354827432483656 185.013747 0.000000
1694354827435482819 185.067643 0.000000
1694354827436086366 184.694824 0.000000
1694354827515136305 184.953672 0.000000
1694354828127948144 184.688964 0.000000
1694354828128146240 184.527974 0.000000
1694354828129463910 185.023193 0.000000
1694354828142378240 185.395785 0.000000
1694354828143517469 184.695721 0.000000
1694354828254834769 184.852894 0.000000
1694354828904373805 184.937777 0.000000
1694354828905174706 184.840260 0.000000
1694354828908338487 184.941196 0.000000
1694354828912968220 185.721399 0.000000
1694354828914669769 184.848725 0.000000
1694354828916198476 184.830027 0.000000
1694354828917890748 185.061967 0.000000
1694354828918389395 185.512071 0.000000
1694354828918495242 184.941636 0.000000
1694354828918557612 184.547788 0.000000
1694354829720274709 184.685302 0.000000
1694354829720998285 184.919131 0.000000
1694354829724830098 184.630274 0.000000
1694354829727159361 184.765264 0.000000
1694354829727767227 184.769198 0.000000
1694354829727802840 185.074689 0.000000
1694354829731070734 185.078824 0.000000
1694354829731864478 184.805131 0.000000
1694354829732775846 184.751828 0.000000
1694354829732851843 184.588316 0.000000
1694354829733180925 184.597503 0.000000
1694354829909581368 184.747732 0.000000
1694354830434976077 184.971465 0.000000
1694354830437188352 186.156120 0.000000
1694354830437667403 186.503654 0.000000
1694354830437807805 184.753000 0.000000
1694354830438813839 185.278049 0.000000
1694354830439527266 185.056599 0.000000
1694354830444736344 184.687374 0.000000
1694354830445262349 185.067219 0.000000
1694354830446368797 184.794714 0.000000
1694354830536515733 184.804818 0.000000
1694354831260057034 184.761919 0.000000
1694354831260902519 185.034530 0.000000
1694354831265011623 184.992357 0.000000
1694354831265115600 185.546222 0.000000
1694354831265217156 184.902347 0.000000
1694354831272777973 184.843740 0.000000
1694354831965350833 184.876041 0.000000
1694354831973185582 184.791544 0.000000
1694354831973984709 184.842808 0.000000
1694354831974855834 184.842803 0.000000
1694354831975582316 184.898568 0.000000
1694354831981106838 185.117663 0.000000
1694354832070119910 184.994269 0.000000
1694354832730233869 185.164263 0.000000
1694354832733461158 184.861402 0.000000
1694354832734259493 184.825249 0.000000
1694354832736092559 184.862035 0.000000
1694354832736749134 185.100290 0.000000
1694354832736829191 184.859168 0.000000
1694354832738140682 185.185819 0.000000
1694354832738475807 185.486420 0.000000
1694354832739321433 185.096927 0.000000
1694354832741880705 185.209815 0.000000
1694354832744001973 184.707931 0.000000
1694354833394293201 185.460167 0.000000
1694354833396385130 184.631446 0.000000
1694354833396451550 184.845248 0.000000
1694354833404304336 184.991118 0.000000
1694354833405099504 184.904131 0.000000
1694354833589354987 185.014452 0.000000
1694354833794777985 184.879618 0.000000
1694354833815294456 185.067295 0.000000
1694354833815910852 185.498675 0.000000
1694354833818006830 184.981005 0.000000
1694354833822464366 185.219771 0.000000
1694354833825022671 184.682925 0.000000
1694354833826359786 185.419296 0.000000
1694354833826803716 185.642250 0.000000
1694354833827442444 185.838161 0.000000
1694354833827552195 185.540513 0.000000
1694354833829970499 184.666141 0.000000
1694354834000915997 184.997979 0.000000
1694354834003191339 185.175918 0.000000
1694354834012523827 185.076297 0.000000
1694354834100027735 184.921659 0.000000
1694354834498739388 184.542350 0.000000
1694354834502907343 185.340093 0.000000
1694354834502975497 186.520754 0.000000
1694354834507812878 184.903541 0.000000
1694354834508822054 184.790548 0.000000
1694354834509781103 184.681158 0.000000
1694354834510059727 184.914898 0.000000
1694354834595063505 185.443966 0.000000
1694354835255626265 184.944125 0.000000
1694354835261745788 184.976996 0.000000
1694354835267885427 184.685001 0.000000
1694354835268392850 184.709879 0.000000
1694354835269284642 184.672913 0.000000
1694354835354944623 184.777761 0.000000
1694354835363372218 185.590736 0.000000
1694354835934869178 185.396514 0.000000
1694354835939302177 185.332424 0.000000
1694354835940099479 185.236060 0.000000
1694354835940169242 185.140798 0.000000
1694354835940334452 184.754327 0.000000
1694354835941194135 185.379579 0.000000
1694354835941246306 185.217302 0.000000
1694354835941455865 185.413829 0.000000
1694354835942009655 185.376296 0.000000
1694354836125721961 185.617339 0.000000
1694354836798618719 184.725035 0.000000
1694354836800408418 184.708106 0.000000
1694354836802796462 185.254324 0.000000
1694354836807038871 184.805227 0.000000
1694354836810312017 185.036431 0.000000
1694354836813907254 185.425317 0.000000
1694354836814439880 185.838715 0.000000
1694354836815586556 184.885800 0.000000
1694354837234173439 184.940725 0.000000
1694354837236566990 184.913507 0.000000
1694354837237108572 185.105915 0.000000
1694354837238763984 184.619742 0.000000
1694354837239315614 184.791508 0.000000
1694354837327952578 185.062489 0.000000
1694354837329908054 184.660503 0.000000
1694354837706616184 185.013394 0.000000
1694354837706715009 184.950142 0.000000
1694354837710518225 184.887872 0.000000
1694354837711274928 184.966315 0.000000
1694354837716184957 184.900987 0.000000
1694354837716619339 184.982502 0.000000
1694354837717916591 185.313799 0.000000
1694354837720732723 185.335585 0.000000
1694354837720833948 185.344551 0.000000
1694354837721000812 185.122182 0.000000
1694354837721840308 185.503205 0.000000
1694354838133066041 184.992324 0.000000
1694354838133179420 184.710572 0.000000
1694354838134388121 184.827931 0.000000
1694354838137124171 185.479368 0.000000
1694354838137948933 185.457748 0.000000
1694354838138981924 184.916302 0.000000
1694354838143071587 185.133476 0.000000
1694354838145276750 184.701932 0.000000
1694354838146126635 185.300286 0.000000
1694354838146629416 185.385358 0.000000
1694354838146694157 184.984770 0.000000
1694354838331617730 184.983262 0.000000
1694354838954598689 185.173446 0.000000
1694354838954850640 184.911480 0.000000
1694354838957733827 184.739053 0.000000
1694354838960529380 185.107501 0.000000
1694354838961155048 185.491230 0.000000
1694354838961998609 185.425262 0.000000
1694354838962717889 185.033494 0.000000
1694354838965562682 184.847416 0.000000
1694354839054341379 185.276535 0.000000
1694354839792166823 184.891360 0.000000
1694354839792274554 184.960742 0.000000
1694354839796556765 184.831922 0.000000
1694354839797323527 185.071780 0.000000
1694354839798285643 184.768588 0.000000
1694354839798850304 185.255202 0.000000
1694354839800277394 184.753984 0.000000
1694354839803863579 185.345943 0.000000
1694354839805143426 185.086013 0.000000
1694354839809816342 185.798127 0.000000
1694354839891163911 184.991132 0.000000
1694354840563611861 185.884987 0.000000
1694354840565639761 185.170813 0.000000
1694354840567909313 185.312885 0.000000
1694354840573186643 186.175168 0.000000
1694354840574477887 184.876407 0.000000
1694354840574722361 185.161171 0.000000
1694354840576680809 185.011628 0.000000
1694354840577645352 184.806836 0.000000
1694354840578084379 184.954495 0.000000
1694354841333713555 185.104201 0.000000
1694354841337314123 185.981409 0.000000
1694354841337409811 185.142735 0.000000
1694354841338827178 185.106164 0.000000
1694354841340678752 184.713795 0.000000
1694354841341586041 184.947991 0.000000
1694354841342976701 185.671431 0.000000
1694354841343108964 185.492830 0.000000
1694354841350446143 184.704013 0.000000
1694354841352229007 184.938379 0.000000
1694354841352291808 185.462831 0.000000
1694354841353162902 185.198135 0.000000
1694354841522126639 184.712322 0.000000
1694354841525665488 184.982060 0.000000
1694354841707183352 185.052609 0.000000
1694354842027490383 184.668635 0.000000
1694354842029136809 184.770453 0.000000
1694354842031200076 185.257122 0.000000
1694354842031329423 184.993392 0.000000
1694354842032144010 184.522240 0.000000
1694354842036046487 184.684236 0.000000
1694354842037814902 184.703962 0.000000
1694354842038351613 184.744492 0.000000
1694354842039468023 185.232458 0.000000
1694354842039483570 184.835243 0.000000
1694354842132173073 184.651783 0.000000
1694354842216330884 184.997923 0.000000
1694354842845199922 185.042227 0.000000
1694354842848697972 184.896864 0.000000
1694354842849357684 185.185602 0.000000
1694354842856509315 185.587909 0.000000
1694354842858008488 184.977758 0.000000
1694354842859295125 184.654670 0.000000
1694354842859548455 184.847825 0.000000
1694354843594183025 185.108651 0.000000
1694354843594713797 185.453518 0.000000
1694354843596628051 185.468955 0.000000
1694354843596694757 185.187113 0.000000
1694354843600369322 185.530943 0.000000
1694354843600980947 185.988259 0.000000
1694354843601181710 186.005880 0.000000
1694354843602128164 184.934664 0.000000
1694354843602185854 185.583315 0.000000
1694354843605694148 184.949449 0.000000
1694354843605897466 184.669276 0.000000
1694354843606994317 184.683890 0.000000
1694354843607508339 184.701652 0.000000
1694354843697831654 184.946332 0.000000
1694354844249031373 184.946870 0.000000
1694354844252490983 185.495874 0.000000
1694354844252590790 185.501217 0.000000
1694354844252802714 184.970992 0.000000
1694354844253595546 184.802876 0.000000
1694354844256131073 185.098720 0.000000
1694354844257361635 185.606527 0.000000
1694354844259970919 184.993544 0.000000
1694354844260385625 184.819944 0.000000
1694354844437557748 185.061123 0.000000
1694354844460538913 184.730387 0.000000
1694354845083747334 185.019934 0.000000
1694354845086082455 185.722686 0.000000
1694354845086439797 184.738083 0.000000
1694354845087253187 185.450512 0.000000
1694354845093105281 185.057702 0.000000
1694354845094086231 185.088941 0.000000
1694354845094143625 185.345193 0.000000
1694354845185545991 184.933075 0.000000
1694354845272071596 184.812826 0.000000
1694354845491512913 185.141132 0.000000
1694354845822688525 184.829334 0.000000
1694354845827721786 185.020685 0.000000
1694354845829238500 184.970362 0.000000
1694354845829293373 184.828332 0.000000
1694354845832995588 185.070170 0.000000
1694354845834434961 184.919613 0.000000
1694354845838014184 184.818990 0.000000
1694354845838241865 185.078424 0.000000
1694354845840044580 184.941335 0.000000
1694354845840655939 184.613441 0.000000
1694354845841416371 185.053120 0.000000
1694354845930601952 184.894200 0.000000
1694354846533536954 184.880767 0.000000
1694354846537116889 184.920539 0.000000
1694354846538956004 185.063521 0.000000
1694354846539035684 185.197819 0.000000
1694354846541062611 185.196156 0.000000
1694354846543826130 185.150995 0.000000
1694354846544642797 184.933564 0.000000
1694354846545731840 184.907619 0.000000
1694354846723934272 184.893681 0.000000
1694354847226003207 184.739018 0.000000
1694354847227941392 184.802425 0.000000
1694354847231567720 185.063704 0.000000
1694354847236928544 185.005809 0.000000
1694354847238612843 184.880071 0.000000
1694354847239857417 185.300816 0.000000
1694354847424786834 184.924260 0.000000
1694354847609703412 184.911611 0.000000
1694354847922932086 184.910835 0.000000
1694354847924826213 184.839062 0.000000
1694354847927945881 185.385835 0.000000
1694354847929804035 185.440026 0.000000
1694354847932227941 185.249262 0.000000
1694354847932412441 185.499605 0.000000
1694354847934934061 185.254178 0.000000
1694354847935004605 185.288849 0.000000
1694354847935919065 184.862281 0.000000
1694354847936406596 185.399386 0.000000
1694354847936788346 185.694905 0.000000
1694354847938727834 184.743629 0.000000
1694354848688271388 185.346437 0.000000
1694354848688340670 185.719937 0.000000
1694354848697466029 186.012660 0.000000
1694354848698662817 185.207364 0.000000
1694354848700511694 184.784554 0.000000
1694354849383830610 184.755366 0.000000
1694354849385069075 185.255415 0.000000
1694354849387336001 185.075566 0.000000
1694354849388445476 184.692153 0.000000
1694354849398564123 185.134173 0.000000
1694354850146456774 184.765198 0.000000
1694354850147403354 184.966843 0.000000
1694354850147740389 185.116381 0.000000
1694354850151630898 185.575856 0.000000
1694354850153183114 185.172511 0.000000
1694354850160021490 185.302845 0.000000
1694354850160396965 185.007888 0.000000
1694354850161073566 185.470265 0.000000
1694354850563834862 185.326860 0.000000
1694354850912003294 184.800227 0.000000
1694354850916484644 185.167532 0.000000
1694354850919827317 185.063089 0.000000
1694354850920752762 185.447505 0.000000
1694354850923925794 184.637482 0.000000
1694354850924624096 184.821962 0.000000
1694354851011445356 184.894689 0.000000
1694354851014367614 184.598003 0.000000
1694354851018824116 184.649503 0.000000
1694354851199409196 185.000352 0.000000
1694354851710903544 184.772242 0.000000
1694354851714622383 184.850924 0.000000
1694354851715164215 185.145505 0.000000
1694354851721033979 184.779122 0.000000
1694354851723552196 185.061560 0.000000
1694354851724029959 185.006883 0.000000
1694354851794801912 184.713950 0.000000
1694354852388850868 184.799917 0.000000
1694354852390689561 185.250808 0.000000
1694354852390798450 185.433172 0.000000
1694354852392562459 185.696486 0.000000
1694354852396493392 185.046571 0.000000
1694354852398110665 184.843067 0.000000
1694354852400485653 185.624488 0.000000
1694354852400711003 185.121566 0.000000
1694354852573571063 184.714598 0.000000
1694354852585378284 184.883374 0.000000
1694354853154055541 184.817341 0.000000
1694354853159125351 184.900149 0.000000
1694354853830247605 184.798165 0.000000
1694354853832139237 185.407460 0.000000
1694354853832360723 185.524693 0.000000
1694354853832889580 184.593203 0.000000
1694354853835960589 184.747216 0.000000
1694354853836027781 185.651944 0.000000
1694354854020888126 184.883900 0.000000
1694354854206011168 185.115560 0.000000
1694354854240789067 185.422597 0.000000
1694354854582157422 185.038562 0.000000
1694354854582285966 184.649486 0.000000
1694354854590176388 188.051501 0.000000
1694354854592274235 184.982952 0.000000
1694354854595067527 185.246086 0.000000
1694354854682167855 187.169788 0.000000
1694354855269054650 185.277265 0.000000
1694354855337755878 185.639911 0.000000
1694354855337757903 185.223000 0.000000
1694354855339562838 185.843706 0.000000
1694354855341070254 186.228277 0.000000
1694354855342175259 185.151924 0.000000
1694354855342188895 185.763078 0.000000
1694354855343121914 185.636177 0.000000
1694354855345136056 184.749703 0.000000
1694354855345445823 184.988995 0.000000
1694354855345690969 184.900779 0.000000
1694354855347122369 184.698488 0.000000
1694354855348623005 185.098180 0.000000
1694354855453746071 184.686750 0.000000
1694354856060345904 184.717902 0.000000
1694354856061596773 185.100082 0.000000
1694354856063067489 184.919867 0.000000
1694354856066452194 185.210799 0.000000
1694354856068858399 185.409608 0.000000
1694354856069368463 184.932882 0.000000
1694354856069661961 184.638436 0.000000
1694354856071014963 185.632521 0.000000
1694354856072346359 185.848359 0.000000
1694354856072463848 185.436671 0.000000
1694354856073454576 186.344124 0.000000
1694354856073488094 186.049973 0.000000
1694354856253825058 184.961643 0.000000
1694354856999887295 184.975350 0.000000
1694354857002427628 186.306877 0.000000
1694354857003934759 184.868776 0.000000
1694354857005093558 185.647761 0.000000
1694354857006622370 184.745584 0.000000
1694354857007746098 184.955563 0.000000
1694354857008919707 184.912659 0.000000
1694354857009384430 185.049924 0.000000
1694354857009487024 184.863419 0.000000
1694354857010202240 184.666836 0.000000
1694354857010218262 184.738904 0.000000
1694354857010342938 184.754275 0.000000
1694354857476931822 185.187414 0.000000
1694354857485680838 185.383629 0.000000
1694354857486840820 185.470461 0.000000
1694354857487288308 185.275919 0.000000
1694354857489176481 185.309987 0.000000
1694354857490582722 185.114451 0.000000
1694354857492737552 186.249626 0.000000
1694354857492797862 186.695315 0.000000
1694354857582103906 184.607025 0.000000
1694354857684426897 185.161863 0.000000
1694354858438917227 185.188285 0.000000
1694354858441416059 184.927252 0.000000
1694354858441875614 185.118323 0.000000
1694354859223925581 184.891561 0.000000
1694354859224001102 184.884299 0.000000
1694354859224830720 185.059874 0.000000
1694354859225510348 184.650966 0.000000
1694354859229659353 185.152720 0.000000
1694354859235734445 184.890580 0.000000
1694354859237400070 184.643841 0.000000
1694354859927542100 185.302675 0.000000
1694354859928223793 184.993886 0.000000
1694354859928322643 185.098655 0.000000
1694354859929151414 184.826596 0.000000
1694354859935276622 186.823328 0.000000
1694354859935472744 185.320462 0.000000
1694354859937741139 184.785490 0.000000
1694354859940320262 184.733168 0.000000
1694354860027021087 186.206569 0.000000
1694354860212310958 185.285522 0.000000
1694354860674644240 185.243447 0.000000
1694354860679154521 184.733801 0.000000
1694354860682834920 184.812067 0.000000
1694354860691180180 185.221065 0.000000
1694354861446692656 184.900597 0.000000
1694354861450609696 185.118715 0.000000
1694354861451495249 184.917753 0.000000
1694354861458326943 184.551816 0.000000
1694354861459401742 185.318312 0.000000
1694354861460684511 185.415248 0.000000
1694354861540899786 184.602475 0.000000
1694354861553091812 184.876468 0.000000
1694354862148612352 185.043774 0.000000
1694354862148791008 185.181802 0.000000
1694354862149327167 185.297251 0.000000
1694354862150210309 185.562062 0.000000
1694354862151071766 186.515168 0.000000
1694354862151169664 185.541333 0.000000
1694354862158762802 184.655220 0.000000
1694354862162147406 185.242067 0.000000
1694354862612885377 185.246516 0.000000
1694354862860959763 184.863940 0.000000
1694354862864385062 184.953148 0.000000
1694354862876845413 185.012967 0.000000
1694354862969204385 184.825349 0.000000
1694354863368840867 184.792788 0.000000
1694354863369755603 185.031539 0.000000
1694354863371737394 184.935415 0.000000
1694354863381082333 185.097596 0.000000
1694354863381265334 185.106632 0.000000
1694354863382727475 184.959044 0.000000
1694354863848199767 184.913466 0.000000
1694354863852131485 185.023232 0.000000
1694354863853081559 184.720472 0.000000
1694354863854256345 184.842436 0.000000
1694354863854671978 185.046021 0.000000
1694354863856388618 184.615884 0.000000
1694354863940485503 184.705851 0.000000
1694354864058204157 184.857622 0.000000
1694354864129015347 184.621441 0.000000
1694354864397523142 185.061106 0.000000
1694354864586472789 184.863068 0.000000
1694354864589182270 185.121143 0.000000
1694354864592392423 185.052049 0.000000
1694354864595190441 184.900080 0.000000
1694354864596628185 184.918297 0.000000
1694354864599105381 185.101227 0.000000
1694354864604427253 185.245934 0.000000
1694354864606764692 184.659794 0.000000
1694354865354354851 184.814045 0.000000
1694354865358186166 184.708114 0.000000
1694354865359871156 184.706259 0.000000
1694354865363808918 185.220037 0.000000
1694354865459395871 185.323908 0.000000
1694354865640669311 184.855430 0.000000
1694354866010110754 185.314050 0.000000
1694354866019281772 185.176906 0.000000
1694354866021875799 184.947823 0.000000
1694354866022731112 184.625061 0.000000
1694354866025180898 185.184269 0.000000
1694354866025207390 185.153637 0.000000
1694354866705782696 184.709067 0.000000
1694354866709166745 185.154125 0.000000
1694354866709320944 185.094511 0.000000
1694354866709845250 184.676302 0.000000
1694354866714059732 185.141020 0.000000
1694354866714987559 185.154255 0.000000
1694354867397462035 185.358674 0.000000
1694354867404691235 184.848926 0.000000
1694354867405522276 184.796384 0.000000
1694354868083095197 184.863578 0.000000
1694354868083221085 184.939536 0.000000
1694354868085755765 185.009799 0.000000
1694354868089741950 185.062466 0.000000
1694354868090129132 185.312895 0.000000
1694354868094223625 184.881365 0.000000
1694354868096698645 184.879630 0.000000
1694354868097724991 184.681374 0.000000
1694354868101886384 184.738592 0.000000
1694354868181940300 184.801644 0.000000
1694354868185189775 184.962057 0.000000
1694354868192661975 184.639561 0.000000
1694354868772288174 185.019202 0.000000
1694354868772362583 184.754014 0.000000
1694354868773752370 184.686612 0.000000
1694354868777535492 184.906760 0.000000
1694354868777720213 185.077312 0.000000
1694354868781361991 185.205030 0.000000
1694354868781561120 184.980872 0.000000
1694354868785540830 185.117716 0.000000
1694354868786591357 185.436589 0.000000
1694354868787611629 185.659799 0.000000
1694354868787631054 185.463221 0.000000
1694354868787968124 184.735115 0.000000
1694354868870487644 184.965746 0.000000
1694354869534383527 184.797697 0.000000
1694354869535338306 184.805560 0.000000
1694354869545181925 184.996153 0.000000
1694354869546121404 185.288975 0.000000
1694354869546284083 184.865058 0.000000
1694354869546415739 184.867719 0.000000
1694354869546946656 185.204533 0.000000
1694354869547018879 185.395188 0.000000
1694354869548786587 184.787161 0.000000
1694354869642328381 184.880978 0.000000
1694354869719175586 184.787218 0.000000
1694354870306615895 184.737596 0.000000
1694354870307056126 184.982938 0.000000
1694354870307134233 184.649356 0.000000
1694354870309315749 184.818334 0.000000
1694354870310053307 185.154964 0.000000
1694354870315985881 184.617746 0.000000
1694354870316313358 184.931653 0.000000
1694354870316876039 184.923242 0.000000
1694354870318426360 184.696770 0.000000
1694354870318804977 184.622622 0.000000
1694354871051177260 184.634725 0.000000
1694354871051356583 184.768121 0.000000
1694354871052929847 184.828370 0.000000
1694354871055109409 185.198658 0.000000
1694354871056107178 184.901972 0.000000
1694354871057060539 184.917869 0.000000
1694354871057170360 184.824667 0.000000
1694354871060704001 184.992167 0.000000
1694354871064386950 184.760197 0.000000
1694354871065981038 185.212657 0.000000
1694354871158677595 184.955341 0.000000
1694354871242186557 185.121106 0.000000
1694354871242256535 185.081203 0.000000
1694354871321514618 185.191324 0.000000
1694354871758006113 184.686114 0.000000
1694354871761057881 184.931596 0.000000
1694354871761542009 185.026676 0.000000
1694354871763651513 184.905334 0.000000
1694354871764848441 184.760466 0.000000
1694354871766238875 184.618456 0.000000
1694354871767531526 184.748614 0.000000
1694354871770000462 185.158007 0.000000
1694354871770115069 185.166894 0.000000
1694354871774894382 185.492276 0.000000
1694354871775976778 185.328821 0.000000
1694354871776040537 185.491003 0.000000
1694354871856842167 185.009646 0.000000
1694354871951007470 184.763599 0.000000
1694354871961321992 185.340212 0.000000
1694354872565646541 185.640399 0.000000
1694354872566805666 186.403215 0.000000
1694354872567774483 185.877801 0.000000
1694354872569885605 185.174442 0.000000
1694354872577929347 184.698499 0.000000
1694354872579823940 184.959743 0.000000
1694354872581170286 186.204287 0.000000
1694354872581222859 184.855530 0.000000
1694354872582312377 185.000939 0.000000
1694354872583162848 184.851049 0.000000
1694354873243380510 184.862073 0.000000
1694354873244654703 184.873194 0.000000
1694354873253700904 184.918018 0.000000
1694354873254507312 184.944048 0.000000
1694354873255900657 184.681622 0.000000
1694354873428126787 184.741511 0.000000
1694354874005659264 184.841986 0.000000
1694354874010170442 185.220533 0.000000
1694354874011583369 184.854099 0.000000
1694354874018421877 185.262956 0.000000
1694354874019043676 185.036614 0.000000
1694354874019798263 185.217992 0.000000
1694354874020678358 185.112115 0.000000
1694354874105001322 185.047904 0.000000
1694354874619420074 185.399230 0.000000
1694354874865490870 185.024002 0.000000
1694354874866285361 185.053802 0.000000
1694354874869609674 185.326001 0.000000
1694354874874833582 185.017972 0.000000
1694354874879580625 185.045723 0.000000
1694354874968402658 185.062391 0.000000
1694354875551736418 185.097857 0.000000
1694354875553731560 185.191711 0.000000
1694354875557671327 184.941643 0.000000
1694354875560533739 185.123195 0.000000
1694354875561776338 184.897003 0.000000
1694354875562847253 185.032579 0.000000
1694354875564416453 184.762104 0.000000
1694354875564519643 184.627290 0.000000
1694354875565030128 184.916534 0.000000
1694354875565261562 184.988642 0.000000
1694354875565912728 185.104026 0.000000
1694354875658811607 184.936455 0.000000
1694354875736469215 184.727800 0.000000
1694354876244956876 185.090613 0.000000
1694354876252799589 185.189417 0.000000
1694354876256021298 184.944231 0.000000
1694354876256792775 184.639691 0.000000
1694354876258086478 184.734392 0.000000
1694354876258722630 184.831383 0.000000
1694354876259140754 184.865237 0.000000
1694354876261662423 184.843161 0.000000
1694354876262197319 185.108459 0.000000
1694354876339051648 184.712777 0.000000
1694354876927574767 184.647796 0.000000
1694354876928074105 184.736723 0.000000
1694354876929790588 185.175811 0.000000
1694354876930199756 184.808115 0.000000
1694354876930868178 184.841598 0.000000
1694354876931358601 184.912447 0.000000
1694354876931455361 184.810905 0.000000
1694354876935430184 185.309611 0.000000
1694354876936434709 185.893476 0.000000
1694354876937460022 184.955431 0.000000
1694354876940952988 185.270541 0.000000
1694354876942273569 184.872729 0.000000
1694354877033537939 185.202116 0.000000
1694354877116271739 184.811251 0.000000
1694354877331107253 185.079505 0.000000
1694354877620304454 184.832870 0.000000
1694354877620797187 184.973974 0.000000
1694354877621650620 185.012484 0.000000
1694354877624643156 184.826720 0.000000
1694354877624747238 184.787785 0.000000
1694354877627173425 184.857407 0.000000
1694354877627235078 184.986372 0.000000
1694354877629519389 184.905192 0.000000
1694354877633697170 184.720528 0.000000
1694354877634604799 185.097907 0.000000
1694354877635730782 184.651883 0.000000
1694354877805141279 184.831728 0.000000
1694354878165232740 185.251678 0.000000
1694354878492105179 185.050870 0.000000
1694354878492632933 184.696826 0.000000
1694354878494170380 184.828522 0.000000
1694354878494619160 184.805473 0.000000
1694354878498187932 184.911264 0.000000
1694354878500524229 184.619095 0.000000
1694354878501656918 184.875813 0.000000
1694354878503560552 184.818033 0.000000
1694354878503630575 184.972538 0.000000
1694354878504938466 184.966157 0.000000
1694354878505086972 184.684536 0.000000
1694354878507024174 185.053545 0.000000
1694354878679414404 184.790137 0.000000
1694354878685619593 185.090206 0.000000
1694354879198627354 185.199765 0.000000
1694354879201571511 184.803061 0.000000
1694354879204421334 185.618595 0.000000
1694354879206998827 184.891611 0.000000
1694354879212209719 185.021705 0.000000
1694354879298186069 184.556973 0.000000
1694354879889320051 184.799467 0.000000
1694354879891101515 184.727375 0.000000
1694354879893461542 185.017730 0.000000
1694354879895699500 185.122545 0.000000
1694354879897300123 184.859782 0.000000
1694354879898544772 185.199393 0.000000
1694354879898629294 185.108907 0.000000
1694354879898644058 185.206520 0.000000
1694354879901581075 185.232461 0.000000
1694354879903709262 185.032545 0.000000
1694354879998104876 184.943638 0.000000
1694354880083730372 185.080807 0.000000
1694354880784570384 185.473653 0.000000
1694354880786079905 185.242179 0.000000
1694354880786329090 184.693216 0.000000
1694354880791942345 184.863192 0.000000
1694354880792043977 184.886927 0.000000
1694354880792521514 184.656405 0.000000
1694354880793601059 184.709048 0.000000
1694354880794112350 185.060556 0.000000
1694354881061074781 185.130331 0.000000
1694354881498962778 184.956461 0.000000
1694354881500618249 185.102381 0.000000
1694354881500938746 184.754921 0.000000
1694354881507256125 185.022665 0.000000
1694354881507311705 184.846716 0.000000
1694354881509572255 185.155686 0.000000
1694354881509927498 184.654924 0.000000
1694354881510257096 184.830859 0.000000
1694354882184111664 185.102097 0.000000
1694354882188124000 185.378090 0.000000
1694354882191062564 185.320375 0.000000
1694354882191079388 185.090640 0.000000
1694354882192044180 185.381733 0.000000
1694354882192418377 185.153125 0.000000
1694354882193599438 185.049669 0.000000
1694354882195823162 185.575649 0.000000
1694354882196013631 184.822149 0.000000
1694354882196554551 184.860278 0.000000
1694354882197141583 185.256070 0.000000
1694354882197278948 185.322645 0.000000
1694354882197335334 184.754110 0.000000
1694354882276589209 184.749367 0.000000
1694354882286790450 185.328776 0.000000
1694354882381440699 185.423606 0.000000
1694354882382718821 185.388193 0.000000
1694354882873856957 185.030888 0.000000
1694354882874718133 185.186725 0.000000
1694354882875458924 185.084502 0.000000
1694354882876139769 185.082954 0.000000
1694354882877575283 184.889693 0.000000
1694354882881177242 184.907896 0.000000
1694354882881182896 184.939695 0.000000
1694354882881613839 185.276836 0.000000
1694354882883055517 184.741002 0.000000
1694354882885593899 184.433631 0.000000
1694354882888403513 185.282995 0.000000
1694354882888615252 184.629903 0.000000
1694354882889178368 185.135511 0.000000
1694354882889309599 185.175960 0.000000
1694354883671620210 185.329961 0.000000
1694354883675049138 184.674635 0.000000
1694354883675966509 184.728817 0.000000
1694354883676619295 184.725549 0.000000
1694354883677112453 184.799491 0.000000
1694354883681143071 185.220061 0.000000
1694354883684242225 184.734840 0.000000
1694354883686204741 185.890216 0.000000
1694354883768763751 184.512819 0.000000
1694354883778679190 185.229053 0.000000
1694354884372799646 184.898304 0.000000
1694354884380058694 184.754464 0.000000
1694354884381353745 184.965581 0.000000
1694354884383778984 185.115530 0.000000
1694354884386182096 185.367683 0.000000
1694354884386551622 184.786970 0.000000
1694354884387832866 184.976801 0.000000
1694354885236634939 185.346802 0.000000
1694354885236835190 185.417171 0.000000
1694354885247197045 184.956262 0.000000
1694354886001851468 184.798891 0.000000
1694354886003180343 184.815745 0.000000
1694354886005280244 184.726928 0.000000
1694354886011889644 185.423375 0.000000
1694354886012003283 185.220874 0.000000
1694354886014675066 185.095848 0.000000
1694354886015833876 185.098809 0.000000
1694354886015894141 185.705667 0.000000
1694354886016057336 185.129977 0.000000
1694354886104549598 184.983761 0.000000
1694354886190292723 185.006985 0.000000
1694354886199506373 184.826184 0.000000
1694354886745267853 184.791674 0.000000
1694354886747216637 185.042203 0.000000
1694354886753871146 185.031262 0.000000
1694354886756624198 184.895832 0.000000
1694354886758087221 185.197754 0.000000
1694354886758186036 184.928006 0.000000
1694354886758391434 184.966476 0.000000
1694354886759556388 185.174300 0.000000
1694354887442294025 184.912639 0.000000
1694354887444000916 184.897789 0.000000
1694354887445816490 184.874951 0.000000
1694354887448373059 184.923535 0.000000
1694354887450970880 185.103719 0.000000
1694354887452616207 184.716813 0.000000
1694354887453242416 185.303780 0.000000
1694354887455005778 184.895815 0.000000
1694354887455121954 184.760695 0.000000
1694354887455950914 184.856308 0.000000
1694354888202106527 185.005950 0.000000
1694354888230123196 185.193503 0.000000
1694354888231301776 185.329630 0.000000
1694354888234528712 184.637533 0.000000
1694354888235141845 184.820073 0.000000
1694354888238982871 185.277377 0.000000
1694354888243345838 185.387689 0.000000
1694354888243502819 184.821917 0.000000
1694354888244209780 184.609437 0.000000
1694354888244595403 184.714432 0.000000
1694354888324435481 184.833303 0.000000
1694354888424374204 185.383240 0.000000
1694354888990424909 185.661243 0.000000
1694354888994333061 185.326223 0.000000
1694354888996875999 185.152323 0.000000
1694354888997604571 184.751319 0.000000
1694354888999456064 185.224165 0.000000
1694354889001606372 185.625379 0.000000
1694354889005175194 184.895053 0.000000
1694354889456006406 185.010398 0.000000
1694354889458341895 184.915838 0.000000
1694354889459143723 184.998299 0.000000
1694354889460587005 185.214348 0.000000
1694354889463519149 184.831080 0.000000
1694354889464254296 184.777651 0.000000
1694354889466808786 184.668457 0.000000
1694354889555800577 184.830666 0.000000
1694354890154537475 184.900138 0.000000
1694354890155414683 185.462790 0.000000
1694354890160796303 184.832562 0.000000
1694354890163238922 184.785522 0.000000
1694354890361750037 184.953464 0.000000
1694354890839025966 185.094702 0.000000
1694354890842807623 185.673375 0.000000
1694354890844425336 185.122791 0.000000
1694354890846332849 185.072940 0.000000
1694354890930182953 184.750068 0.000000
1694354891268172974 185.176541 0.000000
1694354891808512913 184.842723 0.000000
1694354891809901006 184.839837 0.000000
1694354891811270280 184.817164 0.000000
1694354891811522613 184.801382 0.000000
1694354891812046292 185.190063 0.000000
1694354891821162499 184.697996 0.000000
1694354891821418531 184.912130 0.000000
1694354891821811391 185.205172 0.000000
1694354891821891788 184.962693 0.000000
1694354891823350265 184.693360 0.000000
1694354892583644778 184.960337 0.000000
1694354892589267924 185.171838 0.000000
1694354892594761373 185.116463 0.000000
1694354892595486075 185.888928 0.000000
1694354892595598111 184.987654 0.000000
1694354892595671136 185.862531 0.000000
1694354892597197747 184.705020 0.000000
1694354892598143114 184.840170 0.000000
1694354892598658769 184.503561 0.000000
1694354893446245445 184.880936 0.000000
1694354893469242307 185.247146 0.000000
1694354893478251419 184.736120 0.000000
1694354893479664365 184.866188 0.000000
1694354893480144613 185.292425 0.000000
1694354893480998777 184.652450 0.000000
1694354893481699138 184.745241 0.000000
1694354893481876627 184.779024 0.000000
1694354893482544427 184.889797 0.000000
1694354893482849272 184.787193 0.000000
1694354893575305278 185.190253 0.000000
1694354894149359582 185.266721 0.000000
1694354894151012892 185.009746 0.000000
1694354894152049496 184.955987 0.000000
1694354894152669260 184.963644 0.000000
1694354894157203996 184.649833 0.000000
1694354894162186360 185.422165 0.000000
1694354894163252624 184.639493 0.000000
1694354894350480764 184.944601 0.000000
1694354894892762388 185.021171 0.000000
1694354894895103009 184.896481 0.000000
1694354894896437017 184.679912 0.000000
1694354894902520345 185.019417 0.000000
1694354894902678363 185.020926 0.000000
1694354894903171070 185.243390 0.000000
1694354894906948989 185.437286 0.000000
1694354894907966690 184.793476 0.000000
1694354895302058605 185.311428 0.000000
1694354895569291884 185.073052 0.000000
1694354895569457735 184.798743 0.000000
1694354895572532602 184.754855 0.000000
1694354895573298470 184.929196 0.000000
1694354895575115933 184.906422 0.000000
1694354895575997271 184.821800 0.000000
1694354895577531183 184.858881 0.000000
1694354895579643763 185.759930 0.000000
1694354895582377605 185.475672 0.000000
1694354895757378057 184.839983 0.000000
1694354895969611704 185.115911 0.000000
1694354896260720480 185.368896 0.000000
1694354896261242632 184.954717 0.000000
1694354896263359341 185.432525 0.000000
1694354896263570213 184.932716 0.000000
1694354896264224221 185.398380 0.000000
1694354896264573850 185.542706 0.000000
1694354896270636676 185.134315 0.000000
1694354896273716203 184.884574 0.000000
1694354896274459649 185.337292 0.000000
1694354896754091878 185.195697 0.000000
1694354896759808477 184.986455 0.000000
1694354896762691621 184.720210 0.000000
1694354896763170081 184.800688 0.000000
1694354896829899810 184.734889 0.000000
1694354897514312128 185.068965 0.000000
1694354897515854189 185.045707 0.000000
1694354897520471398 185.117509 0.000000
1694354897523182407 185.531267 0.000000
1694354897523284830 185.320341 0.000000
1694354897525008459 185.110898 0.000000
1694354897525317700 184.789525 0.000000
1694354897528209129 184.654976 0.000000
1694354897705415778 184.939363 0.000000
1694354898255451493 184.932590 0.000000
1694354898261755525 185.033335 0.000000
1694354898262278463 185.008743 0.000000
1694354898265940742 185.666579 0.000000
1694354898266417297 185.556543 0.000000
1694354898266422920 185.240547 0.000000
1694354898267660342 185.380894 0.000000
1694354898267714533 185.215062 0.000000
1694354899011735707 184.772266 0.000000
1694354899013729320 185.124351 0.000000
1694354899015541661 185.868239 0.000000
1694354899019159463 185.164200 0.000000
1694354899021321052 185.303009 0.000000
1694354899021326841 184.975170 0.000000
1694354899509021493 185.125201 0.000000
1694354899509633233 185.142371 0.000000
1694354899512466782 185.839510 0.000000
1694354899514751844 185.052391 0.000000
1694354899517762140 184.974706 0.000000
1694354899518524275 184.875810 0.000000
1694354899612029936 186.543459 0.000000
1694354899694466610 185.442019 0.000000
1694354899761734073 185.425772 0.000000
1694354900368301652 185.216106 0.000000
1694354900371025505 185.029612 0.000000
1694354900372760281 185.066723 0.000000
1694354900374166470 185.211059 0.000000
1694354900374341137 185.338151 0.000000
1694354900374355832 185.302853 0.000000
1694354900559701656 185.340793 0.000000
1694354901202565699 185.051587 0.000000
1694354901202810334 185.200669 0.000000
1694354901203995539 185.403602 0.000000
1694354901204100138 185.425197 0.000000
1694354901209974734 185.143877 0.000000
1694354901210852398 184.652853 0.000000
1694354901211070481 184.776912 0.000000
1694354901301342937 185.136699 0.000000
1694354901620355341 185.034075 0.000000
1694354901620455369 184.816047 0.000000
1694354901622330391 184.861443 0.000000
1694354901622983998 185.210110 0.000000
1694354901623830224 185.118747 0.000000
1694354901624016613 184.919378 0.000000
1694354901626562512 185.748809 0.000000
1694354901631698483 184.880493 0.000000
1694354901632977442 184.965144 0.000000
1694354901800587185 184.841355 0.000000
1694354901959346529 185.037389 0.000000
1694354902456563969 184.997592 0.000000
1694354902459980356 185.390572 0.000000
1694354902463971797 185.078851 0.000000
1694354902466019826 185.484310 0.000000
1694354902466600930 185.846709 0.000000
1694354902555288667 184.909231 0.000000
1694354903210492682 185.000792 0.000000
1694354903213029029 184.665806 0.000000
1694354903395576483 185.078864 0.000000
1694354903920532354 184.744221 0.000000
1694354903921309383 184.738563 0.000000
1694354903923040770 184.918567 0.000000
1694354903926081888 185.281812 0.000000
1694354903928301918 185.319912 0.000000
1694354903930174324 184.729235 0.000000
1694354903932784347 184.975028 0.000000
1694354903934552831 184.706939 0.000000
1694354904026027021 185.454829 0.000000
1694354904108131505 185.085707 0.000000
1694354904687741694 185.580445 0.000000
1694354904688881910 185.175532 0.000000
1694354904691272818 184.902792 0.000000
1694354904691347011 185.609734 0.000000
1694354904694750928 185.414182 0.000000
1694354904698893696 185.033265 0.000000
1694354904700102155 184.788460 0.000000
1694354904793579094 185.013017 0.000000
1694354904876688664 185.410564 0.000000
1694354905096989980 185.065049 0.000000
1694354905447979186 185.195472 0.000000
1694354905448074353 185.422861 0.000000
1694354905450574440 184.833945 0.000000
1694354905453330389 185.274957 0.000000
1694354905457975145 184.808444 0.000000
1694354905458730043 184.764697 0.000000
1694354905549474839 184.855394 0.000000
1694354905825212804 185.348753 0.000000
1694354906107470711 184.754363 0.000000
1694354906111763714 184.955155 0.000000
1694354906112559888 185.097827 0.000000
1694354906115498582 184.896117 0.000000
1694354906117891144 185.381592 0.000000
1694354906118893037 185.227865 0.000000
1694354906119942927 185.402301 0.000000
1694354906124077181 184.840638 0.000000
1694354906127592628 184.826906 0.000000
1694354906128064848 184.752082 0.000000
1694354906129149810 185.024642 0.000000
1694354906129371556 185.160087 0.000000
1694354906129409389 185.065361 0.000000
1694354906308931405 184.849037 0.000000
1694354906905691332 185.164716 0.000000
1694354906906674953 184.919830 0.000000
1694354906910122943 185.106883 0.000000
1694354906911838173 184.600944 0.000000
1694354906916952634 184.736590 0.000000
1694354906918250201 185.256566 0.000000
1694354906918762534 185.605152 0.000000
1694354906918837769 185.509781 0.000000
1694354907009809100 184.872977 0.000000
1694354907012117607 184.992174 0.000000
1694354907670315936 185.089897 0.000000
1694354907670385137 185.135257 0.000000
1694354907671072688 185.652071 0.000000
1694354907671994410 185.030403 0.000000
1694354907677949377 185.163488 0.000000
1694354907678912049 184.841247 0.000000
1694354907679073365 184.727953 0.000000
1694354907680796167 185.567514 0.000000
1694354907680851762 185.588793 0.000000
1694354907682889482 185.164886 0.000000
1694354907683265358 185.401963 0.000000
1694354907683788757 185.931551 0.000000
1694354907683788456 185.722589 0.000000
1694354907684578952 185.609726 0.000000
1694354907684637092 185.609326 0.000000
1694354907684722131 185.655047 0.000000
1694354907685412193 186.184370 0.000000
1694354907685427518 185.334200 0.000000
1694354907685953253 185.403381 0.000000
1694354908355442470 185.065951 0.000000
1694354908358189608 186.337372 0.000000
1694354908361111317 185.149791 0.000000
1694354908363851835 184.820429 0.000000
1694354908363882621 184.989764 0.000000
1694354908367205395 184.810275 0.000000
1694354908543168037 184.973608 0.000000
1694354908548595217 184.738841 0.000000
1694354909043854200 184.864340 0.000000
1694354909045054218 184.977939 0.000000
1694354909049854739 184.676953 0.000000
1694354909051062996 184.827613 0.000000
1694354909055275353 184.980088 0.000000
1694354909055782198 184.905830 0.000000
1694354909107263374 185.148947 0.000000
1694354909240666786 184.878278 0.000000
1694354909284600656 184.939500 0.000000
1694354909292130500 184.862125 0.000000
1694354909457081996 185.191178 0.000000
1694354909746559404 184.705488 0.000000
1694354909751920955 185.016532 0.000000
1694354909755802101 184.700988 0.000000
1694354909757781353 184.562670 0.000000
1694354910497681157 185.155341 0.000000
1694354910498790700 184.860890 0.000000
1694354910500424083 185.251309 0.000000
1694354910504841361 184.976043 0.000000
1694354910505650745 185.658838 0.000000
1694354910506737139 185.106582 0.000000
1694354910511895007 184.765824 0.000000
1694354911302269673 184.773329 0.000000
1694354911304008390 184.884287 0.000000
1694354911305881425 185.511491 0.000000
1694354911305943910 185.191046 0.000000
1694354911305951438 185.768465 0.000000
1694354911312747795 185.175976 0.000000
1694354911316851543 185.046835 0.000000
1694354911317548606 184.817681 0.000000
1694354911455364355 184.847365 0.000000
1694354911501650971 184.794642 0.000000
1694354912053702289 185.805351 0.000000
1694354912053971641 185.439890 0.000000
1694354912058172900 186.382794 0.000000
1694354912059726337 185.286998 0.000000
1694354912061306981 185.389923 0.000000
1694354912063371372 184.939023 0.000000
1694354912063676072 184.795043 0.000000
1694354912064948494 184.917513 0.000000
1694354912066327945 185.036525 0.000000
1694354912067341079 185.053615 0.000000
1694354912068002363 185.129797 0.000000
1694354912068100537 184.732833 0.000000
1694354912068705991 185.003307 0.000000
1694354912157837721 185.129145 0.000000
1694354912248760451 185.079634 0.000000
1694354912421658714 185.193575 0.000000
1694354912993916423 185.142144 0.000000
1694354912996516632 184.921942 0.000000
1694354912998117248 185.134071 0.000000
1694354912999624361 185.218227 0.000000
1694354913000223787 184.833351 0.000000
1694354913003824378 185.343163 0.000000
1694354913005861816 184.677568 0.000000
1694354913750196649 184.997717 0.000000
1694354913753300739 185.562776 0.000000
1694354913756693031 184.663643 0.000000
1694354913759282965 185.350843 0.000000
1694354913761298517 185.105427 0.000000
1694354913764262297 184.723248 0.000000
1694354913850514438 184.663498 0.000000
1694354913862330921 184.411528 0.000000
1694354914529657079 185.058367 0.000000
1694354914533975070 185.113274 0.000000
1694354914539220847 184.989180 0.000000
1694354914541538252 184.954339 0.000000
1694354914541920166 185.378737 0.000000
1694354915186103146 185.279925 0.000000
1694354915186801662 184.816050 0.000000
1694354915191007302 185.437165 0.000000
1694354915192685589 184.757784 0.000000
1694354915196335570 184.724652 0.000000
1694354915197179164 185.212166 0.000000
1694354915197236848 185.317277 0.000000
1694354915198007552 184.950928 0.000000
1694354915688973256 185.137778 0.000000
1694354915690911874 184.960224 0.000000
1694354915699110444 184.877552 0.000000
1694354915780900572 184.905778 0.000000
1694354915875732680 184.816011 0.000000
1694354916060901912 185.166917 0.000000
1694354916435654081 184.921432 0.000000
1694354916440821410 185.108920 0.000000
1694354916442187420 184.665071 0.000000
1694354916442470113 185.007419 0.000000
1694354916442657324 185.057670 0.000000
1694354916442693658 185.134700 0.000000
1694354916450821384 184.681525 0.000000
1694354916452649163 184.634130 0.000000
1694354916454432565 184.799163 0.000000
1694354916853890831 185.234110 0.000000
1694354917325144043 184.893250 0.000000
1694354917332303309 184.991373 0.000000
1694354917332972943 185.015244 0.000000
1694354917333122491 185.109734 0.000000
1694354917335496467 185.150484 0.000000
1694354917728551273 185.120184 0.000000
1694354917814191141 184.848743 0.000000
1694354917817391085 185.078221 0.000000
1694354917822834662 185.108287 0.000000
1694354917825961716 184.868908 0.000000
1694354917826618004 185.410925 0.000000
1694354917826906044 185.550210 0.000000
1694354917827485844 184.895119 0.000000
1694354917827586784 184.978033 0.000000
1694354917922307771 184.920715 0.000000
1694354918175029605 185.262513 0.000000
1694354918244153986 185.283598 0.000000
1694354918596060091 185.058969 0.000000
1694354918596118572 185.533178 0.000000
1694354918598124927 185.395924 0.000000
1694354918598737994 185.707639 0.000000
1694354918600326532 184.812420 0.000000
1694354918601542352 184.723052 0.000000
1694354918604773569 184.995411 0.000000
1694354918605944450 184.674850 0.000000
1694354918606708799 184.900330 0.000000
1694354918607596962 185.017838 0.000000
1694354918698755530 185.040100 0.000000
1694354918877885542 184.872083 0.000000
1694354919320404442 184.874453 0.000000
1694354919320967913 184.718119 0.000000
1694354919327892327 185.676936 0.000000
1694354919327987785 185.283229 0.000000
1694354919329905223 185.911050 0.000000
1694354919331320222 185.245977 0.000000
1694354919335548450 185.222518 0.000000
1694354919339542482 184.908267 0.000000
1694354919340017122 185.121021 0.000000
1694354920036022259 184.949627 0.000000
1694354920038350278 184.661070 0.000000
1694354920041955295 185.330163 0.000000
1694354920044537356 185.045169 0.000000
1694354920045260935 185.225203 0.000000
1694354920045344615 185.253981 0.000000
1694354920045640834 185.500750 0.000000
1694354920210958891 184.901694 0.000000
1694354920695687521 185.334562 0.000000
1694354920697196173 185.037625 0.000000
1694354920700873407 185.311538 0.000000
1694354920701661777 185.862916 0.000000
1694354920701730192 186.106949 0.000000
1694354920702997136 185.148618 0.000000
1694354920706211028 185.007305 0.000000
1694354920707419396 184.707016 0.000000
1694354921097899930 185.082563 0.000000
1694354921591454435 185.321820 0.000000
1694354921593744501 185.259550 0.000000
1694354921594294200 185.553375 0.000000
1694354921596853844 185.733649 0.000000
1694354921598852200 185.076875 0.000000
1694354921600461145 185.004381 0.000000
1694354921605113992 185.267403 0.000000
1694354921605204212 185.185598 0.000000
1694354921605666403 184.811868 0.000000
1694354921606698781 184.883490 0.000000
1694354921607378628 185.037333 0.000000
1694354921608446168 185.028628 0.000000
1694354922337425399 185.325439 0.000000
1694354922560164137 185.725253 0.000000
1694354922561371142 185.150139 0.000000
1694354922562165421 184.743117 0.000000
1694354922567071150 184.987876 0.000000
1694354922567125331 184.929630 0.000000
1694354922568292207 184.829754 0.000000
1694354922569094089 184.829487 0.000000
1694354922746232037 184.856641 0.000000
1694354923253199733 184.792975 0.000000
1694354923254957730 184.805429 0.000000
1694354923262012231 184.816590 0.000000
1694354923713215036 184.832473 0.000000
1694354923718579262 185.513468 0.000000
1694354923722793321 185.691507 0.000000
1694354923724046223 185.368039 0.000000
1694354923724541425 185.107683 0.000000
1694354923724786937 185.237560 0.000000
1694354923724903654 184.964063 0.000000
1694354923724941903 185.256875 0.000000
1694354923726238476 184.700014 0.000000
1694354923726885231 184.994841 0.000000
1694354923727082270 185.148783 0.000000
1694354923727630175 184.805470 0.000000
1694354923748096512 184.794765 0.000000
1694354923909184221 185.133397 0.000000
1694354924345592561 185.383160 0.000000
1694354924607746642 184.926575 0.000000
1694354924608893366 185.198388 0.000000
1694354924613171766 185.662864 0.000000
1694354924615748313 184.964388 0.000000
1694354924617182882 184.818348 0.000000
1694354924697509691 184.947494 0.000000
1694354924981770023 185.204822 0.000000
1694354925511109809 185.353672 0.000000
1694354925513296278 185.155702 0.000000
1694354925514174327 184.929274 0.000000
1694354925515901683 185.332603 0.000000
1694354926246489080 185.149801 0.000000
1694354926252139778 184.871297 0.000000
1694354926254697747 184.932635 0.000000
1694354926255413087 184.994595 0.000000
1694354926256616889 185.049858 0.000000
1694354926256824858 185.101318 0.000000
1694354926256845502 184.610611 0.000000
1694354926256893664 184.797446 0.000000
1694354926337851158 184.789345 0.000000
1694354926916367428 185.290772 0.000000
1694354926916917453 184.923317 0.000000
1694354926919161702 184.842639 0.000000
1694354926920696320 185.178726 0.000000
1694354926923309488 184.691052 0.000000
1694354926923591138 184.679044 0.000000
1694354926928189698 184.993290 0.000000
1694354926929704614 184.667042 0.000000
1694354926930561128 185.296758 0.000000
1694354926931131922 184.905556 0.000000
1694354927144789430 184.941078 0.000000
1694354927618838725 185.695889 0.000000
1694354927619113084 184.942174 0.000000
1694354927622466169 185.133664 0.000000
1694354927625599673 184.863696 0.000000
1694354927631128413 184.699309 0.000000
1694354927714805352 185.281685 0.000000
1694354927971458198 185.167795 0.000000
1694354928310276226 185.097091 0.000000
1694354928312465126 184.822006 0.000000
1694354928317730908 184.606144 0.000000
1694354928320290967 185.481151 0.000000
1694354928320293052 185.563142 0.000000
1694354928320365300 185.432387 0.000000
1694354928321051072 184.877024 0.000000
1694354928321575543 184.713805 0.000000
1694354928323018973 184.754589 0.000000
1694354928323314100 184.678648 0.000000
1694354928505419173 185.123575 0.000000
1694354928715365240 185.105157 0.000000
1694354928752799618 185.257317 0.000000
1694354928900644324 185.271487 0.000000
1694354929070914112 184.840058 0.000000
1694354929072494365 185.818992 0.000000
1694354929073146268 185.542493 0.000000
1694354929077341383 185.128003 0.000000
1694354929080912967 184.907235 0.000000
1694354929815051430 185.565081 0.000000
1694354929816736382 184.923207 0.000000
1694354929816876629 184.933932 0.000000
1694354929819082854 184.926059 0.000000
1694354929823185760 184.930318 0.000000
1694354929823671616 185.251682 0.000000
1694354929825188792 184.655589 0.000000
1694354929825743894 184.709214 0.000000
1694354929826652941 184.860035 0.000000
1694354930008340631 184.665473 0.000000
1694354930501268115 184.807428 0.000000
1694354930505582829 184.788092 0.000000
1694354930506277130 185.038335 0.000000
1694354930507201782 184.909721 0.000000
1694354930514766931 185.128844 0.000000
1694354931179358385 185.041319 0.000000
1694354931179960752 184.902611 0.000000
1694354931181811876 185.049082 0.000000
1694354931187206664 185.131524 0.000000
1694354931188133271 186.027254 0.000000
1694354931190855272 185.909068 0.000000
1694354931190936631 185.463151 0.000000
1694354931191960951 185.382187 0.000000
1694354931193761818 185.091401 0.000000
1694354931197586244 184.739726 0.000000
1694354931275279838 184.814004 0.000000
1694354931364900835 184.933206 0.000000
1694354931373097364 184.958250 0.000000
1694354931378721425 184.954887 0.000000
1694354931416171794 184.818745 0.000000
1694354931880281559 185.129925 0.000000
1694354931880343027 185.330642 0.000000
1694354931881957185 184.930715 0.000000
1694354931884113118 185.204813 0.000000
1694354931885964613 185.305728 0.000000
1694354931886556852 184.813648 0.000000
1694354931886615242 185.025952 0.000000
1694354931888159211 184.909767 0.000000
1694354931889557441 184.698419 0.000000
1694354931890547791 184.833234 0.000000
1694354931891624077 185.165542 0.000000
1694354931893257624 184.697733 0.000000
1694354931974390583 184.769951 0.000000
1694354932150265249 185.015577 0.000000
1694354932335579144 185.308990 0.000000
1694354932568477663 185.039795 0.000000
1694354932570015598 185.579906 0.000000
1694354932570366370 185.370905 0.000000
1694354932573614180 184.755638 0.000000
1694354932574246096 184.818409 0.000000
1694354932577199109 184.762133 0.000000
1694354932581188605 184.969991 0.000000
1694354932582340085 184.703185 0.000000
1694354932582395008 184.674282 0.000000
1694354932583738420 184.517218 0.000000
1694354932674083122 184.987833 0.000000
1694354932753660840 185.158659 0.000000
1694354933262873207 185.531917 0.000000
1694354933264855206 184.977155 0.000000
1694354933267889304 184.719305 0.000000
1694354933268959876 185.279133 0.000000
1694354933357775817 185.752675 0.000000
1694354934015319815 184.983143 0.000000
1694354934016900400 185.040757 0.000000
1694354934017441534 184.766454 0.000000
1694354934164865166 184.819267 0.000000
1694354934232113448 184.871687 0.000000
1694354934822445300 184.706859 0.000000
1694354934823099924 184.803494 0.000000
1694354934828870456 185.499860 0.000000
1694354934829703205 185.116298 0.000000
1694354934831022320 184.793576 0.000000
1694354934833106581 185.124827 0.000000
1694354934834865741 185.009548 0.000000
1694354934834944323 185.110900 0.000000
1694354935008050871 184.946076 0.000000
1694354935193541037 185.485546 0.000000
1694354935439100289 184.811592 0.000000
1694354935439233053 184.843697 0.000000
1694354935443942059 184.811521 0.000000
1694354935445100445 184.947292 0.000000
1694354935446750762 184.588401 0.000000
1694354935531072405 185.011632 0.000000
1694354935541284455 184.901165 0.000000
1694354935665183813 184.860244 0.000000
1694354936268055874 184.805024 0.000000
1694354936273674783 185.267651 0.000000
1694354936274514061 184.941722 0.000000
1694354936276827115 185.062093 0.000000
1694354937051589949 185.133336 0.000000
1694354937054701812 185.438412 0.000000
1694354937060055740 184.734473 0.000000
1694354937061074295 184.852659 0.000000
1694354937062467189 185.235030 0.000000
1694354937063654439 184.571799 0.000000
1694354937063689568 186.319376 0.000000
1694354937083256279 184.984569 0.000000
1694354937795641319 185.211855 0.000000
1694354937802380207 184.770600 0.000000
1694354937803239102 184.552752 0.000000
1694354937804419050 184.685674 0.000000
1694354937805648170 184.533665 0.000000
1694354938005012218 199.361991 0.000000
1694354938268640911 184.996327 0.000000
1694354938695919260 184.639329 0.000000
1694354938697762282 184.745671 0.000000
1694354938700775770 184.973303 0.000000
1694354938700808424 186.739840 0.000000
1694354938702941631 185.240557 0.000000
1694354938703909345 186.040557 0.000000
1694354938704023886 185.409866 0.000000
1694354938704260128 185.051252 0.000000
1694354938706330949 185.458344 0.000000
1694354938789289063 184.813928 0.000000
1694354938890726931 186.465211 0.000000
1694354939113085864 185.287995 0.000000
1694354939298352700 185.264596 0.000000
1694354939389480888 184.501846 0.000000
1694354939392768794 185.001999 0.000000
1694354939395616250 184.832955 0.000000
1694354939396061590 184.482451 0.000000
1694354939396417984 184.814845 0.000000
1694354939397342877 184.592365 0.000000
1694354939397703816 184.978210 0.000000
1694354939404241553 184.833298 0.000000
1694354939484386332 184.561632 0.000000
1694354939490630139 184.976444 0.000000
1694354940263576941 184.746327 0.000000
1694354940268047213 184.802265 0.000000
1694354940268838636 185.132110 0.000000
1694354940271586065 185.098067 0.000000
1694354940276093654 184.700407 0.000000
1694354940276120504 186.849774 0.000000
1694354940276979482 184.682486 0.000000
1694354940278171195 184.936450 0.000000
1694354940278198356 184.944906 0.000000
1694354940279069761 185.580673 0.000000
1694354940280016340 185.537992 0.000000
1694354940280086306 185.084330 0.000000
1694354940410845974 194.769386 0.000000
1694354941110465049 184.805956 0.000000
1694354941112174970 184.610846 0.000000
1694354941112977749 184.757736 0.000000
1694354941123419992 185.120018 0.000000
1694354941123571450 184.681758 0.000000
1694354941124453677 184.742207 0.000000
1694354941125452398 184.827368 0.000000
1694354941510778818 185.505039 0.000000
1694354941880233299 184.960496 0.000000
1694354941880888749 184.743787 0.000000
1694354941886247949 184.780574 0.000000
1694354941887424027 185.330899 0.000000
1694354941890098893 185.324339 0.000000
1694354941895899189 185.161680 0.000000
1694354942288359252 185.167441 0.000000
1694354942428481787 184.909927 0.000000
1694354942428777981 184.560243 0.000000
1694354942436976063 185.389779 0.000000
1694354942437063021 185.226639 0.000000
1694354942437683254 184.869918 0.000000
1694354942439793897 185.358425 0.000000
1694354942440453076 184.681068 0.000000
1694354942440593543 184.734127 0.000000
1694354942441138481 185.162550 0.000000
1694354942441458682 185.431395 0.000000
1694354943419808016 184.869565 0.000000
1694354943420956469 184.813110 0.000000
1694354943421676991 184.901651 0.000000
1694354943425064025 184.961530 0.000000
1694354943433822849 185.301794 0.000000
1694354943435834300 185.684890 0.000000
1694354943436414721 185.080358 0.000000
1694354943610049052 184.960278 0.000000
1694354943854586911 185.704488 0.000000
1694354944260721225 185.598431 0.000000
1694354944265439517 184.994938 0.000000
1694354944267877542 185.044607 0.000000
1694354944269991923 185.017710 0.000000
1694354944270087446 184.981270 0.000000
1694354944445463403 184.737592 0.000000
1694354944454998030 185.000991 0.000000
1694354944539121414 185.000563 0.000000
1694354945076221845 184.818956 0.000000
1694354945078023864 184.928231 0.000000
1694354945080819236 184.595652 0.000000
1694354945080931723 184.671879 0.000000
1694354945081093590 184.757068 0.000000
1694354945082807940 185.079513 0.000000
1694354945084235468 184.896096 0.000000
1694354945085747823 185.000654 0.000000
1694354945086090475 185.360562 0.000000
1694354945086168151 185.126021 0.000000
1694354945086753448 185.043474 0.000000
1694354945087624040 184.915776 0.000000
1694354945474326162 184.971709 0.000000
1694354945491585135 185.333543 0.000000
1694354945734656978 185.134309 0.000000
1694354945743393938 185.278134 0.000000
1694354945747371702 185.284152 0.000000
1694354945747441740 185.664327 0.000000
1694354945919275806 184.610074 0.000000
1694354946514397547 184.857267 0.000000
1694354946517900014 185.050718 0.000000
1694354946518561434 184.814262 0.000000
1694354946520249774 184.997479 0.000000
1694354946520831077 185.086310 0.000000
1694354946521609689 185.253891 0.000000
1694354946524446221 184.959500 0.000000
1694354946529342347 184.980720 0.000000
1694354946699235691 184.829969 0.000000
1694354947352811030 184.904463 0.000000
1694354947355820961 185.007899 0.000000
1694354947358225934 184.729081 0.000000
1694354947358360638 184.734393 0.000000
1694354947368828932 185.183123 0.000000
1694354947368929532 184.580054 0.000000
1694354947370929011 184.932961 0.000000
1694354947371726547 184.926646 0.000000
1694354947449307150 184.867713 0.000000
1694354947553800595 184.865986 0.000000
1694354948157810034 185.246540 0.000000
1694354948159396501 184.948642 0.000000
1694354948159545408 184.726439 0.000000
1694354948161521136 184.928129 0.000000
1694354948166196398 185.132740 0.000000
1694354948167167303 185.240546 0.000000
1694354948167794107 185.239133 0.000000
1694354948168510930 185.037759 0.000000
1694354948170552497 184.925547 0.000000
1694354948257153966 186.301959 0.000000
1694354948882314028 185.709522 0.000000
1694354948882837416 185.474199 0.000000
1694354948882923712 185.389983 0.000000
1694354948883323969 185.000942 0.000000
1694354948883903107 185.636622 0.000000
1694354948888248571 185.075877 0.000000
1694354948891429485 184.837052 0.000000
1694354948893005133 185.254248 0.000000
1694354948893552973 185.532245 0.000000
1694354948895022428 184.620422 0.000000
1694354948973192326 184.849891 0.000000
1694354948975239080 185.384570 0.000000
1694354949067675735 184.746770 0.000000
1694354949543302929 185.096223 0.000000
1694354949660342438 185.103462 0.000000
1694354949661027482 184.883596 0.000000
1694354949666103346 184.640630 0.000000
1694354949666913753 185.311462 0.000000
1694354949667022822 185.147590 0.000000
1694354949667147913 185.063875 0.000000
1694354949667816133 185.535588 0.000000
1694354949668907197 185.415599 0.000000
1694354949669013119 184.630326 0.000000
1694354949761365918 184.644392 0.000000
1694354950068796623 185.049514 0.000000
1694354950381880414 185.033619 0.000000
1694354950382627212 184.652783 0.000000
1694354950390609320 184.830186 0.000000
1694354950391189411 185.533132 0.000000
1694354950393120916 184.798468 0.000000
1694354950394554132 184.909771 0.000000
1694354950394616427 184.716296 0.000000
1694354950395247290 184.804036 0.000000
1694354951136480915 184.885389 0.000000
1694354951137653534 184.877119 0.000000
1694354951138799386 185.304188 0.000000
1694354951141215274 185.542989 0.000000
1694354951141894685 185.474630 0.000000
1694354951142972053 185.109766 0.000000
1694354951146758055 185.143459 0.000000
1694354951151961005 185.039913 0.000000
1694354951152033178 185.654459 0.000000
1694354951152635364 185.331778 0.000000
1694354951154237298 184.765971 0.000000
1694354951154291529 185.007934 0.000000
1694354951161146965 185.169755 0.000000
1694354951897522941 184.653879 0.000000
1694354951903997066 184.857875 0.000000
1694354951904656731 184.737083 0.000000
1694354951905612706 184.884612 0.000000
1694354951906463772 185.049380 0.000000
1694354951908926930 185.483997 0.000000
1694354951912905209 185.035823 0.000000
1694354952001400639 185.626894 0.000000
1694354952570504411 185.094093 0.000000
1694354952795848406 184.733032 0.000000
1694354952796490465 184.855833 0.000000
1694354952799183483 184.599070 0.000000
1694354952799544528 185.375338 0.000000
1694354952803692357 184.845464 0.000000
1694354952805003569 185.003828 0.000000
1694354952805555975 184.945757 0.000000
1694354952807879849 186.625081 0.000000
1694354952808160497 185.523562 0.000000
1694354952988635594 184.934752 0.000000
1694354953334295967 185.292578 0.000000
1694354953335693865 185.048896 0.000000
1694354953343574132 184.826713 0.000000
1694354953343606993 185.116714 0.000000
1694354953345935242 184.606540 0.000000
1694354953346755180 184.894176 0.000000
1694354953437971972 184.879883 0.000000
1694354953475967622 184.698675 0.000000
1694354954179985063 184.911499 0.000000
1694354954181766584 184.905459 0.000000
1694354954183402968 184.956904 0.000000
1694354954191992359 185.757733 0.000000
1694354954195221354 184.660435 0.000000
1694354954380056094 184.829804 0.000000
1694354954457895671 184.930428 0.000000
1694354954602179524 185.230556 0.000000
1694354954964843580 184.779953 0.000000
1694354954968371010 185.294145 0.000000
1694354954970025170 184.844007 0.000000
1694354954971096078 184.985226 0.000000
1694354954971270544 184.550830 0.000000
1694354954977624477 185.615990 0.000000
1694354954977693729 185.119940 0.000000
1694354954979352870 184.833995 0.000000
1694354954979703962 185.150231 0.000000
1694354954982731173 185.168869 0.000000
1694354954982989209 185.213473 0.000000
1694354955748238483 185.164541 0.000000
1694354955761160118 184.723634 0.000000
1694354955853121362 184.821838 0.000000
1694354956544793782 185.512483 0.000000
1694354956651821374 185.130364 0.000000
1694354956655337223 184.909330 0.000000
1694354956948726481 185.193281 0.000000
1694354957578686572 184.734814 0.000000
1694354957581163582 185.018765 0.000000
1694354957583735353 185.185668 0.000000
1694354957586185872 184.576460 0.000000
1694354957587120637 184.848433 0.000000
1694354957589111742 184.882798 0.000000
1694354957589827197 184.702097 0.000000
1694354957592311439 184.759415 0.000000
1694354957593714886 184.753823 0.000000
1694354957594728695 185.418746 0.000000
1694354957688016163 184.820903 0.000000
1694354957970340040 185.091838 0.000000
1694354957971813379 185.199509 0.000000
1694354958332536830 184.884294 0.000000
1694354958333984589 184.878485 0.000000
1694354958338965662 185.231040 0.000000
1694354958340102984 185.563113 0.000000
1694354958340293577 185.118138 0.000000
1694354958344359832 186.028807 0.000000
1694354958345130941 186.046479 0.000000
1694354958347446761 184.818090 0.000000
1694354958348955022 184.926121 0.000000
1694354958427606248 184.783974 0.000000
1694354958434553557 185.654771 0.000000
1694354959092263042 185.126292 0.000000
1694354959094120800 185.748685 0.000000
1694354959095732156 184.817603 0.000000
1694354959097494417 184.813930 0.000000
1694354959098562879 184.884959 0.000000
1694354959099391908 184.909858 0.000000
1694354959104368215 185.035770 0.000000
1694354959106277394 184.851356 0.000000
1694354959106545402 184.957082 0.000000
1694354959106872283 184.704334 0.000000
1694354959107514127 184.842185 0.000000
1694354959108059401 184.613548 0.000000
1694354959199003392 184.731796 0.000000
1694354959382158665 185.007353 0.000000
1694354959779520500 184.787967 0.000000
1694354959780179584 184.912502 0.000000
1694354959780940124 184.716847 0.000000
1694354959782739387 184.895387 0.000000
1694354959784097408 185.009889 0.000000
1694354959790860448 185.415041 0.000000
1694354959791202489 184.887714 0.000000
1694354959975907027 184.698535 0.000000
1694354960618171459 185.215576 0.000000
1694354960620195564 185.697422 0.000000
1694354960622215395 187.573824 0.000000
1694354960627479317 184.977833 0.000000
1694354960627916118 184.714490 0.000000
1694354960629205018 184.691757 0.000000
1694354960630179206 184.558101 0.000000
1694354960632822257 184.650246 0.000000
1694354960717862387 185.927133 0.000000
1694354960722094326 184.970605 0.000000
1694354960812476444 184.990312 0.000000
1694354960902963747 185.089949 0.000000
1694354961029848146 185.169453 0.000000
1694354961123645682 184.869144 0.000000
1694354961126145646 184.698406 0.000000
1694354961128963233 184.837581 0.000000
1694354961135063231 185.195032 0.000000
1694354961136016394 185.613111 0.000000
1694354961136578402 184.919406 0.000000
1694354961214825205 184.972544 0.000000
1694354961556536120 185.093444 0.000000
1694354961920550659 184.845474 0.000000
1694354961923733111 184.964816 0.000000
1694354961926253592 185.079613 0.000000
1694354961926581841 185.208327 0.000000
1694354961930169556 185.102426 0.000000
1694354961933731501 184.495644 0.000000
1694354962026986775 185.140103 0.000000
1694354962108459952 184.721504 0.000000
1694354962287133764 185.306570 0.000000
1694354962566740497 185.169060 0.000000
1694354962567871510 184.814554 0.000000
1694354962569311060 185.206742 0.000000
1694354962572045495 184.957066 0.000000
1694354962576863479 185.196729 0.000000
1694354962577366885 184.812023 0.000000
1694354962581268009 184.629598 0.000000
1694354962643754887 184.769856 0.000000
1694354962940939968 184.907891 0.000000
1694354963248882605 184.806619 0.000000
1694354963254084232 185.028270 0.000000
1694354963258802613 184.914715 0.000000
1694354963348471980 184.912581 0.000000
1694354963650460531 185.395147 0.000000
1694354964273603712 185.687367 0.000000
1694354964285480755 184.769140 0.000000
1694354964323313551 184.804211 0.000000
1694354965010301078 184.666837 0.000000
1694354965018656936 184.968349 0.000000
1694354965023188542 185.272480 0.000000
1694354965023419570 185.255401 0.000000
1694354965023747303 185.636122 0.000000
1694354965424888676 185.348802 0.000000
1694354965749534707 185.097784 0.000000
1694354965917493919 184.796418 0.000000
1694354965920343996 185.166685 0.000000
1694354965921887098 184.939245 0.000000
1694354965923395674 184.925578 0.000000
1694354965923546449 184.949354 0.000000
1694354965923618793 184.755708 0.000000
1694354965928276563 184.851926 0.000000
1694354965933188134 185.256963 0.000000
1694354966017080433 184.831703 0.000000
1694354966118113439 184.917692 0.000000
1694354966778110964 185.049067 0.000000
1694354966778175128 185.092954 0.000000
1694354966781545999 184.781906 0.000000
1694354966783390862 184.698261 0.000000
1694354966783488835 184.754968 0.000000
1694354966784413071 184.999963 0.000000
1694354966784508298 185.104647 0.000000
1694354966785860545 184.698391 0.000000
1694354966787477684 184.579860 0.000000
1694354966790259554 184.653928 0.000000
1694354966793251066 185.126613 0.000000
1694354966793832419 185.496664 0.000000
1694354966875019336 184.660990 0.000000
1694354966975111263 184.844197 0.000000
1694354967194169159 185.296998 0.000000
1694354967194274169 185.441654 0.000000
1694354967486092578 185.046722 0.000000
1694354967487354545 184.895244 0.000000
1694354967488137702 184.814446 0.000000
1694354967492167125 185.311267 0.000000
1694354967496922256 184.827735 0.000000
1694354967499909303 184.723022 0.000000
1694354967500463934 185.186802 0.000000
1694354967899024839 185.335373 0.000000
1694354968326335754 185.254348 0.000000
1694354968327493589 186.112560 0.000000
1694354968330988633 184.756228 0.000000
1694354968332983431 185.306850 0.000000
1694354968333419180 185.009373 0.000000
1694354968333570983 184.930460 0.000000
1694354968333998724 185.270636 0.000000
1694354968334094071 185.301844 0.000000
1694354968422591375 184.943599 0.000000
1694354968518232411 184.656356 0.000000
1694354968878764145 184.949558 0.000000
1694354968881576440 184.935797 0.000000
1694354968884099397 185.007202 0.000000
1694354968888453691 184.738040 0.000000
1694354968889687422 184.948841 0.000000
1694354968892103395 184.782664 0.000000
1694354969082056767 184.799263 0.000000
1694354969612887337 185.270689 0.000000
1694354969616280990 185.399543 0.000000
1694354969624024256 185.232364 0.000000
1694354969625766130 185.219218 0.000000
1694354969625826425 185.067065 0.000000
1694354969626200356 185.343483 0.000000
1694354969627894594 184.983279 0.000000
1694354969628205307 184.616050 0.000000
1694354969629007383 184.712815 0.000000
1694354970050192842 185.396766 0.000000
1694354970554648645 184.628657 0.000000
1694354970556767376 184.735265 0.000000
1694354970556978778 185.036977 0.000000
1694354970558599229 184.698485 0.000000
1694354970560782159 185.413453 0.000000
1694354970564053297 185.218651 0.000000
1694354970564336306 185.367051 0.000000
1694354970565821047 185.098266 0.000000
1694354970567783354 184.651797 0.000000
1694354970571313153 184.934670 0.000000
1694354970749034726 184.976527 0.000000
1694354970749359331 185.017111 0.000000
1694354970949554733 184.989208 0.000000
1694354971448257449 185.423069 0.000000
1694354971448456513 184.663782 0.000000
1694354971449758744 185.000641 0.000000
1694354971452898461 184.840954 0.000000
1694354971457360330 185.346465 0.000000
1694354971459731037 184.909228 0.000000
1694354971460804821 184.951071 0.000000
1694354971642209865 184.844313 0.000000
1694354972263616171 184.930617 0.000000
1694354972263717858 185.026309 0.000000
1694354972268638164 184.868413 0.000000
1694354972269987590 185.515593 0.000000
1694354972270669256 186.156048 0.000000
1694354972270737555 184.566770 0.000000
1694354972272761520 185.800938 0.000000
1694354972273347228 184.910661 0.000000
1694354972274881053 184.734310 0.000000
1694354972277502649 185.171582 0.000000
1694354972280991128 184.832954 0.000000
1694354973120407924 185.048835 0.000000
1694354973121506010 184.540713 0.000000
1694354973125983129 184.921694 0.000000
1694354973133863109 184.784195 0.000000
1694354973134539127 184.910078 0.000000
1694354973135377162 185.007896 0.000000
1694354973136908160 184.814551 0.000000
1694354973137940613 184.974357 0.000000
1694354974052548158 185.381283 0.000000
1694354974056866319 185.604573 0.000000
1694354974056892119 186.901907 0.000000
1694354974057087178 185.567778 0.000000
1694354974058889247 185.280108 0.000000
1694354974060018841 186.005983 0.000000
1694354974060689667 185.609344 0.000000
1694354974062170368 185.371967 0.000000
1694354974063958765 185.393021 0.000000
1694354974066280303 185.655722 0.000000
1694354974066328695 185.454670 0.000000
1694354974066355027 185.438412 0.000000
1694354974150863452 185.632280 0.000000
1694354974245748302 185.053805 0.000000
1694354974999839266 184.872769 0.000000
1694354975002506774 184.843632 0.000000
1694354975005523465 184.863703 0.000000
1694354975007234341 185.018018 0.000000
1694354975007359332 184.937606 0.000000
1694354975009746237 185.176136 0.000000
1694354975010458495 184.819781 0.000000
1694354975011377634 184.727782 0.000000
1694354975012420366 185.008400 0.000000
1694354975012513878 185.078985 0.000000
1694354975013870691 184.640830 0.000000
1694354975385306019 185.404091 0.000000
1694354975836025767 184.876451 0.000000
1694354975837338026 185.095696 0.000000
1694354975843688204 185.214121 0.000000
1694354975845179565 184.959970 0.000000
1694354975846730234 185.042452 0.000000
1694354975848454377 185.476803 0.000000
1694354975848506082 184.598074 0.000000
1694354976033460409 184.939597 0.000000
1694354976316413318 184.926314 0.000000
1694354976322361717 185.298440 0.000000
1694354976323833988 184.845571 0.000000
1694354976324405232 185.280549 0.000000
1694354976324486752 185.319540 0.000000
1694354976325068957 185.213171 0.000000
1694354976662465147 184.906479 0.000000
1694354977075734079 185.023966 0.000000
1694354977082141841 185.062796 0.000000
1694354977082380943 184.763710 0.000000
1694354977082468491 184.691818 0.000000
1694354977082926617 185.156399 0.000000
1694354977083790578 185.264907 0.000000
1694354977085377161 185.096960 0.000000
1694354977086165726 184.916706 0.000000
1694354977089395116 185.013522 0.000000
1694354977089563939 185.163972 0.000000
1694354977475937664 185.237391 0.000000
1694354977878959077 184.948028 0.000000
1694354977882077800 184.766886 0.000000
1694354977884427769 185.029784 0.000000
1694354977888525180 184.499029 0.000000
1694354978327258823 185.267154 0.000000
1694354978557170216 185.305845 0.000000
1694354978558791043 185.615065 0.000000
1694354978558847770 185.973042 0.000000
1694354978559482633 184.843183 0.000000
1694354978561699497 185.333605 0.000000
1694354978566494551 185.637151 0.000000
1694354978566668872 184.490999 0.000000
1694354978568386545 184.868813 0.000000
1694354978568835404 184.826043 0.000000
1694354978569000218 184.843243 0.000000
1694354978569383630 184.628969 0.000000
1694354978653433185 185.219780 0.000000
1694354978743727077 184.872692 0.000000
1694354978753171337 184.866803 0.000000
1694354979168021141 185.354599 0.000000
1694354979342167569 185.308616 0.000000
1694354979548357955 184.801896 0.000000
1694354979556482313 184.895735 0.000000
1694354979559715342 184.959569 0.000000
1694354979564716766 184.727815 0.000000
1694354980095911724 185.406150 0.000000
1694354980421951672 184.774725 0.000000
1694354980426637252 185.002475 0.000000
1694354980427573250 184.741704 0.000000
1694354980431271141 184.947694 0.000000
1694354980432636619 185.405403 0.000000
1694354980433264029 184.724528 0.000000
1694354980434375516 184.815666 0.000000
1694354980434454359 184.936182 0.000000
1694354980435436390 185.961558 0.000000
1694354980436157628 185.580982 0.000000
1694354980436212721 185.682604 0.000000
1694354980853312483 184.777913 0.000000
1694354980857550411 184.898474 0.000000
1694354980859008504 184.781381 0.000000
1694354980860553575 184.866063 0.000000
1694354980861191284 184.897336 0.000000
1694354980862107606 185.698907 0.000000
1694354980862386375 184.728889 0.000000
1694354980865597312 185.038944 0.000000
1694354980866282577 184.735248 0.000000
1694354980867367552 184.697059 0.000000
1694354980867537262 184.661907 0.000000
1694354981024933871 184.982133 0.000000
1694354981655608011 185.311272 0.000000
1694354981692791821 184.838137 0.000000
1694354981693450319 185.167252 0.000000
1694354981695439673 184.836713 0.000000
1694354981696031746 184.795192 0.000000
1694354981700342588 184.833591 0.000000
1694354981700548192 184.867138 0.000000
1694354981702166518 184.705557 0.000000
1694354981703693366 184.824734 0.000000
1694354981704659093 184.752421 0.000000
1694354981962344854 185.140866 0.000000
1694354982396504545 184.580239 0.000000
1694354982399966657 184.795681 0.000000
1694354982402804863 185.669539 0.000000
1694354982403578438 185.370979 0.000000
1694354982493045558 185.270340 0.000000
1694354982584971921 185.000577 0.000000
1694354983146321579 184.784251 0.000000
1694354983149783796 184.803402 0.000000
1694354983154308993 184.829332 0.000000
1694354983156977127 185.183345 0.000000
1694354983157041657 184.754627 0.000000
1694354983157064856 185.124017 0.000000
1694354983157160083 184.700537 0.000000
1694354983331266822 184.940261 0.000000
1694354983921174727 185.444488 0.000000
1694354983924148768 184.942114 0.000000
1694354983927040703 184.789564 0.000000
1694354983929361690 185.057944 0.000000
1694354984306812765 185.294673 0.000000
1694354984668567478 185.015754 0.000000
1694354984672547430 185.159811 0.000000
1694354984673072462 184.847548 0.000000
1694354984675462023 184.882269 0.000000
1694354984677719336 185.169953 0.000000
1694354984679304319 184.724557 0.000000
1694354984681069918 184.754816 0.000000
1694354984681650053 185.162536 0.000000
1694354984682341257 185.565152 0.000000
1694354984683211111 186.245752 0.000000
1694354984683903082 186.529121 0.000000
1694354984684770029 184.867264 0.000000
