1694354816479676366 2392.924814 0.000000
1694354816940050028 201.712453 0.000000
1694354816940085560 199.882913 0.000000
1694354816940105025 199.920417 0.000000
1694354816940124179 200.033904 0.000000
1694354816940145904 201.527671 0.000000
1694354816940357944 189.094152 0.000000
1694354817047500063 173.508950 0.000000
1694354817054051116 103.490247 0.000000
1694354817054069951 183.809315 0.000000
1694354817704564424 73.034027 0.000000
1694354817705149542 72.849852 0.000000
1694354817708849619 72.541329 0.000000
1694354817709173624 72.590007 0.000000
1694354817711055664 72.722310 0.000000
1694354818411920659 72.564157 0.000000
1694354818413972765 72.735386 0.000000
1694354818417016362 72.685626 0.000000
1694354818417729088 72.977420 0.000000
1694354818436903476 72.616079 0.000000
1694354818437803659 72.558639 0.000000
1694354818437806084 72.635058 0.000000
1694354818845848615 72.686998 0.000000
1694354819185902523 72.574681 0.000000
1694354819189528842 72.632050 0.000000
1694354819191338364 72.779047 0.000000
1694354819195557936 72.783236 0.000000
1694354819195666243 72.907291 0.000000
1694354820126286730 73.021396 0.000000
1694354820127344169 72.351630 0.000000
1694354820129069123 72.997650 0.000000
1694354820153059663 73.100660 0.000000
1694354820269573665 72.825835 0.000000
1694354820906814897 72.982941 0.000000
1694354820908162332 72.927787 0.000000
1694354820910812232 72.836580 0.000000
1694354820912726051 72.762387 0.000000
1694354821057589133 72.689180 0.000000
1694354821571408223 72.810910 0.000000
1694354821571510121 72.492803 0.000000
1694354821576514612 72.473929 0.000000
1694354821578429519 72.514674 0.000000
1694354821579281203 72.639860 0.000000
1694354821580810556 72.892449 0.000000
1694354822323732425 72.811199 0.000000
1694354822323834598 72.643678 0.000000
1694354822324807295 72.543174 0.000000
1694354822326148821 73.211512 0.000000
1694354822326997483 72.798294 0.000000
1694354822327373735 72.577469 0.000000
1694354822329582958 73.267056 0.000000
1694354822330639199 72.527237 0.000000
1694354822330845890 72.711382 0.000000
1694354822331441844 72.589267 0.000000
1694354822331849529 72.524471 0.000000
1694354822332842718 72.489930 0.000000
1694354822336659220 72.534584 0.000000
1694354822339288111 72.858112 0.000000
1694354822340240921 72.390753 0.000000
1694354822340362830 72.423134 0.000000
1694354822993462404 72.645102 0.000000
1694354823003730484 72.934440 0.000000
1694354823004564392 72.549458 0.000000
1694354823005317041 72.730882 0.000000
1694354823007292895 72.800885 0.000000
1694354823008508602 72.837636 0.000000
1694354823141114042 72.862201 0.000000
1694354823689297272 72.878424 0.000000
1694354823690589733 72.540387 0.000000
1694354823690649879 72.523112 0.000000
1694354823690652620 72.671322 0.000000
1694354823692119924 72.805560 0.000000
1694354823692366278 72.973105 0.000000
1694354823692569522 72.418328 0.000000
1694354823693639595 72.771931 0.000000
1694354823698756697 72.560914 0.000000
1694354823700878286 72.622683 0.000000
1694354823703702958 72.871208 0.000000
1694354823703962442 72.787293 0.000000
1694354823704809722 73.013916 0.000000
1694354823704867982 72.719530 0.000000
1694354823777133623 86.538752 0.000000
1694354824387728193 73.095980 0.000000
1694354824389744882 72.739078 0.000000
1694354824392313818 72.637040 0.000000
1694354824392453037 72.508526 0.000000
1694354824394622663 72.778274 0.000000
1694354824395826327 72.630315 0.000000
1694354824396105994 72.340529 0.000000
1694354824398617621 73.091150 0.000000
1694354824401061245 72.740041 0.000000
1694354824537929450 72.464610 0.000000
1694354825082217154 72.507102 0.000000
1694354825082686448 72.482579 0.000000
1694354825083534850 72.662804 0.000000
1694354825086302428 72.580473 0.000000
1694354825087269662 73.088276 0.000000
1694354825087842728 72.581831 0.000000
1694354825087945191 72.633787 0.000000
1694354825088172100 72.712250 0.000000
1694354825089401199 72.891458 0.000000
1694354825089636287 73.135491 0.000000
1694354825092111804 72.657067 0.000000
1694354825162535853 73.129888 0.000000
1694354825772231139 72.561468 0.000000
1694354825773881099 72.600374 0.000000
1694354825775440141 72.802499 0.000000
1694354825779763078 72.866970 0.000000
1694354825781433475 72.669455 0.000000
1694354825781453698 72.739984 0.000000
1694354825784534756 72.582412 0.000000
1694354825785562385 72.875801 0.000000
1694354825929432739 144.893107 0.000000
1694354826609304524 72.935443 0.000000
1694354826611883307 72.620130 0.000000
1694354826615506645 72.623352 0.000000
1694354826617281540 72.506444 0.000000
1694354826617385953 72.426578 0.000000
1694354826617952639 72.702085 0.000000
1694354826620275426 72.514267 0.000000
1694354827311292960 72.625796 0.000000
1694354827316370015 72.543705 0.000000
1694354827451162803 72.983034 0.000000
1694354827459596148 72.586565 0.000000
1694354828019821332 72.866136 0.000000
1694354828024986091 72.843118 0.000000
1694354828026066093 72.754837 0.000000
1694354828031544647 72.715845 0.000000
1694354828036180663 72.644740 0.000000
1694354828036223539 72.611342 0.000000
1694354828037087367 72.393550 0.000000
1694354828790069565 72.680021 0.000000
1694354828790124794 72.785726 0.000000
1694354828793271606 75.500593 0.000000
1694354828793335450 75.681725 0.000000
1694354828793375078 72.412333 0.000000
1694354828793417326 72.527481 0.000000
1694354828793942475 72.328362 0.000000
1694354828794445076 72.778867 0.000000
1694354828795311133 72.856543 0.000000
1694354828795598247 72.454241 0.000000
1694354828799180739 73.184823 0.000000
1694354828800702946 72.389500 0.000000
1694354828801495557 72.591445 0.000000
1694354828802451094 72.380910 0.000000
1694354828940695814 145.093828 0.000000
1694354829614539859 72.869077 0.000000
1694354829616070194 72.433854 0.000000
1694354829616661893 72.515849 0.000000
1694354829618693261 72.480206 0.000000
1694354829621417734 72.569586 0.000000
1694354829623463741 72.613468 0.000000
1694354830317192911 72.485051 0.000000
1694354830319782896 72.426870 0.000000
1694354830327963591 72.447733 0.000000
1694354830328686175 72.596329 0.000000
1694354830330115731 72.704893 0.000000
1694354830474636800 72.638503 0.000000
1694354831144302806 72.917736 0.000000
1694354831144332099 72.829817 0.000000
1694354831148215057 72.896743 0.000000
1694354831148751812 72.692167 0.000000
1694354831152312383 72.871169 0.000000
1694354831152784934 73.099356 0.000000
1694354831152827062 73.091933 0.000000
1694354831366716236 72.544126 0.000000
1694354831370579466 72.590033 0.000000
1694354831439293370 72.572834 0.000000
1694354831511979547 72.681762 0.000000
1694354831851147990 72.668452 0.000000
1694354831851846994 72.689886 0.000000
1694354831853253682 73.041516 0.000000
1694354831854795835 72.590505 0.000000
1694354831854826451 72.494436 0.000000
1694354831857447327 73.228742 0.000000
1694354831858131717 72.716754 0.000000
1694354831860428724 72.493995 0.000000
1694354831862428207 72.419557 0.000000
1694354831863500871 72.737307 0.000000
1694354832000017138 72.317799 0.000000
1694354832003049448 72.513435 0.000000
1694354832005231086 144.797265 0.000000
1694354832613136514 72.593350 0.000000
1694354832615960629 72.698936 0.000000
1694354832621487797 72.696821 0.000000
1694354832764699110 72.900175 0.000000
1694354832770970707 73.195554 0.000000
1694354832984335376 72.756010 0.000000
1694354833277456214 72.581065 0.000000
1694354833278681724 72.937932 0.000000
1694354833279066937 72.686581 0.000000
1694354833279928830 72.681610 0.000000
1694354833283580493 72.570686 0.000000
1694354833287368358 72.755737 0.000000
1694354833287525840 72.361178 0.000000
1694354833291582381 72.736773 0.000000
1694354833292265262 72.709434 0.000000
1694354833294396954 72.751056 0.000000
1694354833582680532 72.560512 0.000000
1694354833691260436 72.554533 0.000000
1694354833691968896 72.876499 0.000000
1694354833695361882 72.595364 0.000000
1694354833700839549 72.612002 0.000000
1694354833701804362 72.748841 0.000000
1694354833702182252 72.412728 0.000000
1694354833702733141 72.781658 0.000000
1694354833705284465 73.034186 0.000000
1694354833833038357 131.229114 0.000000
1694354833846886747 72.566046 0.000000
1694354834380595668 72.633647 0.000000
1694354834381435605 72.704341 0.000000
1694354834385739798 72.435511 0.000000
1694354834386755715 72.551165 0.000000
1694354834389449261 72.750053 0.000000
1694354834391228967 73.003414 0.000000
1694354834391331982 72.804440 0.000000
1694354834392893676 72.420590 0.000000
1694354834393122664 72.555580 0.000000
1694354834394371765 72.462373 0.000000
1694354834395131074 72.944797 0.000000
1694354834517547949 130.784525 0.000000
1694354835138512577 72.633707 0.000000
1694354835140820228 73.360997 0.000000
1694354835143018876 73.039362 0.000000
1694354835143325149 73.173259 0.000000
1694354835146065188 72.942547 0.000000
1694354835150272390 72.458073 0.000000
1694354835153203660 72.613439 0.000000
1694354835226642548 85.817238 0.000000
1694354835812171540 72.553009 0.000000
1694354835812243127 72.850773 0.000000
1694354835813119233 72.585078 0.000000
1694354835814874773 72.535063 0.000000
1694354835816890740 72.646296 0.000000
1694354835819408005 72.480795 0.000000
1694354835819544739 72.541477 0.000000
1694354835820812277 72.550673 0.000000
1694354835821364659 72.634639 0.000000
1694354835822246408 72.732112 0.000000
1694354835823124253 72.571051 0.000000
1694354835824115468 72.610137 0.000000
1694354835826987439 72.543927 0.000000
1694354836690847645 72.735053 0.000000
1694354836691855889 73.000230 0.000000
1694354836692488233 72.752944 0.000000
1694354836699305766 73.298790 0.000000
1694354836699376430 73.454307 0.000000
1694354836700945396 73.461419 0.000000
1694354836701202119 73.559291 0.000000
1694354836845017235 72.730811 0.000000
1694354837113543081 72.742046 0.000000
1694354837113760136 72.864957 0.000000
1694354837252279072 73.277168 0.000000
1694354837594388467 72.563526 0.000000
1694354837596498393 72.505015 0.000000
1694354837600819195 72.557532 0.000000
1694354837601673846 72.753654 0.000000
1694354837608967168 72.517813 0.000000
1694354837609178891 72.618955 0.000000
1694354837609213161 72.697783 0.000000
1694354837609583955 72.832833 0.000000
1694354837610811515 73.061079 0.000000
1694354837884192877 131.109001 0.000000
1694354837986113258 72.583802 0.000000
1694354838013086231 72.838531 0.000000
1694354838168560437 72.586774 0.000000
1694354838843649492 72.404900 0.000000
1694354838843901785 72.293907 0.000000
1694354838846228140 72.382798 0.000000
1694354838852803233 72.628967 0.000000
1694354838999208736 72.971700 0.000000
1694354839684549391 72.679373 0.000000
1694354839688059534 72.585730 0.000000
1694354839688128279 72.807827 0.000000
1694354839690067887 72.847119 0.000000
1694354839693689866 72.626053 0.000000
1694354839694128448 72.535187 0.000000
1694354839694206314 72.539021 0.000000
1694354839694221550 72.591262 0.000000
1694354839825687870 131.462927 0.000000
1694354840442883390 72.897987 0.000000
1694354840442981724 72.765603 0.000000
1694354840449467484 72.455931 0.000000
1694354840453615593 72.628544 0.000000
1694354840454893045 72.623893 0.000000
1694354840454917607 72.685035 0.000000
1694354840455539932 72.589237 0.000000
1694354840455919321 72.604067 0.000000
1694354840456928747 72.579776 0.000000
1694354840527634031 72.711217 0.000000
1694354841214931209 73.646501 0.000000
1694354841216997287 72.782417 0.000000
1694354841217145583 72.864353 0.000000
1694354841220880514 72.672476 0.000000
1694354841221890302 72.620029 0.000000
1694354841223788239 73.008218 0.000000
1694354841224173852 72.535390 0.000000
1694354841225306255 72.595440 0.000000
1694354841225942988 72.873338 0.000000
1694354841227204803 72.350896 0.000000
1694354841227794126 72.352164 0.000000
1694354841913194486 72.636772 0.000000
1694354841913348665 72.803881 0.000000
1694354841916361549 72.845768 0.000000
1694354841916998558 73.535797 0.000000
1694354841918460364 72.638862 0.000000
1694354841921132594 72.617803 0.000000
1694354842719799470 72.540025 0.000000
1694354842721694780 72.623214 0.000000
1694354842726862179 72.617475 0.000000
1694354842727497088 72.809258 0.000000
1694354842728777045 72.679967 0.000000
1694354842729461094 72.569965 0.000000
1694354842730661731 73.178132 0.000000
1694354843125920399 72.650130 0.000000
1694354843476393736 72.673210 0.000000
1694354843477944043 72.674657 0.000000
1694354843478731247 72.850211 0.000000
1694354843479539866 73.663607 0.000000
1694354843480645532 72.695977 0.000000
1694354843482951855 72.591309 0.000000
1694354844135496337 72.852321 0.000000
1694354844143288787 72.756678 0.000000
1694354844144524746 72.546534 0.000000
1694354844145042071 72.533488 0.000000
1694354844145963949 73.119724 0.000000
1694354844969915038 72.932197 0.000000
1694354844971046414 72.697901 0.000000
1694354844972394835 73.054887 0.000000
1694354844977703508 72.968973 0.000000
1694354844981891865 72.858596 0.000000
1694354844983074135 72.772570 0.000000
1694354845108452275 130.744146 0.000000
1694354845270142256 72.669409 0.000000
1694354845701255101 72.925125 0.000000
1694354845701847867 73.350942 0.000000
1694354845703505188 72.535557 0.000000
1694354845704385002 72.634522 0.000000
1694354845705146702 73.299647 0.000000
1694354845707969934 72.571906 0.000000
1694354845709251916 72.605570 0.000000
1694354845712451981 72.921040 0.000000
1694354845715245985 72.721450 0.000000
1694354845716785246 72.862959 0.000000
1694354845785368120 72.911463 0.000000
1694354846421760394 73.289102 0.000000
1694354846424281853 72.474348 0.000000
1694354846425160089 72.764901 0.000000
1694354846425928820 72.497583 0.000000
1694354846427708892 72.536032 0.000000
1694354846428694654 72.844220 0.000000
1694354846429891868 72.941341 0.000000
1694354846430753009 73.104967 0.000000
1694354846431623772 72.787698 0.000000
1694354846433050125 73.574978 0.000000
1694354846503999601 75.280100 0.000000
1694354846504584774 72.956066 0.000000
1694354847109308149 72.814498 0.000000
1694354847109493065 73.036926 0.000000
1694354847112765494 72.493656 0.000000
1694354847115238471 72.664896 0.000000
1694354847116188714 72.601317 0.000000
1694354847118104307 72.471600 0.000000
1694354847118851568 72.709790 0.000000
1694354847120449621 72.877766 0.000000
1694354847121268588 72.649164 0.000000
1694354847122243515 72.764232 0.000000
1694354847122505019 72.912302 0.000000
1694354847122667833 72.960012 0.000000
1694354847123601749 72.685067 0.000000
1694354847265966714 72.902084 0.000000
1694354847808040629 72.751683 0.000000
1694354847815588127 73.048169 0.000000
1694354847816799620 72.483222 0.000000
1694354847818090483 72.730339 0.000000
1694354847818196043 72.649195 0.000000
1694354847818840064 72.599824 0.000000
1694354847963856410 145.011289 0.000000
1694354848579874701 72.495222 0.000000
1694354848584076921 72.732530 0.000000
1694354848585197561 72.795738 0.000000
1694354848589425305 73.155616 0.000000
1694354848589733233 73.055763 0.000000
1694354848591669995 72.622499 0.000000
1694354849270845904 72.566204 0.000000
1694354849270875142 72.557368 0.000000
1694354849276957081 72.629340 0.000000
1694354849278202628 72.479391 0.000000
1694354849281017340 72.878255 0.000000
1694354849281808648 73.214459 0.000000
1694354849282988246 73.360073 0.000000
1694354849283604412 72.672341 0.000000
1694354849426957606 72.579155 0.000000
1694354849662771956 72.766581 0.000000
1694354850044525490 72.571130 0.000000
1694354850044585374 72.882070 0.000000
1694354850044604569 72.527077 0.000000
1694354850045729585 72.884380 0.000000
1694354850051320680 72.498686 0.000000
1694354850055637046 72.615513 0.000000
1694354850189730767 72.661116 0.000000
1694354850796643403 72.691289 0.000000
1694354850797217942 72.933628 0.000000
1694354850798871925 72.566573 0.000000
1694354850799668360 73.055939 0.000000
1694354850802176198 73.017083 0.000000
1694354850802380609 73.258650 0.000000
1694354850806190670 72.648890 0.000000
1694354850806448335 72.720071 0.000000
1694354850807207659 72.646305 0.000000
1694354850808007728 72.497317 0.000000
1694354850808118747 72.427559 0.000000
1694354850809200166 72.586534 0.000000
1694354850811839820 72.630598 0.000000
1694354850869185415 72.534529 0.000000
1694354850884361339 72.517033 0.000000
1694354850937377076 130.923844 0.000000
1694354851595359409 72.683831 0.000000
1694354851597606775 72.743415 0.000000
1694354851599714525 72.465673 0.000000
1694354851604358584 72.505265 0.000000
1694354851606310050 72.495778 0.000000
1694354851607507144 72.648710 0.000000
1694354852271593158 72.910147 0.000000
1694354852272799197 73.053562 0.000000
1694354852273871751 72.586162 0.000000
1694354852274104363 72.758393 0.000000
1694354852274229639 72.403647 0.000000
1694354852277172866 72.602234 0.000000
1694354852277982086 72.883084 0.000000
1694354852278506042 72.496062 0.000000
1694354852280024885 72.650698 0.000000
1694354852280437000 72.452060 0.000000
1694354852280603162 72.507880 0.000000
1694354852280937416 72.337497 0.000000
1694354852282918902 72.575272 0.000000
1694354852283730062 72.493050 0.000000
1694354852283916767 72.722068 0.000000
1694354852284359373 73.078479 0.000000
1694354852285240446 72.571248 0.000000
1694354852285610392 72.964253 0.000000
1694354852286288226 73.207169 0.000000
1694354852416236676 130.984939 0.000000
1694354852500811893 72.567554 0.000000
1694354852573498554 72.679876 0.000000
1694354852646124194 72.621449 0.000000
1694354853031543897 72.665186 0.000000
1694354853033300825 73.278805 0.000000
1694354853036752351 72.984119 0.000000
1694354853036819818 74.635932 0.000000
1694354853037721684 72.663978 0.000000
1694354853039944888 73.434152 0.000000
1694354853704086435 72.912503 0.000000
1694354853704522882 73.420196 0.000000
1694354853704957450 72.646177 0.000000
1694354853708525121 72.654686 0.000000
1694354853710152577 73.137582 0.000000
1694354853714619037 72.520568 0.000000
1694354853717995823 72.729405 0.000000
1694354854474006241 72.653894 0.000000
1694354854476484875 72.680671 0.000000
1694354854484673792 72.686885 0.000000
1694354854486964458 72.489700 0.000000
1694354855211366159 72.638637 0.000000
1694354855212070400 72.730355 0.000000
1694354855213417232 72.783038 0.000000
1694354855217223931 73.081107 0.000000
1694354855217247155 72.929359 0.000000
1694354855219436691 72.705127 0.000000
1694354855220371318 72.803140 0.000000
1694354855221828633 72.667750 0.000000
1694354855223042586 73.133831 0.000000
1694354855298289774 144.858318 0.000000
1694354855495068970 130.821276 0.000000
1694354855942208241 72.563467 0.000000
1694354855943167084 72.382245 0.000000
1694354855944630829 73.362098 0.000000
1694354855947380946 72.768580 0.000000
1694354855949700700 73.040654 0.000000
1694354855955034906 72.812692 0.000000
1694354855956860429 72.803646 0.000000
1694354856882134441 73.007473 0.000000
1694354856883308025 72.625027 0.000000
1694354856883447981 72.629502 0.000000
1694354856885021757 72.698979 0.000000
1694354856886994743 72.893237 0.000000
1694354856889531543 73.007377 0.000000
1694354856890631680 73.941333 0.000000
1694354856891217866 72.657882 0.000000
1694354856891575624 72.635972 0.000000
1694354856894660461 72.649573 0.000000
1694354856895619224 72.688614 0.000000
1694354856956184570 72.731677 0.000000
1694354857370184885 73.265927 0.000000
1694354857373655451 72.498665 0.000000
1694354857378794207 72.464304 0.000000
1694354857381641680 72.540170 0.000000
1694354857431934534 130.715513 0.000000
1694354857438145628 131.162934 0.000000
1694354857439475416 130.804299 0.000000
1694354858313917629 72.860635 0.000000
1694354858314257115 72.650470 0.000000
1694354858315759449 73.340322 0.000000
1694354858324052272 72.776229 0.000000
1694354858326424067 72.525009 0.000000
1694354858326846316 72.695105 0.000000
1694354858327057338 72.870173 0.000000
1694354858327652865 72.582192 0.000000
1694354858329287869 72.408502 0.000000
1694354858331806301 72.651523 0.000000
1694354858736192708 73.001647 0.000000
1694354859117203019 72.771175 0.000000
1694354859117271037 72.879021 0.000000
1694354859123251368 72.834478 0.000000
1694354859125901602 72.471363 0.000000
1694354859129101086 72.772675 0.000000
1694354859808414134 73.047514 0.000000
1694354859811068357 72.944093 0.000000
1694354859812760544 73.613874 0.000000
1694354859813029992 72.472294 0.000000
1694354859813355921 72.342032 0.000000
1694354859816037969 72.503227 0.000000
1694354859816928163 72.852446 0.000000
1694354859816945709 72.895682 0.000000
1694354859817784358 73.212540 0.000000
1694354859817909434 72.833252 0.000000
1694354860076458621 72.679763 0.000000
1694354860561040567 72.746453 0.000000
1694354860562937075 72.570482 0.000000
1694354860565050759 72.739226 0.000000
1694354860567417657 72.918268 0.000000
1694354860568091757 73.348666 0.000000
1694354860568131675 73.218392 0.000000
1694354860569665709 72.914103 0.000000
1694354860570920562 72.842014 0.000000
1694354860572350358 72.456637 0.000000
1694354860576065026 72.693349 0.000000
1694354860923490475 72.808788 0.000000
1694354861343663596 72.715956 0.000000
1694354861351091259 72.494720 0.000000
1694354861353635426 72.491984 0.000000
1694354861355205228 72.646334 0.000000
1694354861492258482 72.740484 0.000000
1694354862032010786 72.838905 0.000000
1694354862033485642 72.621434 0.000000
1694354862035495333 72.445022 0.000000
1694354862039688045 72.581295 0.000000
1694354862039744060 72.704368 0.000000
1694354862040068251 72.373527 0.000000
1694354862040636695 72.722845 0.000000
1694354862044362524 72.563514 0.000000
1694354862044432071 72.814886 0.000000
1694354862047396391 72.594372 0.000000
1694354862047742537 72.487393 0.000000
1694354862048280501 72.440764 0.000000
1694354862113166291 72.524975 0.000000
1694354862175450119 145.343820 0.000000
1694354862751661200 72.410778 0.000000
1694354862751958663 72.756379 0.000000
1694354862752842597 72.728969 0.000000
1694354862754181621 72.821690 0.000000
1694354862754828578 72.648437 0.000000
1694354862759684651 72.536351 0.000000
1694354862760143339 72.712872 0.000000
1694354862763550821 72.703210 0.000000
1694354862768583049 72.972327 0.000000
1694354862910443203 72.500663 0.000000
1694354863261828170 72.982310 0.000000
1694354863262052874 72.457552 0.000000
1694354863269473569 73.012028 0.000000
1694354863271275853 72.829859 0.000000
1694354863272588275 72.461842 0.000000
1694354863272663290 72.393978 0.000000
1694354863272709959 72.415403 0.000000
1694354863273452278 72.790092 0.000000
1694354863273526807 72.744114 0.000000
1694354863273972505 72.638538 0.000000
1694354863277940664 74.000356 0.000000
1694354863729843499 72.714356 0.000000
1694354863730871148 72.695388 0.000000
1694354863733172910 72.517046 0.000000
1694354863735246701 72.585421 0.000000
1694354863736239278 72.578862 0.000000
1694354863736402914 72.706910 0.000000
1694354863737636724 72.527883 0.000000
1694354863738092686 72.573449 0.000000
1694354863738616812 72.671698 0.000000
1694354863740353778 72.717249 0.000000
1694354864464696332 73.001382 0.000000
1694354864464735674 72.671724 0.000000
1694354864469364281 72.622970 0.000000
1694354864475616225 72.645735 0.000000
1694354864484313905 72.693340 0.000000
1694354864487072882 73.318882 0.000000
1694354864489996783 72.544342 0.000000
1694354864490215798 72.458763 0.000000
1694354864613990741 72.542614 0.000000
1694354865232887536 72.709424 0.000000
1694354865239527614 72.928481 0.000000
1694354865242021524 72.620624 0.000000
1694354865243342200 72.950512 0.000000
1694354865245846353 72.788315 0.000000
1694354865247329433 72.638240 0.000000
1694354865382361460 72.457204 0.000000
1694354865532684167 72.714685 0.000000
1694354865896319575 72.779920 0.000000
1694354865897770169 72.510844 0.000000
1694354865898803446 72.965251 0.000000
1694354865905070364 72.966280 0.000000
1694354865906624349 72.652679 0.000000
1694354865907178510 72.574391 0.000000
1694354865908808873 72.727102 0.000000
1694354865909345277 72.575625 0.000000
1694354866065551086 72.495923 0.000000
1694354866593082295 72.705500 0.000000
1694354866599218424 73.099402 0.000000
1694354866600073926 72.652201 0.000000
1694354866601769406 72.698122 0.000000
1694354866603047633 72.447008 0.000000
1694354866604123545 72.878959 0.000000
1694354866740220692 73.256996 0.000000
1694354867280130414 72.580028 0.000000
1694354867280569677 72.887012 0.000000
1694354867281867410 72.800932 0.000000
1694354867282320500 72.566486 0.000000
1694354867284558153 72.862235 0.000000
1694354867284718732 72.668393 0.000000
1694354867290115262 72.433111 0.000000
1694354867290167785 72.397152 0.000000
1694354867290716703 72.809212 0.000000
1694354867290854499 72.869066 0.000000
1694354867435214280 145.042155 0.000000
1694354867968358271 72.666299 0.000000
1694354867968466173 72.709865 0.000000
1694354867970565027 73.059184 0.000000
1694354867972164633 72.699150 0.000000
1694354867973177096 73.591694 0.000000
1694354867974826879 73.398319 0.000000
1694354867974881672 72.645059 0.000000
1694354867976558673 72.991065 0.000000
1694354867979438727 73.083485 0.000000
1694354867980346657 72.839632 0.000000
1694354867980481807 72.462012 0.000000
1694354867981263553 72.897296 0.000000
1694354867981781595 73.316999 0.000000
1694354867981877393 73.333803 0.000000
1694354867982179968 72.476086 0.000000
1694354868113585105 131.798969 0.000000
1694354868658258310 72.558121 0.000000
1694354868660079507 72.584909 0.000000
1694354868662616051 72.512776 0.000000
1694354868664802288 72.514014 0.000000
1694354868668192586 72.489316 0.000000
1694354868669934313 72.522007 0.000000
1694354868670004551 72.481388 0.000000
1694354868671223270 73.009132 0.000000
1694354868671367406 72.658896 0.000000
1694354868672295829 72.969259 0.000000
1694354868804810542 144.726173 0.000000
1694354868812802583 72.553225 0.000000
1694354869426496737 72.574986 0.000000
1694354869429742653 72.908468 0.000000
1694354869431441219 73.033204 0.000000
1694354869432269729 72.758724 0.000000
1694354869432988002 72.970327 0.000000
1694354869433985210 72.773624 0.000000
1694354869435401585 72.881179 0.000000
1694354869437203121 72.995219 0.000000
1694354869437655916 72.380858 0.000000
1694354869440146377 72.478756 0.000000
1694354869440381339 72.749097 0.000000
1694354869440393613 72.688695 0.000000
1694354869443829321 72.630810 0.000000
1694354869828889968 72.814172 0.000000
1694354870198802940 72.654293 0.000000
1694354870199688092 72.555308 0.000000
1694354870199977782 72.503878 0.000000
1694354870206198060 72.689796 0.000000
1694354870208043369 72.856303 0.000000
1694354870208234905 72.763858 0.000000
1694354870210135482 72.532193 0.000000
1694354870210936242 72.509300 0.000000
1694354870210991210 72.649181 0.000000
1694354870283753400 72.757729 0.000000
1694354870591978289 72.803805 0.000000
1694354870938189020 72.368046 0.000000
1694354870940187410 72.427078 0.000000
1694354870940922618 72.369379 0.000000
1694354870941460495 72.442935 0.000000
1694354870942098136 72.365154 0.000000
1694354870944698719 72.497833 0.000000
1694354870944799684 72.493849 0.000000
1694354870946017636 72.469728 0.000000
1694354870949971506 72.705802 0.000000
1694354870950801399 72.548266 0.000000
1694354870950882759 72.868151 0.000000
1694354870952756278 72.451826 0.000000
1694354870953838694 72.542022 0.000000
1694354871644190974 72.747410 0.000000
1694354871645293617 73.069957 0.000000
1694354871646159234 72.408982 0.000000
1694354871646524725 72.740965 0.000000
1694354871651199634 72.996090 0.000000
1694354871652596603 72.675292 0.000000
1694354871653723267 72.580250 0.000000
1694354871657229560 72.718497 0.000000
1694354872442216176 72.448491 0.000000
1694354872442722160 73.012761 0.000000
1694354872442915660 73.195356 0.000000
1694354872443602330 72.565990 0.000000
1694354872447717776 73.428479 0.000000
1694354872452816467 72.676693 0.000000
1694354872453432678 72.929742 0.000000
1694354872456464445 73.086843 0.000000
1694354872458067589 72.816680 0.000000
1694354872459004897 72.824989 0.000000
1694354872516121185 72.514200 0.000000
1694354872573885738 130.965116 0.000000
1694354872593818694 72.929988 0.000000
1694354873129092561 72.575121 0.000000
1694354873131478393 72.598851 0.000000
1694354873131807861 72.892063 0.000000
1694354873133766638 72.995920 0.000000
1694354873137347720 72.551255 0.000000
1694354873141202264 73.387087 0.000000
1694354873264835314 131.062312 0.000000
1694354873284363401 72.943990 0.000000
1694354873889137358 72.823550 0.000000
1694354873890247694 72.595148 0.000000
1694354873891784579 72.934047 0.000000
1694354873893256999 73.013943 0.000000
1694354873897052224 72.473859 0.000000
1694354873897952691 72.644998 0.000000
1694354873901587428 72.478746 0.000000
1694354873902331732 72.988423 0.000000
1694354873903005186 72.758422 0.000000
1694354873904082064 72.718469 0.000000
1694354873904655625 72.742475 0.000000
1694354874038457046 72.515210 0.000000
1694354874754692297 72.624134 0.000000
1694354874754928081 72.678350 0.000000
1694354874756845612 72.472476 0.000000
1694354874757408503 72.570304 0.000000
1694354874757688370 72.729925 0.000000
1694354874759058146 72.682454 0.000000
1694354874763892637 72.589814 0.000000
1694354874769493964 72.808573 0.000000
1694354874769555643 73.204089 0.000000
1694354874769563020 72.993534 0.000000
1694354874915146012 72.519816 0.000000
1694354875437119316 72.565867 0.000000
1694354875437491588 72.536981 0.000000
1694354875439546019 72.513626 0.000000
1694354875441090802 72.804955 0.000000
1694354875441989431 72.626464 0.000000
1694354875442528551 72.723806 0.000000
1694354875446663653 72.753760 0.000000
1694354875451909051 72.944363 0.000000
1694354875454499570 72.580050 0.000000
1694354875455886210 72.486026 0.000000
1694354875457019485 72.572367 0.000000
1694354875457085543 72.725509 0.000000
1694354875824809891 72.761137 0.000000
1694354876131130618 72.841563 0.000000
1694354876133799545 73.193964 0.000000
1694354876135307597 72.706263 0.000000
1694354876136169059 72.426517 0.000000
1694354876814067873 72.824343 0.000000
1694354876816721594 72.546230 0.000000
1694354876818184251 73.103233 0.000000
1694354876818258534 73.216000 0.000000
1694354876818934895 72.927303 0.000000
1694354876819671260 72.653339 0.000000
1694354876826144723 72.864497 0.000000
1694354876968901327 72.644138 0.000000
1694354877257430906 72.707331 0.000000
1694354877509894697 72.713770 0.000000
1694354877511224098 72.591851 0.000000
1694354877511325670 72.602060 0.000000
1694354877512045040 72.549573 0.000000
1694354878377922814 72.403456 0.000000
1694354878380557151 72.785531 0.000000
1694354878383985145 72.785451 0.000000
1694354878386428261 72.613991 0.000000
1694354878386530970 72.480796 0.000000
1694354878388610133 72.579376 0.000000
1694354878390203605 73.266041 0.000000
1694354878390230458 72.683669 0.000000
1694354879083420965 72.458674 0.000000
1694354879086192556 72.498852 0.000000
1694354879087153945 73.030154 0.000000
1694354879092527141 72.590566 0.000000
1694354879093281342 72.761038 0.000000
1694354879093337243 73.308448 0.000000
1694354879093907536 72.590440 0.000000
1694354879097076252 72.811004 0.000000
1694354879774782385 72.710837 0.000000
1694354879777865902 73.120821 0.000000
1694354879778258512 72.377655 0.000000
1694354879778765292 72.778623 0.000000
1694354879780727167 72.649102 0.000000
1694354879783589288 72.626279 0.000000
1694354879785533442 72.460367 0.000000
1694354879786127621 72.461149 0.000000
1694354879786868276 72.957394 0.000000
1694354879787239446 72.657151 0.000000
1694354879787741004 72.658037 0.000000
1694354879788262248 72.702245 0.000000
1694354879858997582 72.863612 0.000000
1694354880655003094 73.063467 0.000000
1694354880655173747 73.066233 0.000000
1694354880656956058 73.061371 0.000000
1694354880658540543 72.528856 0.000000
1694354880660701567 73.091702 0.000000
1694354880662925833 72.482388 0.000000
1694354880662998777 72.835190 0.000000
1694354880666182352 72.575855 0.000000
1694354880668093374 72.370201 0.000000
1694354880668985186 72.599254 0.000000
1694354880812490201 72.641609 0.000000
1694354881384126425 72.631607 0.000000
1694354881384419036 72.512259 0.000000
1694354881389458124 73.053896 0.000000
1694354881391434908 72.640834 0.000000
1694354881392342416 72.968186 0.000000
1694354881392444138 72.532707 0.000000
1694354881393427058 73.065854 0.000000
1694354881524627587 72.509606 0.000000
1694354882066849716 72.584433 0.000000
1694354882066908392 72.696926 0.000000
1694354882066986524 72.627173 0.000000
1694354882070424943 72.640774 0.000000
1694354882070526500 72.822237 0.000000
1694354882072426224 72.600000 0.000000
1694354882072601342 72.468880 0.000000
1694354882074182124 72.513167 0.000000
1694354882074384340 72.246296 0.000000
1694354882075456322 72.436850 0.000000
1694354882075495824 72.514751 0.000000
1694354882075566223 72.410839 0.000000
1694354882075840762 72.631398 0.000000
1694354882076282732 72.887334 0.000000
1694354882077044185 72.608575 0.000000
1694354882455860384 72.800643 0.000000
1694354882757721280 72.602469 0.000000
1694354882757742875 72.847049 0.000000
1694354882761187984 72.450756 0.000000
1694354882762619543 72.699907 0.000000
1694354882764814065 72.972912 0.000000
1694354882769699509 72.970953 0.000000
1694354882771261923 73.170247 0.000000
1694354883145893999 72.841717 0.000000
1694354883182189096 131.029126 0.000000
1694354883254939670 72.743984 0.000000
1694354883370149710 72.867668 0.000000
1694354883442923376 72.769241 0.000000
1694354883546767155 72.952242 0.000000
1694354883550116225 72.708605 0.000000
1694354883551825056 72.515781 0.000000
1694354883553330823 73.122093 0.000000
1694354883553382408 72.956552 0.000000
1694354883554278645 72.517390 0.000000
1694354883555264346 72.469518 0.000000
1694354883556592590 72.404151 0.000000
1694354883557838301 72.524095 0.000000
1694354883558210097 72.666637 0.000000
1694354883559083316 72.695504 0.000000
1694354883559292548 72.366037 0.000000
1694354883562228367 72.724778 0.000000
1694354883563363210 72.676901 0.000000
1694354883563856880 72.760130 0.000000
1694354883756029992 130.899815 0.000000
1694354884263720377 72.795728 0.000000
1694354884266233520 72.509812 0.000000
1694354884266745247 72.747089 0.000000
1694354884275551138 73.360263 0.000000
1694354884279122056 72.803873 0.000000
1694354884279503589 73.013551 0.000000
1694354884336557417 72.831938 0.000000
1694354885128253536 72.791368 0.000000
1694354885129920780 72.994947 0.000000
1694354885132812766 72.945296 0.000000
1694354885137298654 72.496190 0.000000
1694354885140709338 72.595691 0.000000
1694354885142219290 72.512438 0.000000
1694354885143424517 72.663464 0.000000
1694354885144118057 73.046151 0.000000
1694354885263703546 130.882310 0.000000
1694354885886633437 72.730757 0.000000
1694354885886697441 72.828855 0.000000
1694354885889523619 72.991448 0.000000
1694354885890003702 73.370953 0.000000
1694354885892020164 72.759603 0.000000
1694354885894961936 73.122454 0.000000
1694354885900100830 72.733853 0.000000
1694354885900921366 73.263798 0.000000
1694354885902842706 73.691068 0.000000
1694354886635348483 72.558941 0.000000
1694354886636696408 72.866442 0.000000
1694354886637707548 72.726141 0.000000
1694354886638755138 72.651016 0.000000
1694354886640069008 73.025122 0.000000
1694354886645111588 73.032825 0.000000
1694354886645213881 73.098904 0.000000
1694354886647515968 72.618920 0.000000
1694354886779640612 72.673021 0.000000
1694354886786189155 72.842557 0.000000
1694354886819658385 72.662242 0.000000
1694354887161026267 72.933324 0.000000
1694354887332254290 72.619279 0.000000
1694354887333068071 72.739510 0.000000
1694354887333197687 72.779393 0.000000
1694354887334001996 72.802161 0.000000
1694354887335016509 72.651089 0.000000
1694354887336484368 72.775694 0.000000
1694354887477803713 72.974035 0.000000
1694354887486248096 72.556558 0.000000
1694354887716180669 72.792298 0.000000
1694354888115787560 72.584333 0.000000
1694354888116661045 72.533870 0.000000
1694354888116765147 72.677605 0.000000
1694354888117313560 72.660775 0.000000
1694354888120036060 72.686656 0.000000
1694354888120214716 72.418942 0.000000
1694354888121567712 72.465250 0.000000
1694354888121739949 72.642894 0.000000
1694354888124747368 72.458204 0.000000
1694354888129241020 72.864169 0.000000
1694354888130868054 72.869447 0.000000
1694354888188605753 72.813421 0.000000
1694354888873677916 72.568086 0.000000
1694354888874130611 72.747498 0.000000
1694354888874745984 72.545122 0.000000
1694354888874766507 72.665708 0.000000
1694354888875862680 72.702193 0.000000
1694354888876403720 72.446983 0.000000
1694354888877353086 72.537294 0.000000
1694354888879383255 72.602410 0.000000
1694354888882264571 72.537604 0.000000
1694354888885809297 72.617405 0.000000
1694354888886363578 72.495838 0.000000
1694354888887401871 72.558739 0.000000
1694354888888187521 72.740588 0.000000
1694354888888294746 72.658522 0.000000
1694354889343858141 72.801944 0.000000
1694354889348949720 72.501419 0.000000
1694354889351171580 72.479528 0.000000
1694354889356801422 72.496933 0.000000
1694354889415086830 131.020772 0.000000
1694354889415109243 127.837778 0.000000
1694354889423830656 72.650460 0.000000
1694354890035369984 72.945527 0.000000
1694354890039876464 72.457059 0.000000
1694354890039940293 72.604117 0.000000
1694354890041740722 72.789388 0.000000
1694354890049329672 72.911243 0.000000
1694354890049536098 72.488504 0.000000
1694354890051441726 72.691195 0.000000
1694354890719886475 72.935303 0.000000
1694354890720804056 73.101916 0.000000
1694354890723479423 72.805877 0.000000
1694354890725938495 72.483180 0.000000
1694354890727018591 72.576327 0.000000
1694354890727355115 72.339530 0.000000
1694354890728560973 72.597787 0.000000
1694354890729982023 72.472094 0.000000
1694354890731064935 72.442340 0.000000
1694354890731639945 72.501097 0.000000
1694354890731739050 72.609820 0.000000
1694354890857193825 131.248263 0.000000
1694354890872146727 144.782927 0.000000
1694354891697124761 72.861279 0.000000
1694354891698968359 72.560384 0.000000
1694354891700290359 72.550451 0.000000
1694354891701405075 72.610215 0.000000
1694354891704266024 72.625927 0.000000
1694354891707707795 72.675061 0.000000
1694354891710501065 72.932671 0.000000
1694354891853521756 73.379306 0.000000
1694354892473004974 72.598453 0.000000
1694354892473789882 72.755729 0.000000
1694354892473898836 72.432872 0.000000
1694354892475776825 72.959137 0.000000
1694354892478514686 72.939166 0.000000
1694354892481875594 72.905442 0.000000
1694354892485109706 72.495372 0.000000
1694354892837263808 72.711308 0.000000
1694354893349448074 72.598645 0.000000
1694354893354516203 72.954219 0.000000
1694354893360141926 72.799845 0.000000
1694354893361831601 72.628391 0.000000
1694354894034677122 72.509385 0.000000
1694354894035486191 72.956261 0.000000
1694354894035585262 72.503135 0.000000
1694354894038099518 72.698285 0.000000
1694354894040014232 72.451224 0.000000
1694354894040495684 72.633884 0.000000
1694354894041657650 72.636535 0.000000
1694354894042159559 72.486055 0.000000
1694354894042443139 72.647757 0.000000
1694354894043598505 72.737010 0.000000
1694354894779932774 72.700407 0.000000
1694354894786591713 72.539893 0.000000
1694354894787578837 73.204852 0.000000
1694354894788744070 72.735935 0.000000
1694354894926765046 72.660660 0.000000
1694354894930577466 72.847835 0.000000
1694354895465553849 72.670998 0.000000
1694354895467139778 72.605780 0.000000
1694354895604406506 72.754922 0.000000
1694354895609712980 73.139619 0.000000
1694354896146268365 72.625852 0.000000
1694354896148088740 72.602913 0.000000
1694354896148244187 72.713836 0.000000
1694354896150545166 72.681351 0.000000
1694354896153326343 72.468525 0.000000
1694354896153877662 72.481054 0.000000
1694354896154164370 72.574923 0.000000
1694354896154749192 72.401399 0.000000
1694354896155860520 72.522155 0.000000
1694354896157355778 72.940028 0.000000
1694354896644920191 72.661650 0.000000
1694354896646772275 72.505636 0.000000
1694354896651252309 72.758962 0.000000
1694354896656783611 72.730461 0.000000
1694354896707323088 130.787296 0.000000
1694354896777555379 130.777753 0.000000
1694354896830368542 72.724325 0.000000
1694354897401908440 72.741495 0.000000
1694354897402649886 72.880920 0.000000
1694354897406685280 72.856979 0.000000
1694354897407947058 73.079352 0.000000
1694354897409196729 72.670905 0.000000
1694354897410317885 72.625134 0.000000
1694354897411555854 72.498885 0.000000
1694354897484065599 72.505144 0.000000
1694354897553785592 73.218451 0.000000
1694354898063690470 72.965991 0.000000
1694354898140712322 72.514856 0.000000
1694354898142584773 72.578258 0.000000
1694354898143792541 72.740396 0.000000
1694354898144135986 73.004266 0.000000
1694354898144484332 72.542019 0.000000
1694354898145194025 72.774496 0.000000
1694354898145208849 72.826888 0.000000
1694354898145797650 72.909706 0.000000
1694354898147525675 72.554864 0.000000
1694354898148191546 72.430249 0.000000
1694354898148345880 72.454249 0.000000
1694354898148552511 72.493697 0.000000
1694354898149506688 72.864040 0.000000
1694354898220679775 73.149229 0.000000
1694354898280210672 131.859955 0.000000
1694354898281810738 132.300938 0.000000
1694354898293418372 72.735430 0.000000
1694354898900451238 73.088297 0.000000
1694354898908830498 73.246946 0.000000
1694354898911539457 72.684051 0.000000
1694354898912906416 72.859508 0.000000
1694354898913163946 73.102465 0.000000
1694354899289905228 72.735273 0.000000
1694354899397544802 73.153567 0.000000
1694354899398189804 72.510679 0.000000
1694354899398727797 72.654394 0.000000
1694354899402492740 73.325077 0.000000
1694354899405691114 72.981736 0.000000
1694354899408387183 72.964512 0.000000
1694354899409100610 72.594890 0.000000
1694354899409431476 72.902678 0.000000
1694354899411213992 72.640633 0.000000
1694354899412106962 72.959770 0.000000
1694354899412378640 72.963670 0.000000
1694354899645192070 72.609576 0.000000
1694354899767860031 72.630821 0.000000
1694354900263331081 72.720375 0.000000
1694354900265053808 72.510055 0.000000
1694354900265191299 72.545738 0.000000
1694354900265352208 72.500116 0.000000
1694354900266329544 72.634681 0.000000
1694354900266973619 72.778476 0.000000
1694354900267442441 73.190440 0.000000
1694354900336980899 73.645322 0.000000
1694354900412508195 145.530998 0.000000
1694354900644750436 72.995544 0.000000
1694354901085025947 73.101568 0.000000
1694354901086262847 72.803569 0.000000
1694354901086976795 73.021371 0.000000
1694354901089475775 72.937886 0.000000
1694354901091083344 72.764252 0.000000
1694354901096831706 73.155514 0.000000
1694354901231545316 72.818740 0.000000
1694354901239793140 72.812020 0.000000
1694354901504009833 72.646229 0.000000
1694354901506333560 72.478163 0.000000
1694354901510660176 72.953209 0.000000
1694354901511162180 73.306688 0.000000
1694354901511638068 73.745805 0.000000
1694354901511828727 72.447542 0.000000
1694354902330831948 73.155959 0.000000
1694354902332485348 72.904604 0.000000
1694354902333200153 72.907891 0.000000
1694354902338277598 72.756935 0.000000
1694354902339466767 72.659478 0.000000
1694354902340137931 72.567579 0.000000
1694354902340774573 72.468965 0.000000
1694354902342318369 72.492093 0.000000
1694354902342963646 72.648227 0.000000
1694354902344127742 72.713895 0.000000
1694354902412727757 72.584715 0.000000
1694354902416770548 72.638580 0.000000
1694354903091331530 73.092672 0.000000
1694354903097695326 72.521311 0.000000
1694354903100171698 73.231019 0.000000
1694354903199282555 72.408900 0.000000
1694354903383703035 72.367890 0.000000
1694354903803593983 72.760689 0.000000
1694354903803697674 72.449428 0.000000
1694354903805400876 72.477189 0.000000
1694354903806633321 72.444653 0.000000
1694354903807626243 72.601528 0.000000
1694354903809677881 72.640710 0.000000
1694354903810338926 72.718866 0.000000
1694354903811629396 72.757567 0.000000
1694354903811694829 72.889439 0.000000
1694354903814928835 72.446868 0.000000
1694354903816171159 72.434790 0.000000
1694354904578987575 72.671044 0.000000
1694354904582893226 72.579296 0.000000
1694354904585343929 72.513377 0.000000
1694354904588739617 72.899511 0.000000
1694354904588789969 72.844168 0.000000
1694354904588852806 72.650602 0.000000
1694354904591347160 73.503447 0.000000
1694354904664304110 72.952179 0.000000
1694354904735237236 72.964668 0.000000
1694354905331033878 72.603837 0.000000
1694354905335792249 72.615760 0.000000
1694354905338565312 72.544503 0.000000
1694354905341341563 73.012729 0.000000
1694354905341917574 72.405705 0.000000
1694354905341997625 72.393156 0.000000
1694354905344234300 72.649869 0.000000
1694354905344340186 72.657863 0.000000
1694354905486408760 145.061900 0.000000
1694354905613486896 72.763649 0.000000
1694354905696247702 72.778678 0.000000
1694354905793672008 72.781034 0.000000
1694354905996477547 72.708607 0.000000
1694354905996643794 72.884807 0.000000
1694354905999398073 72.524428 0.000000
1694354906000687576 72.702472 0.000000
1694354906001348972 72.537097 0.000000
1694354906002875567 72.585023 0.000000
1694354906006749608 73.335200 0.000000
1694354906006884578 73.361436 0.000000
1694354906009304443 72.791178 0.000000
1694354906051920682 72.711201 0.000000
1694354906154445104 145.135870 0.000000
1694354906796058837 72.562640 0.000000
1694354906796416590 72.761277 0.000000
1694354906798690135 72.514734 0.000000
1694354906800567607 73.410140 0.000000
1694354906800671098 72.996276 0.000000
1694354906807291631 72.961438 0.000000
1694354906808275147 72.439969 0.000000
1694354906808826826 72.557874 0.000000
1694354906809258983 72.607885 0.000000
1694354906809329151 72.976078 0.000000
1694354906811125685 73.099165 0.000000
1694354906811950165 73.607904 0.000000
1694354907561430239 72.795708 0.000000
1694354907562052524 72.774558 0.000000
1694354907564166141 72.618454 0.000000
1694354907565255553 72.952047 0.000000
1694354907566319190 73.259052 0.000000
1694354907567247021 72.695875 0.000000
1694354907571894545 72.651552 0.000000
1694354907577685406 72.914154 0.000000
1694354907649057292 77.158086 0.000000
1694354908240783806 72.641500 0.000000
1694354908242241420 72.577070 0.000000
1694354908243491376 72.687031 0.000000
1694354908251113018 72.476311 0.000000
1694354908252748291 72.672914 0.000000
1694354908395285780 72.901960 0.000000
1694354908930332868 72.767010 0.000000
1694354908933192649 72.724201 0.000000
1694354908933268746 72.632587 0.000000
1694354908933284338 72.409919 0.000000
1694354908935009992 72.523985 0.000000
1694354908936551812 72.933133 0.000000
1694354908940133444 72.579390 0.000000
1694354908940706985 72.674420 0.000000
1694354909631204181 72.719304 0.000000
1694354909631317209 72.690196 0.000000
1694354909632849211 72.727367 0.000000
1694354909632924080 72.758509 0.000000
1694354909633157689 72.801690 0.000000
1694354909634172246 72.461553 0.000000
1694354909636470416 73.211940 0.000000
1694354909642349823 72.676909 0.000000
1694354909642366973 73.049487 0.000000
1694354909642418182 73.088077 0.000000
1694354909642435392 72.728043 0.000000
1694354909773087871 130.715762 0.000000
1694354910015660757 73.043726 0.000000
1694354910382063382 73.033499 0.000000
1694354910382225720 72.666425 0.000000
1694354910387672946 72.877951 0.000000
1694354910387772202 72.872057 0.000000
1694354910388631066 73.081800 0.000000
1694354910389156264 72.866229 0.000000
1694354910389266365 72.721988 0.000000
1694354910391212445 72.783681 0.000000
1694354911182474995 72.460694 0.000000
1694354911186338594 72.416807 0.000000
1694354911188768952 72.587684 0.000000
1694354911194531226 72.520583 0.000000
1694354911245922787 131.841142 0.000000
1694354911249671633 130.675748 0.000000
1694354911250860100 130.842702 0.000000
1694354911338010745 72.613974 0.000000
1694354911383812959 130.713286 0.000000
1694354911405179613 72.716532 0.000000
1694354911930899514 72.896734 0.000000
1694354911933823826 72.780713 0.000000
1694354911935722225 72.785079 0.000000
1694354911937066755 72.795694 0.000000
1694354911937371585 73.038244 0.000000
1694354911938580840 72.927035 0.000000
1694354911939807641 72.833462 0.000000
1694354911939825277 73.287519 0.000000
1694354911942711030 73.000319 0.000000
1694354912021986332 72.589663 0.000000
1694354912228986099 72.428903 0.000000
1694354912877055251 72.871889 0.000000
1694354912883931243 72.771215 0.000000
1694354912884370831 72.479396 0.000000
1694354912889016792 72.832448 0.000000
1694354912889222451 72.744579 0.000000
1694354912889837272 72.370066 0.000000
1694354913628104009 72.664711 0.000000
1694354913628479197 73.161894 0.000000
1694354913630642544 72.798267 0.000000
1694354913632854472 72.427148 0.000000
1694354913633006847 72.640038 0.000000
1694354913635264072 72.582755 0.000000
1694354913635515893 72.808671 0.000000
1694354913636164252 72.610439 0.000000
1694354913636186464 72.541118 0.000000
1694354913637647696 72.969922 0.000000
1694354913639173783 73.517852 0.000000
1694354913639303184 72.985063 0.000000
1694354913640733680 72.408415 0.000000
1694354913705465905 72.606782 0.000000
1694354913749833799 73.064487 0.000000
1694354913783608738 72.556655 0.000000
1694354914411398291 72.593506 0.000000
1694354914417474080 73.030128 0.000000
1694354914418520240 72.735296 0.000000
1694354914422067352 73.213925 0.000000
1694354914422838848 72.729077 0.000000
1694354914423685820 72.722571 0.000000
1694354914426243319 72.580280 0.000000
1694354914427008264 72.410329 0.000000
1694354914427766935 72.964860 0.000000
1694354915069706553 72.560933 0.000000
1694354915071692651 72.820151 0.000000
1694354915073244459 74.385455 0.000000
1694354915073407638 74.288941 0.000000
1694354915073853762 74.822738 0.000000
1694354915074178438 72.654696 0.000000
1694354915077445168 72.909710 0.000000
1694354915077583074 72.768682 0.000000
1694354915080640335 72.633718 0.000000
1694354915082023234 72.915960 0.000000
1694354915082363547 72.409691 0.000000
1694354915575090200 73.334309 0.000000
1694354915577102249 72.633858 0.000000
1694354915578459048 72.616056 0.000000
1694354915581649585 73.322382 0.000000
1694354915582516724 72.584463 0.000000
1694354915634737382 131.137487 0.000000
1694354915652155484 73.692497 0.000000
1694354916146193865 72.781080 0.000000
1694354916317620639 72.651547 0.000000
1694354916318595784 72.332214 0.000000
1694354916318955031 72.605906 0.000000
1694354916319814591 72.569266 0.000000
1694354916325311026 72.534716 0.000000
1694354916325432434 72.577465 0.000000
1694354916325749111 72.348713 0.000000
1694354916327544711 72.621734 0.000000
1694354916498458422 72.334967 0.000000
1694354916619734050 72.601085 0.000000
1694354916692318247 72.578458 0.000000
1694354916861167390 72.646893 0.000000
1694354917209832209 72.616211 0.000000
1694354917210624293 72.701544 0.000000
1694354917217855576 72.794957 0.000000
1694354917219986341 73.682643 0.000000
1694354917220432189 72.505552 0.000000
1694354917221000342 72.608903 0.000000
1694354917222944532 72.562400 0.000000
1694354917224067316 72.687416 0.000000
1694354917224156368 72.808558 0.000000
1694354917224236054 72.633285 0.000000
1694354917224299772 72.394249 0.000000
1694354917598383761 73.026219 0.000000
1694354917706280741 72.429480 0.000000
1694354917708324829 72.451321 0.000000
1694354917709603355 72.689837 0.000000
1694354917712339439 72.724578 0.000000
1694354917713260358 73.128007 0.000000
1694354917714180385 72.716162 0.000000
1694354918475412131 72.796409 0.000000
1694354918476759251 72.875443 0.000000
1694354918478257333 72.607870 0.000000
1694354918483755177 72.846701 0.000000
1694354918486026499 72.684052 0.000000
1694354919209207704 72.879903 0.000000
1694354919209802724 72.557442 0.000000
1694354919211224859 73.421043 0.000000
1694354919212356223 73.398559 0.000000
1694354919213130475 73.736816 0.000000
1694354919213185077 73.966377 0.000000
1694354919213191988 74.110843 0.000000
1694354919217157009 73.292237 0.000000
1694354919217533515 73.500707 0.000000
1694354919358659503 141.496160 0.000000
1694354919908670866 73.024633 0.000000
1694354919911889388 72.668078 0.000000
1694354919913088605 72.902755 0.000000
1694354919914131984 72.845753 0.000000
1694354919918314645 73.133392 0.000000
1694354919918892535 72.792600 0.000000
1694354919918962423 73.155795 0.000000
1694354919984794845 72.900777 0.000000
1694354920578994690 72.583667 0.000000
1694354920580864307 73.266531 0.000000
1694354920581356282 72.635197 0.000000
1694354920584044656 72.606335 0.000000
1694354920587789162 72.760800 0.000000
1694354920587992060 72.722260 0.000000
1694354920591690053 72.583432 0.000000
1694354920592282612 72.624333 0.000000
1694354920593850167 72.569681 0.000000
1694354920735856868 72.640073 0.000000
1694354921466093633 72.678386 0.000000
1694354921467655925 72.785842 0.000000
1694354921469564718 72.681054 0.000000
1694354921470150798 72.773634 0.000000
1694354921472798190 72.565379 0.000000
1694354921473448003 72.642463 0.000000
1694354921475098675 72.497902 0.000000
1694354921475803551 72.630665 0.000000
1694354921477159377 72.914005 0.000000
1694354921477857592 72.606103 0.000000
1694354921479363167 72.632815 0.000000
1694354921622092620 72.701195 0.000000
1694354922442544772 73.236505 0.000000
1694354922443569908 72.749852 0.000000
1694354922445652987 72.790537 0.000000
1694354922446151778 72.667164 0.000000
1694354922447681845 72.610548 0.000000
1694354922450161432 73.047024 0.000000
1694354922455408862 72.569112 0.000000
1694354922594586901 73.004285 0.000000
1694354923140201010 72.633154 0.000000
1694354923148040112 72.481457 0.000000
1694354923149700463 72.877093 0.000000
1694354923222889201 73.184819 0.000000
1694354923596459026 72.891908 0.000000
1694354923602809323 72.527725 0.000000
1694354924481732352 72.802348 0.000000
1694354924483191113 72.632558 0.000000
1694354924489491043 72.669429 0.000000
1694354924490438017 72.469870 0.000000
1694354924490635743 72.631040 0.000000
1694354924493060727 72.822179 0.000000
1694354924493157413 72.442621 0.000000
1694354924494613752 72.829396 0.000000
1694354924494669136 72.988377 0.000000
1694354924631023957 72.576528 0.000000
1694354924847874714 72.880174 0.000000
1694354925387535415 72.725834 0.000000
1694354925388764877 73.442312 0.000000
1694354925391912995 73.209420 0.000000
1694354925392423413 72.732374 0.000000
1694354925392545567 72.683485 0.000000
1694354925393432667 72.591065 0.000000
1694354925396658306 72.568433 0.000000
1694354925398049324 72.535803 0.000000
1694354925402240435 73.243560 0.000000
1694354925461300017 72.530364 0.000000
1694354925529149576 131.095692 0.000000
1694354926130455289 72.607463 0.000000
1694354926131107147 72.675711 0.000000
1694354926131168700 72.635984 0.000000
1694354926131477469 72.474879 0.000000
1694354926131990704 72.655725 0.000000
1694354926132169500 72.383055 0.000000
1694354926133789385 72.675842 0.000000
1694354926134289459 72.650844 0.000000
1694354926135786730 73.006176 0.000000
1694354926137019786 72.597370 0.000000
1694354926137774457 72.648174 0.000000
1694354926141870387 72.844260 0.000000
1694354926141938330 72.498720 0.000000
1694354926143393933 72.588405 0.000000
1694354926204721670 72.548271 0.000000
1694354926394556840 72.684893 0.000000
1694354926503631852 72.968323 0.000000
1694354926799699939 72.689778 0.000000
1694354926800479829 72.664990 0.000000
1694354926802249749 72.694404 0.000000
1694354926806207908 72.697157 0.000000
1694354926810931889 72.673682 0.000000
1694354926811956309 73.464813 0.000000
1694354926812003183 73.014992 0.000000
1694354927190937161 73.187653 0.000000
1694354927503576583 72.898368 0.000000
1694354927504369619 72.934852 0.000000
1694354927511072958 73.919936 0.000000
1694354927511224059 73.845548 0.000000
1694354927511307153 73.156629 0.000000
1694354927513896630 73.085399 0.000000
1694354927513976361 73.051685 0.000000
1694354927515078171 73.430877 0.000000
1694354927534648135 72.528579 0.000000
1694354927667613140 72.496284 0.000000
1694354928197318049 72.631968 0.000000
1694354928198174272 72.532777 0.000000
1694354928199284567 72.488293 0.000000
1694354928200709464 72.567934 0.000000
1694354928202632460 73.167875 0.000000
1694354928203590064 72.684871 0.000000
1694354928205782162 72.535338 0.000000
1694354928207953827 72.629668 0.000000
1694354928208208560 72.395618 0.000000
1694354928273297083 72.582273 0.000000
1694354928281105128 72.892039 0.000000
1694354928423293105 72.538315 0.000000
1694354928952029510 74.115732 0.000000
1694354928954167808 72.950564 0.000000
1694354928954318980 72.927155 0.000000
1694354929695478451 72.728217 0.000000
1694354929696819202 72.762327 0.000000
1694354929700441669 72.771859 0.000000
1694354929700818371 72.992833 0.000000
1694354929701815392 72.918515 0.000000
1694354929703570763 72.550934 0.000000
1694354929706187033 72.607551 0.000000
1694354929706914642 72.794236 0.000000
1694354929707907733 72.979031 0.000000
1694354929708936102 73.344757 0.000000
1694354929709188239 72.476521 0.000000
1694354930384445914 72.953632 0.000000
1694354930387986351 72.982514 0.000000
1694354930389965828 72.758117 0.000000
1694354930390616538 73.194046 0.000000
1694354930391737176 72.819991 0.000000
1694354930391876150 72.610367 0.000000
1694354930392976797 72.585800 0.000000
1694354930560538966 72.551890 0.000000
1694354931058059406 72.787965 0.000000
1694354931064585632 72.730987 0.000000
1694354931064653645 72.900277 0.000000
1694354931065227671 72.643689 0.000000
1694354931068960691 72.967613 0.000000
1694354931069022916 73.269190 0.000000
1694354931072819674 72.685477 0.000000
1694354931074171696 72.566169 0.000000
1694354931077107149 72.600955 0.000000
1694354931077832918 72.563362 0.000000
1694354931078702843 72.732611 0.000000
1694354931213782439 144.816983 0.000000
1694354931218866318 73.944272 0.000000
1694354931223386630 145.548791 0.000000
1694354931764537560 72.900692 0.000000
1694354931766700946 72.920136 0.000000
1694354931767087055 72.897148 0.000000
1694354931768364994 72.709677 0.000000
1694354931770447326 72.742388 0.000000
1694354931777517664 72.583268 0.000000
1694354931778355309 72.683181 0.000000
1694354931778606985 72.486412 0.000000
1694354931778690950 72.520301 0.000000
1694354931778823449 72.525468 0.000000
1694354931779025419 72.750697 0.000000
1694354931909450532 72.823608 0.000000
1694354931911845567 145.138176 0.000000
1694354931923654770 145.044913 0.000000
1694354932452029160 72.757248 0.000000
1694354932454728168 73.034810 0.000000
1694354932454787786 73.088996 0.000000
1694354932454818884 72.834544 0.000000
1694354932455042635 73.214473 0.000000
1694354932457486137 72.975071 0.000000
1694354932462144847 73.034068 0.000000
1694354932462172180 73.216297 0.000000
1694354932462844671 72.538660 0.000000
1694354932465440433 72.682870 0.000000
1694354932466540483 73.073755 0.000000
1694354932609675485 72.883296 0.000000
1694354932921345203 72.791556 0.000000
1694354933145616715 72.486036 0.000000
1694354933149343871 73.002016 0.000000
1694354933150052726 72.733341 0.000000
1694354933156314767 74.465453 0.000000
1694354933157256986 73.166410 0.000000
1694354933159406088 72.608586 0.000000
1694354933159898599 72.643999 0.000000
1694354933445873457 72.483469 0.000000
1694354933882768258 73.657978 0.000000
1694354933883208813 72.467443 0.000000
1694354933888353028 72.863188 0.000000
1694354933892685196 73.082899 0.000000
1694354933892963333 72.351878 0.000000
1694354933894973467 72.707401 0.000000
1694354933965547492 72.579693 0.000000
1694354934030195472 72.644569 0.000000
1694354934708282009 72.520690 0.000000
1694354934708410859 72.592147 0.000000
1694354934712778806 72.722802 0.000000
1694354934713220615 72.592172 0.000000
1694354934714532929 72.510327 0.000000
1694354934716102583 72.485719 0.000000
1694354934716205287 72.548244 0.000000
1694354934719338435 72.438534 0.000000
1694354934720389977 73.023491 0.000000
1694354934721574139 73.134704 0.000000
1694354934724599787 72.572390 0.000000
1694354934725695071 72.857980 0.000000
1694354935098695067 72.770537 0.000000
1694354935320448391 73.047391 0.000000
1694354935320548033 73.005848 0.000000
1694354935321177258 73.470074 0.000000
1694354935324703897 72.566441 0.000000
1694354935326343949 72.618403 0.000000
1694354935328654753 72.676201 0.000000
1694354935329206156 72.662509 0.000000
1694354935331284819 72.927727 0.000000
1694354935333176182 72.760943 0.000000
1694354935333497039 72.730171 0.000000
1694354935478731287 73.221816 0.000000
1694354936150993878 72.892930 0.000000
1694354936152430352 72.497310 0.000000
1694354936152576757 72.409701 0.000000
1694354936154422058 72.726563 0.000000
1694354936154876395 72.742977 0.000000
1694354936155813016 72.708852 0.000000
1694354936156386150 72.483668 0.000000
1694354936157477350 72.623102 0.000000
1694354936537535552 72.634168 0.000000
1694354936932866781 72.623695 0.000000
1694354936935766870 73.320694 0.000000
1694354936938244980 72.391541 0.000000
1694354936938999952 72.790961 0.000000
1694354936939605273 72.820979 0.000000
1694354936943081600 72.459915 0.000000
1694354936944955117 72.348627 0.000000
1694354937013463425 73.855957 0.000000
1694354937690244498 72.609781 0.000000
1694354937690279303 74.358818 0.000000
1694354937691188954 73.205946 0.000000
1694354937692323393 72.489605 0.000000
1694354937705575573 72.543038 0.000000
1694354937706156255 72.746120 0.000000
1694354937707512947 72.365051 0.000000
1694354937707836784 72.597007 0.000000
1694354937708785581 72.846754 0.000000
1694354937762866046 72.585195 0.000000
1694354938017109016 72.425503 0.000000
1694354938361312861 72.661580 0.000000
1694354938589221935 72.370876 0.000000
1694354938591538933 72.463185 0.000000
1694354938601000968 72.432957 0.000000
1694354938601027148 73.069180 0.000000
1694354938602385406 72.982340 0.000000
1694354938739747288 73.043219 0.000000
1694354939265276369 72.599755 0.000000
1694354939276075528 73.207976 0.000000
1694354939276218487 73.135775 0.000000
1694354939281764832 72.556658 0.000000
1694354939284714791 73.091344 0.000000
1694354939284959715 72.923465 0.000000
1694354939285298683 72.418436 0.000000
1694354939286510938 72.324525 0.000000
1694354939288047215 72.698068 0.000000
1694354939288075165 72.796330 0.000000
1694354939288103514 72.441665 0.000000
1694354939288303242 72.358707 0.000000
1694354939288653985 72.430253 0.000000
1694354939288691873 72.336489 0.000000
1694354939664963314 72.585224 0.000000
1694354940148990623 74.231770 0.000000
1694354940150469364 72.461293 0.000000
1694354940152037839 73.126754 0.000000
1694354940156590833 73.161510 0.000000
1694354940160307627 72.347241 0.000000
1694354940160528377 72.295631 0.000000
1694354940161013271 72.488352 0.000000
1694354940998239605 72.535865 0.000000
1694354941001492748 72.839788 0.000000
1694354941002314866 72.655557 0.000000
1694354941002583966 72.529896 0.000000
1694354941007569842 72.635204 0.000000
1694354941007915892 72.827581 0.000000
1694354941008037454 72.432165 0.000000
1694354941009510302 72.670129 0.000000
1694354941154935239 72.447498 0.000000
1694354941773111797 72.502829 0.000000
1694354941775097905 72.683645 0.000000
1694354941776252036 72.575788 0.000000
1694354941778200451 73.059149 0.000000
1694354941782456668 72.877972 0.000000
1694354941784722517 72.612504 0.000000
1694354941933034997 72.509810 0.000000
1694354942317432253 72.582689 0.000000
1694354942328218438 72.544460 0.000000
1694354942330339656 72.510931 0.000000
1694354942330878390 72.777402 0.000000
1694354942332223826 73.104609 0.000000
1694354942402950089 72.605598 0.000000
1694354942534197155 72.461132 0.000000
1694354942606751859 72.550388 0.000000
1694354943312266428 73.079053 0.000000
1694354943312804310 73.166001 0.000000
1694354943313716498 72.721451 0.000000
1694354943313793467 72.586061 0.000000
1694354943318254546 72.543668 0.000000
1694354943323759104 72.776760 0.000000
1694354943327320929 72.990272 0.000000
1694354943459244214 145.522669 0.000000
1694354943459304564 145.508927 0.000000
1694354944134410581 72.747525 0.000000
1694354944140466487 72.736255 0.000000
1694354944141364136 72.590646 0.000000
1694354944146280829 72.785945 0.000000
1694354944147143031 73.123566 0.000000
1694354944147144560 72.960782 0.000000
1694354944964134382 72.568990 0.000000
1694354944964367490 72.641789 0.000000
1694354944965393699 72.430408 0.000000
1694354944966375609 72.524598 0.000000
1694354944967410864 72.594485 0.000000
1694354944971390697 73.183161 0.000000
1694354944971889443 73.522686 0.000000
1694354944972121263 72.682159 0.000000
1694354944972730351 72.468066 0.000000
1694354944973855329 72.754928 0.000000
1694354945121315344 72.742910 0.000000
1694354945153614748 72.821202 0.000000
1694354945612683926 72.664903 0.000000
1694354945615164916 72.819904 0.000000
1694354945615724754 72.903984 0.000000
1694354945616418007 73.084500 0.000000
1694354945616637428 72.944283 0.000000
1694354945621724810 72.509095 0.000000
1694354945623202048 72.506614 0.000000
1694354945624088236 72.840662 0.000000
1694354945625241445 72.614896 0.000000
1694354945625396260 72.729178 0.000000
1694354945626265548 72.546362 0.000000
1694354945976780288 72.752472 0.000000
1694354946399416101 72.988020 0.000000
1694354946400443788 73.001075 0.000000
1694354946402102624 72.749935 0.000000
1694354946402396994 72.957603 0.000000
1694354946403093966 72.577448 0.000000
1694354946405175907 72.619636 0.000000
1694354946406370783 72.750947 0.000000
1694354946406897830 72.524240 0.000000
1694354946408642160 72.508428 0.000000
1694354946411006228 72.531006 0.000000
1694354946414248123 72.585788 0.000000
1694354946414933529 72.762018 0.000000
1694354946472554038 73.133287 0.000000
1694354947237028858 72.924512 0.000000
1694354947238218818 72.668691 0.000000
1694354947242983638 72.731062 0.000000
1694354947244953518 72.748191 0.000000
1694354947245453392 73.160666 0.000000
1694354947246270619 72.517635 0.000000
1694354947247867896 72.973551 0.000000
1694354947250623901 72.621376 0.000000
1694354947250694726 72.737381 0.000000
1694354947251365722 73.138525 0.000000
1694354947251682695 72.602217 0.000000
1694354947252323296 72.526586 0.000000
1694354947383161773 72.791500 0.000000
1694354947514102520 130.936221 0.000000
1694354947630571884 73.132646 0.000000
1694354948035863938 72.591626 0.000000
1694354948036647648 72.840400 0.000000
1694354948040339676 72.993531 0.000000
1694354948045558969 72.769985 0.000000
1694354948047004955 72.933276 0.000000
1694354948049391574 72.612745 0.000000
1694354948051079578 72.630045 0.000000
1694354948768779712 72.722675 0.000000
1694354948768993715 72.418853 0.000000
1694354948770171467 72.783091 0.000000
1694354948771144050 72.919849 0.000000
1694354948771254062 72.630094 0.000000
1694354948772154412 72.777528 0.000000
1694354948773349905 72.591079 0.000000
1694354948923465916 72.640944 0.000000
1694354949540222314 72.827270 0.000000
1694354949541467778 73.495270 0.000000
1694354949542323444 72.820590 0.000000
1694354949544886750 72.631520 0.000000
1694354949548567126 72.720748 0.000000
1694354949552706355 72.491328 0.000000
1694354949553391711 72.455094 0.000000
1694354949553697999 72.571129 0.000000
1694354949553988259 72.568237 0.000000
1694354949554685677 72.519680 0.000000
1694354949554951546 72.521438 0.000000
1694354949691882844 72.906537 0.000000
1694354949932029980 72.699520 0.000000
1694354950214251058 72.637965 0.000000
1694354950266734859 72.793874 0.000000
1694354950281777601 72.752192 0.000000
1694354950281838653 72.797427 0.000000
1694354950409191916 72.883944 0.000000
1694354950481711829 72.515848 0.000000
1694354951024726604 73.859474 0.000000
1694354951024797710 73.874338 0.000000
1694354951026957331 72.615509 0.000000
1694354951029817298 72.546563 0.000000
1694354951029878676 72.765587 0.000000
1694354951030668259 72.643724 0.000000
1694354951031368017 72.671223 0.000000
1694354951031367932 72.554793 0.000000
1694354951032295406 72.490839 0.000000
1694354951172864142 72.888915 0.000000
1694354951175249995 72.593953 0.000000
1694354951781430695 72.960155 0.000000
1694354951784297237 72.691921 0.000000
1694354951786487074 72.619823 0.000000
1694354951787087787 72.715591 0.000000
1694354951787308375 72.517646 0.000000
1694354951788139389 72.502651 0.000000
1694354951790563196 72.940915 0.000000
1694354951793910091 72.559327 0.000000
1694354951887493743 72.567737 0.000000
1694354952681287209 72.662713 0.000000
1694354952687255059 72.581428 0.000000
1694354952688513658 72.633245 0.000000
1694354952688765926 72.407429 0.000000
1694354952689303377 72.573987 0.000000
1694354952689404467 72.437228 0.000000
1694354952691341460 72.959113 0.000000
1694354953217756005 72.599495 0.000000
1694354953225423837 72.615773 0.000000
1694354953228131123 72.989102 0.000000
1694354953228222892 72.495674 0.000000
1694354953229551645 72.865504 0.000000
1694354953230444969 72.419466 0.000000
1694354953300805102 72.669062 0.000000
1694354953303913652 73.463200 0.000000
1694354953733448999 72.998854 0.000000
1694354954037158089 72.555291 0.000000
1694354954073761083 73.261465 0.000000
1694354954074005121 72.521272 0.000000
1694354954076159535 73.138629 0.000000
1694354954077194048 72.566507 0.000000
1694354954078699632 72.824032 0.000000
1694354954079905534 72.679220 0.000000
1694354954081231094 72.501678 0.000000
1694354954083027205 72.820179 0.000000
1694354954083601226 72.882253 0.000000
1694354954085394159 72.743550 0.000000
1694354954085672707 72.497843 0.000000
1694354954217460882 132.061411 0.000000
1694354954221907095 145.738508 0.000000
1694354954465163547 72.979484 0.000000
1694354954467622490 72.928180 0.000000
1694354954742231016 73.033027 0.000000
1694354954844226876 72.419015 0.000000
1694354954845747951 72.885942 0.000000
1694354954849018183 72.491108 0.000000
1694354954859298876 72.684798 0.000000
1694354954863730646 72.725583 0.000000
1694354954863900972 72.806196 0.000000
1694354954865720397 73.004522 0.000000
1694354955000647903 72.561150 0.000000
1694354955006274148 72.390247 0.000000
1694354955008936465 73.402232 0.000000
1694354955131638181 130.986007 0.000000
1694354955249041964 72.949772 0.000000
1694354955636278435 72.894646 0.000000
1694354955638073102 73.198614 0.000000
1694354955642877027 72.728849 0.000000
1694354955642956307 72.642227 0.000000
1694354955644193010 72.658486 0.000000
1694354955644685948 72.658851 0.000000
1694354955926722742 72.654923 0.000000
1694354956537359810 72.655463 0.000000
1694354956537696328 72.938843 0.000000
1694354956538021284 72.428234 0.000000
1694354956539167813 72.504166 0.000000
1694354956547636268 72.719417 0.000000
1694354956548405513 72.834329 0.000000
1694354956548876975 72.961419 0.000000
1694354956550821065 72.644306 0.000000
1694354956552121191 72.558196 0.000000
1694354956694249705 72.927507 0.000000
1694354957467122447 72.746731 0.000000
1694354957470823987 73.128826 0.000000
1694354957472104673 72.553217 0.000000
1694354957474180911 72.694961 0.000000
1694354958227112846 72.693065 0.000000
1694354958230418284 72.420050 0.000000
1694354958230539627 72.420576 0.000000
1694354958230637529 72.500642 0.000000
1694354958230946413 72.681268 0.000000
1694354958231472372 72.618973 0.000000
1694354958232408757 72.959399 0.000000
1694354958238928426 72.635405 0.000000
1694354958239024309 72.571331 0.000000
1694354958240336338 72.561884 0.000000
1694354958240719905 72.507964 0.000000
1694354958987982795 72.791663 0.000000
1694354958989317918 73.288545 0.000000
1694354958992946047 72.720869 0.000000
1694354959132997197 145.007191 0.000000
1694354959667289495 72.667254 0.000000
1694354959669359357 72.471133 0.000000
1694354959669923365 72.358466 0.000000
1694354959670995992 72.544714 0.000000
1694354959672475475 72.740158 0.000000
1694354959679280633 72.597667 0.000000
1694354959680093159 72.410125 0.000000
1694354959819689190 72.449432 0.000000
1694354960497654604 72.724836 0.000000
1694354960498952865 72.540888 0.000000
1694354960498977332 72.726310 0.000000
1694354960499045446 72.854473 0.000000
1694354960501510142 72.881481 0.000000
1694354960509330233 72.533095 0.000000
1694354960509418669 72.398577 0.000000
1694354960509417396 72.662496 0.000000
1694354960509464987 72.551122 0.000000
1694354960509876825 72.383116 0.000000
1694354960510597818 72.787151 0.000000
1694354960512022013 72.720897 0.000000
1694354960890912784 72.861118 0.000000
1694354960963426735 72.509425 0.000000
1694354961009133980 72.656794 0.000000
1694354961009194035 72.424809 0.000000
1694354961013163479 73.225356 0.000000
1694354961013454677 73.469034 0.000000
1694354961014296752 72.560660 0.000000
1694354961017602174 72.862763 0.000000
1694354961018214555 72.471036 0.000000
1694354961018382140 72.282964 0.000000
1694354961798662354 73.284576 0.000000
1694354961800425493 72.770875 0.000000
1694354961801884418 72.940415 0.000000
1694354961806207073 72.814210 0.000000
1694354961809120479 73.082736 0.000000
1694354961810338710 72.507682 0.000000
1694354961812045322 72.588850 0.000000
1694354961812796866 72.607834 0.000000
1694354962024999840 73.022298 0.000000
1694354962160054338 72.687819 0.000000
1694354962452237618 72.892942 0.000000
1694354962452443848 72.504343 0.000000
1694354962456941827 72.576807 0.000000
1694354962457449914 72.693704 0.000000
1694354962459378989 72.722530 0.000000
1694354962461182346 72.499316 0.000000
1694354962464020045 72.364676 0.000000
1694354962464093376 72.358472 0.000000
1694354962465338719 72.951999 0.000000
1694354962466450667 72.604285 0.000000
1694354962467153518 72.733521 0.000000
1694354962467253195 72.543108 0.000000
1694354962467545616 72.715819 0.000000
1694354962498938670 72.691107 0.000000
1694354963134139758 72.847225 0.000000
1694354963135870466 72.608238 0.000000
1694354963140805572 73.186925 0.000000
1694354963140879058 72.598892 0.000000
1694354963140887583 73.013642 0.000000
1694354963140940155 73.029098 0.000000
1694354963142145721 72.592382 0.000000
1694354963142219362 72.514335 0.000000
1694354963144778413 72.611983 0.000000
1694354963145951564 72.880893 0.000000
1694354963147392798 72.614342 0.000000
1694354963213755846 72.867462 0.000000
1694354963217521811 72.737504 0.000000
1694354963289724220 72.907800 0.000000
1694354963392096085 72.564176 0.000000
1694354963402887105 72.618206 0.000000
1694354964156680496 72.622736 0.000000
1694354964157979214 72.786958 0.000000
1694354964165138742 72.374890 0.000000
1694354964165559521 72.752844 0.000000
1694354964906469091 72.614773 0.000000
1694354964909811525 72.558346 0.000000
1694354964910990138 72.523180 0.000000
1694354964912602912 73.293111 0.000000
1694354964912793761 73.523594 0.000000
1694354964913580352 74.105392 0.000000
1694354964914192271 72.963234 0.000000
1694354964918022440 72.662043 0.000000
1694354965802718126 72.626936 0.000000
1694354965805901449 72.759208 0.000000
1694354965814875405 72.926262 0.000000
1694354965815203213 72.485541 0.000000
1694354966670546342 72.701574 0.000000
1694354966671980915 72.528526 0.000000
1694354966672037627 72.673072 0.000000
1694354966675018886 72.677627 0.000000
1694354966675919758 72.462672 0.000000
1694354966681273392 72.726276 0.000000
1694354966681990531 72.627030 0.000000
1694354966685635229 72.788166 0.000000
1694354966826834307 72.532585 0.000000
1694354967368727260 72.612049 0.000000
1694354967374635145 72.928431 0.000000
1694354967374735223 72.805880 0.000000
1694354967374834634 72.937377 0.000000
1694354967377262364 72.554922 0.000000
1694354967382418083 72.554785 0.000000
1694354967383421624 72.512066 0.000000
1694354967516184045 72.637274 0.000000
1694354967622237033 72.545279 0.000000
1694354968209588466 72.553944 0.000000
1694354968209659411 72.570086 0.000000
1694354968209958578 72.479004 0.000000
1694354968211810959 72.499767 0.000000
1694354968211872056 72.597315 0.000000
1694354968212415917 72.663253 0.000000
1694354968212515439 72.676393 0.000000
1694354968213463144 72.715054 0.000000
1694354968216817005 72.778932 0.000000
1694354968216920210 72.776622 0.000000
1694354968218523501 72.953749 0.000000
1694354968596603372 72.654463 0.000000
1694354968763360720 72.750120 0.000000
1694354968764077549 72.657515 0.000000
1694354968767080502 72.585081 0.000000
1694354968772290628 72.493950 0.000000
1694354968773436886 72.514247 0.000000
1694354968773483299 72.996930 0.000000
1694354968773526289 72.904449 0.000000
1694354968776078564 72.623976 0.000000
1694354968777516736 72.586970 0.000000
1694354968912040641 144.955798 0.000000
1694354968972475223 72.599505 0.000000
1694354968989744545 73.073803 0.000000
1694354969154831404 72.842294 0.000000
1694354969491479253 72.526224 0.000000
1694354969492310378 72.634636 0.000000
1694354969495107101 72.779122 0.000000
1694354969499229320 72.747839 0.000000
1694354969499278084 73.038811 0.000000
1694354969499551575 72.366992 0.000000
1694354969500340261 72.810741 0.000000
1694354969500608520 72.470714 0.000000
1694354969505583940 72.640444 0.000000
1694354970440931702 72.991475 0.000000
1694354970441789273 72.681077 0.000000
1694354970442560743 72.663812 0.000000
1694354970446180067 72.877956 0.000000
1694354970449187000 72.568586 0.000000
1694354970450770130 72.493853 0.000000
1694354970831647142 73.251660 0.000000
1694354971342803740 73.199167 0.000000
1694354971347650220 72.795028 0.000000
1694354971349412431 72.775021 0.000000
1694354971351665850 73.284516 0.000000
1694354971352628415 73.134227 0.000000
1694354971352730177 72.817841 0.000000
1694354971355665414 73.120049 0.000000
1694354971355733888 73.257328 0.000000
1694354971356042967 73.390113 0.000000
1694354971356095585 73.332293 0.000000
1694354971524930473 72.565869 0.000000
1694354971730133757 72.671064 0.000000
1694354972142960502 72.812682 0.000000
1694354972145088701 73.031141 0.000000
1694354972151785752 72.633796 0.000000
1694354972152225114 72.409600 0.000000
1694354972155019006 72.743472 0.000000
1694354972155119450 72.590225 0.000000
1694354972195709837 72.964391 0.000000
1694354972290841433 73.078677 0.000000
1694354973001725118 73.092779 0.000000
1694354973005481746 72.612206 0.000000
1694354973008575160 72.864534 0.000000
1694354973009311424 72.982959 0.000000
1694354973009844570 72.608984 0.000000
1694354973012832649 73.098834 0.000000
1694354973132929370 131.199587 0.000000
1694354973934690899 73.407141 0.000000
1694354973934775140 73.913490 0.000000
1694354973937451519 72.541145 0.000000
1694354973937595775 72.616430 0.000000
1694354973937934934 72.708284 0.000000
1694354973938326626 72.918719 0.000000
1694354973938389737 72.807871 0.000000
1694354973940693344 72.558064 0.000000
1694354974887488980 72.879680 0.000000
1694354974887818988 72.403497 0.000000
1694354974889496938 72.727731 0.000000
1694354974893737196 72.499551 0.000000
1694354974894590527 73.139320 0.000000
1694354974895598513 73.027929 0.000000
1694354974897634396 72.768095 0.000000
1694354974960635849 72.812405 0.000000
1694354975277443821 72.738343 0.000000
1694354975493215425 72.800033 0.000000
1694354975718200564 72.645553 0.000000
1694354975720630704 73.141377 0.000000
1694354975720839290 73.301083 0.000000
1694354975725285186 72.741521 0.000000
1694354975725469866 72.450768 0.000000
1694354975731024383 72.732118 0.000000
1694354975731402252 72.643091 0.000000
1694354976211677589 72.867116 0.000000
1694354976214231568 73.156179 0.000000
1694354976218367659 72.489408 0.000000
1694354976219707642 72.607763 0.000000
1694354976222268251 72.928906 0.000000
1694354976965196006 72.865136 0.000000
1694354976975614723 72.792086 0.000000
1694354976976337761 72.723727 0.000000
1694354976979425747 72.777878 0.000000
1694354976981743702 72.772225 0.000000
1694354976982354528 72.899226 0.000000
1694354976983018819 72.786253 0.000000
1694354976984063110 73.300179 0.000000
1694354976984172825 73.260260 0.000000
1694354977056833982 72.765851 0.000000
1694354977111788010 72.641873 0.000000
1694354977122344924 72.368295 0.000000
1694354977273158823 72.661086 0.000000
1694354977348875637 73.000913 0.000000
1694354977759707872 72.675856 0.000000
1694354977760878868 72.502883 0.000000
1694354977761638165 72.587896 0.000000
1694354977763642534 72.603933 0.000000
1694354977763858006 72.736998 0.000000
1694354977764528957 73.111936 0.000000
1694354977764546227 73.238229 0.000000
1694354977765585361 72.723822 0.000000
1694354977766194483 72.745648 0.000000
1694354977767195934 72.791033 0.000000
1694354977767866886 73.069221 0.000000
1694354977768401164 73.219390 0.000000
1694354977839968596 72.768076 0.000000
1694354977841116116 72.710011 0.000000
1694354977906973239 73.226513 0.000000
1694354978113701249 72.718545 0.000000
1694354978434992602 72.523065 0.000000
1694354978442208917 72.922926 0.000000
1694354978443620291 72.687834 0.000000
1694354978445332025 72.476817 0.000000
1694354978445990753 72.603722 0.000000
1694354978446936765 72.499480 0.000000
1694354978447010180 72.449599 0.000000
1694354978447653858 72.366807 0.000000
1694354978448831489 72.638293 0.000000
1694354978449592124 72.450030 0.000000
1694354978452443961 72.527005 0.000000
1694354978454788172 73.241482 0.000000
1694354978454806119 73.254086 0.000000
1694354978455256116 73.262120 0.000000
1694354978830854039 72.970632 0.000000
1694354979205416043 72.737588 0.000000
1694354979438276843 72.555946 0.000000
1694354979438776666 72.672833 0.000000
1694354979440632580 72.530884 0.000000
1694354979442434178 72.882411 0.000000
1694354979444704256 72.799333 0.000000
1694354979446504731 72.503079 0.000000
1694354979449771193 72.536477 0.000000
1694354979450274695 72.418226 0.000000
1694354979451056114 72.822542 0.000000
1694354979451082470 72.792351 0.000000
1694354979453235275 72.646236 0.000000
1694354979573979022 131.540032 0.000000
1694354979596108929 72.973753 0.000000
1694354979833876298 72.807898 0.000000
1694354979899669716 72.748865 0.000000
1694354980307836514 72.973531 0.000000
1694354980308718897 72.882555 0.000000
1694354980309514980 72.975576 0.000000
1694354980310862792 72.538694 0.000000
1694354980311132755 72.460417 0.000000
1694354980314130506 72.706525 0.000000
1694354980314224365 72.751830 0.000000
1694354980315803224 72.565392 0.000000
1694354980317231528 72.478936 0.000000
1694354980319342697 72.617800 0.000000
1694354980319718521 72.569628 0.000000
1694354980381382589 72.659396 0.000000
1694354980707290805 72.607015 0.000000
1694354980729744711 72.732221 0.000000
1694354980730282307 72.485887 0.000000
1694354980733949747 73.015410 0.000000
1694354980736912472 73.419485 0.000000
1694354980739596503 72.909609 0.000000
1694354980742571928 72.782503 0.000000
1694354980744971803 72.578949 0.000000
1694354981588285756 72.880074 0.000000
1694354981589057863 73.176409 0.000000
1694354981589619916 73.049619 0.000000
1694354981592079275 72.926777 0.000000
1694354981592177904 72.828875 0.000000
1694354981592737572 72.855551 0.000000
1694354981664873885 72.691254 0.000000
1694354982273122453 72.522662 0.000000
1694354982275289556 72.983645 0.000000
1694354982278189961 72.568334 0.000000
1694354982278806812 73.279107 0.000000
1694354982281570158 72.524110 0.000000
1694354982424912051 72.790509 0.000000
1694354983038243179 72.638441 0.000000
1694354983039149929 72.669553 0.000000
1694354983042800875 72.607559 0.000000
1694354983045633102 72.507501 0.000000
1694354983046440080 72.702444 0.000000
1694354983046539737 72.516376 0.000000
1694354983047265350 73.361654 0.000000
1694354983048626909 72.916623 0.000000
1694354983049358742 72.856398 0.000000
1694354983051038827 72.517158 0.000000
1694354983430278893 72.659723 0.000000
1694354983492813660 72.821398 0.000000
1694354983795483718 72.749243 0.000000
1694354983798341317 72.353281 0.000000
1694354983800782694 72.682256 0.000000
1694354983801489840 72.543819 0.000000
1694354983804528872 72.506814 0.000000
1694354983805284170 72.768953 0.000000
1694354983805386403 72.648508 0.000000
1694354983805846990 72.532027 0.000000
1694354983806467910 72.550911 0.000000
1694354983807768802 72.420468 0.000000
1694354984559673253 72.797024 0.000000
1694354984561466843 73.039513 0.000000
1694354984565035408 72.626246 0.000000
1694354984567242559 72.759802 0.000000
1694354984573484851 72.616468 0.000000
