1695214953394915060 145.157410 0.000000
1695214953439105947 145.457275 0.000000
1695214953730663409 145.082293 0.000000
1695214953817338488 145.207388 0.000000
1695214953847278902 145.109144 0.000000
1695214953884513945 144.974933 0.000000
1695214954022469151 145.857362 0.000000
1695214954386831202 145.237049 0.000000
1695214954459707028 145.323929 0.000000
1695214954865599935 145.258230 0.000000
1695214954969644013 144.965227 0.000000
1695214955144641225 145.206216 0.000000
1695214955261136639 145.383297 0.000000
1695214955333805249 144.959546 0.000000
1695214955479048549 145.241486 0.000000
1695214955479323803 145.401127 0.000000
1695214955484764590 145.065599 0.000000
1695214955492268350 145.221816 0.000000
1695214955557510484 145.060892 0.000000
1695214955565092170 145.294228 0.000000
1695214955696927957 145.172024 0.000000
1695214955842292152 145.358852 0.000000
1695214955848071559 145.126866 0.000000
1695214955856009814 145.149995 0.000000
1695214955871602093 145.047491 0.000000
1695214956073829788 145.097045 0.000000
1695214956292218871 145.324688 0.000000
1695214956453886888 145.282608 0.000000
1695214956497771370 145.085325 0.000000
1695214956497825852 145.021045 0.000000
1695214956643276923 145.446521 0.000000
1695214956643286921 145.415599 0.000000
1695214957120256634 145.050587 0.000000
1695214957312400618 145.124615 0.000000
1695214957444050749 145.072108 0.000000
1695214957676587599 145.262483 0.000000
1695214957808537613 145.269652 0.000000
1695214958172981502 145.308948 0.000000
1695214958347877180 145.314155 0.000000
1695214958478030241 145.305668 0.000000
1695214958768954032 145.169008 0.000000
1695214958901323650 145.082054 0.000000
1695214958914288057 145.329504 0.000000
1695214959047220693 144.992210 0.000000
1695214959148835074 145.287687 0.000000
1695214959191968832 145.259086 0.000000
1695214959301299693 145.524066 0.000000
1695214959339369897 144.823124 0.000000
1695214959424120396 145.130620 0.000000
1695214959482940026 145.363638 0.000000
1695214959555883214 145.135009 0.000000
1695214959556377483 145.121005 0.000000
1695214959629031849 145.157135 0.000000
1695214959775034347 145.327645 0.000000
1695214959846858759 145.328225 0.000000
1695214959846962745 145.287957 0.000000
1695214959992134353 145.169914 0.000000
1695214960021943802 145.101379 0.000000
1695214960138430510 144.971066 0.000000
1695214960138780087 145.306557 0.000000
1695214960370668238 145.138666 0.000000
1695214960429528268 145.179255 0.000000
1695214960443907833 145.525961 0.000000
1695214960502256896 144.805592 0.000000
1695214960647494440 145.116117 0.000000
1695214960683678766 145.159324 0.000000
1695214960720606359 145.188792 0.000000
1695214960734787880 145.282615 0.000000
1695214960793471314 145.208012 0.000000
1695214960938691762 145.112927 0.000000
1695214961011702195 144.890871 0.000000
1695214961157106912 145.402017 0.000000
1695214961171598957 145.340080 0.000000
1695214961302857401 145.047404 0.000000
1695214961375576577 144.928868 0.000000
1695214961376299241 145.533639 0.000000
1695214961666743406 145.044014 0.000000
1695214961769669825 145.370439 0.000000
1695214961973095278 145.361509 0.000000
1695214962103624007 145.290314 0.000000
1695214962249097690 145.253040 0.000000
1695214962321945003 145.141230 0.000000
1695214962322147012 144.993401 0.000000
1695214962425071823 145.383003 0.000000
1695214962539969185 144.932700 0.000000
1695214962612910844 144.717777 0.000000
1695214962904136440 145.206655 0.000000
1695214962904231967 145.144661 0.000000
1695214963012459236 145.236618 0.000000
1695214963049442624 145.301618 0.000000
1695214963122607661 144.926783 0.000000
1695214963137955087 145.223057 0.000000
1695214963194934650 145.053092 0.000000
1695214963485756259 145.313064 0.000000
1695214963922788957 144.709773 0.000000
1695214963995798842 144.934088 0.000000
1695214964172454709 145.249116 0.000000
1695214964578213924 144.812606 0.000000
1695214964609202509 145.292286 0.000000
1695214964724591223 145.605891 0.000000
1695214964796310941 145.088132 0.000000
1695214965014975878 144.827247 0.000000
1695214965191716797 145.428353 0.000000
1695214965232525395 145.232146 0.000000
1695214965233186266 144.951509 0.000000
1695214965306027766 145.008536 0.000000
1695214965378383532 145.228669 0.000000
1695214965597010062 144.976521 0.000000
1695214965628534753 145.344634 0.000000
1695214965669814771 145.118641 0.000000
1695214965687904169 145.341374 0.000000
1695214965760484077 145.021567 0.000000
1695214965846694905 145.310770 0.000000
1695214965888027220 145.201475 0.000000
1695214966033208644 145.057976 0.000000
1695214966106735732 144.872220 0.000000
1695214966288384052 144.975049 0.000000
1695214966579046712 145.282812 0.000000
1695214966615192749 145.129853 0.000000
1695214966833856164 144.743791 0.000000
1695214966834200970 144.934569 0.000000
1695214966906626874 145.095929 0.000000
1695214966979126945 144.924135 0.000000
1695214967124787636 145.058066 0.000000
1695214967157939459 145.311170 0.000000
1695214967270703448 144.916213 0.000000
1695214967489588447 144.945222 0.000000
1695214967635084773 144.858208 0.000000
1695214967706458520 145.284443 0.000000
1695214967851731404 145.268569 0.000000
1695214967851977231 145.067261 0.000000
1695214967925662774 144.909887 0.000000
1695214967925775767 145.099839 0.000000
1695214968070817215 145.359422 0.000000
1695214968070988047 145.300300 0.000000
1695214968104881888 145.294636 0.000000
1695214968507768533 144.989413 0.000000
1695214969016779037 145.000291 0.000000
1695214969016980926 144.960954 0.000000
1695214969051889030 145.300373 0.000000
1695214969090065019 145.025254 0.000000
1695214969124491412 145.061123 0.000000
1695214969233855618 144.813942 0.000000
1695214969258293969 145.297523 0.000000
1695214969525060962 145.134439 0.000000
1695214969560974588 145.249401 0.000000
1695214969560977069 145.300470 0.000000
1695214969599204628 145.476965 0.000000
1695214969778877572 145.208376 0.000000
1695214969961081458 145.098897 0.000000
1695214970179248775 145.082261 0.000000
1695214970325258377 145.056256 0.000000
1695214970361152688 144.885817 0.000000
1695214970423713332 145.246885 0.000000
1695214970616010546 145.621059 0.000000
1695214970616478589 144.731246 0.000000
1695214970689290669 144.735962 0.000000
1695214970689316124 144.822909 0.000000
1695214970834208021 145.336837 0.000000
1695214971006318984 145.293508 0.000000
1695214971052319002 145.372921 0.000000
1695214971052752564 144.854141 0.000000
1695214971234594002 145.266384 0.000000
1695214971416843022 145.282296 0.000000
1695214971599143811 145.334166 0.000000
1695214971708115520 145.344140 0.000000
1695214971780861299 145.010588 0.000000
1695214971999521601 144.705576 0.000000
1695214972027041452 145.642228 0.000000
1695214972035564020 145.384263 0.000000
1695214972180809255 145.240715 0.000000
1695214972291272900 144.764421 0.000000
1695214972364764722 145.727306 0.000000
1695214972436297885 145.021477 0.000000
1695214972509094093 145.076758 0.000000
1695214972581805144 144.731401 0.000000
1695214972727306228 145.496373 0.000000
1695214972800059842 145.059142 0.000000
1695214972946455340 145.369994 0.000000
1695214973018554102 144.948159 0.000000
1695214973163964522 144.785993 0.000000
1695214973308846436 145.033106 0.000000
1695214973308895555 145.039020 0.000000
1695214973309727494 145.038649 0.000000
1695214973345339734 145.007832 0.000000
1695214973454837282 145.987734 0.000000
1695214973673501294 145.128490 0.000000
1695214973746187571 145.129095 0.000000
1695214973746853258 145.241852 0.000000
1695214973746858205 145.316787 0.000000
1695214973891862735 144.905134 0.000000
1695214974037970390 145.443682 0.000000
1695214974068380468 145.708771 0.000000
1695214974109735715 145.304493 0.000000
1695214974327822467 145.161389 0.000000
1695214974400901282 145.280982 0.000000
1695214974474637244 144.871591 0.000000
1695214974838373977 144.964172 0.000000
1695214974911082760 144.712898 0.000000
1695214974911217608 144.740557 0.000000
1695214975129196093 144.965989 0.000000
1695214975275123451 145.031325 0.000000
1695214975565834543 144.936467 0.000000
1695214975566360851 144.963335 0.000000
1695214975674453411 145.131675 0.000000
1695214975784317491 144.734596 0.000000
1695214975857003954 144.968435 0.000000
1695214976002805728 145.206876 0.000000
1695214976075125506 145.000264 0.000000
1695214976075588538 144.939538 0.000000
1695214976148130182 145.173849 0.000000
1695214976220985896 145.000591 0.000000
1695214976400278850 145.315775 0.000000
1695214976438605383 144.869534 0.000000
1695214976511002298 145.001969 0.000000
1695214976583916886 144.943412 0.000000
1695214976619835284 145.013094 0.000000
1695214976728965111 144.971011 0.000000
1695214976802322243 144.856640 0.000000
1695214976947126985 145.233127 0.000000
1695214976983380925 145.232670 0.000000
1695214976983484120 145.173803 0.000000
1695214977020035456 145.177132 0.000000
1695214977093511549 145.238441 0.000000
1695214977166388614 144.809656 0.000000
1695214977166424613 145.204158 0.000000
1695214977274806925 145.688544 0.000000
1695214977311069902 145.334064 0.000000
1695214977747509514 145.048542 0.000000
1695214977965716523 144.759615 0.000000
1695214978038814116 145.076571 0.000000
1695214978111107099 145.456639 0.000000
1695214978184801925 145.008212 0.000000
1695214978184925853 144.968680 0.000000
1695214978403070322 145.176403 0.000000
1695214978439586147 145.574288 0.000000
1695214978512350771 145.397706 0.000000
1695214978512817992 145.817873 0.000000
1695214978657799286 144.978769 0.000000
1695214978730918800 145.124738 0.000000
1695214978839248949 145.259765 0.000000
1695214978840199985 145.172793 0.000000
1695214978840226893 145.196398 0.000000
1695214978985811650 144.810533 0.000000
1695214978986042296 145.002905 0.000000
1695214979021816944 145.338190 0.000000
1695214979131333512 145.069677 0.000000
1695214979204687851 145.805390 0.000000
1695214979458615938 145.033840 0.000000
1695214979569258061 145.870109 0.000000
1695214979569675136 146.015568 0.000000
1695214979569911540 145.989812 0.000000
1695214980006148286 146.071808 0.000000
1695214980041677869 145.347551 0.000000
1695214980079489385 145.520041 0.000000
1695214980224392928 144.939572 0.000000
1695214980369482468 145.087475 0.000000
1695214980515692679 144.983661 0.000000
1695214980734759903 145.218114 0.000000
1695214980807221757 144.796918 0.000000
1695214980807801213 144.800582 0.000000
1695214980951582970 145.324301 0.000000
1695214980952606108 144.725024 0.000000
1695214981097431002 145.349919 0.000000
1695214981170913745 145.146362 0.000000
1695214981243911009 145.141957 0.000000
1695214981315876149 145.305271 0.000000
1695214981316265364 145.127663 0.000000
1695214981425534099 145.210306 0.000000
1695214981570488737 145.426174 0.000000
1695214981680310151 145.218239 0.000000
1695214981716692882 145.208195 0.000000
1695214981753603950 145.057976 0.000000
1695214981826521208 145.197877 0.000000
1695214981898753440 145.144580 0.000000
1695214981972008032 145.132049 0.000000
1695214982080395053 145.006225 0.000000
1695214982116707620 145.315504 0.000000
1695214982116714240 145.400802 0.000000
1695214982225707355 145.308192 0.000000
1695214982407585122 145.142222 0.000000
1695214982590187153 145.479244 0.000000
1695214982700140780 145.816224 0.000000
1695214982700183324 145.397043 0.000000
1695214982772390622 145.067654 0.000000
1695214982881541234 145.776938 0.000000
1695214983063015779 145.508317 0.000000
1695214983135698426 145.206055 0.000000
1695214983209507036 145.398664 0.000000
1695214983391201920 144.958391 0.000000
1695214983463443432 145.224108 0.000000
1695214983572502709 145.099006 0.000000
1695214983682242802 145.288324 0.000000
1695214983717729655 145.056895 0.000000
1695214984008540315 145.214365 0.000000
1695214984045389023 145.172226 0.000000
1695214984227440734 144.787988 0.000000
1695214984227883849 145.146131 0.000000
1695214984299583225 145.115343 0.000000
1695214984445439342 144.888629 0.000000
1695214984664273171 144.904253 0.000000
1695214984882641433 145.579343 0.000000
1695214985245895411 145.352671 0.000000
1695214985392518809 145.720495 0.000000
1695214985537916625 145.010170 0.000000
1695214985683913058 145.238842 0.000000
1695214985791822744 145.215127 0.000000
1695214985902207818 144.827093 0.000000
1695214986047657518 145.357577 0.000000
1695214986156233127 144.935796 0.000000
1695214986193417039 145.041682 0.000000
1695214986267292513 145.544014 0.000000
1695214986338853135 145.326205 0.000000
1695214986339212665 145.483522 0.000000
1695214986375070595 145.193362 0.000000
1695214986557446654 145.463753 0.000000
1695214986593350516 145.093277 0.000000
1695214986738958785 145.094019 0.000000
1695214986849034294 144.699367 0.000000
1695214987431053422 145.281459 0.000000
1695214987431143376 145.134823 0.000000
1695214987431850374 145.174084 0.000000
1695214987504042957 145.018484 0.000000
1695214987612965637 145.332258 0.000000
1695214987649166810 145.148020 0.000000
1695214987867258563 144.983487 0.000000
1695214987868290331 145.172106 0.000000
1695214987903986315 145.362066 0.000000
1695214987940100891 145.214920 0.000000
1695214988049699989 145.047626 0.000000
1695214988123095964 145.339193 0.000000
1695214988377216929 144.925201 0.000000
1695214988558467948 144.797028 0.000000
1695214988596502146 145.332508 0.000000
1695214988777273474 145.221629 0.000000
1695214988960006101 144.649240 0.000000
1695214989177703401 145.218226 0.000000
1695214989214385026 144.882377 0.000000
1695214989251639326 145.438173 0.000000
1695214989323568926 145.043931 0.000000
1695214989686617609 145.261478 0.000000
1695214989687122017 145.548149 0.000000
1695214989760429145 144.766307 0.000000
1695214989833083887 144.875164 0.000000
1695214990051548971 145.203722 0.000000
1695214990123375969 145.311101 0.000000
1695214990341609626 145.185601 0.000000
1695214990415586169 144.881760 0.000000
1695214990451433766 145.200165 0.000000
1695214990778993610 144.929957 0.000000
1695214990851381020 145.222131 0.000000
1695214990851807611 145.127856 0.000000
1695214991105891685 144.994767 0.000000
1695214991106763597 145.079569 0.000000
1695214991142619781 145.667540 0.000000
1695214991216075295 145.417725 0.000000
1695214991360689378 145.314310 0.000000
1695214991361122134 145.045030 0.000000
1695214991506607866 145.035080 0.000000
1695214991579629566 144.915372 0.000000
1695214992526643421 145.623777 0.000000
1695214992562583673 145.418571 0.000000
1695214992599944100 145.438592 0.000000
1695214992707480597 145.307239 0.000000
1695214992818254958 145.640606 0.000000
1695214992853549068 145.298887 0.000000
1695214993108980545 144.925723 0.000000
1695214993145190892 145.570634 0.000000
1695214993290502506 145.239807 0.000000
1695214993691637187 144.958258 0.000000
1695214993727393826 145.189710 0.000000
1695214993910288192 145.309076 0.000000
1695214993983065388 145.100247 0.000000
1695214994055847515 144.881463 0.000000
1695214994128436441 144.838320 0.000000
1695214994236858031 145.171360 0.000000
1695214994419493001 145.122138 0.000000
1695214994455291286 145.492754 0.000000
1695214994491524694 145.097525 0.000000
1695214994565293660 145.166605 0.000000
1695214994638231028 144.934190 0.000000
1695214994711211424 145.151118 0.000000
1695214994819042082 145.229639 0.000000
1695214994856084079 145.145509 0.000000
1695214994892824328 145.534240 0.000000
1695214995001826688 145.512955 0.000000
1695214995183661229 145.208625 0.000000
1695214995438284954 145.241964 0.000000
1695214995657186160 145.004478 0.000000
1695214995766208536 145.400815 0.000000
1695214995803271817 145.228215 0.000000
1695214995876022445 144.917846 0.000000
1695214995948618787 145.344649 0.000000
1695214995984720644 145.305430 0.000000
1695214996166191232 145.314863 0.000000
1695214996311947520 145.041347 0.000000
1695214996457621638 145.670058 0.000000
1695214996458205615 144.977784 0.000000
1695214996713028300 145.118568 0.000000
1695214996748562236 145.129799 0.000000
1695214996749471635 144.871859 0.000000
1695214996931040137 145.166314 0.000000
1695214997004765027 145.176993 0.000000
1695214997330891353 145.174632 0.000000
1695214997477190422 144.995991 0.000000
1695214997549757313 145.067165 0.000000
1695214997586545806 145.639369 0.000000
1695214997659328588 145.169349 0.000000
1695214997659432655 145.168763 0.000000
1695214997767953215 145.487952 0.000000
1695214998096374902 144.979305 0.000000
1695214998132847259 145.408046 0.000000
1695214998205845569 144.932270 0.000000
1695214998242005104 144.986532 0.000000
1695214998387336347 145.453552 0.000000
1695214998532559511 144.995796 0.000000
1695214998642311738 145.270948 0.000000
1695214998642449728 145.246737 0.000000
1695214998934147108 145.255891 0.000000
1695214999007447319 145.967151 0.000000
1695214999078907257 145.519999 0.000000
1695214999297494491 145.089550 0.000000
1695214999298044489 144.862993 0.000000
1695214999443054921 144.869273 0.000000
1695214999515270827 145.040832 0.000000
1695214999515812336 145.106024 0.000000
1695214999516209373 145.345972 0.000000
1695214999806186027 145.198468 0.000000
1695214999952120952 144.877231 0.000000
1695215000024957049 145.403030 0.000000
1695215000135017747 145.165031 0.000000
1695215000171309345 145.027727 0.000000
1695215000207394482 145.367230 0.000000
1695215000352427529 145.030948 0.000000
1695215000462908628 145.065147 0.000000
1695215000752425744 145.083681 0.000000
1695215000753644066 145.454142 0.000000
1695215000898141716 145.065920 0.000000
1695215001153000871 145.213209 0.000000
1695215001262466275 144.978581 0.000000
1695215001626625644 144.951352 0.000000
1695215001844895694 145.050923 0.000000
1695215001845289374 145.039126 0.000000
1695215001917744857 145.021395 0.000000
1695215001918088069 145.457324 0.000000
1695215002063278382 144.711691 0.000000
1695215002136519576 144.814384 0.000000
1695215002172557184 144.926817 0.000000
1695215002427200776 145.447495 0.000000
1695215002463158993 145.229542 0.000000
1695215002463220486 145.344825 0.000000
1695215002718703502 145.671669 0.000000
1695215002754102905 145.138329 0.000000
1695215002864932067 145.158804 0.000000
1695215002865696122 146.029884 0.000000
1695215003010095118 144.934480 0.000000
1695215003300837888 145.286754 0.000000
1695215003374088923 145.213742 0.000000
1695215003446940545 144.825394 0.000000
1695215003447190686 145.151587 0.000000
1695215003482685873 145.094447 0.000000
1695215003520278784 145.472223 0.000000
1695215003592364266 145.421150 0.000000
1695215003592887693 145.613748 0.000000
1695215003628216471 145.127916 0.000000
1695215003738294625 144.952667 0.000000
1695215003738320866 144.813449 0.000000
1695215003810979124 145.705406 0.000000
1695215003846504571 145.303576 0.000000
1695215003991914208 145.405343 0.000000
1695215004174682241 145.133736 0.000000
1695215004210028424 145.283267 0.000000
1695215004320711319 145.159351 0.000000
1695215004502269721 144.905846 0.000000
1695215004611557111 144.805343 0.000000
1695215004720396664 145.010998 0.000000
1695215004792570983 145.203684 0.000000
1695215004865524583 144.787983 0.000000
1695215004902501839 145.091952 0.000000
1695215005121402885 144.848259 0.000000
1695215005194493052 145.069166 0.000000
1695215005558472847 145.267628 0.000000
1695215005630934923 145.136778 0.000000
1695215005994722068 144.781116 0.000000
1695215006030428090 145.363214 0.000000
1695215006175813403 145.213349 0.000000
1695215006321107692 145.035712 0.000000
1695215006395130222 145.227564 0.000000
1695215007014753832 145.391328 0.000000
1695215007050106487 144.893628 0.000000
1695215007159440285 145.336298 0.000000
1695215007232462727 144.944339 0.000000
1695215007268117525 145.373473 0.000000
1695215007304953902 145.548953 0.000000
1695215007378645815 146.017739 0.000000
1695215007413179142 145.057126 0.000000
1695215007450997612 145.053353 0.000000
1695215007668188769 145.203879 0.000000
1695215007814497841 145.638663 0.000000
1695215007815145506 145.884250 0.000000
1695215007815336305 146.039014 0.000000
1695215007923411711 145.109175 0.000000
1695215007960271327 145.135979 0.000000
1695215007960305872 145.156142 0.000000
1695215007960395100 145.080430 0.000000
1695215008033208944 145.426721 0.000000
1695215008178496507 144.972876 0.000000
1695215008323581187 145.186957 0.000000
1695215008324263914 145.031747 0.000000
1695215008542332947 145.289508 0.000000
1695215008688830410 145.074837 0.000000
1695215008797487104 145.469837 0.000000
1695215008834416047 145.028652 0.000000
1695215009125642469 144.999492 0.000000
1695215009198534020 145.068102 0.000000
1695215009234622683 145.352842 0.000000
1695215009452829561 145.289868 0.000000
1695215009671149825 144.871541 0.000000
1695215009780640732 144.932613 0.000000
1695215009853233281 145.332662 0.000000
1695215009853952121 144.922197 0.000000
1695215009889039668 145.185274 0.000000
1695215009925801899 145.157274 0.000000
1695215009926738752 144.913172 0.000000
1695215010107543586 145.447511 0.000000
1695215010217456581 145.135192 0.000000
1695215010472016404 145.686425 0.000000
1695215010582421142 144.688137 0.000000
1695215010873114954 145.479615 0.000000
1695215011019206008 144.921195 0.000000
1695215011054722890 145.338833 0.000000
1695215011090862483 145.080617 0.000000
1695215011091381098 144.912717 0.000000
1695215011382921989 145.420494 0.000000
1695215011455686680 144.908145 0.000000
1695215011456526617 145.481352 0.000000
1695215011456591007 145.449774 0.000000
1695215011600738293 145.184562 0.000000
1695215011673541265 145.010066 0.000000
1695215011820126790 145.294855 0.000000
1695215011965801663 144.882056 0.000000
1695215012073928503 145.236568 0.000000
1695215012147355362 145.612986 0.000000
1695215012292614120 145.254148 0.000000
1695215012329699267 144.956082 0.000000
1695215012511122312 145.511974 0.000000
1695215012656641487 145.515701 0.000000
1695215012912173081 145.302147 0.000000
1695215013021112755 145.532296 0.000000
1695215013239380215 145.240612 0.000000
1695215013312343056 144.996490 0.000000
1695215013421980827 145.056335 0.000000
1695215013568367108 144.977226 0.000000
1695215013640139385 144.996750 0.000000
1695215013641272278 145.017930 0.000000
1695215013822531542 145.207060 0.000000
1695215014442357614 144.893765 0.000000
1695215014549972934 145.319614 0.000000
1695215014659495442 145.077587 0.000000
1695215014806197329 144.968755 0.000000
1695215014951253103 144.807135 0.000000
1695215014987000593 145.302006 0.000000
1695215015059619654 145.406718 0.000000
1695215015097097150 144.723294 0.000000
1695215015169285074 144.820284 0.000000
1695215015204833116 145.206640 0.000000
1695215015496328096 145.420116 0.000000
1695215015533980710 145.989298 0.000000
1695215015534146451 146.115531 0.000000
1695215015569225820 145.143346 0.000000
1695215015679661476 145.068843 0.000000
1695215015788001190 145.258393 0.000000
1695215015824550380 144.800082 0.000000
1695215015860544860 145.533603 0.000000
1695215015933187650 145.091674 0.000000
1695215016078594107 145.342579 0.000000
1695215016260555774 145.152527 0.000000
1695215016406643759 145.449365 0.000000
1695215016442584676 145.307166 0.000000
1695215016442693503 145.307783 0.000000
1695215016625290425 144.981780 0.000000
1695215016660860704 145.167717 0.000000
1695215016697401039 144.894077 0.000000
1695215016951899434 145.134254 0.000000
1695215016952140920 144.928550 0.000000
1695215017024867064 145.225195 0.000000
1695215017134639994 145.017232 0.000000
1695215017389029766 145.462732 0.000000
1695215017498630751 145.087360 0.000000
1695215017534573858 145.368128 0.000000
1695215017571499115 145.136201 0.000000
1695215017644824348 145.385464 0.000000
1695215017717328620 144.997982 0.000000
1695215017717329768 145.826773 0.000000
1695215017717364368 145.013058 0.000000
1695215018081328343 145.186589 0.000000
1695215018154638594 144.900699 0.000000
1695215018227698157 144.983633 0.000000
1695215018519270736 145.605240 0.000000
1695215018554677123 145.142623 0.000000
1695215018699856383 145.172023 0.000000
1695215018736672403 144.850750 0.000000
1695215018737522318 144.720452 0.000000
1695215018773118777 145.040540 0.000000
1695215018882349905 145.093991 0.000000
1695215018883203003 144.869534 0.000000
1695215019027472733 144.851793 0.000000
1695215019064078874 145.068049 0.000000
1695215019173695074 145.359150 0.000000
1695215019246192612 145.099729 0.000000
1695215019610125273 145.474989 0.000000
1695215019610283110 145.160186 0.000000
1695215019683139588 145.448738 0.000000
1695215019756317651 145.539886 0.000000
1695215019828526067 145.244023 0.000000
1695215020156166926 144.964885 0.000000
1695215020192442926 145.098977 0.000000
1695215020374478402 145.390742 0.000000
1695215020447071920 145.079965 0.000000
1695215020484124617 145.282620 0.000000
1695215020629279994 145.191661 0.000000
1695215020811319460 145.300756 0.000000
1695215020993906134 145.360978 0.000000
1695215021210988062 145.245364 0.000000
1695215021211266790 145.219625 0.000000
1695215021284249083 145.292088 0.000000
1695215021356114488 145.122091 0.000000
1695215021575201936 145.348065 0.000000
1695215021611554163 144.912711 0.000000
1695215021648199184 144.975673 0.000000
1695215021792965748 145.118642 0.000000
1695215021974946952 145.147573 0.000000
1695215021975291713 144.968707 0.000000
1695215022084090718 145.047521 0.000000
1695215022157451622 145.145284 0.000000
1695215022447807208 145.060396 0.000000
1695215022738507863 145.164819 0.000000
1695215022738577570 145.162638 0.000000
1695215022775999217 145.609923 0.000000
1695215022812144978 145.039567 0.000000
1695215022849221852 145.518429 0.000000
1695215022957674399 144.820683 0.000000
1695215023102076468 145.249278 0.000000
1695215023176264907 144.691292 0.000000
1695215023212184885 144.915490 0.000000
1695215023285496323 144.940878 0.000000
1695215023357328492 145.139463 0.000000
1695215023392974797 145.241519 0.000000
1695215023467417130 145.033378 0.000000
1695215023613412804 145.094675 0.000000
1695215023976035839 145.486907 0.000000
1695215024085909164 145.345881 0.000000
1695215024376284359 145.303852 0.000000
1695215024413534266 145.834840 0.000000
1695215024448810095 145.479460 0.000000
1695215024594104039 145.143960 0.000000
1695215024995175522 145.126631 0.000000
1695215024996116273 144.933939 0.000000
1695215025286250106 145.093816 0.000000
1695215025431703916 145.385773 0.000000
1695215025431740657 145.479089 0.000000
1695215025432308867 145.170733 0.000000
1695215025650848382 145.415108 0.000000
1695215025723603468 146.123570 0.000000
1695215025723970251 144.987714 0.000000
1695215025724091487 145.093952 0.000000
1695215025942803906 145.674177 0.000000
1695215026161502799 144.822897 0.000000
1695215026561800237 145.299170 0.000000
1695215026634504876 145.066284 0.000000
1695215026744249957 144.827493 0.000000
1695215026963040174 145.169523 0.000000
1695215027109046854 145.475291 0.000000
1695215027180891739 144.812296 0.000000
1695215027254178156 145.255561 0.000000
1695215027289729440 144.967768 0.000000
1695215027399686242 144.831864 0.000000
1695215027472220317 145.041995 0.000000
1695215027544254614 145.467141 0.000000
1695215027581127544 145.281978 0.000000
1695215027690284681 145.070297 0.000000
1695215027799302664 145.259239 0.000000
1695215027835483202 144.799598 0.000000
1695215027908386355 145.299369 0.000000
1695215027981697038 145.114131 0.000000
1695215027982293484 144.982340 0.000000
1695215028054854586 145.352798 0.000000
1695215028055716429 146.119319 0.000000
1695215028091116319 145.456301 0.000000
1695215028126952862 145.251468 0.000000
1695215028163332996 145.157078 0.000000
1695215028199447247 145.338434 0.000000
1695215028199592183 145.214747 0.000000
1695215028345430277 144.921047 0.000000
1695215028418363058 145.309790 0.000000
1695215028490667556 145.235290 0.000000
1695215028527471966 145.223306 0.000000
1695215028563769382 145.195259 0.000000
1695215028564671368 145.425599 0.000000
1695215028636045109 145.373162 0.000000
1695215028854205460 145.153857 0.000000
1695215028928527872 145.271446 0.000000
1695215028999489590 145.279930 0.000000
1695215029146380575 145.041517 0.000000
1695215029328495331 145.274666 0.000000
1695215029364291930 145.076274 0.000000
1695215029401526235 145.057573 0.000000
1695215029474181474 144.844703 0.000000
1695215029510910436 144.956720 0.000000
1695215029619485875 145.231216 0.000000
1695215029619550696 145.304791 0.000000
1695215029692027383 145.130055 0.000000
1695215029728749455 144.967144 0.000000
1695215029764586266 145.095895 0.000000
1695215029802111134 145.151210 0.000000
1695215029837346656 145.314927 0.000000
1695215029874107669 145.253877 0.000000
1695215029946719422 145.120520 0.000000
1695215029947488400 144.918600 0.000000
1695215029983738158 145.264272 0.000000
1695215030056094678 145.735064 0.000000
1695215030128811363 145.230156 0.000000
1695215030239398418 146.116998 0.000000
1695215030274713230 145.097869 0.000000
1695215030420128241 145.412861 0.000000
1695215030602494468 144.775834 0.000000
1695215030675016156 145.446368 0.000000
1695215030894677183 145.572980 0.000000
1695215031075760269 145.630129 0.000000
1695215031293786142 145.085515 0.000000
1695215031294210544 145.416689 0.000000
1695215031330204005 145.195414 0.000000
1695215031403082401 145.309215 0.000000
1695215031876613837 145.528796 0.000000
1695215031985684429 145.193248 0.000000
1695215032203592412 145.431411 0.000000
1695215032349252619 145.432869 0.000000
1695215032349515931 144.899279 0.000000
1695215032422322751 144.832614 0.000000
1695215032639974490 145.087036 0.000000
1695215032677943815 145.470549 0.000000
1695215032713938399 145.092193 0.000000
1695215032714039914 144.918575 0.000000
1695215032785432511 145.453472 0.000000
1695215032785973689 145.260998 0.000000
1695215032859566275 145.524626 0.000000
1695215032931510662 144.754128 0.000000
1695215033041332571 144.888823 0.000000
1695215033332054681 144.964851 0.000000
1695215033586943537 144.913631 0.000000
1695215033659837661 144.680509 0.000000
1695215033695052788 145.093033 0.000000
1695215033913363838 145.349765 0.000000
1695215033913610978 144.975154 0.000000
1695215034023097470 145.215067 0.000000
1695215034023653537 145.363884 0.000000
1695215034131499216 145.270496 0.000000
1695215034169187778 144.780614 0.000000
1695215034241371736 145.081519 0.000000
1695215034459468507 145.349190 0.000000
1695215034568479437 145.379739 0.000000
1695215034606119713 145.957890 0.000000
1695215034751071308 145.278916 0.000000
1695215035005018606 145.173978 0.000000
1695215035187837081 145.027147 0.000000
1695215035369139226 145.416483 0.000000
1695215035442217271 145.400261 0.000000
1695215035478894337 145.107856 0.000000
1695215035624670187 144.653536 0.000000
1695215035624911673 144.826458 0.000000
1695215035842634638 145.190832 0.000000
1695215036206594236 144.959609 0.000000
1695215036206810057 145.006688 0.000000
1695215036279754846 145.088677 0.000000
1695215036642603648 144.977793 0.000000
1695215036679799945 145.454023 0.000000
1695215036897515068 145.144792 0.000000
1695215036897761075 144.997550 0.000000
1695215036933725182 145.323370 0.000000
1695215037225469667 145.039738 0.000000
1695215037225620512 144.968747 0.000000
1695215037225708847 145.021525 0.000000
1695215037261542707 145.178532 0.000000
1695215037298955523 145.082444 0.000000
1695215037589173141 144.846412 0.000000
1695215037662222355 144.868672 0.000000
1695215037880243489 145.233332 0.000000
1695215037880365803 145.111931 0.000000
1695215037953330133 144.855701 0.000000
1695215038099081100 145.017318 0.000000
1695215038281272409 145.295537 0.000000
1695215038318025725 144.884513 0.000000
1695215038608700398 145.256675 0.000000
1695215038681028018 145.250973 0.000000
1695215038790002273 145.028678 0.000000
1695215038971833948 145.132874 0.000000
1695215039008369832 144.809389 0.000000
1695215039045232032 145.032870 0.000000
1695215039117852939 144.859972 0.000000
1695215039191721230 145.213995 0.000000
1695215039264342358 144.928461 0.000000
1695215039481361333 145.231096 0.000000
1695215039481869439 144.834193 0.000000
1695215039517945316 145.212102 0.000000
1695215039627682940 145.223179 0.000000
1695215039845823929 144.805701 0.000000
1695215039881662651 145.252592 0.000000
1695215039991079550 145.318272 0.000000
1695215039991282307 145.125353 0.000000
1695215040027273618 145.419792 0.000000
1695215040209601769 144.944027 0.000000
1695215040209867196 145.170970 0.000000
1695215040245792776 144.995208 0.000000
1695215040282291796 145.417340 0.000000
1695215040318097220 145.208129 0.000000
1695215040355085643 145.216367 0.000000
1695215040428224890 145.091994 0.000000
1695215040500939853 145.308161 0.000000
1695215040573257434 145.382647 0.000000
1695215040719712790 145.141237 0.000000
1695215040828863059 145.841149 0.000000
1695215040937673630 145.112411 0.000000
1695215041010520565 145.194167 0.000000
1695215041046321936 145.308202 0.000000
1695215041083221583 144.890129 0.000000
1695215041083894512 145.031513 0.000000
1695215041155952184 145.427414 0.000000
1695215041264633905 145.273043 0.000000
1695215041264998057 145.028159 0.000000
1695215041301520423 144.992762 0.000000
1695215041374314332 144.734382 0.000000
1695215041483220098 145.196644 0.000000
1695215041592317168 145.340795 0.000000
1695215041592516136 145.061365 0.000000
1695215041811412822 145.469608 0.000000
1695215041920094094 145.033787 0.000000
1695215041957248021 145.019287 0.000000
1695215041993023485 145.299306 0.000000
1695215042248371304 144.952005 0.000000
1695215042284177736 145.272505 0.000000
1695215042321121303 144.807282 0.000000
1695215042357010194 145.322957 0.000000
1695215042684346995 145.098817 0.000000
1695215042685295589 144.915471 0.000000
1695215042793647573 145.211012 0.000000
1695215042976009011 145.108591 0.000000
1695215043085174556 145.032622 0.000000
1695215043194357976 145.001739 0.000000
1695215043340696052 145.222759 0.000000
1695215043376244329 145.109617 0.000000
1695215043521800092 145.144533 0.000000
1695215043703841337 144.753155 0.000000
1695215043740297283 145.545819 0.000000
1695215043777221305 145.268442 0.000000
1695215043777292851 145.689415 0.000000
1695215044068412630 144.811294 0.000000
1695215044176856287 145.313994 0.000000
1695215044395930388 145.176260 0.000000
1695215044432241453 144.922846 0.000000
1695215044432997520 144.931065 0.000000
1695215044578624613 144.983847 0.000000
1695215044722982099 145.098223 0.000000
1695215044759837612 145.127267 0.000000
1695215044797107896 145.346235 0.000000
1695215044832682031 145.553974 0.000000
1695215044942281683 145.053833 0.000000
1695215045013821189 145.089528 0.000000
1695215045050803189 144.991597 0.000000
1695215045123701576 145.197565 0.000000
1695215045123710096 144.996949 0.000000
1695215045159564541 144.935264 0.000000
1695215045379144955 145.182536 0.000000
1695215045415231737 145.471034 0.000000
1695215045451768548 144.764730 0.000000
1695215045596576132 145.115474 0.000000
1695215045597410060 144.776361 0.000000
1695215045633292557 145.049435 0.000000
1695215045741784020 145.203457 0.000000
1695215045743255585 144.960678 0.000000
1695215045778692943 145.286526 0.000000
1695215045815775570 144.937269 0.000000
1695215045815905672 145.080867 0.000000
1695215045960603142 145.362069 0.000000
1695215046178615132 145.270362 0.000000
1695215046251871658 144.947624 0.000000
1695215046252280879 144.844700 0.000000
1695215046397174121 145.300444 0.000000
1695215046470574191 145.155117 0.000000
1695215046542959122 144.819141 0.000000
1695215046579272363 145.636978 0.000000
1695215046688303288 145.271528 0.000000
1695215046760964639 144.972851 0.000000
1695215046833813745 145.577042 0.000000
1695215046906741044 144.922215 0.000000
1695215046942948508 145.061221 0.000000
1695215047051862690 145.119306 0.000000
1695215047051932583 145.095460 0.000000
1695215047089136000 145.398934 0.000000
1695215047161634151 144.925016 0.000000
1695215047489149656 145.105428 0.000000
1695215047561653656 145.013758 0.000000
1695215047634414124 144.911163 0.000000
1695215047635209463 144.893877 0.000000
1695215047707472988 145.026730 0.000000
1695215047816622011 145.072967 0.000000
1695215047852709154 145.295168 0.000000
1695215047889937499 145.445582 0.000000
1695215047999406982 145.043475 0.000000
1695215048035043211 145.158184 0.000000
1695215048108124646 145.245325 0.000000
1695215048144354611 145.733806 0.000000
1695215048217462479 144.801518 0.000000
1695215048253632270 145.381105 0.000000
1695215048399075956 145.322940 0.000000
1695215048508246007 145.274389 0.000000
1695215048544853885 145.196703 0.000000
1695215048580447945 144.982581 0.000000
1695215048653293692 145.043220 0.000000
1695215048727091953 144.910981 0.000000
1695215048872197124 145.118301 0.000000
1695215048945400241 145.178624 0.000000
1695215049163575379 145.538937 0.000000
1695215049309527757 145.005787 0.000000
1695215049418086438 145.251587 0.000000
1695215049636235571 145.278153 0.000000
1695215049636419559 144.752426 0.000000
1695215049746711151 145.058538 0.000000
1695215049965244457 145.173839 0.000000
1695215050110366194 144.784062 0.000000
1695215050183275247 144.810811 0.000000
1695215050292206623 144.846339 0.000000
1695215050364956173 145.065778 0.000000
1695215050473702934 145.326315 0.000000
1695215050619430365 145.433498 0.000000
1695215050692691856 144.999346 0.000000
1695215050800639571 144.819948 0.000000
1695215050801648491 145.062101 0.000000
1695215050837745226 145.051385 0.000000
1695215051019374169 144.945951 0.000000
1695215051055575337 145.334824 0.000000
1695215051055721988 144.906419 0.000000
1695215051057183449 145.410109 0.000000
1695215051128457848 145.202408 0.000000
1695215051165056165 144.881636 0.000000
1695215051275164970 145.106268 0.000000
1695215051420080833 144.861060 0.000000
1695215051455758262 145.287478 0.000000
1695215051492432284 145.212615 0.000000
1695215051493278005 144.759060 0.000000
1695215051711259751 144.885216 0.000000
1695215051784580581 145.223911 0.000000
1695215051892848565 145.116159 0.000000
1695215052074818408 145.159434 0.000000
1695215052110943756 145.233522 0.000000
1695215052438857629 145.551272 0.000000
1695215052475462154 145.973066 0.000000
1695215052584423809 144.982443 0.000000
1695215052657906026 144.710712 0.000000
1695215052730311215 145.048240 0.000000
1695215052804045272 145.782837 0.000000
1695215052876526057 145.142260 0.000000
1695215053167021645 144.864483 0.000000
1695215053167328368 144.860133 0.000000
1695215053312704556 144.857939 0.000000
1695215053531319556 144.832150 0.000000
1695215053603270004 145.054711 0.000000
1695215053749423954 145.346759 0.000000
1695215053785086351 145.362737 0.000000
1695215053894535166 145.107619 0.000000
1695215054075896762 145.284745 0.000000
1695215054185247230 145.094544 0.000000
1695215054331165724 144.849875 0.000000
1695215054404100643 145.233437 0.000000
1695215054476439392 145.193823 0.000000
1695215054622391765 144.974762 0.000000
1695215054731339280 145.095084 0.000000
1695215054840403608 145.098318 0.000000
1695215054841466187 145.271109 0.000000
1695215054950514672 145.429454 0.000000
1695215055351061861 145.359458 0.000000
1695215055386446221 145.005564 0.000000
1695215055423278908 145.388448 0.000000
1695215055860209744 144.976615 0.000000
1695215055860669668 145.237852 0.000000
1695215056041143377 145.135169 0.000000
1695215056041227532 145.110983 0.000000
1695215056114006693 145.336079 0.000000
1695215056186572101 145.423462 0.000000
1695215056441770977 145.176211 0.000000
1695215056515288801 144.971943 0.000000
1695215056550732829 145.237608 0.000000
1695215056696327779 145.120818 0.000000
1695215056733148403 145.178664 0.000000
1695215056733874756 145.507528 0.000000
1695215056951312208 144.899229 0.000000
1695215056987287356 145.212904 0.000000
1695215057242299837 145.203109 0.000000
1695215057388549906 144.831728 0.000000
1695215057424346255 145.633348 0.000000
1695215057606099609 145.475578 0.000000
1695215057607456687 145.156772 0.000000
1695215057715233597 145.145672 0.000000
1695215057715362637 145.306576 0.000000
1695215058079295070 145.123048 0.000000
1695215058079654335 145.353008 0.000000
1695215058481410135 145.102638 0.000000
1695215058551975491 145.120196 0.000000
1695215058699628289 144.864173 0.000000
1695215058845073923 145.078400 0.000000
1695215058845116246 145.159208 0.000000
1695215058915695639 145.217952 0.000000
1695215059063087433 145.165921 0.000000
1695215059279458583 145.318039 0.000000
1695215059321031022 145.032056 0.000000
1695215059354078626 145.054919 0.000000
1695215059426897535 145.180904 0.000000
1695215059717496123 145.139814 0.000000
1695215059717549136 144.883984 0.000000
1695215059790624130 144.693515 0.000000
1695215059862412334 144.912046 0.000000
1695215060266723032 145.140246 0.000000
1695215060300101158 144.863737 0.000000
1695215060372854006 144.944407 0.000000
1695215060484773768 145.057983 0.000000
1695215060663928631 145.113741 0.000000
1695215060702609285 145.175135 0.000000
1695215060809575153 144.854131 0.000000
1695215060954933699 145.449211 0.000000
1695215060955223332 144.851256 0.000000
1695215061173696775 145.532048 0.000000
1695215061430224761 145.073870 0.000000
1695215061537525164 145.181867 0.000000
1695215061538390334 145.209030 0.000000
1695215061611189109 145.310610 0.000000
1695215061682843471 145.314082 0.000000
1695215061684419293 145.091095 0.000000
1695215061902699002 145.125809 0.000000
1695215061902716407 144.949489 0.000000
1695215062046932193 145.212216 0.000000
1695215062338103266 144.925176 0.000000
1695215062483819161 144.999536 0.000000
1695215062556840897 144.841377 0.000000
1695215062629902858 144.671185 0.000000
1695215062738982369 145.219186 0.000000
1695215062775021165 145.174993 0.000000
1695215063102319321 145.267409 0.000000
1695215063139115049 145.031313 0.000000
1695215063211746411 145.038056 0.000000
1695215063247514287 145.028343 0.000000
1695215063247596182 145.272356 0.000000
1695215063284335718 145.145850 0.000000
1695215063430809631 145.029095 0.000000
1695215063503395773 145.038495 0.000000
1695215063539558010 145.607707 0.000000
1695215063539737597 145.578225 0.000000
1695215063648425164 145.219903 0.000000
1695215063794052579 144.973461 0.000000
1695215063830761984 145.390888 0.000000
1695215063867709171 144.776661 0.000000
1695215063939984679 144.994351 0.000000
1695215064194804568 145.013801 0.000000
1695215064194905503 145.031703 0.000000
1695215064304756253 145.335025 0.000000
1695215064376693458 145.198959 0.000000
1695215064450246119 145.066863 0.000000
1695215064450770307 145.156356 0.000000
1695215064450859970 145.211699 0.000000
1695215065106277583 144.889747 0.000000
1695215065289776721 145.178291 0.000000
1695215065324075832 145.316366 0.000000
1695215065470223092 145.325018 0.000000
1695215065654128555 145.404611 0.000000
1695215065687844667 144.792712 0.000000
1695215065687875584 145.498833 0.000000
1695215065688162641 144.810839 0.000000
1695215065799359451 145.146900 0.000000
1695215065833242553 145.395596 0.000000
1695215065871966720 145.136463 0.000000
1695215066017162682 145.191487 0.000000
1695215066124588321 144.826664 0.000000
1695215066381207211 144.802341 0.000000
1695215066561264426 145.609378 0.000000
1695215066561345049 144.957653 0.000000
1695215066706670973 145.321704 0.000000
1695215066743808652 145.265906 0.000000
1695215066780658062 145.479159 0.000000
1695215066852026370 145.167000 0.000000
1695215066853325008 144.922512 0.000000
1695215066925063518 145.469979 0.000000
1695215067108069331 144.880259 0.000000
1695215067143526577 145.743757 0.000000
1695215067215994286 145.112746 0.000000
1695215067288822332 144.989924 0.000000
1695215067289469611 145.306666 0.000000
1695215067398637337 145.086588 0.000000
1695215067434272839 145.446061 0.000000
1695215067543997964 145.308576 0.000000
1695215067580708812 145.362503 0.000000
1695215067726082291 145.196087 0.000000
1695215067834820354 145.071647 0.000000
1695215068017428447 144.793200 0.000000
1695215068271699379 145.278381 0.000000
1695215068308287375 145.122826 0.000000
1695215068308445132 145.305435 0.000000
1695215068344552776 145.426218 0.000000
1695215068417106354 145.389234 0.000000
1695215068563170038 145.427285 0.000000
1695215068599471186 145.451016 0.000000
1695215068599781577 144.925716 0.000000
1695215068890710916 145.277263 0.000000
1695215068927316402 145.040660 0.000000
1695215069000271475 145.137005 0.000000
1695215069108836473 145.305953 0.000000
1695215069186556340 149.289464 0.000000
1695215069290790043 145.048168 0.000000
1695215069399600637 145.120781 0.000000
1695215069406077953 144.945026 0.000000
1695215069514504250 145.121183 0.000000
1695215069624310613 144.827076 0.000000
1695215069624452653 144.772511 0.000000
1695215069697358660 145.013331 0.000000
1695215069878282457 145.060913 0.000000
1695215069915043311 145.310161 0.000000
1695215070133665964 144.821033 0.000000
1695215070207312871 145.327586 0.000000
1695215070242350426 145.190945 0.000000
1695215070278607392 144.938803 0.000000
1695215070857257557 145.597435 0.000000
1695215070861649590 144.962940 0.000000
1695215070934105234 145.020941 0.000000
1695215071006960637 144.846809 0.000000
1695215071115527567 145.465456 0.000000
1695215071188357696 144.910336 0.000000
1695215071442558821 144.847224 0.000000
1695215071587311837 144.952119 0.000000
1695215071769458518 145.081832 0.000000
1695215071770059274 144.934585 0.000000
1695215071842133689 145.131594 0.000000
1695215072132755296 145.101040 0.000000
1695215072605643594 145.097441 0.000000
1695215072607013472 145.167028 0.000000
1695215072607117028 145.233452 0.000000
1695215072823219492 145.077821 0.000000
1695215072968577836 145.352395 0.000000
1695215073042987043 144.837952 0.000000
1695215073187180203 145.514787 0.000000
1695215073188058540 145.148085 0.000000
1695215073296680602 145.120685 0.000000
1695215073406292628 145.043270 0.000000
1695215073407330495 145.179562 0.000000
1695215073442307808 145.439731 0.000000
1695215073478883035 144.964811 0.000000
1695215073588111481 145.041842 0.000000
1695215073697200581 145.217244 0.000000
1695215073843652271 145.699351 0.000000
1695215073843781291 145.435498 0.000000
1695215073915987049 145.186762 0.000000
1695215073952142349 145.714206 0.000000
1695215074024914272 145.307397 0.000000
1695215074279383669 145.486345 0.000000
1695215074279485246 145.460775 0.000000
1695215074352939541 145.127582 0.000000
1695215074498297623 145.029147 0.000000
1695215074716973247 144.913199 0.000000
1695215075008055928 144.842272 0.000000
1695215075117067483 145.039777 0.000000
1695215075117249326 144.797159 0.000000
1695215075190034907 145.264962 0.000000
1695215075227107535 144.986887 0.000000
1695215075262315248 145.242768 0.000000
1695215075299112179 145.064077 0.000000
1695215075372055002 144.940736 0.000000
1695215075407533821 145.213241 0.000000
1695215075590442097 145.038855 0.000000
1695215075625774114 145.318937 0.000000
1695215075662894761 145.423562 0.000000
1695215075881372455 144.689845 0.000000
1695215075916791605 145.358382 0.000000
1695215075953524978 145.239419 0.000000
1695215076026817510 144.937350 0.000000
1695215076171918538 144.960758 0.000000
1695215076246142054 145.558481 0.000000
1695215076426335565 145.294259 0.000000
1695215076462841773 145.156109 0.000000
1695215076499477164 144.963247 0.000000
1695215076681267175 145.383516 0.000000
1695215076681327355 145.448030 0.000000
1695215076681350579 145.326788 0.000000
1695215076681482320 144.727310 0.000000
1695215076754475028 145.142239 0.000000
1695215076863259932 145.209657 0.000000
1695215076936252650 145.031087 0.000000
1695215077191480808 145.518271 0.000000
1695215077191520260 145.206643 0.000000
1695215077409782012 144.955087 0.000000
1695215077592091490 145.323018 0.000000
1695215077628234203 145.080548 0.000000
1695215077847249915 145.035015 0.000000
1695215077955424516 145.252117 0.000000
1695215078138006095 145.100774 0.000000
1695215078173257294 145.095710 0.000000
1695215078283706476 145.253542 0.000000
1695215078501913072 144.911854 0.000000
1695215078647215118 144.985219 0.000000
1695215078682893901 145.219999 0.000000
1695215078683119560 145.231557 0.000000
1695215078719826705 145.495231 0.000000
1695215078720020456 144.697928 0.000000
1695215078720209996 144.859838 0.000000
1695215078829252948 145.278606 0.000000
1695215079156202843 145.334956 0.000000
1695215079156627334 145.077006 0.000000
1695215079156691979 145.116609 0.000000
1695215079301939638 145.087121 0.000000
1695215079337817559 145.325661 0.000000
1695215079521065315 145.126003 0.000000
1695215079593230770 145.284816 0.000000
1695215079666164661 145.093166 0.000000
1695215079739294236 145.119000 0.000000
1695215079921004008 145.954295 0.000000
1695215079957534276 145.039892 0.000000
1695215080139134534 144.929419 0.000000
1695215080284310448 145.241421 0.000000
1695215080320794463 144.863070 0.000000
1695215080393873801 145.221863 0.000000
1695215080686629560 145.806052 0.000000
1695215080831179408 145.475691 0.000000
1695215080831696455 145.018743 0.000000
1695215080940675548 145.318558 0.000000
1695215081049547510 145.343153 0.000000
1695215081050477797 144.982168 0.000000
1695215081268675222 145.623288 0.000000
1695215081304387045 145.089866 0.000000
1695215081559865348 145.041439 0.000000
1695215081850606641 144.930307 0.000000
1695215081851335230 145.162341 0.000000
1695215081924217857 146.154297 0.000000
1695215081959826010 145.362390 0.000000
1695215082105649771 144.827395 0.000000
1695215082141767864 145.138636 0.000000
1695215082432792932 145.224599 0.000000
1695215082469249718 145.325773 0.000000
1695215082651814538 144.837508 0.000000
1695215082832944322 145.303962 0.000000
1695215083088504159 145.145469 0.000000
1695215083088712959 144.810125 0.000000
1695215083161134042 145.452508 0.000000
1695215083270291711 145.531756 0.000000
1695215083416419326 145.544735 0.000000
1695215083451791713 145.253663 0.000000
1695215083452065304 144.926713 0.000000
1695215083597658347 145.333050 0.000000
1695215083707388717 145.319533 0.000000
1695215083743528840 145.146324 0.000000
1695215083888788320 145.134756 0.000000
1695215083961258271 145.196535 0.000000
1695215084107455017 145.056932 0.000000
1695215084253253097 144.817080 0.000000
1695215084253812041 145.238053 0.000000
1695215084325813393 145.509879 0.000000
1695215084399433924 145.188144 0.000000
1695215084507594465 144.804067 0.000000
1695215084652882281 145.274675 0.000000
1695215084835450634 144.663355 0.000000
1695215084835650955 144.942373 0.000000
1695215085054140386 145.216911 0.000000
1695215085418143996 145.129961 0.000000
1695215085454236400 145.240480 0.000000
1695215085636715503 145.169792 0.000000
1695215085854941343 144.902372 0.000000
1695215085927646419 144.880156 0.000000
1695215086000421185 144.730451 0.000000
1695215086073054758 145.129911 0.000000
1695215086108830864 145.141318 0.000000
1695215086291679564 145.267415 0.000000
1695215086364791856 144.816635 0.000000
1695215086437244052 144.672991 0.000000
1695215086618809564 145.384538 0.000000
1695215086655838564 145.343095 0.000000
1695215086727921305 145.180106 0.000000
1695215086947079822 145.258272 0.000000
1695215086947357036 145.115546 0.000000
1695215087020285499 145.288840 0.000000
1695215087055721219 144.931748 0.000000
1695215087092341969 145.255802 0.000000
1695215087092463155 145.101273 0.000000
1695215087200872600 145.061744 0.000000
1695215087238029743 145.252026 0.000000
1695215087420012442 144.908616 0.000000
1695215087455646602 145.043107 0.000000
1695215087455716098 145.147140 0.000000
1695215087600997499 145.274651 0.000000
1695215087929102784 145.069859 0.000000
1695215088074690707 144.991182 0.000000
1695215088111303351 145.111661 0.000000
1695215088147334628 145.391454 0.000000
1695215088256514363 145.096080 0.000000
1695215088256576508 145.269975 0.000000
1695215088583739689 145.270565 0.000000
1695215088693171374 145.533664 0.000000
1695215088693921783 145.012758 0.000000
1695215088766370608 145.067656 0.000000
1695215088911901464 145.321289 0.000000
1695215088911930938 145.316017 0.000000
1695215089129824331 145.296594 0.000000
1695215089348896295 144.749803 0.000000
1695215089421540491 145.233505 0.000000
1695215089457714056 145.291559 0.000000
1695215089494675144 145.083719 0.000000
1695215089603067237 145.290751 0.000000
1695215089713586356 144.998755 0.000000
1695215089748340454 145.265328 0.000000
1695215090004198575 145.251065 0.000000
1695215090004816887 145.109887 0.000000
1695215090076909703 144.797021 0.000000
1695215090077094312 144.942719 0.000000
1695215090149452286 145.427254 0.000000
1695215090258265591 145.223111 0.000000
1695215090476696158 145.552502 0.000000
1695215090513957823 145.097341 0.000000
1695215090659299073 145.156079 0.000000
1695215090732150858 145.144042 0.000000
1695215091023246283 145.193044 0.000000
1695215091096782888 145.281093 0.000000
1695215091241339868 145.155431 0.000000
1695215091315327084 145.117595 0.000000
1695215091532430444 145.029172 0.000000
1695215091605222408 145.548245 0.000000
1695215091714208377 145.159969 0.000000
1695215091750615322 145.256451 0.000000
1695215091824207154 145.162528 0.000000
1695215091860021162 145.272349 0.000000
1695215091968977181 145.385858 0.000000
1695215091969570871 144.952842 0.000000
1695215092114826065 145.097217 0.000000
1695215092150495568 145.260939 0.000000
1695215092405609589 145.147085 0.000000
1695215092405675638 144.913035 0.000000
1695215092697276518 144.941510 0.000000
1695215092697322099 144.707105 0.000000
1695215092842072548 145.402595 0.000000
1695215092988290470 144.810290 0.000000
1695215093060445298 145.383396 0.000000
1695215093061375920 145.044052 0.000000
1695215093425216661 145.226640 0.000000
1695215093497292672 145.054201 0.000000
1695215093788380866 145.394848 0.000000
1695215093789209247 145.016012 0.000000
1695215094152837373 145.163834 0.000000
1695215094298480369 144.770408 0.000000
1695215094371273723 144.947065 0.000000
1695215094516736808 144.947667 0.000000
1695215094552762548 145.173294 0.000000
1695215094662494484 144.874194 0.000000
1695215094735452851 145.119816 0.000000
1695215094844143104 145.072829 0.000000
1695215094916762409 145.114993 0.000000
1695215095280896720 145.028683 0.000000
1695215095317516988 144.953774 0.000000
1695215095754240495 145.662083 0.000000
1695215095899059272 145.068483 0.000000
1695215095899424762 144.763494 0.000000
1695215096008699702 145.143065 0.000000
1695215096008911835 144.999806 0.000000
1695215096153916917 145.212915 0.000000
1695215096153958624 145.043696 0.000000
1695215096264034745 145.114742 0.000000
1695215096373099098 145.169589 0.000000
1695215096409470983 144.990497 0.000000
1695215096627213613 145.413384 0.000000
1695215096810012746 145.584112 0.000000
1695215097283878700 145.159650 0.000000
1695215097319901181 145.117619 0.000000
1695215097392640286 145.765731 0.000000
1695215097537919641 145.080683 0.000000
1695215097575027539 145.363986 0.000000
1695215097575072338 145.250547 0.000000
1695215097756184493 145.141959 0.000000
1695215097793475421 144.878776 0.000000
1695215097866225190 145.633954 0.000000
1695215097866403289 144.687008 0.000000
1695215097938292814 144.937161 0.000000
1695215098157633555 144.906692 0.000000
1695215098192817638 145.263838 0.000000
1695215098411024319 145.274195 0.000000
1695215098447844014 145.334147 0.000000
1695215098448342944 144.893633 0.000000
1695215098666320521 144.840104 0.000000
1695215098739020364 145.235464 0.000000
1695215098739424653 145.124290 0.000000
1695215098920360296 145.283062 0.000000
1695215099030206478 145.225885 0.000000
1695215099138571452 145.218138 0.000000
1695215099139161689 144.701406 0.000000
1695215099248119353 145.089695 0.000000
1695215099283777004 145.201131 0.000000
1695215099284250329 145.146339 0.000000
1695215099321186223 145.211609 0.000000
1695215099321692930 144.897059 0.000000
1695215099394544453 145.078216 0.000000
1695215099394747290 145.138466 0.000000
1695215099429079864 145.298445 0.000000
1695215099539671308 144.998381 0.000000
1695215099539709802 145.756749 0.000000
1695215099611904394 145.075056 0.000000
1695215099647861441 145.232758 0.000000
1695215099793237473 145.363873 0.000000
1695215100229991348 145.266257 0.000000
1695215100267508276 146.226864 0.000000
1695215100412535685 145.024448 0.000000
1695215100631993866 144.986287 0.000000
1695215100703642563 145.126409 0.000000
1695215100704396410 144.895212 0.000000
1695215100848641803 145.236310 0.000000
1695215100994602907 144.944933 0.000000
1695215100994898684 144.941851 0.000000
1695215101358823179 144.835001 0.000000
1695215101394162929 144.837653 0.000000
1695215101467089651 145.139553 0.000000
1695215101503393725 145.018803 0.000000
1695215101576329788 145.307951 0.000000
1695215101721490220 145.156031 0.000000
1695215101758571015 145.246487 0.000000
1695215101940841664 145.055555 0.000000
1695215102012655308 145.265962 0.000000
1695215102231337005 145.610830 0.000000
1695215102485914541 145.335734 0.000000
1695215102523419113 145.297060 0.000000
1695215102668922556 145.358075 0.000000
1695215102887196357 145.767037 0.000000
1695215102959050520 145.054444 0.000000
1695215103178703764 145.574364 0.000000
1695215103213811027 145.389525 0.000000
1695215103250382855 144.895057 0.000000
1695215103251017219 144.824728 0.000000
1695215103323425194 145.193262 0.000000
1695215103323666134 144.926236 0.000000
1695215103687851652 144.904976 0.000000
1695215103723693750 145.142755 0.000000
1695215103760684782 145.112866 0.000000
1695215103906216373 145.014876 0.000000
1695215104196927376 144.954219 0.000000
1695215104197134101 145.206881 0.000000
1695215104342602259 145.465241 0.000000
1695215104378384235 145.189750 0.000000
1695215104451355412 145.312540 0.000000
1695215104633725763 145.422261 0.000000
1695215104741928252 145.227980 0.000000
1695215104742155876 145.426858 0.000000
1695215104779439233 144.970253 0.000000
1695215104779605780 145.129539 0.000000
1695215104960276126 144.911413 0.000000
1695215104996348955 145.111142 0.000000
1695215104996420075 145.276742 0.000000
1695215105142861198 145.441866 0.000000
1695215105214703519 145.201311 0.000000
1695215105214772013 145.152051 0.000000
1695215105287631294 145.275180 0.000000
1695215105288096084 144.958309 0.000000
1695215105359987803 145.279363 0.000000
1695215105396540561 145.047242 0.000000
1695215105434295480 145.742314 0.000000
1695215105687352312 145.048748 0.000000
1695215105687425151 145.285539 0.000000
1695215105797120447 145.090324 0.000000
1695215105870276550 144.906080 0.000000
1695215105905806098 145.475244 0.000000
1695215106015537156 145.258667 0.000000
1695215106051730763 145.431499 0.000000
1695215106161192709 144.764752 0.000000
1695215106341753609 145.133729 0.000000
1695215106487416392 145.055326 0.000000
1695215106487543096 145.217304 0.000000
1695215106524388690 144.929594 0.000000
1695215106559875827 145.165827 0.000000
1695215106888748629 144.951231 0.000000
1695215106961456753 145.051601 0.000000
1695215107069825478 145.276576 0.000000
1695215107106789833 145.337024 0.000000
1695215107288275834 145.117136 0.000000
1695215107326205693 145.527332 0.000000
1695215107397376774 145.200417 0.000000
1695215107579447257 145.491072 0.000000
1695215107652302692 144.877070 0.000000
1695215107688266805 145.479254 0.000000
1695215107689897239 145.158593 0.000000
1695215107980414786 144.861084 0.000000
1695215108015646915 145.442265 0.000000
1695215108124659964 144.839424 0.000000
1695215108126092277 144.961307 0.000000
1695215108344290191 145.308314 0.000000
1695215108380027338 145.172359 0.000000
1695215108488744244 145.115419 0.000000
1695215108525245217 145.087881 0.000000
1695215108562276517 144.931353 0.000000
1695215108598139487 145.290823 0.000000
1695215108635233173 145.154823 0.000000
1695215108635958499 145.940419 0.000000
1695215108925908333 144.798549 0.000000
1695215108998927679 144.836983 0.000000
1695215109071215054 145.304677 0.000000
1695215109180327833 145.123809 0.000000
1695215109508206065 145.036177 0.000000
1695215109508997940 144.931909 0.000000
1695215109689901835 145.567043 0.000000
1695215109727107138 145.118659 0.000000
1695215109981077046 145.086622 0.000000
1695215110164089282 145.325835 0.000000
1695215110272130513 145.425104 0.000000
1695215110309602614 144.913427 0.000000
1695215110527986238 144.742940 0.000000
1695215110672517265 144.967972 0.000000
1695215110673248730 145.172678 0.000000
1695215110745815851 145.001366 0.000000
1695215110746124097 145.152107 0.000000
1695215110818573998 144.785854 0.000000
1695215110927557349 145.482349 0.000000
1695215110964325389 145.400721 0.000000
1695215111037243539 144.778081 0.000000
1695215111109636070 145.381786 0.000000
1695215111182515904 145.034337 0.000000
1695215111328378066 145.001017 0.000000
1695215111437515544 145.016365 0.000000
1695215111510179439 144.966871 0.000000
1695215111547071826 144.925625 0.000000
1695215111583181654 144.954235 0.000000
1695215111764833456 145.231467 0.000000
1695215111801176351 145.427611 0.000000
1695215111910610270 145.027302 0.000000
1695215111983011041 145.078921 0.000000
1695215112055764809 145.151092 0.000000
1695215112274328849 145.546228 0.000000
1695215112310619546 144.754006 0.000000
1695215112347052531 145.010892 0.000000
1695215112566007414 144.679820 0.000000
1695215112601154559 145.342458 0.000000
1695215112711541042 144.789007 0.000000
1695215112784373988 145.114082 0.000000
1695215112965271379 145.056002 0.000000
1695215113147957447 145.229561 0.000000
1695215113148372221 145.580677 0.000000
1695215113366184477 144.991582 0.000000
1695215113439621613 145.312456 0.000000
1695215113512298109 145.049454 0.000000
1695215113547705058 145.676595 0.000000
1695215113583824949 144.790851 0.000000
1695215113656773575 144.878502 0.000000
1695215113876276530 145.306422 0.000000
1695215113911377640 145.247619 0.000000
1695215113948370620 145.455937 0.000000
1695215114094100630 145.378263 0.000000
1695215114166792293 145.516327 0.000000
1695215114203091376 145.214782 0.000000
1695215114203546419 145.408537 0.000000
1695215114312874972 144.912967 0.000000
1695215114313331994 145.408659 0.000000
1695215114420981878 145.277086 0.000000
1695215114494167491 144.979078 0.000000
1695215114604018798 145.136690 0.000000
1695215114639427501 145.257320 0.000000
1695215114676675315 144.926852 0.000000
1695215114749217417 145.151946 0.000000
1695215114857923182 145.488796 0.000000
1695215114857957512 145.591555 0.000000
1695215114967775351 144.952742 0.000000
1695215115003741359 145.409929 0.000000
1695215115404307932 145.379292 0.000000
1695215115404654437 145.447506 0.000000
1695215115477724490 145.123306 0.000000
1695215115513288191 145.533772 0.000000
1695215115550618317 145.098704 0.000000
1695215115695232200 145.353066 0.000000
1695215115841996070 145.352220 0.000000
1695215115913814417 145.132724 0.000000
1695215116060200491 144.893104 0.000000
1695215116278306875 145.013025 0.000000
1695215116314678522 145.641767 0.000000
1695215116349955872 145.104653 0.000000
1695215116386635781 145.369879 0.000000
1695215116496497023 144.808685 0.000000
1695215116677268528 145.226460 0.000000
1695215116786387481 145.176118 0.000000
1695215116786962522 144.964160 0.000000
1695215116968948786 144.946646 0.000000
1695215117114199332 145.379155 0.000000
1695215117150997010 145.008052 0.000000
1695215117224731153 145.478029 0.000000
1695215117443022344 144.990728 0.000000
1695215117660391202 145.134542 0.000000
1695215117660874807 144.727962 0.000000
1695215117697036807 145.040558 0.000000
1695215118133595944 145.236852 0.000000
1695215118388167335 145.218100 0.000000
1695215118533571018 145.421679 0.000000
1695215118678781880 145.206147 0.000000
1695215118715864274 145.310604 0.000000
1695215118824187305 145.272090 0.000000
1695215118934839731 145.167994 0.000000
1695215119116845499 145.074185 0.000000
1695215119189606400 145.277047 0.000000
1695215119333586006 145.218881 0.000000
1695215119369848450 145.072548 0.000000
1695215119370916232 145.114040 0.000000
1695215119406821811 145.546540 0.000000
1695215119552001972 145.177299 0.000000
1695215119552233796 144.873182 0.000000
1695215119807214968 144.934070 0.000000
1695215119989567718 145.006352 0.000000
1695215120134654407 145.331057 0.000000
1695215120135249851 145.012837 0.000000
1695215120316042143 145.283145 0.000000
1695215120571682542 145.490838 0.000000
1695215120789726904 145.220179 0.000000
1695215120936346851 145.663384 0.000000
1695215121081370563 145.492912 0.000000
1695215121299848231 145.167265 0.000000
1695215121517916562 145.383840 0.000000
1695215121518990288 145.157289 0.000000
1695215121627056937 145.364775 0.000000
1695215121736204867 145.111793 0.000000
1695215121772426330 145.264650 0.000000
1695215121810327754 145.097171 0.000000
1695215121882182569 145.035773 0.000000
1695215121882365599 144.844153 0.000000
1695215121882625814 145.076903 0.000000
1695215122027851335 144.874515 0.000000
1695215122173513857 145.055601 0.000000
1695215122391891700 145.372430 0.000000
1695215122537739029 145.755961 0.000000
1695215122610722561 145.029175 0.000000
1695215122828395978 145.174552 0.000000
1695215122828681817 145.499844 0.000000
1695215122828906886 144.854814 0.000000
1695215123009860351 145.039649 0.000000
1695215123120296092 145.045848 0.000000
1695215123192709985 145.209378 0.000000
