1695214953410827909 177.375887 0.000000
1695214953585678207 177.234926 0.000000
1695214953765500459 177.194374 0.000000
1695214953891143328 177.376717 0.000000
1695214953936409438 177.138964 0.000000
1695214953942890827 177.381944 0.000000
1695214954116529094 177.310432 0.000000
1695214954210114916 177.038491 0.000000
1695214954210181255 177.199540 0.000000
1695214954246299865 177.245820 0.000000
1695214954476171040 176.852679 0.000000
1695214954913311884 177.110994 0.000000
1695214954913378539 177.116091 0.000000
1695214954920141232 177.265354 0.000000
1695214954920291542 177.450719 0.000000
1695214955009019938 177.095707 0.000000
1695214955268216840 177.193801 0.000000
1695214955275044810 176.990009 0.000000
1695214955630562053 176.984459 0.000000
1695214955712028620 177.243796 0.000000
1695214955718227203 177.200913 0.000000
1695214955807866927 176.970036 0.000000
1695214955978147075 177.116702 0.000000
1695214956159719722 177.089247 0.000000
1695214956169424874 177.175584 0.000000
1695214956599835561 177.398818 0.000000
1695214956823472777 177.362489 0.000000
1695214956872986489 177.277472 0.000000
1695214956873419070 177.055280 0.000000
1695214957043212445 177.385100 0.000000
1695214957139772583 177.044693 0.000000
1695214957227693373 176.939059 0.000000
1695214958027669527 177.090225 0.000000
1695214958480152228 177.286895 0.000000
1695214958560283016 177.212668 0.000000
1695214958560343190 177.349652 0.000000
1695214958737784121 177.405653 0.000000
1695214958909013478 177.167293 0.000000
1695214959012900280 177.417510 0.000000
1695214959182467434 177.903905 0.000000
1695214959263997631 177.198186 0.000000
1695214959441799694 177.241174 0.000000
1695214959448406364 177.165463 0.000000
1695214959448939227 177.293045 0.000000
1695214959714865908 177.498294 0.000000
1695214959803653695 177.312320 0.000000
1695214959935074804 177.347116 0.000000
1695214960069597435 177.215154 0.000000
1695214960152472491 177.425512 0.000000
1695214960152495850 177.505985 0.000000
1695214960158463410 176.937282 0.000000
1695214960335750756 177.030485 0.000000
1695214960418498688 177.184494 0.000000
1695214960424803687 177.206123 0.000000
1695214960513206425 176.971768 0.000000
1695214960513259954 177.453032 0.000000
1695214960958230449 178.015044 0.000000
1695214961395658386 177.208628 0.000000
1695214961580115629 177.230114 0.000000
1695214961599298038 177.058755 0.000000
1695214961668474249 176.845953 0.000000
1695214962017245168 177.163835 0.000000
1695214962112543933 177.245950 0.000000
1695214962112597889 177.367833 0.000000
1695214962194802691 177.082062 0.000000
1695214962379458603 177.161754 0.000000
1695214962512694503 177.288719 0.000000
1695214962689736260 177.037442 0.000000
1695214962734482976 177.296799 0.000000
1695214962866941410 177.200695 0.000000
1695214963178449215 176.963103 0.000000
1695214963267099929 177.394234 0.000000
1695214963444122530 176.916945 0.000000
1695214963527071721 177.296368 0.000000
1695214963800667008 177.497176 0.000000
1695214963800732415 177.553517 0.000000
1695214963889061060 176.996439 0.000000
1695214964326102001 177.121791 0.000000
1695214964332429236 177.124227 0.000000
1695214964466483619 177.264292 0.000000
1695214964503571290 177.180443 0.000000
1695214964510141119 177.240252 0.000000
1695214964510456222 176.988492 0.000000
1695214964858836138 177.206577 0.000000
1695214965042936874 177.317364 0.000000
1695214965399170827 177.085617 0.000000
1695214965576303435 177.058471 0.000000
1695214965576366266 177.081906 0.000000
1695214965675416937 177.284412 0.000000
1695214965753491555 176.979389 0.000000
1695214965865916581 177.144274 0.000000
1695214966108411642 177.204542 0.000000
1695214966108551026 177.171580 0.000000
1695214966207722160 177.180094 0.000000
1695214966331842838 177.277436 0.000000
1695214966473536329 177.031533 0.000000
1695214966819771514 177.373359 0.000000
1695214966819848042 177.478112 0.000000
1695214966908839827 177.420969 0.000000
1695214967085677978 177.032276 0.000000
1695214967085832462 176.990780 0.000000
1695214967167554812 177.341063 0.000000
1695214967262882525 177.045594 0.000000
1695214967352599833 177.388435 0.000000
1695214967361411638 177.262642 0.000000
1695214967440734375 177.221880 0.000000
1695214967440777705 176.902122 0.000000
1695214967973036551 177.191889 0.000000
1695214968150469820 177.069558 0.000000
1695214968233548637 177.154299 0.000000
1695214968417091465 177.304139 0.000000
1695214968772390186 177.327837 0.000000
1695214968949748003 177.190063 0.000000
1695214969038618201 177.255338 0.000000
1695214969121229661 177.096774 0.000000
1695214969126807836 177.036478 0.000000
1695214969127286554 176.846512 0.000000
1695214969263954680 177.435277 0.000000
1695214969387253592 177.046027 0.000000
1695214969394202663 177.319582 0.000000
1695214969830910116 177.144371 0.000000
1695214969849193976 177.181607 0.000000
1695214970015154065 177.220395 0.000000
1695214970097282142 177.101022 0.000000
1695214970103551834 177.086877 0.000000
1695214970104553667 177.091172 0.000000
1695214970192514888 177.315317 0.000000
1695214970192878433 177.717191 0.000000
1695214970459594432 177.200315 0.000000
1695214970540952891 177.217014 0.000000
1695214970541017471 177.346280 0.000000
1695214970992814250 177.326408 0.000000
1695214971081822234 177.136883 0.000000
1695214971129776509 177.054236 0.000000
1695214971347989319 177.022354 0.000000
1695214971348512775 176.980802 0.000000
1695214971525618955 177.104641 0.000000
1695214971606682613 177.230285 0.000000
1695214971702984574 176.794217 0.000000
1695214971928963088 177.020853 0.000000
1695214971961710159 177.408479 0.000000
1695214972058605980 177.548545 0.000000
1695214972138929338 177.053229 0.000000
1695214972235844254 177.162739 0.000000
1695214972413087273 177.238599 0.000000
1695214972413257354 176.853283 0.000000
1695214972494054899 177.249290 0.000000
1695214972671420203 177.234344 0.000000
1695214972679310772 177.034139 0.000000
1695214973123547974 177.106657 0.000000
1695214973300964803 177.015976 0.000000
1695214973567072886 177.125315 0.000000
1695214973655970779 177.226702 0.000000
1695214973656695949 176.863859 0.000000
1695214974011014149 177.299276 0.000000
1695214974092700803 177.435405 0.000000
1695214974099714414 177.323114 0.000000
1695214974189037023 176.768233 0.000000
1695214974189162895 176.676504 0.000000
1695214974277024638 177.274386 0.000000
1695214974365943132 176.903222 0.000000
1695214974454516214 177.129574 0.000000
1695214974454557004 177.018476 0.000000
1695214974721285107 177.214301 0.000000
1695214974843773231 176.994191 0.000000
1695214974980689089 177.151398 0.000000
1695214975253771024 176.989000 0.000000
1695214975253814535 177.209267 0.000000
1695214975360133904 177.523736 0.000000
1695214975430961014 176.952063 0.000000
1695214975431022322 177.203682 0.000000
1695214975431027323 177.251849 0.000000
1695214975608718043 177.169754 0.000000
1695214975697155655 177.302256 0.000000
1695214975697260062 176.899550 0.000000
1695214975963402129 177.305247 0.000000
1695214976016291180 177.267787 0.000000
1695214976134953046 177.158019 0.000000
1695214976312559985 176.985579 0.000000
1695214976353759790 177.145888 0.000000
1695214976496600862 177.301904 0.000000
1695214976578744735 177.269750 0.000000
1695214976708717261 177.313806 0.000000
1695214976763271205 177.678500 0.000000
1695214976940636875 177.026713 0.000000
1695214977118090315 176.965701 0.000000
1695214977207135339 177.120784 0.000000
1695214977295973425 177.220254 0.000000
1695214977384351558 176.995892 0.000000
1695214977384461419 177.012045 0.000000
1695214977739568828 177.194320 0.000000
1695214977828553876 177.173290 0.000000
1695214977882440780 177.151009 0.000000
1695214977917475873 177.147650 0.000000
1695214978266253203 177.081904 0.000000
1695214978272529686 177.260453 0.000000
1695214978292695014 177.362344 0.000000
1695214978361619738 177.021562 0.000000
1695214978444032276 177.172863 0.000000
1695214978538867918 177.243875 0.000000
1695214978664191378 177.384846 0.000000
1695214978716502234 177.025255 0.000000
1695214978798750444 177.268907 0.000000
1695214978798814738 177.264377 0.000000
1695214978887759333 177.249646 0.000000
1695214978914328019 177.158115 0.000000
1695214978982753958 177.345139 0.000000
1695214979064994733 177.237796 0.000000
1695214979516293597 177.751759 0.000000
1695214979782481317 177.354494 0.000000
1695214980137833322 177.048801 0.000000
1695214980220214025 177.189386 0.000000
1695214980309050970 177.129718 0.000000
1695214980581943723 177.211388 0.000000
1695214981204111262 177.167625 0.000000
1695214981293162062 177.147795 0.000000
1695214981375197282 177.314722 0.000000
1695214981375271895 177.324029 0.000000
1695214981552781160 176.998151 0.000000
1695214981597322684 177.477511 0.000000
1695214981648676243 177.605935 0.000000
1695214981737840813 177.233357 0.000000
1695214981863267222 177.124560 0.000000
1695214981880864842 177.239016 0.000000
1695214982004095629 177.279204 0.000000
1695214982093357395 177.538556 0.000000
1695214982174109833 177.210250 0.000000
1695214982218457841 177.335079 0.000000
1695214982236070897 177.290361 0.000000
1695214982270489558 177.181648 0.000000
1695214982537569942 177.403453 0.000000
1695214982706838136 177.185841 0.000000
1695214982714916767 176.829313 0.000000
1695214982973065994 177.196236 0.000000
1695214982981428996 177.301025 0.000000
1695214983158644027 177.213698 0.000000
1695214983181297833 177.156986 0.000000
1695214983247561737 177.235226 0.000000
1695214983328002336 177.178459 0.000000
1695214983358447185 177.143548 0.000000
1695214983425297288 177.140839 0.000000
1695214983462104946 177.392538 0.000000
1695214983479415133 177.207172 0.000000
1695214983513797739 177.176992 0.000000
1695214983602717824 177.197673 0.000000
1695214983602780415 177.181210 0.000000
1695214983771770320 177.267418 0.000000
1695214983780440270 177.219803 0.000000
1695214983860341961 177.074347 0.000000
1695214984037551011 177.204786 0.000000
1695214984135995408 177.354263 0.000000
1695214984136056159 177.346008 0.000000
1695214984214731786 177.159189 0.000000
1695214984247158040 177.383582 0.000000
1695214984424495520 177.333020 0.000000
1695214984706942161 177.210840 0.000000
1695214984847200933 177.164808 0.000000
1695214984936412747 177.448332 0.000000
1695214985024631123 177.427478 0.000000
1695214985369232467 177.238864 0.000000
1695214985646964391 177.115292 0.000000
1695214986002437715 177.311909 0.000000
1695214986179956158 177.183325 0.000000
1695214986217596371 177.120038 0.000000
1695214986268804748 176.953115 0.000000
1695214986357922064 177.062952 0.000000
1695214986446466868 177.206320 0.000000
1695214986612422663 177.254425 0.000000
1695214986712818691 177.405637 0.000000
1695214986712824700 177.283678 0.000000
1695214986967453155 177.086866 0.000000
1695214987068203170 176.786035 0.000000
1695214987068505452 176.916073 0.000000
1695214987446957846 177.363444 0.000000
1695214987500184595 177.239490 0.000000
1695214987512363566 177.148258 0.000000
1695214987601288728 176.865682 0.000000
1695214987855125689 177.198119 0.000000
1695214987923284297 177.298001 0.000000
1695214987943962882 177.038037 0.000000
1695214987956472231 177.304858 0.000000
1695214988045225489 177.106331 0.000000
1695214988223249582 177.250115 0.000000
1695214988223259465 177.335087 0.000000
1695214988262558518 177.524792 0.000000
1695214988335982624 177.460052 0.000000
1695214988489243128 177.145402 0.000000
1695214988578161760 177.252971 0.000000
1695214988667437546 177.291441 0.000000
1695214988743301212 177.081618 0.000000
1695214988957650943 177.240092 0.000000
1695214989111192954 177.126411 0.000000
1695214989223877768 177.321590 0.000000
1695214989466333140 177.166479 0.000000
1695214989542309492 176.949412 0.000000
1695214989643708627 176.862690 0.000000
1695214989667993935 177.394110 0.000000
1695214989821102580 177.177956 0.000000
1695214989909983214 176.720322 0.000000
1695214989910046526 177.055892 0.000000
1695214989998338487 177.230028 0.000000
1695214990040073901 177.241338 0.000000
1695214990353531579 177.308318 0.000000
1695214990430173568 177.077422 0.000000
1695214990442957089 177.246600 0.000000
1695214990620576056 177.212206 0.000000
1695214990873879771 177.365031 0.000000
1695214990886209933 177.202714 0.000000
1695214990962486578 177.033996 0.000000
1695214990975197135 177.421838 0.000000
1695214991034347028 177.367176 0.000000
1695214991241493466 177.233229 0.000000
1695214991507612811 177.004733 0.000000
1695214991596647614 177.069369 0.000000
1695214991939316373 177.260819 0.000000
1695214992129163349 177.070486 0.000000
1695214992129394185 177.007134 0.000000
1695214992206062799 177.233793 0.000000
1695214992294483869 177.323929 0.000000
1695214992395076048 177.089818 0.000000
1695214992485128919 177.180862 0.000000
1695214992485200566 177.228703 0.000000
1695214992485285774 177.243612 0.000000
1695214992838993353 177.328067 0.000000
1695214992928192251 177.159140 0.000000
1695214992928332938 176.900714 0.000000
1695214992989427778 177.157014 0.000000
1695214993105622886 176.936692 0.000000
1695214993271183630 177.171721 0.000000
1695214993448468905 177.280964 0.000000
1695214993668346475 177.329383 0.000000
1695214993904661469 177.397471 0.000000
1695214993905136559 177.096647 0.000000
1695214994171018895 177.112255 0.000000
1695214994171384855 176.927957 0.000000
1695214994247287316 177.098298 0.000000
1695214994259639409 177.227199 0.000000
1695214994437036595 177.077187 0.000000
1695214994437071170 177.246531 0.000000
1695214994601992443 177.018755 0.000000
1695214994792064897 177.212249 0.000000
1695214994969444922 177.136303 0.000000
1695214995045727677 177.043705 0.000000
1695214995223438443 176.966551 0.000000
1695214995413443328 177.327335 0.000000
1695214995489311980 177.183316 0.000000
1695214995933346221 177.384966 0.000000
1695214996213264544 177.339653 0.000000
1695214996301856457 177.000114 0.000000
1695214996390734233 176.992009 0.000000
1695214996543600673 177.399519 0.000000
1695214996567886743 177.150771 0.000000
1695214996656818119 177.127905 0.000000
1695214996657802442 177.333127 0.000000
1695214996657850117 177.324783 0.000000
1695214996834868456 176.998648 0.000000
1695214997401728385 177.424737 0.000000
1695214997443534350 177.313447 0.000000
1695214997545315922 177.438522 0.000000
1695214997620909738 177.126108 0.000000
1695214997811461684 177.044171 0.000000
1695214998521880261 177.385565 0.000000
1695214998521949733 177.290325 0.000000
1695214998521983371 177.255308 0.000000
1695214998610762077 177.318573 0.000000
1695214998734464624 177.387465 0.000000
1695214998787981342 177.217300 0.000000
1695214998876987008 177.263378 0.000000
1695214998965877394 177.255804 0.000000
1695214999104069809 177.072733 0.000000
1695214999232237319 177.232064 0.000000
1695214999232245843 177.319643 0.000000
1695214999321106289 177.138256 0.000000
1695214999587400898 177.320616 0.000000
1695214999931440683 177.234927 0.000000
1695215000365581572 177.344625 0.000000
1695215000387595725 177.223930 0.000000
1695215000476496052 177.283332 0.000000
1695215000476551110 177.297355 0.000000
1695215001174825645 177.188980 0.000000
1695215001440950328 177.344049 0.000000
1695215001542847472 177.200419 0.000000
1695215001542924726 177.166215 0.000000
1695215001591595023 177.151676 0.000000
1695215001898173366 177.489235 0.000000
1695215001934646815 177.549094 0.000000
1695215002075468319 177.188981 0.000000
1695215002112070499 177.419409 0.000000
1695215002568778136 177.406602 0.000000
1695215002875733807 177.422600 0.000000
1695215003128704934 177.084435 0.000000
1695215003356522235 177.523229 0.000000
1695215003394823458 177.201016 0.000000
1695215003483239715 176.906236 0.000000
1695215003497663869 177.039064 0.000000
1695215003675225302 176.945232 0.000000
1695215003763842227 177.218206 0.000000
1695215003889607268 177.466107 0.000000
1695215003920373297 177.378674 0.000000
1695215004030295977 177.181423 0.000000
1695215004474467245 177.158953 0.000000
1695215004549127330 177.176097 0.000000
1695215004701763795 177.197177 0.000000
1695215004829338786 177.031801 0.000000
1695215004829462834 176.950602 0.000000
1695215004829616010 176.837790 0.000000
1695215004917834931 177.076961 0.000000
1695215005006813929 176.729630 0.000000
1695215005184872592 177.256254 0.000000
1695215005412314829 177.140242 0.000000
1695215005697946336 177.425058 0.000000
1695215005806795868 177.357668 0.000000
1695215005875381875 177.431159 0.000000
1695215006236680403 177.119078 0.000000
1695215006250855277 177.056182 0.000000
1695215006414273959 177.229295 0.000000
1695215006428648628 177.065255 0.000000
1695215006428710843 177.219818 0.000000
1695215006517751005 177.183104 0.000000
1695215006606630989 177.116930 0.000000
1695215006946747607 177.029044 0.000000
1695215007001786964 177.311664 0.000000
1695215007228780654 177.376626 0.000000
1695215007228850662 177.499150 0.000000
1695215007301582090 177.060632 0.000000
1695215007317605145 177.280494 0.000000
1695215007567686764 177.233286 0.000000
1695215008097512956 177.296339 0.000000
1695215008345205977 177.320817 0.000000
1695215008384528937 177.462125 0.000000
1695215008384589854 177.318456 0.000000
1695215008455701713 177.219892 0.000000
1695215008541759138 177.457938 0.000000
1695215008562703620 177.288743 0.000000
1695215008896886733 177.261085 0.000000
1695215009095343561 177.315314 0.000000
1695215009343730886 176.973775 0.000000
1695215009362268299 177.610375 0.000000
1695215009540338919 177.188228 0.000000
1695215009756626890 177.355027 0.000000
1695215009984249434 177.352179 0.000000
1695215010409672457 177.104900 0.000000
1695215010428228725 176.994879 0.000000
1695215011030873215 176.985246 0.000000
1695215011140204515 177.892795 0.000000
1695215011228686458 177.146420 0.000000
1695215011296724471 177.249396 0.000000
1695215011405997135 177.306206 0.000000
1695215011533983877 177.217415 0.000000
1695215011544359200 177.149767 0.000000
1695215011651621517 177.169259 0.000000
1695215011761947313 177.000046 0.000000
1695215012076657580 177.081101 0.000000
1695215012253759113 177.099634 0.000000
1695215012472995189 177.382154 0.000000
1695215012539550125 177.358909 0.000000
1695215012628183963 177.042820 0.000000
1695215012650678122 177.133265 0.000000
1695215013005905917 177.337029 0.000000
1695215013338988417 177.138512 0.000000
1695215013408154352 177.417561 0.000000
1695215013805453911 176.879280 0.000000
1695215013871464889 177.395209 0.000000
1695215014160370406 177.096248 0.000000
1695215014222038811 177.495923 0.000000
1695215014338356874 177.350951 0.000000
1695215014427158975 177.464906 0.000000
1695215014515559554 176.938957 0.000000
1695215014515583620 177.282095 0.000000
1695215015493810264 177.360672 0.000000
1695215015825854581 176.935474 0.000000
1695215015848912249 177.339498 0.000000
1695215015894860764 177.177106 0.000000
1695215016356099680 177.293327 0.000000
1695215016381724113 177.124994 0.000000
1695215016648359044 177.123030 0.000000
1695215016714341260 177.210864 0.000000
1695215017045606223 177.456318 0.000000
1695215017181737429 177.285537 0.000000
1695215017270598172 177.221458 0.000000
1695215017448102145 177.321515 0.000000
1695215017691724298 177.573873 0.000000
1695215017891916288 177.139092 0.000000
1695215018158548195 177.088243 0.000000
1695215018158640630 177.302661 0.000000
1695215018424975828 177.588771 0.000000
1695215018513837328 177.182848 0.000000
1695215018580459987 177.407846 0.000000
1695215018602247584 177.173131 0.000000
1695215018780326133 177.145295 0.000000
1695215018825207939 177.212523 0.000000
1695215019047091493 177.069313 0.000000
1695215019378094728 177.228441 0.000000
1695215019401778662 177.211886 0.000000
1695215019446168364 176.874733 0.000000
1695215019646265296 177.132758 0.000000
1695215019935137599 177.313778 0.000000
1695215020090059505 177.335818 0.000000
1695215020290260564 177.276630 0.000000
1695215020467833098 177.360816 0.000000
1695215020511999205 177.217564 0.000000
1695215020556740238 177.278103 0.000000
1695215020622424663 177.238350 0.000000
1695215020733907346 177.165273 0.000000
1695215020778022599 177.124292 0.000000
1695215020822748662 177.118378 0.000000
1695215020911603716 177.170312 0.000000
1695215021089008289 177.066176 0.000000
1695215021178269301 177.722233 0.000000
1695215021355341827 177.070536 0.000000
1695215021510849409 177.155164 0.000000
1695215021577124464 177.200940 0.000000
1695215021621684236 177.161608 0.000000
1695215021798985965 177.297338 0.000000
1695215022155361905 176.872951 0.000000
1695215022375640539 177.009594 0.000000
1695215022577255093 177.360407 0.000000
1695215022599412855 177.036283 0.000000
1695215022864317718 177.285971 0.000000
1695215022866419608 177.828116 0.000000
1695215022866487551 177.814219 0.000000
1695215023043748215 177.258549 0.000000
1695215023132772195 177.162499 0.000000
1695215023199207123 177.262642 0.000000
1695215023263829395 177.266129 0.000000
1695215023643348749 177.280901 0.000000
1695215023665087569 177.252286 0.000000
1695215024199433343 177.255590 0.000000
1695215024264740460 177.161369 0.000000
1695215024465739366 177.026378 0.000000
1695215024619401327 176.933973 0.000000
1695215024619470779 176.936645 0.000000
1695215024731450104 176.565731 0.000000
1695215024796924579 176.906043 0.000000
1695215024819779885 177.129647 0.000000
1695215024885786593 177.092849 0.000000
1695215024909440598 176.974948 0.000000
1695215025062980161 177.142595 0.000000
1695215025240344653 177.360182 0.000000
1695215025263722246 177.290862 0.000000
1695215025307239815 177.275492 0.000000
1695215025417934845 177.422852 0.000000
1695215025506209974 176.863335 0.000000
1695215025530297108 177.192613 0.000000
1695215025573478719 177.014742 0.000000
1695215025708775731 177.095955 0.000000
1695215025796890323 176.954013 0.000000
1695215025797021137 177.040333 0.000000
1695215026283494646 177.154244 0.000000
1695215026483713893 177.307521 0.000000
1695215026483783505 177.243533 0.000000
1695215026549373816 177.090825 0.000000
1695215026549444510 177.094453 0.000000
1695215026749770563 176.927196 0.000000
1695215026774021826 177.277011 0.000000
1695215026838677738 177.177791 0.000000
1695215027040520309 177.079926 0.000000
1695215027082370934 177.298720 0.000000
1695215027282859608 177.316517 0.000000
1695215027348565120 177.196263 0.000000
1695215027460250733 176.890752 0.000000
1695215027726579825 177.343048 0.000000
1695215027815603971 177.258196 0.000000
1695215027970157219 177.305031 0.000000
1695215028081915410 177.220544 0.000000
1695215028107049705 177.335661 0.000000
1695215028195262445 177.321594 0.000000
1695215028437065570 177.133184 0.000000
1695215028550822551 177.309830 0.000000
1695215028639636695 177.018921 0.000000
1695215028703261676 177.321591 0.000000
1695215028880890483 176.969449 0.000000
1695215028969026103 177.051074 0.000000
1695215029439345202 177.261068 0.000000
1695215029835845392 177.389992 0.000000
1695215029856774652 177.186411 0.000000
1695215029972930268 177.138191 0.000000
1695215030035656547 176.937918 0.000000
1695215030211479096 177.066835 0.000000
1695215030213469848 177.293968 0.000000
1695215030388471769 176.982975 0.000000
1695215030390669426 177.193144 0.000000
1695215030724691054 177.366130 0.000000
1695215030724747641 177.489974 0.000000
1695215030834684164 177.409412 0.000000
1695215030950975993 177.310116 0.000000
1695215031306088493 177.308673 0.000000
1695215031394966925 177.212556 0.000000
1695215031661379750 176.923273 0.000000
1695215031838356521 176.991140 0.000000
1695215031900522595 177.264815 0.000000
1695215031927459224 177.058680 0.000000
1695215032371999756 177.309007 0.000000
1695215032412948434 177.267902 0.000000
1695215032501842592 177.212693 0.000000
1695215032611181972 177.310024 0.000000
1695215032877412086 177.175322 0.000000
1695215032965941971 177.038843 0.000000
1695215033052825663 177.188782 0.000000
1695215033054574553 177.155806 0.000000
1695215033082666717 177.016107 0.000000
1695215033171668465 177.152709 0.000000
1695215033407492449 177.175707 0.000000
1695215033478663738 177.064470 0.000000
1695215033704795317 177.018205 0.000000
1695215033744878830 177.215069 0.000000
1695215033853929925 177.383420 0.000000
1695215033942943561 177.280261 0.000000
1695215033971006948 177.307109 0.000000
1695215034415266016 177.278717 0.000000
1695215034475951550 177.200840 0.000000
1695215034564796703 177.173399 0.000000
1695215034592543641 177.270659 0.000000
1695215034770257699 176.931439 0.000000
1695215034810755929 177.561745 0.000000
1695215034830713964 177.015646 0.000000
1695215034947549355 177.284325 0.000000
1695215035008359316 176.955784 0.000000
1695215035125427992 177.266419 0.000000
1695215035274129872 176.984865 0.000000
1695215035480837583 177.378487 0.000000
1695215035658406079 177.178654 0.000000
1695215035805855370 176.885541 0.000000
1695215036143016381 177.286855 0.000000
1695215036191901465 177.285538 0.000000
1695215036320901987 177.223101 0.000000
1695215036606282400 177.094954 0.000000
1695215036724918047 176.979800 0.000000
1695215036783333582 177.048151 0.000000
1695215036813754103 176.989340 0.000000
1695215037080005613 176.982749 0.000000
1695215037138441299 177.427751 0.000000
1695215037257439781 177.206859 0.000000
1695215037346264213 177.295555 0.000000
1695215037346275133 177.346238 0.000000
1695215037523460711 177.049748 0.000000
1695215037583161309 177.254485 0.000000
1695215037583229778 177.396485 0.000000
1695215037789747359 176.980497 0.000000
1695215037789817271 177.292401 0.000000
1695215038009217393 177.348861 0.000000
1695215038116125925 177.680136 0.000000
1695215038234521989 177.188122 0.000000
1695215038364180868 177.306175 0.000000
1695215038470860756 176.978550 0.000000
1695215038500485326 177.102305 0.000000
1695215038500567126 177.110359 0.000000
1695215038678643911 177.186957 0.000000
1695215038737915533 177.267199 0.000000
1695215038767451088 177.035501 0.000000
1695215038767510897 177.124418 0.000000
1695215038944591466 177.043673 0.000000
1695215039033578267 177.343328 0.000000
1695215039092395715 177.249598 0.000000
1695215039163712153 177.321699 0.000000
1695215039210692290 177.056746 0.000000
1695215039210751167 177.031933 0.000000
1695215039340843336 177.126803 0.000000
1695215039388424425 177.284233 0.000000
1695215039447033141 176.941109 0.000000
1695215039476698621 177.202227 0.000000
1695215039536047902 177.092927 0.000000
1695215039743712005 176.921162 0.000000
1695215039802620948 177.542902 0.000000
1695215040140130418 176.950514 0.000000
1695215040407472938 177.174995 0.000000
1695215040543959604 177.283499 0.000000
1695215040544017048 177.433116 0.000000
1695215040602729199 177.327341 0.000000
1695215040899737693 177.376583 0.000000
1695215040988594722 177.260232 0.000000
1695215041135755697 177.307122 0.000000
1695215041383865650 177.117125 0.000000
1695215041432754251 177.311718 0.000000
1695215041432813820 177.445303 0.000000
1695215041490740717 177.453307 0.000000
1695215041490797248 177.545039 0.000000
1695215041521797530 177.308469 0.000000
1695215041521796402 177.438266 0.000000
1695215041579632388 177.297859 0.000000
1695215041610298241 177.479845 0.000000
1695215042023970544 177.278961 0.000000
1695215042094169737 177.202450 0.000000
1695215042144297328 177.150102 0.000000
1695215042271835597 177.086900 0.000000
1695215042379131355 177.085820 0.000000
1695215042379184649 177.422076 0.000000
1695215042380172244 177.313530 0.000000
1695215042468103239 177.284012 0.000000
1695215042468168225 177.420579 0.000000
1695215042944296764 177.237660 0.000000
1695215043001228704 177.335413 0.000000
1695215043033541582 177.623021 0.000000
1695215043071945506 177.298673 0.000000
1695215043121538243 177.237098 0.000000
1695215043210667880 177.160709 0.000000
1695215043299348086 176.919198 0.000000
1695215043445114568 177.313500 0.000000
1695215043960116224 177.095665 0.000000
1695215044277352394 177.598334 0.000000
1695215044315281541 177.229696 0.000000
1695215044454675888 177.250935 0.000000
1695215044512771973 177.300941 0.000000
1695215044721044336 177.158156 0.000000
1695215044721113181 176.794841 0.000000
1695215044777716395 177.225647 0.000000
1695215044898339137 177.189958 0.000000
1695215044987511019 177.574782 0.000000
1695215045075557596 176.950350 0.000000
1695215045132539345 177.342192 0.000000
1695215045134760562 177.293749 0.000000
1695215045164612343 176.815215 0.000000
1695215045253387234 177.090851 0.000000
1695215045342321534 177.074240 0.000000
1695215045489796146 177.315535 0.000000
1695215045649120196 176.999159 0.000000
1695215045875769083 177.613585 0.000000
1695215045964298766 177.262639 0.000000
1695215046003860256 177.116982 0.000000
1695215046359039317 177.535877 0.000000
1695215046497149418 177.099548 0.000000
1695215046536385098 177.341185 0.000000
1695215046732015714 177.102374 0.000000
1695215046732077999 177.169630 0.000000
1695215046763857818 177.534839 0.000000
1695215046892967547 177.414037 0.000000
1695215046909177913 177.090958 0.000000
1695215046941518450 177.617487 0.000000
1695215047086811733 177.088472 0.000000
1695215047119171405 177.263355 0.000000
1695215047175564185 176.843936 0.000000
1695215047207632324 176.782323 0.000000
1695215047264550937 176.974312 0.000000
1695215047296358940 177.091357 0.000000
1695215047513988728 177.399547 0.000000
1695215047514346389 177.004530 0.000000
1695215047530039170 177.130991 0.000000
1695215047619006140 177.159711 0.000000
1695215047740659214 177.282919 0.000000
1695215047740685004 177.220229 0.000000
1695215047780216594 177.262968 0.000000
1695215047829618637 177.291983 0.000000
1695215047884715794 176.979824 0.000000
1695215047918205391 177.056545 0.000000
1695215047918272698 177.367712 0.000000
1695215048579546470 177.296181 0.000000
1695215048595797742 177.163659 0.000000
1695215048718364244 177.371112 0.000000
1695215048772798639 176.996321 0.000000
1695215049128433483 177.037507 0.000000
1695215049305607496 177.171868 0.000000
1695215049305679308 176.824365 0.000000
1695215049394379183 177.064694 0.000000
1695215049482907510 177.079757 0.000000
1695215049607878516 177.689443 0.000000
1695215049837880451 177.018498 0.000000
1695215050140811596 177.264804 0.000000
1695215050141282610 176.921817 0.000000
1695215050141720693 177.393719 0.000000
1695215050229583272 177.246743 0.000000
1695215050637279995 177.335619 0.000000
1695215050762412952 177.135049 0.000000
1695215050850833387 177.162777 0.000000
1695215051116928087 177.119998 0.000000
1695215051116995725 177.089377 0.000000
1695215051205331363 177.066659 0.000000
1695215051437176079 177.529245 0.000000
1695215051649420724 177.196561 0.000000
1695215051738451631 177.192610 0.000000
1695215051778113861 177.239204 0.000000
1695215051827511161 177.383961 0.000000
1695215051915813160 177.359590 0.000000
1695215052004572542 177.059270 0.000000
1695215052004692812 176.913407 0.000000
1695215052044041356 177.130837 0.000000
1695215052221776057 177.127926 0.000000
1695215052414174740 177.351767 0.000000
1695215052502947689 177.238716 0.000000
1695215052803983113 177.144876 0.000000
1695215053071099391 177.569284 0.000000
1695215053376598702 176.988150 0.000000
1695215053515406253 177.261326 0.000000
1695215053568763599 177.078202 0.000000
1695215053692654187 177.251051 0.000000
1695215053781483483 177.175722 0.000000
1695215053998032658 177.123032 0.000000
1695215054047812402 177.239536 0.000000
1695215054314562947 177.110986 0.000000
1695215054491843549 177.223995 0.000000
1695215054635074737 177.232048 0.000000
1695215054847063958 177.253184 0.000000
1695215055168078093 177.204875 0.000000
1695215055168113636 177.140009 0.000000
1695215055202195257 177.439031 0.000000
1695215055332626004 177.325784 0.000000
1695215055468353278 176.931319 0.000000
1695215055508130151 177.274200 0.000000
1695215055557195021 177.064448 0.000000
1695215055701112669 177.354074 0.000000
1695215055823990447 176.992223 0.000000
1695215055823994361 177.093509 0.000000
1695215055954313865 177.138949 0.000000
1695215056001545178 177.171375 0.000000
1695215056056136877 177.138559 0.000000
1695215056356660494 177.028432 0.000000
1695215056500414722 177.625407 0.000000
1695215056889533506 177.290534 0.000000
1695215057156358071 177.311582 0.000000
1695215057156440357 177.358897 0.000000
1695215057196911904 177.230374 0.000000
1695215057244649136 177.155136 0.000000
1695215057599872817 177.030512 0.000000
1695215057777226401 177.113031 0.000000
1695215057866068495 177.159839 0.000000
1695215058134775352 179.729403 0.000000
1695215058187250811 177.373495 0.000000
1695215058312010545 177.384044 0.000000
1695215058312105591 177.302525 0.000000
1695215058542082239 177.208722 0.000000
1695215058985861434 177.402257 0.000000
1695215059200207001 177.138470 0.000000
1695215059329214295 177.241879 0.000000
1695215059329269538 177.271017 0.000000
1695215059343106541 177.184235 0.000000
1695215059555394594 177.302426 0.000000
1695215059609149910 177.254489 0.000000
1695215059643927194 177.092060 0.000000
1695215059697872680 177.172708 0.000000
1695215059913336279 177.271462 0.000000
1695215059913485130 177.267679 0.000000
1695215060051465965 177.248795 0.000000
1695215060052732303 177.077888 0.000000
1695215060265700295 177.176936 0.000000
1695215060357688476 177.562197 0.000000
1695215060535010122 177.287451 0.000000
1695215060801190116 177.294883 0.000000
1695215060851914046 177.131080 0.000000
1695215060890274677 177.271767 0.000000
1695215060941170959 177.348040 0.000000
1695215061422896641 177.227532 0.000000
1695215061511798390 177.123949 0.000000
1695215061598862872 177.225873 0.000000
1695215061600115473 177.214493 0.000000
1695215061688993515 176.939936 0.000000
1695215061740072986 177.186684 0.000000
1695215062132756683 176.735082 0.000000
1695215062183561235 177.212372 0.000000
1695215062576667306 177.404766 0.000000
1695215062618215200 177.076035 0.000000
1695215062665332288 176.968719 0.000000
1695215062754338758 177.187061 0.000000
1695215062842798672 177.461723 0.000000
1695215062894571289 177.236912 0.000000
1695215063020126986 177.148842 0.000000
1695215063338571300 177.329451 0.000000
1695215063553006476 177.667822 0.000000
1695215063642619812 176.971359 0.000000
1695215063908706983 177.031290 0.000000
1695215063959592086 177.093760 0.000000
1695215064086083511 176.819808 0.000000
1695215064306464533 177.228794 0.000000
1695215064483669919 177.201152 0.000000
1695215064619148069 177.264626 0.000000
1695215064797098193 177.153652 0.000000
1695215064885580290 176.992664 0.000000
1695215064974524525 177.421836 0.000000
1695215065194512432 177.240144 0.000000
1695215065202969647 177.004397 0.000000
1695215065291667234 177.077450 0.000000
1695215065291720824 176.974019 0.000000
1695215065638442133 177.440732 0.000000
1695215065685593731 177.056912 0.000000
1695215065774403929 177.111094 0.000000
1695215065774481154 177.118776 0.000000
1695215066041262711 177.255846 0.000000
1695215066348638530 177.206173 0.000000
1695215066396523597 177.376961 0.000000
1695215067018981061 177.334549 0.000000
1695215067156818149 177.158342 0.000000
1695215067156889424 177.255748 0.000000
1695215067196500242 176.944300 0.000000
1695215067285620866 177.281392 0.000000
1695215067423008009 177.355845 0.000000
1695215067551515245 177.112136 0.000000
1695215067729466286 177.337014 0.000000
1695215067866961912 177.180288 0.000000
1695215067995961427 177.414393 0.000000
1695215068221855935 177.181878 0.000000
1695215068310766036 177.310804 0.000000
1695215068480206705 177.121965 0.000000
1695215068529268354 176.899797 0.000000
1695215068754640263 177.120186 0.000000
1695215068931833891 177.188922 0.000000
1695215069243548269 180.666655 0.000000
1695215069287125379 177.027495 0.000000
1695215069329177383 177.369777 0.000000
1695215069645587376 177.515492 0.000000
1695215069865132577 177.222842 0.000000
1695215070000402780 177.223560 0.000000
1695215070219842691 176.924434 0.000000
1695215070355484602 176.800363 0.000000
1695215070710687752 177.007290 0.000000
1695215070794795109 177.157358 0.000000
1695215070799451320 177.030116 0.000000
1695215070930130190 177.140987 0.000000
1695215070976766190 177.312616 0.000000
1695215071196633605 177.507980 0.000000
1695215071509900305 177.177515 0.000000
1695215071593887325 177.058148 0.000000
1695215071640564140 177.141449 0.000000
1695215071776249766 177.581941 0.000000
1695215072173249456 177.033777 0.000000
1695215072219749534 177.297530 0.000000
1695215072304496773 177.151148 0.000000
1695215072706962799 177.060467 0.000000
1695215072925787769 177.053533 0.000000
1695215073103110006 177.317617 0.000000
1695215073107153314 177.221834 0.000000
1695215073369229267 177.367392 0.000000
1695215073372991245 177.064228 0.000000
1695215073728621066 177.161355 0.000000
1695215073728629726 177.259469 0.000000
1695215073861870140 177.216156 0.000000
1695215074039137085 177.194177 0.000000
1695215074039160986 177.286265 0.000000
1695215074039202157 176.950375 0.000000
1695215074305158207 176.938281 0.000000
1695215074305239861 177.004350 0.000000
1695215074705653806 177.028530 0.000000
1695215074705727407 177.179271 0.000000
1695215074794511478 177.224856 0.000000
1695215074838014733 177.298303 0.000000
1695215074881080904 177.018993 0.000000
1695215075193252320 177.186186 0.000000
1695215075282286743 177.306114 0.000000
1695215075504667521 177.246394 0.000000
1695215075504691076 177.206064 0.000000
1695215075548725859 177.215152 0.000000
1695215075593374031 176.849025 0.000000
1695215075725803603 177.072959 0.000000
1695215075904416849 177.166588 0.000000
1695215075904444403 177.262667 0.000000
1695215076170339729 177.171540 0.000000
1695215076348196920 177.079765 0.000000
1695215076437184743 177.221383 0.000000
1695215076745802082 177.200493 0.000000
1695215077014813285 177.368066 0.000000
1695215077414788848 177.406655 0.000000
1695215077680979148 177.277007 0.000000
1695215077725344139 177.020036 0.000000
1695215077812210701 177.115373 0.000000
1695215077858766079 177.155027 0.000000
1695215077989736452 177.052110 0.000000
1695215078124893089 177.082388 0.000000
1695215078302950865 177.551755 0.000000
1695215078391347992 177.138587 0.000000
1695215078702027232 177.297824 0.000000
1695215078835176584 177.174716 0.000000
1695215078835338325 177.190854 0.000000
1695215078879175801 177.143958 0.000000
1695215079233710393 177.222093 0.000000
1695215079323917550 177.205836 0.000000
1695215079412443713 176.951530 0.000000
1695215079588580868 177.193966 0.000000
1695215079589391512 176.885209 0.000000
1695215079589476575 176.755868 0.000000
1695215079635108996 177.154931 0.000000
1695215079635228529 177.157863 0.000000
1695215079855033482 177.042616 0.000000
1695215079901635546 177.320737 0.000000
1695215079901646997 177.477587 0.000000
1695215079990389201 177.153185 0.000000
1695215080256499924 177.158851 0.000000
1695215080433831327 176.897299 0.000000
1695215080611316895 176.901647 0.000000
1695215080611322578 176.986003 0.000000
1695215080744009647 177.250747 0.000000
1695215080788532589 177.206764 0.000000
1695215080877367498 177.166773 0.000000
1695215081055025034 177.091942 0.000000
1695215081232034200 176.891036 0.000000
1695215081232529662 176.982329 0.000000
1695215081320891718 177.093152 0.000000
1695215081454691181 177.235113 0.000000
1695215081765413507 177.621716 0.000000
1695215081854396660 176.881917 0.000000
1695215081898695514 177.327140 0.000000
1695215082120401941 177.337450 0.000000
1695215082209352148 177.122512 0.000000
1695215082209418502 177.132079 0.000000
1695215082298325864 177.063959 0.000000
1695215082386815316 177.027255 0.000000
1695215082431406099 177.249397 0.000000
1695215082653466994 177.069934 0.000000
1695215082697333923 177.201870 0.000000
1695215082875542297 176.891073 0.000000
1695215083052998305 176.903926 0.000000
1695215083319232176 176.877227 0.000000
1695215083540987639 177.313905 0.000000
1695215083629874609 177.243244 0.000000
1695215083718846640 177.258785 0.000000
1695215083940557251 177.320445 0.000000
1695215084074466903 177.065607 0.000000
1695215084162787419 177.062056 0.000000
1695215084295475291 177.208907 0.000000
1695215084473255358 177.086720 0.000000
1695215084562297441 177.088105 0.000000
1695215084607002852 177.320094 0.000000
1695215084607120325 177.400481 0.000000
1695215084651105186 177.298055 0.000000
1695215084872925519 176.990958 0.000000
1695215085050788506 177.416293 0.000000
1695215085228309844 177.327318 0.000000
1695215085272762440 177.156864 0.000000
1695215085272813975 177.078622 0.000000
1695215085405330512 177.135701 0.000000
1695215085539015769 177.375367 0.000000
1695215085805397192 177.515087 0.000000
1695215086027050359 177.325022 0.000000
1695215086116521524 177.083331 0.000000
1695215086116643512 176.955770 0.000000
1695215086160234975 177.162763 0.000000
1695215086471130428 176.877539 0.000000
1695215086516318340 177.050702 0.000000
1695215086559935659 176.914191 0.000000
1695215086605184132 177.033438 0.000000
1695215086738113727 177.075276 0.000000
1695215086826926894 176.917587 0.000000
1695215087359230249 177.081193 0.000000
1695215087404166918 177.275540 0.000000
1695215087404219841 177.432144 0.000000
1695215087581731390 177.391696 0.000000
1695215087759103048 177.236624 0.000000
1695215087847971612 177.275834 0.000000
1695215087892206557 177.408544 0.000000
1695215087936261265 177.039772 0.000000
1695215087981168320 177.328845 0.000000
1695215088114188546 177.430361 0.000000
1695215088158489161 177.377467 0.000000
1695215088425143977 177.514904 0.000000
1695215088558380964 177.391058 0.000000
1695215089269144941 177.342894 0.000000
1695215089979333335 177.333798 0.000000
1695215090291052952 177.217710 0.000000
1695215090291108010 177.242863 0.000000
1695215090512045749 177.016489 0.000000
1695215090823894754 177.272127 0.000000
1695215091090129404 177.150248 0.000000
1695215091134822271 177.584516 0.000000
1695215091267960224 177.067221 0.000000
1695215091356520525 177.050556 0.000000
1695215091800294342 177.359640 0.000000
1695215091977724094 176.883122 0.000000
1695215092023079801 177.181982 0.000000
1695215092023138553 177.338075 0.000000
1695215092244365741 177.174342 0.000000
1695215092510768718 177.422657 0.000000
1695215092599593437 177.063055 0.000000
1695215093266973570 177.334597 0.000000
1695215093310582961 177.344779 0.000000
1695215093356760736 177.887616 0.000000
1695215093399412729 176.998680 0.000000
1695215093533775224 177.012759 0.000000
1695215093577962308 177.233416 0.000000
1695215093932059209 177.154697 0.000000
1695215094066824501 177.298432 0.000000
1695215094111107841 177.278688 0.000000
1695215094288173260 177.060683 0.000000
1695215094465904673 177.073313 0.000000
1695215094465934211 177.076822 0.000000
1695215094731796318 177.551661 0.000000
1695215094909863326 176.918724 0.000000
1695215094954970181 176.742674 0.000000
1695215095132528877 177.031665 0.000000
1695215095175824132 176.732150 0.000000
1695215095398528542 177.132156 0.000000
1695215095442552625 177.568490 0.000000
1695215095530909943 176.940043 0.000000
1695215095664641720 177.305423 0.000000
1695215096064635346 177.191898 0.000000
1695215096064661096 177.042937 0.000000
1695215096108581270 177.285190 0.000000
1695215096331202230 177.100193 0.000000
1695215096775602963 177.732419 0.000000
1695215096864441974 177.450369 0.000000
1695215096952918836 177.143268 0.000000
1695215097218971882 176.919893 0.000000
1695215097485707600 176.896036 0.000000
1695215097662591183 177.325169 0.000000
1695215097663190541 176.956632 0.000000
1695215097663209765 177.112726 0.000000
1695215097885879756 177.536285 0.000000
1695215097974293902 176.945550 0.000000
1695215097974362316 177.084974 0.000000
1695215098106539698 177.130095 0.000000
1695215098195267261 177.028940 0.000000
1695215098284225640 177.214347 0.000000
1695215098284379092 176.819649 0.000000
1695215098329295472 177.159915 0.000000
1695215098329472443 177.214185 0.000000
1695215098550331826 177.286514 0.000000
1695215098728570394 177.238078 0.000000
1695215099083326965 176.941502 0.000000
1695215099172176687 177.176606 0.000000
1695215099438220175 177.303282 0.000000
1695215099438290318 177.297870 0.000000
1695215099616033781 176.889027 0.000000
1695215099662489937 177.291512 0.000000
1695215099793388308 176.990873 0.000000
1695215099971048903 177.017595 0.000000
1695215100059585539 177.208314 0.000000
1695215100195153732 177.122372 0.000000
1695215100682607887 177.035208 0.000000
1695215100770202460 177.450552 0.000000
1695215100816507745 176.958926 0.000000
1695215100947743626 176.990131 0.000000
1695215100993765060 177.251376 0.000000
1695215101348748501 177.084785 0.000000
1695215101437298257 177.001493 0.000000
1695215101569194125 177.322646 0.000000
1695215102012730507 176.996382 0.000000
1695215102058845766 177.073323 0.000000
1695215102101621882 177.311627 0.000000
1695215102101701397 177.335452 0.000000
1695215102190618465 177.299390 0.000000
1695215102456415457 177.053382 0.000000
1695215102680521662 177.256859 0.000000
1695215102989504203 177.274462 0.000000
1695215102989530188 177.366310 0.000000
1695215103078497745 177.133632 0.000000
1695215103344623609 177.361730 0.000000
1695215103433853944 176.992373 0.000000
1695215103522533014 176.831516 0.000000
1695215103788944978 177.662667 0.000000
1695215104498778626 177.098654 0.000000
1695215104676144695 176.937533 0.000000
1695215104676429036 176.871385 0.000000
1695215104903339135 177.284683 0.000000
1695215105080614162 176.868040 0.000000
1695215105120108817 177.119093 0.000000
1695215105209040242 177.412125 0.000000
1695215105298060155 177.198198 0.000000
1695215105613800428 177.537556 0.000000
1695215105652948412 176.891139 0.000000
1695215106009398450 177.207155 0.000000
1695215106146157099 177.382489 0.000000
1695215106186651253 177.246132 0.000000
1695215106452575151 177.261025 0.000000
1695215106500857830 177.277887 0.000000
1695215106719058566 177.010952 0.000000
1695215106766996778 177.097881 0.000000
1695215106856203363 177.466582 0.000000
1695215107033370883 177.118567 0.000000
1695215107744535942 177.045150 0.000000
1695215107832579344 177.215087 0.000000
1695215107874651745 176.766978 0.000000
1695215108075853964 177.269967 0.000000
1695215108674960458 177.703014 0.000000
1695215109519852657 177.584098 0.000000
1695215109742036428 177.198301 0.000000
1695215109919827367 176.844615 0.000000
1695215110008868598 177.271684 0.000000
1695215110231298866 177.903203 0.000000
1695215110275385077 177.856380 0.000000
1695215110564786646 177.470548 0.000000
1695215110630817216 177.304292 0.000000
1695215110986418963 177.466159 0.000000
1695215111119559431 176.983559 0.000000
1695215111253507745 177.905145 0.000000
1695215111430711100 177.198033 0.000000
1695215111519699027 177.097917 0.000000
1695215111564916642 177.689156 0.000000
1695215111608521864 177.148499 0.000000
1695215111875334030 177.217431 0.000000
1695215111897809612 177.362127 0.000000
1695215112052440604 177.196768 0.000000
1695215112141780056 177.130652 0.000000
1695215112407880929 177.619035 0.000000
1695215112541969223 177.138696 0.000000
1695215112673908477 177.111333 0.000000
1695215112674235427 176.770346 0.000000
1695215112762666349 177.148724 0.000000
1695215113028851708 177.153577 0.000000
1695215113384159415 177.404384 0.000000
1695215113607901337 177.430345 0.000000
1695215113650248445 177.164381 0.000000
1695215113696314798 177.052414 0.000000
1695215113828099452 177.577927 0.000000
1695215114005217928 177.261674 0.000000
1695215114182408466 177.184138 0.000000
1695215114271235421 176.829792 0.000000
1695215114271631542 177.020892 0.000000
1695215114537684563 176.980117 0.000000
1695215114762397006 177.203222 0.000000
1695215114892811229 177.218733 0.000000
1695215115028506714 177.150593 0.000000
1695215115070762575 177.319007 0.000000
1695215115336984782 177.348936 0.000000
1695215115560965383 177.166965 0.000000
1695215115692015780 177.181375 0.000000
1695215115870054913 177.301429 0.000000
1695215116047530105 177.160496 0.000000
1695215116094103716 177.329429 0.000000
1695215116225362490 177.461138 0.000000
1695215116271616083 177.181252 0.000000
1695215116402935739 177.005243 0.000000
1695215116402997317 177.524465 0.000000
1695215116491989491 177.107250 0.000000
1695215116537499559 177.100388 0.000000
1695215116715044520 176.995283 0.000000
1695215116803850973 177.166491 0.000000
1695215116936360237 177.316394 0.000000
1695215116964039255 177.409661 0.000000
1695215117025232498 177.124179 0.000000
1695215117025293660 177.219040 0.000000
1695215117141229607 177.183616 0.000000
1695215117202490476 176.853504 0.000000
1695215117202556881 177.317442 0.000000
1695215117202758369 176.928713 0.000000
1695215117514349392 177.279163 0.000000
1695215117514372861 177.345096 0.000000
1695215117647116482 177.479344 0.000000
1695215117736308600 177.659417 0.000000
1695215117824728293 177.426196 0.000000
1695215117913999300 177.044393 0.000000
1695215117958440734 177.256570 0.000000
1695215118091380354 176.959821 0.000000
1695215118091446603 177.478526 0.000000
1695215118268843815 177.186994 0.000000
1695215118402497023 177.068423 0.000000
1695215118446680253 176.976348 0.000000
1695215118534867857 177.235953 0.000000
1695215118579670631 177.145667 0.000000
1695215118712693699 176.725345 0.000000
1695215118713044189 176.932276 0.000000
1695215118801058520 177.086034 0.000000
1695215118890043521 176.873896 0.000000
1695215118890591660 176.942606 0.000000
1695215118978233520 176.950629 0.000000
1695215119023471391 177.210898 0.000000
1695215119067046422 177.124202 0.000000
1695215119200600279 177.187876 0.000000
1695215119245169104 176.839354 0.000000
1695215119511131037 177.227302 0.000000
1695215119511154617 177.073896 0.000000
1695215119866961448 177.190657 0.000000
1695215119955691095 177.252304 0.000000
1695215120221995984 177.251207 0.000000
1695215120267115012 177.593812 0.000000
1695215120310759840 176.914874 0.000000
1695215120400072554 177.206297 0.000000
1695215120444350007 177.235627 0.000000
1695215120533174735 177.271168 0.000000
1695215120577199150 176.905663 0.000000
1695215120666205211 177.228836 0.000000
1695215120843381063 177.171336 0.000000
1695215120931979780 176.937884 0.000000
1695215121021031742 177.117906 0.000000
1695215121065682898 177.364339 0.000000
1695215121109347157 177.359789 0.000000
1695215121865037767 177.136178 0.000000
1695215121909683571 177.245836 0.000000
1695215122042490833 177.234247 0.000000
1695215122087100247 177.235104 0.000000
1695215122119814809 177.302502 0.000000
1695215122175837598 177.089507 0.000000
1695215122220069786 177.198619 0.000000
1695215122486172412 177.142469 0.000000
1695215122486198212 177.305733 0.000000
1695215122619925317 177.250982 0.000000
1695215122886868966 177.550105 0.000000
1695215123064627005 177.589161 0.000000
1695215123242028008 177.507135 0.000000
1695215123285657876 177.457940 0.000000
