1693776357369476076 145.459206 0.000000
1693776357692021410 146.133263 0.000000
1693776357837365207 146.177848 0.000000
1693776358346822849 145.829944 0.000000
1693776358419488344 145.719491 0.000000
1693776358710971147 218.323428 0.000000
1693776358783842183 145.587660 0.000000
1693776358971499942 146.308696 0.000000
1693776359147767780 145.562566 0.000000
1693776359730771706 145.734654 0.000000
1693776360424351630 145.354171 0.000000
1693776361006633842 145.746379 0.000000
1693776361989820771 145.990727 0.000000
1693776362209085290 146.373487 0.000000
1693776362209925935 146.112279 0.000000
1693776362281744727 217.827008 0.000000
1693776362390593742 218.398264 0.000000
1693776362500963644 145.665861 0.000000
1693776362572080838 145.198618 0.000000
1693776362791251272 146.409020 0.000000
1693776363010347374 145.611180 0.000000
1693776363991004992 145.432359 0.000000
1693776364175483517 145.758231 0.000000
1693776364393317733 145.638893 0.000000
1693776364611144355 146.494162 0.000000
1693776365157642496 146.105710 0.000000
1693776365411934839 145.173099 0.000000
1693776366431794726 145.065881 0.000000
1693776367123384369 145.827551 0.000000
1693776369416247362 145.360305 0.000000
1693776370362784551 145.360307 0.000000
1693776371162237928 145.330672 0.000000
1693776371452558209 145.652627 0.000000
1693776372399860774 146.078236 0.000000
1693776372472324767 145.804278 0.000000
1693776372690642474 145.722597 0.000000
1693776372763507423 145.973186 0.000000
1693776374292164509 145.234948 0.000000
1693776374875485019 145.926017 0.000000
1693776375092706268 145.778433 0.000000
1693776375093856804 145.605611 0.000000
1693776375531421988 145.784537 0.000000
1693776376258957035 146.158151 0.000000
1693776376623310353 146.284866 0.000000
1693776376695958258 145.678686 0.000000
1693776376769099431 145.742880 0.000000
1693776377060474280 145.981215 0.000000
1693776377204785458 145.538889 0.000000
1693776377714390723 145.436986 0.000000
1693776378370553912 145.912366 0.000000
1693776378516683141 146.514024 0.000000
1693776378696939263 218.142633 0.000000
1693776380299308046 145.670920 0.000000
1693776380482832893 146.106471 0.000000
1693776382229627436 145.044030 0.000000
1693776382376170080 145.898586 0.000000
1693776382920270782 145.551815 0.000000
1693776383394655442 145.518569 0.000000
1693776383831081398 145.823182 0.000000
1693776385215882537 145.829226 0.000000
1693776385580432256 145.940010 0.000000
1693776385798497580 145.143195 0.000000
1693776386270566781 182.148491 0.000000
1693776386270629752 218.666621 0.000000
1693776386562998432 145.777331 0.000000
1693776386817583490 145.254882 0.000000
1693776386890557251 146.294405 0.000000
1693776387363393919 146.097961 0.000000
1693776387546939419 218.549525 0.000000
1693776387910656950 144.939117 0.000000
1693776388091601299 145.464280 0.000000
1693776389221102601 145.573581 0.000000
1693776389840970284 146.203059 0.000000
1693776390605518833 146.232980 0.000000
1693776390750684791 145.161739 0.000000
1693776392680221482 145.855554 0.000000
1693776393371686347 145.761118 0.000000
1693776394317707835 145.807056 0.000000
1693776394681916920 146.280006 0.000000
1693776395411649285 145.597567 0.000000
1693776395701762928 218.392573 0.000000
1693776395702112241 218.302659 0.000000
1693776396066233293 145.259652 0.000000
1693776396213058728 145.912296 0.000000
1693776396283940074 145.492486 0.000000
1693776396720564550 145.777744 0.000000
1693776397084312479 146.127826 0.000000
1693776397303096564 218.340293 0.000000
1693776397303141028 182.813722 0.000000
1693776397521945095 145.780084 0.000000
1693776397849406275 145.766038 0.000000
1693776398139683820 145.299591 0.000000
1693776398358669984 145.897463 0.000000
1693776398758944268 144.955038 0.000000
1693776398794434150 145.642720 0.000000
1693776398795226809 145.345304 0.000000
1693776399049914955 145.747293 0.000000
1693776399195475920 145.118986 0.000000
1693776399268667252 145.887828 0.000000
1693776400142305418 145.998155 0.000000
1693776400869304099 145.499345 0.000000
1693776401088758330 146.043035 0.000000
1693776402689991159 146.020467 0.000000
1693776402725981128 145.361154 0.000000
1693776404110929252 145.785245 0.000000
1693776404584611822 146.749989 0.000000
1693776405165376770 145.009454 0.000000
1693776405676114872 145.498955 0.000000
1693776407568971672 146.206072 0.000000
1693776408005193059 145.570079 0.000000
1693776408551152320 145.697586 0.000000
1693776409536967690 148.827471 0.000000
1693776409755678680 145.910744 0.000000
1693776409755714418 145.885500 0.000000
1693776411500890230 145.418858 0.000000
1693776411791771787 217.991403 0.000000
1693776411937955112 145.447333 0.000000
1693776412229368452 146.102290 0.000000
1693776413321958832 146.107098 0.000000
1693776413905222427 145.409605 0.000000
1693776414305813905 218.834419 0.000000
1693776414341649514 145.320808 0.000000
1693776414378476875 145.690233 0.000000
1693776414524472013 146.609086 0.000000
1693776414997082647 145.844327 0.000000
1693776415032913546 145.120118 0.000000
1693776415579594397 145.477418 0.000000
1693776416599696534 146.014582 0.000000
1693776417837815818 145.287099 0.000000
1693776418055350478 217.955318 0.000000
1693776418165063436 146.134907 0.000000
1693776418201741179 146.384632 0.000000
1693776419148122848 145.370444 0.000000
1693776419585007676 218.089859 0.000000
1693776420022758086 145.514663 0.000000
1693776420640358297 145.441107 0.000000
1693776421806018953 218.405855 0.000000
1693776421806883354 145.756888 0.000000
1693776422535446790 218.139641 0.000000
1693776422644350808 145.562055 0.000000
1693776422716766247 145.554614 0.000000
1693776422717982627 146.083228 0.000000
1693776423990272092 145.462263 0.000000
1693776424246604661 145.231898 0.000000
1693776424901263601 145.717431 0.000000
1693776425119386719 145.847165 0.000000
1693776425301687601 145.713504 0.000000
1693776425483392905 145.548854 0.000000
1693776426430269335 145.581008 0.000000
1693776426795609280 146.010105 0.000000
1693776426867804191 144.956326 0.000000
1693776426903655512 145.922800 0.000000
1693776427524098832 145.702022 0.000000
1693776428033025210 145.422089 0.000000
1693776428833109299 146.113557 0.000000
1693776429925945848 145.391615 0.000000
1693776429999085161 146.162501 0.000000
1693776430071979385 145.843294 0.000000
1693776430289773343 218.378378 0.000000
1693776432182501537 144.984114 0.000000
1693776432982383269 218.078206 0.000000
1693776433128358224 145.101418 0.000000
1693776433129445934 146.019519 0.000000
1693776433712057713 145.241382 0.000000
1693776434802483595 145.583214 0.000000
1693776437206944566 145.378594 0.000000
1693776437716588442 146.165934 0.000000
1693776438081954498 145.868708 0.000000
1693776438154498476 145.480659 0.000000
1693776438444468963 145.069866 0.000000
1693776438481267322 145.681428 0.000000
1693776439573679385 145.831847 0.000000
1693776439610445859 145.568014 0.000000
1693776440048084497 145.998340 0.000000
1693776440375453253 145.876386 0.000000
1693776441138925444 145.337963 0.000000
1693776441394135388 145.772123 0.000000
1693776441502936365 145.471579 0.000000
1693776441723055593 146.121598 0.000000
1693776441940902458 145.229897 0.000000
1693776443033895964 146.409702 0.000000
1693776443542578384 145.241054 0.000000
1693776444561328581 145.418030 0.000000
1693776444708205000 146.024276 0.000000
1693776445582341937 145.814633 0.000000
1693776445727463711 145.986350 0.000000
1693776446090853441 145.432280 0.000000
1693776446636766002 145.452182 0.000000
1693776446709606445 218.200471 0.000000
1693776446746775612 146.059963 0.000000
1693776447037620719 145.182578 0.000000
1693776447256541138 145.596821 0.000000
1693776448202341446 145.571702 0.000000
1693776450168451707 145.510160 0.000000
1693776451406423351 218.002913 0.000000
1693776451625682041 146.125511 0.000000
1693776452935979865 145.911664 0.000000
1693776453154940131 145.759561 0.000000
1693776453518803012 146.007520 0.000000
1693776453845600175 217.999981 0.000000
1693776454683942543 145.942725 0.000000
1693776454975812169 146.070404 0.000000
1693776455120946545 145.130783 0.000000
1693776455958843267 146.642439 0.000000
1693776456066606891 145.433511 0.000000
1693776456832324152 146.051210 0.000000
1693776456940878993 218.584949 0.000000
1693776457924154928 145.677368 0.000000
1693776458180010597 145.975722 0.000000
1693776458252302405 145.200405 0.000000
1693776459417692519 146.095983 0.000000
1693776459563897835 146.081678 0.000000
1693776459636709617 145.508278 0.000000
1693776459781987056 145.272588 0.000000
1693776460001139488 145.942766 0.000000
1693776460873529973 145.358855 0.000000
1693776460946330110 145.494248 0.000000
1693776461165931288 145.826962 0.000000
1693776461965839250 145.628761 0.000000
1693776462803859505 146.095787 0.000000
1693776462985814049 145.082725 0.000000
1693776462985865970 145.456229 0.000000
1693776463859212392 146.078635 0.000000
1693776464477974158 145.272000 0.000000
1693776465060826423 146.666299 0.000000
1693776465096932692 146.753892 0.000000
1693776465388897197 145.517225 0.000000
1693776466225187710 146.278827 0.000000
1693776466334623553 145.392206 0.000000
1693776467062896292 145.722183 0.000000
1693776467499750918 146.533724 0.000000
1693776468154777293 145.881134 0.000000
1693776468300187617 145.664175 0.000000
1693776468301304866 146.203810 0.000000
1693776468518577082 218.384840 0.000000
1693776469028633777 146.012546 0.000000
1693776469828846508 217.666773 0.000000
1693776471503510595 145.741097 0.000000
1693776471795521342 146.092208 0.000000
1693776472087207291 145.695355 0.000000
1693776472742600459 145.506128 0.000000
1693776472853142041 147.244049 0.000000
1693776473178909814 145.433191 0.000000
1693776473323934267 145.287622 0.000000
1693776473798296221 145.440170 0.000000
1693776474488411629 145.855927 0.000000
1693776474779826451 145.679352 0.000000
1693776475399261389 145.789194 0.000000
1693776475799899232 145.366688 0.000000
1693776476711535692 146.103669 0.000000
1693776477001011789 145.719842 0.000000
1693776477293173088 145.313502 0.000000
1693776477838239176 146.079015 0.000000
1693776477874938416 146.672438 0.000000
1693776477983831749 146.038244 0.000000
1693776478202331835 146.025732 0.000000
1693776479366914193 145.013840 0.000000
1693776479476556691 145.295047 0.000000
1693776479659384785 145.347847 0.000000
1693776479731497587 145.458154 0.000000
1693776479804091608 145.433428 0.000000
1693776479805355623 145.967631 0.000000
1693776479949939222 218.192290 0.000000
1693776480095958389 146.458594 0.000000
1693776480714442375 145.666341 0.000000
1693776481005908741 145.823031 0.000000
1693776481988187953 218.247311 0.000000
1693776482425411679 145.958211 0.000000
1693776482971614876 145.859728 0.000000
1693776484135561507 145.436191 0.000000
1693776484391808854 145.687911 0.000000
1693776484535927663 145.597900 0.000000
1693776484973616927 145.205350 0.000000
1693776485920241013 145.512219 0.000000
1693776486066419361 146.027793 0.000000
1693776486284368398 145.595980 0.000000
1693776487267385061 145.620797 0.000000
1693776487340305581 145.669901 0.000000
1693776487485092334 145.738226 0.000000
1693776487957862298 145.370942 0.000000
1693776488503788167 145.532507 0.000000
1693776488649863883 146.289002 0.000000
1693776489341174482 145.709919 0.000000
1693776489633269143 146.494564 0.000000
1693776491163314480 145.687666 0.000000
1693776491235221648 145.666233 0.000000
1693776491454245674 146.356658 0.000000
1693776492327040800 145.501300 0.000000
1693776492508759566 146.007171 0.000000
1693776493383010949 145.473842 0.000000
1693776493418833865 146.025628 0.000000
1693776493710517035 145.345021 0.000000
1693776494912195908 145.918348 0.000000
1693776494949094497 145.533442 0.000000
1693776495094681240 218.220828 0.000000
1693776496186691693 146.297087 0.000000
1693776497789139810 146.213304 0.000000
1693776498007612276 146.205501 0.000000
1693776498371875028 145.183465 0.000000
1693776498481981028 146.037329 0.000000
1693776498880437200 145.518171 0.000000
1693776499391780709 145.752399 0.000000
1693776499391957104 145.779192 0.000000
1693776499829042842 218.635741 0.000000
1693776500337517094 145.744329 0.000000
1693776500483585724 145.870881 0.000000
1693776500774443517 145.792379 0.000000
1693776500846852602 145.143430 0.000000
1693776501648385491 217.485885 0.000000
1693776501648738192 181.491522 0.000000
1693776502013349936 145.372753 0.000000
1693776502815695374 146.629690 0.000000
1693776503179405922 145.760875 0.000000
1693776503214680631 145.818375 0.000000
1693776503251280118 146.009491 0.000000
1693776503469077145 217.760838 0.000000
1693776503469405709 218.011250 0.000000
1693776503469518562 145.828117 0.000000
1693776503870358128 145.990284 0.000000
1693776504052811252 145.523356 0.000000
1693776504852870361 145.662398 0.000000
1693776505143763885 145.244922 0.000000
1693776505798304932 145.044472 0.000000
1693776505944537821 145.963016 0.000000
1693776506272338256 146.301512 0.000000
1693776506454447678 145.258479 0.000000
1693776507037096580 145.739171 0.000000
1693776507073285020 145.915311 0.000000
1693776507473849448 145.237802 0.000000
1693776507691295977 145.568497 0.000000
1693776507983790185 146.227578 0.000000
1693776508347931142 145.516754 0.000000
1693776508419874332 145.961971 0.000000
1693776508420947097 145.738661 0.000000
1693776510204983187 219.020929 0.000000
1693776510242094606 145.658016 0.000000
1693776510460195023 145.985557 0.000000
1693776510460322264 145.366261 0.000000
1693776511115719269 145.539559 0.000000
1693776511115796043 145.434569 0.000000
1693776511334487630 146.030929 0.000000
1693776511843515972 145.838484 0.000000
1693776511843727664 145.960938 0.000000
1693776512133919643 145.305690 0.000000
1693776512170314101 145.441054 0.000000
1693776512643620814 217.789382 0.000000
1693776512752515764 145.711965 0.000000
1693776513007897544 146.048359 0.000000
1693776514136680828 146.068173 0.000000
1693776514282259909 145.704318 0.000000
1693776514973412967 145.500400 0.000000
1693776515010877726 145.458991 0.000000
1693776515046939497 146.118982 0.000000
1693776516140397632 146.220807 0.000000
1693776516358337114 146.231131 0.000000
1693776516867107365 145.539591 0.000000
1693776516868072666 145.399921 0.000000
1693776517122433635 146.133475 0.000000
1693776517742240753 145.698873 0.000000
1693776517960108409 146.013538 0.000000
1693776518324359955 145.243559 0.000000
1693776518397823668 145.485188 0.000000
1693776518616659532 145.784965 0.000000
1693776519272846148 146.388918 0.000000
1693776519344945302 145.924613 0.000000
1693776519417221016 145.532836 0.000000
1693776519635405533 145.255793 0.000000
1693776520727970018 146.626914 0.000000
1693776521091333173 145.260530 0.000000
1693776521529136361 145.952329 0.000000
1693776521819621598 145.137169 0.000000
1693776522474860102 218.395995 0.000000
1693776523676157890 217.782196 0.000000
1693776523859555362 146.102914 0.000000
1693776523859840250 145.870768 0.000000
1693776524514509371 145.644675 0.000000
1693776524624651154 146.285990 0.000000
1693776524734680374 146.170165 0.000000
1693776525461509874 145.890345 0.000000
1693776525679710249 145.550364 0.000000
1693776525679863796 145.542601 0.000000
1693776525825264699 145.551277 0.000000
1693776525972162417 145.870398 0.000000
1693776526627885083 145.975875 0.000000
