1693776357108520563 145.900041 0.000000
1693776357181203096 145.437799 0.000000
1693776357327066369 145.824462 0.000000
1693776357690619338 145.213960 0.000000
1693776358200859264 146.054722 0.000000
1693776358419210843 145.484690 0.000000
1693776358607320286 145.511421 0.000000
1693776359366678463 145.639014 0.000000
1693776359804196008 146.015359 0.000000
1693776361407326340 145.554331 0.000000
1693776361699406573 145.900832 0.000000
1693776362463631058 145.289195 0.000000
1693776362646011181 146.017865 0.000000
1693776362718179862 145.474481 0.000000
1693776364429100604 146.031668 0.000000
1693776365921962887 146.095822 0.000000
1693776366649746553 145.587626 0.000000
1693776366649770329 145.676097 0.000000
1693776366794809158 145.995585 0.000000
1693776367156263531 146.411189 0.000000
1693776367522974622 145.026018 0.000000
1693776367742329575 145.824906 0.000000
1693776368032102290 145.302032 0.000000
1693776368287079410 145.535448 0.000000
1693776368469802336 146.133576 0.000000
1693776368760706860 146.016784 0.000000
1693776368797516716 145.764430 0.000000
1693776369123883158 145.256188 0.000000
1693776369560292475 145.263201 0.000000
1693776369997215554 145.321300 0.000000
1693776370506961920 145.346800 0.000000
1693776371490199332 145.557608 0.000000
1693776371672162647 145.881620 0.000000
1693776372546172812 145.952927 0.000000
1693776372763534010 145.708666 0.000000
1693776373127133477 145.264732 0.000000
1693776374365076126 145.732184 0.000000
1693776374401267854 145.866603 0.000000
1693776374692142967 144.890492 0.000000
1693776375748287909 145.691295 0.000000
1693776376004548874 145.963696 0.000000
1693776376877820354 146.074195 0.000000
1693776378769734847 145.605250 0.000000
1693776379026344700 146.405105 0.000000
1693776379571599619 145.985480 0.000000
1693776379608228929 146.276039 0.000000
1693776379753277865 145.677213 0.000000
1693776379972840108 145.786978 0.000000
1693776380080780548 145.468959 0.000000
1693776380918605217 145.182488 0.000000
1693776382665534817 217.356936 0.000000
1693776382885544549 146.241886 0.000000
1693776383504321351 145.254569 0.000000
1693776383539931406 146.288275 0.000000
1693776384050123719 145.673958 0.000000
1693776384195458813 146.229173 0.000000
1693776384559933336 145.371419 0.000000
1693776385106939980 147.013030 0.000000
1693776385106977818 219.069305 0.000000
1693776385653226637 146.126322 0.000000
1693776385725479152 146.405220 0.000000
1693776386272015055 219.062045 0.000000
1693776386344293886 146.705109 0.000000
1693776386562747753 146.185456 0.000000
1693776388093330932 145.993264 0.000000
1693776388528096471 145.426784 0.000000
1693776388674286774 146.044839 0.000000
1693776388783923881 145.682305 0.000000
1693776388929300224 145.895184 0.000000
1693776389257452362 145.346712 0.000000
1693776390094101612 145.520306 0.000000
1693776390349715751 145.470488 0.000000
1693776390968772793 146.119877 0.000000
1693776391405748782 145.895807 0.000000
1693776391732593813 145.809766 0.000000
1693776391841994821 145.770922 0.000000
1693776391878407054 145.915078 0.000000
1693776392571153268 145.581585 0.000000
1693776393916606725 145.632502 0.000000
1693776393953324444 145.402994 0.000000
1693776394099603845 145.769554 0.000000
1693776394244742119 145.887055 0.000000
1693776395338732730 218.527699 0.000000
1693776395411483574 145.598189 0.000000
1693776395992913264 145.183349 0.000000
1693776396065597615 146.215840 0.000000
1693776396065684492 146.467100 0.000000
1693776396356840316 145.883232 0.000000
1693776396356920398 145.990020 0.000000
1693776397230333953 145.450330 0.000000
1693776399741372636 146.120343 0.000000
1693776400542300989 146.115744 0.000000
1693776402071779128 146.228420 0.000000
1693776402399155494 145.322372 0.000000
1693776404111224193 146.188208 0.000000
1693776404802926655 146.238543 0.000000
1693776405093925975 145.807186 0.000000
1693776405384537626 146.063217 0.000000
1693776405494694120 146.099637 0.000000
1693776405602675976 145.885568 0.000000
1693776405675725702 146.352625 0.000000
1693776405675793470 146.381006 0.000000
1693776406113684256 147.305912 0.000000
1693776406732004127 146.240217 0.000000
1693776407240934417 145.570852 0.000000
1693776407277587613 146.346727 0.000000
1693776407277688533 146.319528 0.000000
1693776407423346857 145.466799 0.000000
1693776408114540428 145.551234 0.000000
1693776408588128713 146.256490 0.000000
1693776408660346755 146.063491 0.000000
1693776408951229581 145.532154 0.000000
1693776408952301359 145.656138 0.000000
1693776409097170103 145.015100 0.000000
1693776409206106606 144.970852 0.000000
1693776409461300557 145.698327 0.000000
1693776409500077102 148.452919 0.000000
1693776410736918289 145.836021 0.000000
1693776410990909391 145.443527 0.000000
1693776411246254453 146.236016 0.000000
1693776411537683603 146.070723 0.000000
1693776411975190760 145.887120 0.000000
1693776412301684651 145.424466 0.000000
1693776412812167177 145.188214 0.000000
1693776413322524082 145.808419 0.000000
1693776413322596435 146.003011 0.000000
1693776413430952140 145.937231 0.000000
1693776415433935386 146.113014 0.000000
1693776416270742800 145.608275 0.000000
1693776416779928006 218.014070 0.000000
1693776417071618528 145.882600 0.000000
1693776417837852654 145.519585 0.000000
1693776417838761403 146.279132 0.000000
1693776418347604650 146.128753 0.000000
1693776418674827947 146.250245 0.000000
1693776418930257160 146.032002 0.000000
1693776419731035124 145.583846 0.000000
1693776420932983606 146.044390 0.000000
1693776421187641952 146.036604 0.000000
1693776421915568353 145.504778 0.000000
1693776422279965271 145.253677 0.000000
1693776422352873577 145.649329 0.000000
1693776424464957244 145.870337 0.000000
1693776425592993288 145.399127 0.000000
1693776425665543837 145.457231 0.000000
1693776425702086180 145.055131 0.000000
1693776425921167285 146.430278 0.000000
1693776426066935991 145.979180 0.000000
1693776426321481884 146.007466 0.000000
1693776427742290150 145.853238 0.000000
1693776428105637662 146.167241 0.000000
1693776428542515969 145.543090 0.000000
1693776429051764563 145.954845 0.000000
1693776429926562553 145.987541 0.000000
1693776430144465259 145.919689 0.000000
1693776430362993573 145.974474 0.000000
1693776430691570510 146.197324 0.000000
1693776430726650041 145.661307 0.000000
1693776431272389410 145.421894 0.000000
1693776432073460982 218.452434 0.000000
1693776432618979373 146.116359 0.000000
1693776433783461524 146.212342 0.000000
1693776433784397616 146.126813 0.000000
1693776434001890149 146.268976 0.000000
1693776434656855671 145.973118 0.000000
1693776434730532225 145.860976 0.000000
1693776435713103646 146.047960 0.000000
1693776435895665833 146.075940 0.000000
1693776435895699747 145.819358 0.000000
1693776436369042967 146.370175 0.000000
1693776436514559030 145.624084 0.000000
1693776436622807081 145.490107 0.000000
1693776437534885227 146.237400 0.000000
1693776437570061368 145.538706 0.000000
1693776438663416615 145.844542 0.000000
1693776438736317761 146.130875 0.000000
1693776438880780785 145.246671 0.000000
1693776438954193003 145.761451 0.000000
1693776439610501308 145.737253 0.000000
1693776439974794182 146.576812 0.000000
1693776440302688696 146.101769 0.000000
1693776441722397412 146.715860 0.000000
1693776442086597898 145.178718 0.000000
1693776442632169072 145.750808 0.000000
1693776443432858016 145.576257 0.000000
1693776445472323487 146.344937 0.000000
1693776445580702233 145.719813 0.000000
1693776447220569662 146.363209 0.000000
1693776447911623542 145.449890 0.000000
1693776449658486118 145.132752 0.000000
1693776450059950891 145.768565 0.000000
1693776450096930732 146.180131 0.000000
1693776450495233771 145.375847 0.000000
1693776452280363002 145.903124 0.000000
1693776452498729316 145.310245 0.000000
1693776452752777512 145.479935 0.000000
1693776452863166083 146.073079 0.000000
1693776453008282437 145.507008 0.000000
1693776453080995518 145.700522 0.000000
1693776454246711952 145.551159 0.000000
1693776455011272244 145.853269 0.000000
1693776455265980079 145.425250 0.000000
1693776455302138894 145.373315 0.000000
1693776455412022191 145.800976 0.000000
1693776455957325627 145.001783 0.000000
1693776456795537972 146.639242 0.000000
1693776459600076482 146.002499 0.000000
1693776459817261710 218.447379 0.000000
1693776459926799597 145.145175 0.000000
1693776460218320161 145.606436 0.000000
1693776460546672574 145.930186 0.000000
1693776460582891640 145.454138 0.000000
1693776460655879742 145.993554 0.000000
1693776461019788391 146.037103 0.000000
1693776461238434914 146.260845 0.000000
1693776462038601503 145.892392 0.000000
1693776462111369775 145.572182 0.000000
1693776462330653210 218.216588 0.000000
1693776463057995594 145.489563 0.000000
1693776463094442581 145.369763 0.000000
1693776463677226613 146.195629 0.000000
1693776463750076745 146.063241 0.000000
1693776464223532913 145.438944 0.000000
1693776464732322312 145.757924 0.000000
1693776465715858951 145.707245 0.000000
1693776467572218163 145.557799 0.000000
1693776468191198515 146.442253 0.000000
1693776469536795881 145.335924 0.000000
1693776469646132636 145.011885 0.000000
1693776470083179465 145.593798 0.000000
1693776470630256318 145.832870 0.000000
1693776470993249073 145.190228 0.000000
1693776471867825443 145.996552 0.000000
1693776472560878694 147.507115 0.000000
1693776473614338032 145.586639 0.000000
1693776474853106723 145.960036 0.000000
1693776475945963787 145.672944 0.000000
1693776476018599929 145.863378 0.000000
1693776476636933581 146.070157 0.000000
1693776477146026311 145.578564 0.000000
1693776477292347402 145.739839 0.000000
1693776477474840577 146.225049 0.000000
1693776477510128389 145.445548 0.000000
1693776477510187456 145.571056 0.000000
1693776479002662399 145.998620 0.000000
1693776479185333055 146.511991 0.000000
1693776479477104204 145.761768 0.000000
1693776480168914021 145.930146 0.000000
1693776480496153497 145.579591 0.000000
1693776481988112718 217.685775 0.000000
1693776482352733899 145.421493 0.000000
1693776482534457618 145.562848 0.000000
1693776482571353471 146.374910 0.000000
1693776482571394351 145.694261 0.000000
1693776482789788539 145.843288 0.000000
1693776482861846013 145.649169 0.000000
1693776483007992437 146.116885 0.000000
1693776484681414472 145.662101 0.000000
1693776485374443484 145.828687 0.000000
1693776485409336851 145.042260 0.000000
1693776485483543322 146.580323 0.000000
1693776485883481725 145.730614 0.000000
1693776486392851604 145.252795 0.000000
1693776486866184586 145.247933 0.000000
1693776487303274667 145.862494 0.000000
1693776487413287394 145.855273 0.000000
1693776487922618478 145.552428 0.000000
1693776488067711138 146.223025 0.000000
1693776488176996173 145.875139 0.000000
1693776488468296067 145.359381 0.000000
1693776489414585837 145.662808 0.000000
1693776489779265777 146.084197 0.000000
1693776490070367904 145.884073 0.000000
1693776490761623218 146.023170 0.000000
1693776490944063434 145.701852 0.000000
1693776491270937239 145.586607 0.000000
1693776491308496204 145.653887 0.000000
1693776491635565845 146.217094 0.000000
1693776492109369158 218.696254 0.000000
1693776492873982100 145.609218 0.000000
1693776493056746607 146.261224 0.000000
1693776493163586412 217.967770 0.000000
1693776494002295050 145.754733 0.000000
1693776494475909457 145.903283 0.000000
1693776494911695769 145.541887 0.000000
1693776497133744101 146.178428 0.000000
1693776497314153203 145.360954 0.000000
1693776497425112906 146.885342 0.000000
1693776497934535953 145.888339 0.000000
1693776498080918952 146.353556 0.000000
1693776499100925524 145.847559 0.000000
1693776499173319068 145.843385 0.000000
1693776499464393880 146.290407 0.000000
1693776501612552959 146.053843 0.000000
1693776501758479795 145.922505 0.000000
1693776502340933177 146.411939 0.000000
1693776502486490365 145.812246 0.000000
1693776502777513181 145.136249 0.000000
1693776503251592053 146.217730 0.000000
1693776503361143952 147.144405 0.000000
1693776503396404217 145.143659 0.000000
1693776503760495358 145.224229 0.000000
1693776504234775724 145.758797 0.000000
1693776504924794705 145.563350 0.000000
1693776505433811488 145.311703 0.000000
1693776505798943493 146.055058 0.000000
1693776506054488665 145.789098 0.000000
1693776506563812575 145.904305 0.000000
1693776506927215069 145.796042 0.000000
1693776506964359658 146.263366 0.000000
1693776506999589099 145.208038 0.000000
1693776507327705027 145.912950 0.000000
1693776507363601132 145.530087 0.000000
1693776508383783708 146.326412 0.000000
1693776508491838551 145.241106 0.000000
1693776508929422365 146.072685 0.000000
1693776509001958933 145.841879 0.000000
1693776509148301015 145.722250 0.000000
1693776510166908441 145.452945 0.000000
1693776510241554800 145.814620 0.000000
1693776510385582808 145.934673 0.000000
1693776510458303408 145.613757 0.000000
1693776510532145059 145.729078 0.000000
1693776510750202765 218.114860 0.000000
1693776510750254275 145.947196 0.000000
1693776511224460060 145.936448 0.000000
1693776511514656427 145.483064 0.000000
1693776511951975305 145.843376 0.000000
1693776512643714547 218.654745 0.000000
1693776512935339256 145.575608 0.000000
1693776513261758247 145.343894 0.000000
1693776513371597080 145.824558 0.000000
1693776513590185495 145.521230 0.000000
1693776513772464474 146.483546 0.000000
1693776514900875484 145.976275 0.000000
1693776515337947523 145.627663 0.000000
1693776515739136324 145.717914 0.000000
1693776516903414690 145.675368 0.000000
1693776517923878535 145.281021 0.000000
1693776518762059370 145.896668 0.000000
1693776519233823206 145.584962 0.000000
1693776519961908873 145.470041 0.000000
1693776520326677297 146.063455 0.000000
1693776520691629249 145.882091 0.000000
1693776520873472575 145.440147 0.000000
1693776521528888735 145.753611 0.000000
1693776521674386245 146.184774 0.000000
1693776522876321751 146.186654 0.000000
1693776523786103642 145.924329 0.000000
1693776524223245561 145.048457 0.000000
1693776524587511141 145.677916 0.000000
1693776524587554787 145.637637 0.000000
1693776525206659376 145.284989 0.000000
1693776525644651491 145.835663 0.000000
1693776526189892528 145.066588 0.000000
1693776526553778614 145.417275 0.000000
1693776526808802640 218.843871 0.000000
