1693777185755698984 146.359749 0.000000
1693777186072226965 146.246746 0.000000
1693777187001305886 217.971415 0.000000
1693777188252778344 145.418866 0.000000
1693777188455677539 146.223176 0.000000
1693777188797838607 145.540204 0.000000
1693777189326998664 145.674540 0.000000
1693777191615391414 145.796258 0.000000
1693777193533998886 146.144289 0.000000
1693777193919174975 217.650650 0.000000
1693777194862950536 217.666797 0.000000
1693777195932176028 146.286634 0.000000
1693777196810838155 218.790998 0.000000
1693777197974053038 146.098722 0.000000
1693777199149476196 218.084103 0.000000
1693777199493436751 146.106631 0.000000
1693777199658980044 146.018324 0.000000
1693777201529057772 218.901945 0.000000
1693777202691151686 217.837560 0.000000
1693777203242795610 146.491041 0.000000
1693777203953947528 219.291853 0.000000
1693777204144576982 218.241675 0.000000
1693777205165740107 217.505327 0.000000
1693777205601690407 145.083872 0.000000
1693777206035941804 146.353244 0.000000
1693777206565128093 145.974378 0.000000
1693777207272501387 145.312909 0.000000
1693777207814079293 145.175260 0.000000
1693777208143671613 145.354978 0.000000
1693777208431664035 218.241303 0.000000
1693777209835464022 145.232096 0.000000
1693777210976478213 146.127990 0.000000
1693777211071279657 217.792945 0.000000
1693777211774989001 145.557672 0.000000
1693777211962885667 146.098181 0.000000
1693777212574569258 146.136419 0.000000
1693777212865713326 145.763075 0.000000
1693777212960356078 217.842460 0.000000
1693777213773648030 145.996850 0.000000
1693777214124611801 146.359337 0.000000
1693777215505637418 145.853147 0.000000
1693777216279979463 145.424305 0.000000
1693777216523948613 218.435695 0.000000
1693777217407134613 146.012148 0.000000
1693777218751687780 145.700164 0.000000
1693777219333230362 145.996244 0.000000
1693777219405546366 217.675833 0.000000
1693777219914254344 218.259967 0.000000
1693777219914491530 218.004859 0.000000
1693777219986831467 218.426524 0.000000
1693777220205781018 146.425393 0.000000
1693777220738812796 145.208335 0.000000
1693777221113012493 145.529889 0.000000
1693777221949234333 218.502206 0.000000
1693777222277411201 145.732946 0.000000
1693777223657841821 145.609054 0.000000
1693777223983738771 145.409333 0.000000
1693777224783759887 145.838623 0.000000
1693777225292970960 145.645057 0.000000
1693777225802592046 145.814135 0.000000
1693777225826386712 146.087211 0.000000
1693777226456401150 218.612944 0.000000
1693777227545802771 146.011390 0.000000
1693777227618694491 218.700648 0.000000
1693777229217595957 217.592400 0.000000
1693777230262817238 145.383876 0.000000
1693777231325823172 145.713512 0.000000
1693777231543364458 145.859006 0.000000
1693777232051044919 145.288827 0.000000
1693777232443915500 145.294213 0.000000
1693777233141462525 218.345973 0.000000
1693777233795991189 145.959213 0.000000
1693777233977318088 218.135457 0.000000
1693777234450006153 219.051509 0.000000
1693777235867687400 145.566355 0.000000
1693777237170905398 218.360742 0.000000
1693777237389899488 146.116595 0.000000
1693777237938234312 218.164220 0.000000
1693777237938290398 185.388323 0.000000
1693777238302104754 145.242807 0.000000
1693777238591899203 217.245463 0.000000
1693777240191550661 145.621586 0.000000
1693777240337126502 145.573510 0.000000
1693777240445646049 217.871159 0.000000
1693777241281965123 145.788775 0.000000
1693777241463367739 145.467579 0.000000
1693777242082460958 145.761744 0.000000
1693777242372007512 218.029167 0.000000
1693777242445447412 145.425767 0.000000
1693777242626548250 145.749771 0.000000
1693777243826552813 146.016712 0.000000
1693777245206818213 145.425124 0.000000
1693777245389188681 145.400189 0.000000
1693777245861075956 218.720484 0.000000
1693777246225440937 145.983654 0.000000
1693777246370670892 218.365943 0.000000
1693777246805036719 145.286335 0.000000
1693777247097917904 146.263847 0.000000
1693777247243098812 145.959053 0.000000
1693777248332910568 145.806583 0.000000
1693777248913135251 145.292196 0.000000
1693777250221353563 145.959824 0.000000
1693777250766733064 145.243464 0.000000
1693777251456684292 217.451338 0.000000
1693777251456798242 217.345938 0.000000
1693777252401734698 145.669028 0.000000
1693777252584507475 146.057015 0.000000
1693777252672999499 162.019843 0.000000
1693777253346580411 218.197889 0.000000
1693777253346682684 164.760529 0.000000
1693777253710382046 145.392028 0.000000
1693777254547000406 145.621432 0.000000
1693777254582057666 145.287295 0.000000
1693777255890412824 145.163546 0.000000
1693777257926254902 145.869543 0.000000
1693777259524311325 217.959588 0.000000
1693777260070391843 146.313693 0.000000
1693777263413064890 145.935844 0.000000
1693777264539560226 218.318874 0.000000
1693777264612967510 146.298608 0.000000
1693777264974797864 145.318273 0.000000
1693777266139016313 145.386175 0.000000
1693777266501496694 217.825191 0.000000
1693777266939032751 146.474987 0.000000
1693777267338924313 145.680300 0.000000
1693777267521490063 146.622557 0.000000
1693777269192047863 217.697754 0.000000
1693777269337591099 217.880141 0.000000
1693777269338535049 145.666467 0.000000
1693777272972763235 218.866087 0.000000
1693777273809064115 145.250171 0.000000
1693777273989839750 217.485871 0.000000
1693777273989978893 182.023672 0.000000
1693777274534840127 145.261035 0.000000
1693777277042137136 145.271273 0.000000
1693777277587871067 218.418108 0.000000
1693777278060405397 145.728137 0.000000
1693777280568654140 218.408452 0.000000
1693777281622124927 145.905422 0.000000
1693777284093950221 145.775269 0.000000
1693777284348229900 145.616807 0.000000
1693777286964315760 145.720470 0.000000
1693777287218238892 145.491706 0.000000
1693777290053211332 145.444814 0.000000
1693777290635233910 145.629355 0.000000
1693777290707859290 146.033923 0.000000
1693777290780017223 145.175716 0.000000
1693777293105535838 217.887575 0.000000
1693777293758816383 145.670382 0.000000
1693777294413623167 146.197882 0.000000
1693777296810852109 217.737711 0.000000
1693777297537535235 145.654242 0.000000
1693777298591871671 145.743141 0.000000
1693777299282481814 218.344540 0.000000
1693777299355382845 146.183759 0.000000
1693777300046285134 145.828045 0.000000
1693777300082051342 145.912997 0.000000
1693777301259805882 145.325920 0.000000
1693777302277349975 217.989084 0.000000
1693777303101192259 170.199877 0.000000
1693777303101246681 218.739177 0.000000
1693777303463514158 218.104813 0.000000
1693777303513150847 145.820442 0.000000
1693777303574032985 145.567076 0.000000
1693777304155450158 146.070939 0.000000
1693777304239566914 145.410883 0.000000
1693777305643157449 145.299979 0.000000
1693777305825039975 146.059586 0.000000
1693777305970099329 145.722737 0.000000
1693777306660769561 218.683570 0.000000
1693777307060677660 145.494031 0.000000
1693777307169911710 146.020231 0.000000
1693777308695876596 145.979908 0.000000
1693777308914592916 146.153560 0.000000
1693777309239886968 217.869609 0.000000
1693777309568003683 145.483795 0.000000
1693777309931517829 145.609964 0.000000
1693777310561806741 145.377544 0.000000
1693777311564637641 218.049353 0.000000
1693777311943607628 146.230285 0.000000
1693777312814697227 145.985110 0.000000
1693777315939329168 145.822765 0.000000
1693777318905169171 217.659219 0.000000
1693777320010552301 218.545904 0.000000
1693777321341235638 217.524873 0.000000
1693777321595777463 218.081868 0.000000
1693777322395540757 145.921277 0.000000
1693777322722850093 145.308091 0.000000
1693777322916956914 145.720727 0.000000
1693777323739321118 145.424178 0.000000
1693777324442876400 144.916779 0.000000
1693777326480657675 146.181699 0.000000
1693777326685300433 145.883098 0.000000
1693777328511582774 145.356104 0.000000
1693777328802238953 145.386093 0.000000
1693777329026499651 218.612570 0.000000
1693777330065701256 217.511633 0.000000
1693777330754283280 145.736832 0.000000
1693777332352733715 145.981477 0.000000
1693777333815041875 145.287436 0.000000
1693777334023838142 145.551749 0.000000
1693777334314611502 145.217379 0.000000
1693777334969315076 145.768507 0.000000
1693777335659175867 146.115852 0.000000
1693777335912625287 217.880926 0.000000
1693777336349490738 145.668056 0.000000
1693777336639963146 145.368192 0.000000
1693777336748980972 145.893634 0.000000
1693777337085756406 146.487829 0.000000
1693777337585095996 218.526799 0.000000
1693777337730490463 145.391480 0.000000
1693777337766775053 145.719950 0.000000
1693777337813748870 146.127211 0.000000
1693777337985167517 145.601587 0.000000
1693777338829807097 217.833220 0.000000
1693777338892692039 145.414677 0.000000
1693777339183926746 145.537041 0.000000
1693777340201073288 145.683800 0.000000
1693777341807220378 145.577546 0.000000
1693777342745468491 145.940841 0.000000
1693777342897564394 145.585754 0.000000
1693777344126305060 218.498795 0.000000
1693777344307120178 217.487951 0.000000
1693777345870576488 145.887889 0.000000
1693777346415722790 145.750852 0.000000
1693777346531030998 146.259632 0.000000
1693777346996811891 145.725348 0.000000
1693777347070570222 146.261040 0.000000
1693777348886841861 145.835662 0.000000
1693777349023534028 240.125737 0.000000
1693777349649830621 145.445338 0.000000
1693777349904037489 145.099459 0.000000
1693777350550099336 145.446982 0.000000
1693777351648137656 218.040061 0.000000
1693777354154819368 144.855074 0.000000
