1693777184895375161 177.022286 0.000000
1693777186375267151 179.646416 0.000000
1693777186375362443 267.578731 0.000000
1693777186903685965 177.297286 0.000000
1693777187439775357 177.866506 0.000000
1693777188095637139 177.366145 0.000000
1693777188805003895 177.245196 0.000000
1693777188975436281 178.488793 0.000000
1693777190127172864 177.731716 0.000000
1693777190631915767 177.213005 0.000000
1693777191102393989 178.239126 0.000000
1693777194803091223 178.086004 0.000000
1693777195704134082 178.346367 0.000000
1693777199504252810 265.921090 0.000000
1693777200209468647 265.972106 0.000000
1693777200386267064 177.144969 0.000000
1693777200439676916 178.193835 0.000000
1693777201389349797 178.175885 0.000000
1693777203603963372 178.181268 0.000000
1693777205025954236 177.359240 0.000000
1693777205933463867 178.304604 0.000000
1693777206022123340 177.717809 0.000000
1693777207330864642 177.058993 0.000000
1693777207862713309 177.555302 0.000000
1693777208693033383 177.427994 0.000000
1693777210230454156 266.214053 0.000000
1693777210611646989 177.305420 0.000000
1693777211205790579 177.672869 0.000000
1693777211534072390 266.884878 0.000000
1693777212535382043 265.851174 0.000000
1693777212563473338 177.244904 0.000000
1693777212741215353 177.784770 0.000000
1693777213156403951 177.813297 0.000000
1693777213717115765 178.024618 0.000000
1693777214640406695 178.119342 0.000000
1693777216525583597 177.492993 0.000000
1693777217644847125 178.158445 0.000000
1693777218089652959 178.632813 0.000000
1693777218654539310 177.863378 0.000000
1693777219216108139 178.147708 0.000000
1693777220182930344 266.748601 0.000000
1693777221209263737 218.184823 0.000000
1693777221209317692 266.626852 0.000000
1693777222141215094 177.808645 0.000000
1693777223856398499 177.182857 0.000000
1693777227948917043 265.734386 0.000000
1693777228056135282 178.195015 0.000000
1693777230273241842 177.269606 0.000000
1693777230344527490 177.649214 0.000000
1693777230829748351 178.076784 0.000000
1693777231930879446 177.975415 0.000000
1693777232119300829 266.339503 0.000000
1693777232159236117 265.846649 0.000000
1693777232551269630 177.261393 0.000000
1693777233553526121 177.646994 0.000000
1693777233578582442 177.829012 0.000000
1693777234440370483 177.406055 0.000000
1693777235352604206 177.504340 0.000000
1693777237088774036 177.791362 0.000000
1693777241778017621 177.893437 0.000000
1693777242047799745 178.264411 0.000000
1693777242414825480 178.303813 0.000000
1693777243505040778 177.549339 0.000000
1693777245955208541 266.159551 0.000000
1693777246168808739 178.146290 0.000000
1693777246499941377 177.337228 0.000000
1693777246585070039 178.437654 0.000000
1693777246689608619 178.517388 0.000000
1693777246862859931 178.569022 0.000000
1693777248893545218 177.237012 0.000000
1693777249246974352 265.857007 0.000000
1693777249436128225 177.518446 0.000000
1693777249980873376 178.154841 0.000000
1693777250400893802 266.737180 0.000000
1693777250577979029 266.480638 0.000000
1693777251399226334 178.005975 0.000000
1693777251664225381 265.597720 0.000000
1693777252107824950 177.704532 0.000000
1693777252707351683 266.261438 0.000000
1693777254147819713 178.059477 0.000000
1693777254414057701 178.115921 0.000000
1693777255547743329 177.907239 0.000000
1693777255649625766 177.527285 0.000000
1693777256542441780 177.955975 0.000000
1693777257044024367 177.475937 0.000000
1693777260385016982 178.138592 0.000000
1693777260621760016 178.253801 0.000000
1693777261685512971 177.745542 0.000000
1693777262129066900 266.356798 0.000000
1693777262549063758 266.877607 0.000000
1693777262571245252 265.840271 0.000000
1693777263975763067 177.112339 0.000000
1693777265475540544 177.998794 0.000000
1693777266207164277 265.235751 0.000000
1693777266635633019 265.916310 0.000000
1693777267820057436 178.288172 0.000000
1693777268048083872 266.432015 0.000000
1693777269134251115 177.469852 0.000000
1693777269488421428 265.924228 0.000000
1693777269821589178 177.434903 0.000000
1693777271085562724 177.909755 0.000000
1693777272238165450 177.499074 0.000000
1693777272789632403 265.866948 0.000000
1693777272858548461 177.507597 0.000000
1693777273988534468 177.181058 0.000000
1693777274852540487 177.295993 0.000000
1693777276228555425 177.658256 0.000000
1693777276671492339 177.873937 0.000000
1693777276759484128 177.004038 0.000000
1693777277514745268 177.436583 0.000000
1693777277647117514 178.072760 0.000000
1693777278599125612 177.949581 0.000000
1693777279397457112 178.190600 0.000000
1693777280040404958 177.956692 0.000000
1693777281014447784 266.056071 0.000000
1693777281879759398 177.462872 0.000000
1693777284737391477 177.295447 0.000000
1693777285000403351 177.813949 0.000000
1693777285072202966 177.382742 0.000000
1693777286068243148 177.912812 0.000000
1693777286333109712 177.033336 0.000000
1693777287220255493 177.910809 0.000000
1693777287969066956 267.097053 0.000000
1693777290752954203 178.004611 0.000000
1693777291448788342 257.479038 0.000000
1693777291448862204 266.594953 0.000000
1693777292232173735 177.456977 0.000000
1693777292630033302 266.066119 0.000000
1693777294137740347 266.565577 0.000000
1693777294930894577 271.195088 0.000000
1693777296887066642 177.948553 0.000000
1693777297739621116 177.455835 0.000000
1693777298199763997 178.526110 0.000000
1693777298725313197 177.713750 0.000000
1693777298837096127 177.991775 0.000000
1693777300344123591 177.324910 0.000000
1693777300448066800 192.079022 0.000000
1693777303539721585 178.346303 0.000000
1693777304225034018 177.873021 0.000000
1693777304757793817 177.915744 0.000000
1693777305488398196 177.923008 0.000000
1693777307437692158 178.080469 0.000000
1693777307632310657 178.438386 0.000000
1693777308501433012 177.186258 0.000000
1693777309280910877 177.770886 0.000000
1693777309565510077 266.442178 0.000000
1693777309832417288 178.137697 0.000000
1693777309833474748 177.610114 0.000000
1693777310202685140 266.440506 0.000000
1693777310700258751 177.389050 0.000000
1693777311783688111 177.814363 0.000000
1693777312138908551 195.642016 0.000000
1693777312138929349 266.377927 0.000000
1693777314976544257 178.411764 0.000000
1693777316058734059 177.789895 0.000000
1693777316660320201 177.789582 0.000000
1693777316734173638 177.965607 0.000000
1693777317921375413 177.832387 0.000000
1693777318344553157 177.966374 0.000000
1693777318965399514 178.072189 0.000000
1693777319514006170 177.524368 0.000000
1693777322767013986 178.126979 0.000000
1693777323752560183 177.604034 0.000000
1693777324036150725 177.884370 0.000000
1693777324196487323 266.693914 0.000000
1693777324363351379 266.274633 0.000000
1693777324631467748 177.930714 0.000000
1693777324745060567 177.213361 0.000000
1693777325463659470 177.919765 0.000000
1693777325897695014 177.328705 0.000000
1693777326140253956 177.489379 0.000000
1693777327050412075 266.069644 0.000000
1693777327150276534 178.180343 0.000000
1693777327924435107 177.568387 0.000000
1693777330609063151 177.237897 0.000000
1693777330763393197 177.656141 0.000000
1693777331394190802 266.114779 0.000000
1693777331649767376 178.021092 0.000000
1693777331908594712 177.823261 0.000000
1693777333068077986 177.691249 0.000000
1693777337235457326 177.314721 0.000000
1693777338388149394 266.737879 0.000000
1693777338919694627 178.115952 0.000000
1693777339274467982 177.566890 0.000000
1693777342378406907 178.449384 0.000000
1693777343441800496 177.507724 0.000000
1693777344063358931 177.845152 0.000000
1693777344595884178 177.972118 0.000000
1693777344684593666 178.020017 0.000000
1693777344684614730 178.444500 0.000000
1693777345038971829 178.502015 0.000000
1693777347167338226 178.243782 0.000000
1693777349067819399 267.152956 0.000000
1693777349738316365 177.603650 0.000000
1693777350714290947 177.721800 0.000000
1693777351157082592 177.862206 0.000000
1693777353198133655 177.766098 0.000000
1693777353286445885 177.886282 0.000000
1693777353729016698 265.535459 0.000000
1693777353907612730 177.876664 0.000000
1693777354183872054 178.386324 0.000000
