1695151416822449791 74.220465 214.155544 200 16 0.000000
1695151417835576181 77.506405 208.266218 211 16 0.000000
1695151418848532557 77.163556 207.313956 210 16 0.000000
1695151419861763322 77.562148 206.270874 209 16 0.000000
1695151420875020647 75.711382 212.186963 215 16 0.000000
1695151421887989857 76.459552 208.298542 211 16 0.000000
1695151422828472698 74.872299 213.720007 201 16 0.000000
1695151423841808418 77.907946 206.249502 209 16 0.000000
1695151424854648733 75.387880 210.299696 213 16 0.000000
1695151425868152931 77.558352 207.201914 210 16 0.000000
1695151426881065825 76.818624 207.322849 210 16 0.000000
1695151427893695400 78.954779 204.418294 207 16 0.000000
1695151428907084490 76.120305 210.185803 213 16 0.000000
1695151429848417370 74.894782 213.527017 201 16 0.000000
1695151430860875667 76.799615 207.415950 210 16 0.000000
1695151431873651537 76.390441 210.313068 213 16 0.000000
1695151432886620192 76.447194 209.285831 212 16 0.000000
1695151433900199218 77.607292 205.213404 208 16 0.000000
1695151434913337030 77.528559 207.276846 210 16 0.000000
1695151435854183002 77.185324 207.260270 195 16 0.000000
1695151436867262907 75.735504 211.237035 214 16 0.000000
1695151437880786191 77.232056 206.211351 209 16 0.000000
1695151438894788717 76.902087 208.086274 211 16 0.000000
1695151439909006893 77.958877 206.070063 209 16 0.000000
1695151440921890975 75.731887 210.290593 213 16 0.000000
1695151441936774140 77.321009 205.935016 209 16 0.000000
1695151442877359775 76.798807 206.254492 194 16 0.000000
1695151443889549545 76.324228 213.398722 216 16 0.000000
1695151444902759421 76.111025 209.236021 212 16 0.000000
1695151445915522667 77.162571 207.353490 210 16 0.000000
1695151446929670929 75.452021 212.000571 215 16 0.000000
1695151447942044787 76.373995 210.396579 213 16 0.000000
1695151448882649087 77.548310 206.250383 194 16 0.000000
1695151449895824764 74.726920 213.191056 216 16 0.000000
1695151450909624941 75.778503 212.073358 215 16 0.000000
1695151451923073878 75.039186 213.133586 216 16 0.000000
1695151452935959962 76.480828 207.328342 210 16 0.000000
1695151453949140931 76.422018 211.215966 214 16 0.000000
1695151454962788218 74.734399 213.091885 216 16 0.000000
1695151455904341279 77.637727 206.042552 194 16 0.000000
1695151456917775438 75.747418 212.149941 215 16 0.000000
1695151457931236882 75.058482 213.130948 216 16 0.000000
1695151458944109032 77.205430 205.356611 208 16 0.000000
1695151459956872198 79.363092 203.403937 206 16 0.000000
1695151460970020144 76.475221 207.274746 210 16 0.000000
1695151461911068554 76.816560 208.278357 196 16 0.000000
1695151462924586301 76.467847 210.159123 213 16 0.000000
1695151463938159923 75.088517 211.134137 214 16 0.000000
1695151464950921856 76.738768 210.315959 213 16 0.000000
1695151465963576815 77.517750 206.388168 209 16 0.000000
1695151466976581593 78.251095 205.329732 208 16 0.000000
1695151467989461533 76.531972 205.355037 208 16 0.000000
1695151468930450397 77.072979 211.479668 199 16 0.000000
1695151469943184532 75.717946 211.309159 214 16 0.000000
1695151470956205448 76.466392 207.300731 210 16 0.000000
1695151471969251832 77.497514 208.282675 211 16 0.000000
1695151472982576130 76.823352 207.238691 210 16 0.000000
1695151473995490666 75.755886 211.271532 214 16 0.000000
1695151474936543113 77.176734 208.277424 196 16 0.000000
1695151475951037064 75.155735 211.928325 215 16 0.000000
1695151476964221690 76.817489 207.267268 210 16 0.000000
1695151477977822833 75.419732 213.101576 216 16 0.000000
1695151478991054013 75.036866 213.179389 216 16 0.000000
1695151480004274894 77.204450 206.272896 209 16 0.000000
1695151480944780647 75.617597 211.588281 199 16 0.000000
1695151481957814529 77.535432 206.310967 209 16 0.000000
1695151482970540307 79.014780 202.423992 205 16 0.000000
1695151483983561851 77.883136 207.300631 210 16 0.000000
1695151484996563740 77.584187 204.343142 207 16 0.000000
1695151486010138680 77.565117 207.187441 210 16 0.000000
1695151487023957986 76.468751 210.096625 213 16 0.000000
1695151487964496300 76.796844 207.328068 195 16 0.000000
1695151488978617679 76.159410 210.034040 213 16 0.000000
1695151489991609994 76.083910 210.268135 213 16 0.000000
1695151491005005132 76.118566 209.197767 212 16 0.000000
1695151492018369222 76.100925 211.177792 214 16 0.000000
1695151493031053579 76.404083 210.332076 213 16 0.000000
1695151493971472350 77.171914 206.291082 194 15 0.000000
1695151494984641665 75.727620 212.205399 215 16 0.000000
1695151495997893173 75.756700 210.214339 213 16 0.000000
1695151497011050379 76.086191 211.220920 214 16 0.000000
1695151498024731650 76.485127 209.138724 212 16 0.000000
1695151499037421324 75.718847 210.330959 213 16 0.000000
1695151500050449104 75.026845 213.222185 216 16 0.000000
1695151500991305249 77.993726 205.132327 193 16 0.000000
1695151502004247975 75.009023 214.227311 217 16 0.000000
1695151503017387861 74.009328 216.159668 219 16 0.000000
1695151504031201123 75.432566 210.097869 213 16 0.000000
1695151505043718901 76.403063 210.366681 213 16 0.000000
1695151506057775613 76.182915 210.047423 213 16 0.000000
1695151506999582946 75.682676 212.357656 200 16 0.000000
1695151508013314658 75.782610 211.101232 214 16 0.000000
1695151509026428676 76.802399 208.268763 211 16 0.000000
1695151510039063284 76.411252 209.354874 212 16 0.000000
1695151511052136856 77.209582 206.302891 209 16 0.000000
1695151512066036250 76.504400 209.093716 212 16 0.000000
1695151513078003762 75.252245 197.634804 200 16 0.000000
1695151514019573686 79.003481 218.783540 206 16 0.000000
1695151515032856541 76.155701 207.247162 210 16 0.000000
1695151516046571633 78.255243 207.158802 210 16 0.000000
1695151517059467202 77.188081 206.339136 209 16 0.000000
1695151518072803709 75.389952 213.157226 216 16 0.000000
1695151519087162223 76.969774 205.055709 208 16 0.000000
1695151520027607444 76.683546 211.601901 199 16 0.000000
1695151521040592358 75.374991 212.244016 215 16 0.000000
1695151522054188937 77.249267 206.196444 209 16 0.000000
1695151523067402578 75.727502 212.196121 215 16 0.000000
1695151524080912353 74.720348 213.120795 216 16 0.000000
1695151525093913674 75.727642 211.253414 214 16 0.000000
1695151526034992346 76.036432 210.396867 198 16 0.000000
1695151527049405163 77.659601 205.044735 208 16 0.000000
1695151528062137085 74.677976 215.259334 218 16 0.000000
1695151529076466047 78.393913 204.075789 207 16 0.000000
1695151530091726139 77.677759 206.843549 210 16 0.000000
1695151531105192989 77.558441 206.222827 209 16 0.000000
1695151532046027174 74.885223 213.640210 201 16 0.000000
1695151533059493707 75.762147 211.156457 214 16 0.000000
1695151534073593612 74.757449 213.982861 217 16 0.000000
1695151535086767094 74.009335 216.152512 219 16 0.000000
1695151536099817378 76.447174 209.268988 212 16 0.000000
1695151537113368356 73.719498 215.085375 218 16 0.000000
1695151538126560276 76.412924 211.213688 214 16 0.000000
1695151539067501460 77.999101 205.113789 193 16 0.000000
1695151540080433050 75.032246 212.255194 215 16 0.000000
1695151541093735423 77.145636 208.230024 211 16 0.000000
1695151542106838843 76.851239 207.283887 210 16 0.000000
1695151543120273265 76.468536 209.189655 212 16 0.000000
1695151544133133588 75.715335 211.282842 214 16 0.000000
1695151545074337733 76.053766 210.368822 198 16 0.000000
1695151546087674070 78.695790 203.288863 206 16 0.000000
1695151547101110922 74.700378 215.109599 218 16 0.000000
1695151548114386077 76.532905 205.274959 208 16 0.000000
1695151549127431242 77.135688 209.270032 212 16 0.000000
1695151550140792260 76.437466 211.178428 214 16 0.000000
1695151551082252782 73.813160 216.684616 204 15 0.000000
1695151552095744039 75.070603 213.124687 216 16 0.000000
1695151553109331647 76.119956 210.144621 213 16 0.000000
1695151554122465424 75.397000 212.212858 215 16 0.000000
1695151555135697816 75.723968 210.218302 213 16 0.000000
1695151556148212527 76.798312 208.392029 211 16 0.000000
1695151557160969444 77.887806 205.379989 208 16 0.000000
1695151558102399949 76.431097 210.318225 198 16 0.000000
1695151559115420714 78.313457 203.352206 206 16 0.000000
1695151560128964934 75.738293 212.126905 215 16 0.000000
1695151561141799799 76.848110 206.351498 209 16 0.000000
1695151562155065415 75.393202 212.185230 215 16 0.000000
1695151563168265667 78.271231 205.290138 208 16 0.000000
1695151564109305285 75.275842 213.593560 201 16 0.000000
1695151565123064476 75.090642 211.095497 214 16 0.000000
1695151566136214815 78.614013 205.300220 208 16 0.000000
1695151567149571100 75.422714 211.179430 214 16 0.000000
1695151568162778183 75.387558 212.197497 215 16 0.000000
1695151569176188553 79.076822 202.287230 205 16 0.000000
1695151570117875800 76.099064 210.260895 198 16 0.000000
1695151571131029471 76.085722 210.234655 213 16 0.000000
1695151572143609721 76.054710 210.353695 213 16 0.000000
1695151573156785242 75.734440 211.217106 214 16 0.000000
1695151574169575225 75.334540 213.272246 216 16 0.000000
1695151575182490461 76.148698 207.322400 210 16 0.000000
1695151576196313587 77.920218 207.136716 210 16 0.000000
1695151577136705985 77.122790 208.423622 196 16 0.000000
1695151578149941715 74.700716 214.165384 217 16 0.000000
1695151579163869952 76.144005 209.087765 212 16 0.000000
1695151580175880207 77.133259 206.519654 209 16 0.000000
1695151581189046346 75.743429 211.219050 214 16 0.000000
1695151582202552800 77.182655 208.188127 211 16 0.000000
1695151583143886659 76.026194 211.402124 199 16 0.000000
1695151584157368881 75.777805 211.153209 214 16 0.000000
1695151585170226000 79.802889 200.423135 203 16 0.000000
