1694353818744802643 227.285691 9075.516722 9073 160 0.000000
1694353819773407711 223.666732 712.608997 733 160 0.000000
1694353820788385400 223.137196 715.293232 726 160 0.000000
1694353821794066142 224.936118 718.916102 723 160 0.000000
1694353822801136915 223.381760 714.944808 720 160 0.000000
1694353823801070624 223.882454 707.046793 707 160 0.000000
1694353824812290723 224.283068 719.922528 728 160 0.000000
1694353825816487880 224.358904 702.053207 705 160 0.000000
1694353826824046415 224.414208 716.583713 722 160 0.000000
1694353827826920751 224.582479 716.939254 719 160 0.000000
1694353828838436797 224.570610 712.791530 721 160 0.000000
1694353829844068495 223.770216 719.945543 724 160 0.000000
1694353830849155257 223.442195 702.426912 706 160 0.000000
1694353831852199367 223.246264 727.784452 730 160 0.000000
1694353832859015431 223.901068 705.193353 710 160 0.000000
1694353833867505584 225.003105 723.854435 730 160 0.000000
1694353834868677966 223.872532 709.168564 710 160 0.000000
1694353835879534174 223.807949 710.288998 718 160 0.000000
1694353836877516492 223.240490 719.451648 718 160 0.000000
1694353837887872606 223.874277 722.517407 730 160 0.000000
1694353838898416736 224.126790 710.508287 718 160 0.000000
1694353839908047632 225.388175 715.112823 722 160 0.000000
1694353840910954257 224.093524 702.956918 705 160 0.000000
1694353841920122859 223.313628 714.449445 721 159 0.000000
1694353842924619435 223.668078 716.776996 720 160 0.000000
1694353843927986458 223.863852 709.610587 712 160 0.000000
1694353844939759438 225.864621 733.366096 742 160 0.000000
1694353845945058693 226.351884 688.352357 692 160 0.000000
1694353846949097422 223.983311 709.135878 712 160 0.000000
1694353847956304732 223.485937 724.776312 730 160 0.000000
1694353848963080907 223.105836 704.227673 709 160 0.000000
1694353849969479870 224.060433 723.371632 728 160 0.000000
1694353850973720041 224.462158 706.006437 709 160 0.000000
1694353851979885010 225.218427 728.508718 733 160 0.000000
1694353852988094838 225.147656 694.299935 700 160 0.000000
1694353853992164040 223.608581 725.049648 728 160 0.000000
1694353854990338272 224.065478 709.294926 708 160 0.000000
1694353856002075438 223.609830 715.600944 724 160 0.000000
1694353857009510554 223.215870 722.627083 728 160 0.000000
1694353858018728471 223.915919 707.478650 714 160 0.000000
1694353859019374952 223.165101 712.539244 713 160 0.000000
1694353860029891631 223.532996 717.454742 725 160 0.000000
1694353861035404851 226.193396 698.150933 702 160 0.000000
1694353862038546576 224.283367 735.688730 738 160 0.000000
1694353863050386695 224.875743 695.762143 704 160 0.000000
1694353864044277792 223.632921 739.517684 735 160 0.000000
1694353865062057675 223.720863 682.858823 695 160 0.000000
1694353866070123522 225.583541 722.175073 728 160 0.000000
1694353867075660983 224.047528 706.090018 710 160 0.000000
1694353868079817382 224.143782 721.003095 724 160 0.000000
1694353869087411072 223.313260 710.603899 716 160 0.000000
1694353870096384291 223.922286 725.490136 732 160 0.000000
1694353871102510906 223.344522 713.627880 718 160 0.000000
1694353872106675783 224.467873 715.021920 718 160 0.000000
1694353873110192435 224.707333 700.536497 703 160 0.000000
1694353874118675370 225.518583 711.960628 718 160 0.000000
1694353875120694455 223.159438 723.538920 725 160 0.000000
1694353876120840296 223.967102 713.895970 714 160 0.000000
1694353877134888936 223.761728 705.094317 715 160 0.000000
1694353878138763345 223.858781 730.171007 733 160 0.000000
1694353879147709697 223.653688 714.607052 721 160 0.000000
1694353880151906908 223.793260 715.994642 719 160 0.000000
1694353881156916290 224.261441 719.396269 723 160 0.000000
1694353882163603393 225.621960 696.343520 701 160 0.000000
1694353883167260379 224.243146 720.365591 723 160 0.000000
1694353884175645359 224.642146 701.121138 707 160 0.000000
1694353885179572426 223.557732 731.128888 734 160 0.000000
1694353886181570161 225.637475 699.602376 701 160 0.000000
1694353887187365728 223.783483 719.828220 724 160 0.000000
1694353888200862769 222.975039 710.411419 720 160 0.000000
1694353889206039040 222.450724 727.235610 731 160 0.000000
1694353890212305640 224.982068 699.615805 704 160 0.000000
1694353891218790893 224.193715 715.360730 720 160 0.000000
1694353892221864730 224.363751 719.787618 722 160 0.000000
1694353893231671464 224.023983 714.988204 722 160 0.000000
1694353894230152245 223.263064 709.077293 708 160 0.000000
1694353895243029300 223.090013 725.655723 735 160 0.000000
1694353896247567443 223.458168 710.774369 714 160 0.000000
1694353897253723171 223.318703 723.545990 728 160 0.000000
1694353898258722320 223.703323 705.473192 709 160 0.000000
1694353899257020495 223.625490 715.217268 714 159 0.000000
1694353900269323080 222.870550 713.225512 722 160 0.000000
1694353901275817210 223.895380 721.315710 726 159 0.000000
1694353902277044777 223.489730 717.119688 718 160 0.000000
1694353903291512948 223.600986 719.588841 730 160 0.000000
1694353904287954927 223.960028 705.510124 703 160 0.000000
1694353905302050477 224.397380 721.825590 732 160 0.000000
1694353906308825840 222.693296 709.194803 714 160 0.000000
1694353907310484925 223.849076 722.800834 724 160 0.000000
1694353908315567261 224.412045 706.409770 710 160 0.000000
1694353909327548701 223.756558 711.475609 720 160 0.000000
1694353910330065218 224.698041 725.175095 727 160 0.000000
1694353911341033044 223.600808 711.199716 719 160 0.000000
1694353912347041296 223.988459 700.789292 705 160 0.000000
1694353913343349714 224.433860 720.660541 718 160 0.000000
1694353914355713323 223.410648 712.194628 721 160 0.000000
1694353915368252863 223.746987 729.848100 739 160 0.000000
1694353916374578690 223.816264 707.524380 712 160 0.000000
1694353917381271773 223.649417 705.279344 710 160 0.000000
1694353918388886195 223.524096 728.453388 734 160 0.000000
1694353919392759434 223.263769 707.260596 710 160 0.000000
1694353920381895798 223.543677 724.874650 717 160 0.000000
1694353921405261020 223.601088 706.492667 723 160 0.000000
1694353922409847780 223.961153 725.671577 729 160 0.000000
1694353923419397116 223.840681 700.312402 707 160 0.000000
1694353924421833739 223.438374 724.235336 726 160 0.000000
1694353925432393400 222.824855 721.382430 729 160 0.000000
1694353926438664583 223.716515 708.556553 713 160 0.000000
1694353927445281948 223.786238 722.220841 727 160 0.000000
1694353928445592646 224.924891 708.779699 709 160 0.000000
1694353929458064169 224.290020 707.180401 716 160 0.000000
1694353930465230539 223.969691 726.791616 732 160 0.000000
1694353931470320354 223.516244 708.394382 712 160 0.000000
1694353932477044851 223.975207 715.190792 720 160 0.000000
1694353933478287421 225.790477 710.117496 711 160 0.000000
1694353934488871712 223.957295 719.385882 727 160 0.000000
1694353935495321465 223.245619 705.450045 710 160 0.000000
1694353936502549766 222.901209 713.840069 719 160 0.000000
1694353937507788771 223.137621 715.252744 719 160 0.000000
1694353938512347839 222.961987 729.673417 733 160 0.000000
1694353939515433308 222.880139 716.788457 719 160 0.000000
1694353940526501221 223.357136 721.019814 729 160 0.000000
1694353941532057578 223.631937 702.098785 706 160 0.000000
1694353942536152440 223.479809 725.031071 728 160 0.000000
1694353943542247742 223.609902 712.656174 717 160 0.000000
1694353944550450347 223.274232 718.109686 724 160 0.000000
1694353945557982637 223.559002 713.624823 719 160 0.000000
1694353946562097040 223.855163 719.041527 722 160 0.000000
1694353947566065221 223.830408 714.166122 717 160 0.000000
1694353948572946109 223.159426 712.100064 717 160 0.000000
1694353949572822695 224.270178 710.087539 710 160 0.000000
1694353950572289478 224.318676 724.386259 724 160 0.000000
1694353951587681491 224.585701 710.070556 721 160 0.000000
1694353952599041933 224.009539 716.855892 725 160 0.000000
1694353953605903250 223.128332 714.100764 719 160 0.000000
1694353954604923307 223.634875 711.697462 711 160 0.000000
1694353955615956832 223.437161 720.055110 728 160 0.000000
1694353956621935399 224.137990 699.816144 704 159 0.000000
1694353957629862941 224.773811 724.258389 730 159 0.000000
1694353958633475565 224.615553 701.465935 704 160 0.000000
1694353959640921270 223.522488 733.538276 739 160 0.000000
1694353960646370717 222.659495 707.146394 711 160 0.000000
1694353961652706498 223.090967 726.397834 731 160 0.000000
1694353962654917957 224.788189 706.437740 708 160 0.000000
1694353963662359644 223.601943 714.681489 720 160 0.000000
1694353964667508539 222.909830 722.280972 726 160 0.000000
1694353965677632162 223.579939 712.784162 720 160 0.000000
1694353966684335486 227.449079 681.432130 686 160 0.000000
1694353967686116167 224.655533 747.668525 749 160 0.000000
