1694224044793321274 145.076134 0.000000
1694224045011986159 144.906736 0.000000
1694224045045556932 145.316002 0.000000
1694224045084356945 145.118537 0.000000
1694224045190897162 145.335689 0.000000
1694224045272506410 145.077184 0.000000
1694224045305531324 145.124453 0.000000
1694224045375852556 144.868693 0.000000
1694224045512322663 145.495327 0.000000
1694224045520778566 145.163789 0.000000
1694224045521882122 145.465946 0.000000
1694224045555078298 145.307357 0.000000
1694224045739712749 145.169420 0.000000
1694224045957723923 144.856801 0.000000
1694224046030241770 145.106179 0.000000
1694224046031562881 144.788436 0.000000
1694224046175283801 145.037786 0.000000
1694224046175763566 145.165673 0.000000
1694224046611894502 145.364481 0.000000
1694224046685413296 145.047083 0.000000
1694224046757728240 144.804640 0.000000
1694224046875446679 145.249469 0.000000
1694224047048776625 144.954041 0.000000
1694224047084861169 145.084604 0.000000
1694224047121615811 145.154911 0.000000
1694224047194724027 145.024707 0.000000
1694224047266989670 145.370647 0.000000
1694224047412891572 144.995134 0.000000
1694224047413332442 145.354895 0.000000
1694224047485173652 145.268108 0.000000
1694224047485610959 145.215646 0.000000
1694224047485723941 144.883564 0.000000
1694224047630612051 144.885087 0.000000
1694224047667145776 145.158649 0.000000
1694224047848669716 145.176069 0.000000
1694224047921604069 145.110202 0.000000
1694224047994472542 145.221756 0.000000
1694224048040334369 145.137899 0.000000
1694224048285581782 145.174536 0.000000
1694224048285625373 144.845717 0.000000
1694224048430916386 145.218691 0.000000
1694224048477026996 145.188013 0.000000
1694224048576280927 145.249925 0.000000
1694224048622490684 145.044999 0.000000
1694224048649933819 145.140260 0.000000
1694224049013453979 145.292670 0.000000
1694224049300650276 145.393642 0.000000
1694224049377405075 145.203439 0.000000
1694224049445942366 145.287655 0.000000
1694224049777410358 145.381062 0.000000
1694224049849870494 144.992414 0.000000
1694224049886660101 144.959774 0.000000
1694224049886766353 145.016511 0.000000
1694224049933343520 145.139902 0.000000
1694224050296837049 145.047758 0.000000
1694224050323361608 144.958833 0.000000
1694224050323402818 145.039771 0.000000
1694224050323592509 145.184432 0.000000
1694224050395719870 144.904070 0.000000
1694224050468641636 145.277533 0.000000
1694224050504700172 145.184446 0.000000
1694224050538689337 145.240702 0.000000
1694224050686801303 144.988535 0.000000
1694224050832041494 145.238461 0.000000
1694224050868687465 145.224745 0.000000
1694224050879342809 145.197527 0.000000
1694224050951866751 144.984031 0.000000
1694224051024375356 145.028296 0.000000
1694224051050884066 145.237131 0.000000
1694224051232109914 145.130322 0.000000
1694224051267510189 145.442878 0.000000
1694224051485967138 145.471025 0.000000
1694224051606618587 145.254375 0.000000
1694224051632572232 145.018045 0.000000
1694224051752036883 145.413891 0.000000
1694224051824782063 145.021704 0.000000
1694224051851150111 144.978603 0.000000
1694224051996337852 145.088306 0.000000
1694224052142757319 145.029671 0.000000
1694224052214997002 145.058930 0.000000
1694224052251220884 144.993524 0.000000
1694224052287401381 145.131124 0.000000
1694224052288127619 145.146169 0.000000
1694224052433163207 145.030035 0.000000
1694224052552519859 145.101580 0.000000
1694224052697717429 145.193310 0.000000
1694224052869477498 145.225109 0.000000
1694224052869629326 144.957411 0.000000
1694224053087764052 145.029833 0.000000
1694224053124822891 145.202740 0.000000
1694224053160712546 144.731739 0.000000
1694224053233420630 145.036497 0.000000
1694224053379151525 145.271221 0.000000
1694224053816102570 145.470370 0.000000
1694224054252504504 145.091916 0.000000
1694224054579975158 145.325380 0.000000
1694224054617684907 145.620761 0.000000
1694224054808693451 144.977535 0.000000
1694224054835496634 144.733543 0.000000
1694224054981002098 145.364612 0.000000
1694224055016574244 145.375983 0.000000
1694224055417908114 144.624320 0.000000
1694224055685732956 145.265762 0.000000
1694224055708061127 145.094740 0.000000
1694224055708374290 144.824426 0.000000
1694224055854122198 144.924469 0.000000
1694224055926874487 144.695361 0.000000
1694224056071629015 144.965989 0.000000
1694224056145325516 145.034079 0.000000
1694224056195377928 145.353061 0.000000
1694224056218028553 145.069401 0.000000
1694224056362603234 145.008504 0.000000
1694224056435105103 145.262981 0.000000
1694224056705588031 145.347002 0.000000
1694224056798979667 144.972320 0.000000
1694224056835327935 145.352965 0.000000
1694224057091100842 144.794988 0.000000
1694224057091231440 144.958018 0.000000
1694224057236218937 145.268334 0.000000
1694224057286696761 145.215702 0.000000
1694224057454644716 145.099726 0.000000
1694224057599602032 145.170807 0.000000
1694224057599663169 144.825650 0.000000
1694224057672462467 145.085373 0.000000
1694224057708675516 145.116973 0.000000
1694224057745621318 144.784772 0.000000
1694224057819072240 145.500434 0.000000
1694224057854074048 145.392327 0.000000
1694224058254642891 145.124579 0.000000
1694224058363501985 145.273241 0.000000
1694224058400577527 144.847739 0.000000
1694224058401399232 144.989403 0.000000
1694224058474058056 144.810676 0.000000
1694224058597888186 145.276249 0.000000
1694224058909545315 145.123385 0.000000
1694224059018704155 145.309412 0.000000
1694224059107523396 145.218233 0.000000
1694224059127749554 144.815636 0.000000
1694224059274234669 145.049779 0.000000
1694224059274376108 145.058935 0.000000
1694224059619617157 145.267449 0.000000
1694224059710942212 145.048511 0.000000
1694224059908503625 145.155875 0.000000
1694224059928627319 145.189342 0.000000
1694224059983680712 145.323639 0.000000
1694224060001663128 145.142663 0.000000
1694224060074658937 144.982550 0.000000
1694224060146472178 145.110045 0.000000
1694224060199389862 145.216138 0.000000
1694224060201734296 145.198692 0.000000
1694224060366365032 145.212533 0.000000
1694224060417782998 145.589137 0.000000
1694224060474036097 145.058946 0.000000
1694224060511846616 145.276101 0.000000
1694224060656103925 144.962944 0.000000
1694224061166205039 145.110582 0.000000
1694224061238028268 145.101327 0.000000
1694224061384006977 145.280401 0.000000
1694224061819791257 145.191597 0.000000
1694224061856648353 145.290597 0.000000
1694224062002003240 145.231540 0.000000
1694224062039012784 144.812108 0.000000
1694224062257641391 145.297567 0.000000
1694224062313970725 145.227149 0.000000
1694224062403394719 144.927674 0.000000
1694224062511461644 145.350964 0.000000
1694224062548837735 144.780200 0.000000
1694224062604983572 145.253926 0.000000
1694224062621436403 145.243658 0.000000
1694224062729854289 145.385518 0.000000
1694224063131411794 145.040770 0.000000
1694224063203489171 145.413493 0.000000
1694224063276965196 145.436701 0.000000
1694224063385040233 145.391925 0.000000
1694224063639961880 145.251418 0.000000
1694224063639995077 145.073204 0.000000
1694224063931681998 144.868553 0.000000
1694224064149929035 144.828336 0.000000
1694224064222164184 145.429789 0.000000
1694224064222292638 144.927380 0.000000
1694224064295325280 144.754268 0.000000
1694224064331402110 145.135248 0.000000
1694224064368648108 145.048929 0.000000
1694224064440428565 144.671016 0.000000
1694224064497887240 144.999283 0.000000
1694224064643078073 145.187915 0.000000
1694224064643789356 145.091888 0.000000
1694224064731611648 145.551802 0.000000
1694224064950749499 144.853650 0.000000
1694224065024027015 145.075229 0.000000
1694224065096558647 145.133888 0.000000
1694224065242478655 144.970763 0.000000
1694224065387468387 145.060451 0.000000
1694224065496466929 145.387967 0.000000
1694224065532718529 145.213943 0.000000
1694224065590352761 145.328785 0.000000
1694224065641858334 145.302613 0.000000
1694224065678659646 145.214238 0.000000
1694224065735758374 145.213100 0.000000
1694224065824714062 145.272439 0.000000
1694224065860033812 145.174947 0.000000
1694224065969479900 145.230804 0.000000
1694224065969961795 145.610782 0.000000
1694224065970343051 145.106931 0.000000
1694224066261668834 145.200784 0.000000
1694224066334072395 144.833635 0.000000
1694224066406318140 145.587727 0.000000
1694224066407426180 145.233789 0.000000
1694224066624583602 145.238689 0.000000
1694224066697973955 145.419275 0.000000
1694224066770574200 144.959020 0.000000
1694224066843273975 145.343391 0.000000
1694224066879301082 145.263082 0.000000
1694224066916171329 145.213774 0.000000
1694224066916677681 145.087992 0.000000
1694224066988927260 144.933156 0.000000
1694224067120558401 145.395627 0.000000
1694224067135095663 144.912153 0.000000
1694224067135335977 144.681257 0.000000
1694224067242733035 145.038337 0.000000
1694224067279775050 145.208893 0.000000
1694224067279994350 145.121630 0.000000
1694224067424920045 145.077478 0.000000
1694224067424946873 145.290929 0.000000
1694224067461147873 145.011265 0.000000
1694224067571438731 145.174361 0.000000
1694224067644031466 144.982928 0.000000
1694224067717108056 145.383982 0.000000
1694224067775722844 145.232564 0.000000
1694224067935340991 144.939969 0.000000
1694224067994471998 145.130396 0.000000
1694224068067233934 145.112302 0.000000
1694224068080673794 145.372361 0.000000
1694224068080771151 145.419806 0.000000
1694224068116808200 145.391314 0.000000
1694224068226060438 145.263061 0.000000
1694224068299050933 145.414361 0.000000
1694224068335188191 145.442823 0.000000
1694224068371826285 145.660022 0.000000
1694224068444250337 145.241496 0.000000
1694224068553677516 145.477534 0.000000
1694224068589917438 144.954851 0.000000
1694224068698890488 145.207960 0.000000
1694224068698965382 145.232627 0.000000
1694224068736086164 145.185316 0.000000
1694224068808259591 144.935655 0.000000
1694224068955083542 144.708584 0.000000
1694224069159614899 145.158198 0.000000
1694224069173299644 145.122998 0.000000
1694224069318795270 144.949207 0.000000
1694224069318893804 144.960222 0.000000
1694224069464387138 144.835635 0.000000
1694224069682297734 145.270836 0.000000
1694224069755695671 145.147388 0.000000
1694224069827689936 144.978326 0.000000
1694224069900404271 144.768759 0.000000
1694224069973881140 144.672779 0.000000
1694224070119547879 144.898293 0.000000
1694224070483161725 144.758812 0.000000
1694224070628786273 144.974431 0.000000
1694224070689981680 145.329588 0.000000
1694224070700875463 145.043894 0.000000
1694224070774545510 145.011249 0.000000
1694224071028240916 145.302720 0.000000
1694224071065513183 144.979349 0.000000
1694224071283227301 145.042031 0.000000
1694224071319240271 145.159845 0.000000
1694224071356069277 145.196700 0.000000
1694224071501287073 145.299652 0.000000
1694224071610529961 145.436193 0.000000
1694224071648561147 144.751185 0.000000
1694224071720160967 144.886049 0.000000
1694224071938884822 144.956463 0.000000
1694224072229291864 145.521406 0.000000
1694224072229908848 145.375166 0.000000
1694224072302586261 144.831172 0.000000
1694224072520253585 144.928811 0.000000
1694224072593827888 145.432317 0.000000
1694224072593989990 144.828343 0.000000
1694224072629626174 145.218078 0.000000
1694224072738727151 145.084162 0.000000
1694224072811464752 145.121156 0.000000
1694224072876627712 145.371944 0.000000
1694224073029848750 145.184977 0.000000
1694224073030659705 145.400930 0.000000
1694224073466940702 144.761227 0.000000
1694224073540135578 145.135580 0.000000
1694224073684718088 145.193519 0.000000
1694224073830358528 145.104735 0.000000
1694224074340051503 145.073077 0.000000
1694224074340090153 144.762897 0.000000
1694224074340973546 145.000479 0.000000
1694224074341084473 145.178788 0.000000
1694224074485430276 145.111882 0.000000
1694224074486025780 144.934626 0.000000
1694224074625209050 145.087446 0.000000
1694224074776964827 144.936534 0.000000
1694224074850078745 144.837510 0.000000
1694224074958661886 145.275763 0.000000
1694224074989322965 145.402348 0.000000
1694224075140577365 145.227984 0.000000
1694224075141517976 144.887368 0.000000
1694224075213980834 144.962067 0.000000
1694224075359392033 145.100692 0.000000
1694224075359955182 145.080416 0.000000
1694224075431974710 145.415329 0.000000
1694224075613865991 145.103358 0.000000
1694224075723476458 145.354368 0.000000
1694224075936342727 145.167407 0.000000
1694224075942029849 145.031306 0.000000
1694224076159493435 145.222352 0.000000
1694224076518871678 145.302623 0.000000
1694224076523469848 144.853924 0.000000
1694224076559433162 145.327375 0.000000
1694224076887091723 145.323913 0.000000
1694224076887137389 145.010670 0.000000
1694224077178279610 145.293940 0.000000
1694224077359871948 145.241102 0.000000
1694224077396525170 144.825811 0.000000
1694224077468864182 145.283521 0.000000
1694224077505080924 145.197990 0.000000
1694224077610643224 145.314336 0.000000
1694224077615409711 144.924401 0.000000
1694224077832871365 144.900161 0.000000
1694224077942218629 144.879261 0.000000
1694224078047890181 145.308176 0.000000
1694224078052321233 145.433679 0.000000
1694224078195871307 145.125210 0.000000
1694224078232479299 145.064053 0.000000
1694224078232929861 145.011872 0.000000
1694224078268714515 145.070774 0.000000
1694224078269833376 144.785777 0.000000
1694224078411887557 145.290147 0.000000
1694224078487355324 145.057573 0.000000
1694224078487523941 144.627664 0.000000
1694224078632515443 145.049477 0.000000
1694224078704941771 145.205825 0.000000
1694224079142105459 145.155701 0.000000
1694224079212955583 145.211297 0.000000
1694224079287528577 145.093191 0.000000
1694224079431066153 145.286084 0.000000
1694224079506228307 145.693110 0.000000
1694224079579397790 144.900268 0.000000
1694224079869937619 145.356302 0.000000
1694224080087872941 145.167425 0.000000
1694224080415464695 144.851598 0.000000
1694224080597853293 144.758834 0.000000
1694224080815407365 145.233689 0.000000
1694224080961282049 145.223477 0.000000
1694224080961457046 145.162329 0.000000
1694224081471327906 145.319830 0.000000
1694224081506902855 145.220901 0.000000
1694224081543687601 145.610202 0.000000
1694224081834730208 144.975238 0.000000
1694224081906644381 145.272576 0.000000
1694224082052130877 145.120476 0.000000
1694224082126024398 145.191762 0.000000
1694224082197959583 145.007312 0.000000
1694224082271764662 145.201917 0.000000
1694224082271948474 145.267735 0.000000
1694224082343928137 145.159409 0.000000
1694224082452881989 145.177420 0.000000
1694224082562736109 144.912155 0.000000
1694224082634737538 145.185454 0.000000
1694224082635368399 145.138731 0.000000
1694224082781218544 144.799453 0.000000
1694224082853101010 144.958548 0.000000
1694224082854163785 145.201628 0.000000
1694224082854291025 144.927556 0.000000
1694224083363009319 145.169259 0.000000
1694224083654644777 145.122507 0.000000
1694224084164087090 145.242616 0.000000
1694224084237217317 145.372853 0.000000
1694224084383171048 145.380615 0.000000
1694224084455579213 145.042530 0.000000
1694224084600503604 144.863604 0.000000
1694224084673102657 145.491042 0.000000
1694224084674068947 144.937932 0.000000
1694224084746086986 145.580540 0.000000
1694224084819480615 144.884995 0.000000
1694224085111100262 145.002326 0.000000
1694224085182726450 144.692041 0.000000
1694224085546973535 145.207561 0.000000
1694224085656318012 145.347365 0.000000
1694224085693217079 145.171898 0.000000
1694224085912028196 144.966216 0.000000
1694224086020182771 145.257497 0.000000
1694224086129656626 145.100338 0.000000
1694224086203522751 145.024383 0.000000
1694224086493880757 145.017690 0.000000
1694224086567300531 145.817073 0.000000
1694224086640243956 145.096715 0.000000
1694224086712928961 145.148445 0.000000
1694224086931315732 145.586097 0.000000
1694224087004036486 145.097808 0.000000
1694224087004359868 144.972452 0.000000
1694224087149880469 145.102244 0.000000
1694224087221431222 145.353578 0.000000
1694224087295451722 144.854719 0.000000
1694224087367837874 145.088684 0.000000
1694224087368222783 145.386752 0.000000
1694224087512989406 145.503435 0.000000
1694224087585993807 144.913025 0.000000
1694224087731355661 145.360025 0.000000
1694224087731951676 145.748352 0.000000
1694224087840475917 144.927890 0.000000
1694224088023229077 145.128163 0.000000
1694224088024347586 144.867148 0.000000
1694224088387719040 144.924582 0.000000
1694224088496532851 145.510484 0.000000
1694224088606411185 144.781285 0.000000
1694224088751346875 145.349151 0.000000
1694224088896711343 145.361706 0.000000
1694224088970676281 145.194225 0.000000
1694224089189432085 145.305109 0.000000
1694224089260800204 145.177674 0.000000
1694224089261750618 144.765802 0.000000
1694224089407694079 145.299546 0.000000
1694224089479516831 145.513636 0.000000
1694224089552898374 145.730011 0.000000
1694224089917057380 145.718695 0.000000
1694224090208615202 144.949906 0.000000
1694224090208801169 144.898241 0.000000
1694224090282119618 145.055386 0.000000
1694224090354037649 145.084015 0.000000
1694224090427711411 145.112965 0.000000
1694224090499417073 145.074265 0.000000
1694224090645755396 145.523996 0.000000
1694224090936985392 145.255332 0.000000
1694224091299535519 145.295496 0.000000
1694224091373927723 145.048432 0.000000
1694224091445554654 145.671017 0.000000
1694224091445876923 145.002699 0.000000
1694224091446334446 145.005656 0.000000
1694224091518828846 145.546773 0.000000
1694224091664518055 145.358310 0.000000
1694224091810541984 145.250437 0.000000
1694224091954746034 145.297961 0.000000
1694224092101322560 145.036233 0.000000
1694224092174208448 145.051649 0.000000
1694224092174463501 145.128647 0.000000
1694224092245956473 145.050535 0.000000
1694224092282598051 145.236279 0.000000
1694224092392274901 145.093122 0.000000
1694224092392754866 145.117147 0.000000
1694224092464588825 145.147513 0.000000
1694224092683894525 145.209488 0.000000
1694224092829693608 144.807007 0.000000
1694224093047271543 145.144520 0.000000
1694224093120206607 145.016902 0.000000
1694224093194042533 144.961271 0.000000
1694224093337918468 144.969956 0.000000
1694224093339314948 144.970683 0.000000
1694224093557514299 145.182752 0.000000
1694224093665442103 145.384274 0.000000
1694224093702973998 145.253245 0.000000
1694224093702989184 145.211032 0.000000
1694224093703533699 145.160229 0.000000
1694224093774772200 145.168015 0.000000
1694224093847738196 145.147409 0.000000
1694224093921212676 145.001634 0.000000
1694224093992976823 145.236777 0.000000
1694224093993525878 145.183694 0.000000
1694224094174606725 145.087071 0.000000
1694224094284253356 145.121540 0.000000
1694224094429441588 145.152193 0.000000
1694224094430850020 145.267466 0.000000
1694224094503255321 145.075073 0.000000
1694224094503349700 144.875659 0.000000
1694224094504070064 145.146929 0.000000
1694224094938706961 145.335246 0.000000
1694224095012484920 145.344583 0.000000
1694224095012715506 145.469758 0.000000
1694224095084729747 145.126047 0.000000
1694224095230053720 145.254441 0.000000
1694224095449212113 144.759165 0.000000
1694224095667804701 144.915695 0.000000
1694224095739641877 145.248006 0.000000
1694224095741102175 145.335876 0.000000
1694224095813119704 144.948988 0.000000
1694224096032117178 145.431346 0.000000
1694224096177675827 145.120596 0.000000
1694224096249529764 145.104217 0.000000
1694224096322604818 145.121759 0.000000
1694224096430778120 144.972793 0.000000
1694224096540762014 145.378565 0.000000
1694224096614185609 144.789093 0.000000
1694224096685856140 145.210201 0.000000
1694224096687734780 145.064612 0.000000
1694224096867881773 145.179641 0.000000
1694224096904773563 145.093064 0.000000
1694224096977129908 145.207448 0.000000
1694224097123379878 144.682703 0.000000
1694224097158637528 145.024088 0.000000
1694224097197035280 145.454131 0.000000
1694224097269127031 145.230638 0.000000
1694224097340519033 145.041542 0.000000
1694224097486253733 144.941747 0.000000
1694224097704732096 144.924433 0.000000
1694224097705317551 145.166435 0.000000
1694224097777413709 145.334179 0.000000
1694224097923203637 144.716619 0.000000
1694224098359666658 145.098264 0.000000
1694224098359717777 145.454777 0.000000
1694224098432573502 144.867060 0.000000
1694224098651393500 145.117067 0.000000
1694224098724233889 145.209905 0.000000
1694224098796378035 144.982610 0.000000
1694224098942611700 145.405311 0.000000
1694224099051460736 144.920519 0.000000
1694224099087723899 145.063721 0.000000
1694224099161612797 145.289618 0.000000
1694224099233891222 145.139386 0.000000
1694224099306669403 145.052210 0.000000
1694224099342532015 145.460905 0.000000
1694224099524435861 145.036430 0.000000
1694224099888731023 144.706454 0.000000
1694224100033809843 145.182637 0.000000
1694224100034788337 144.868657 0.000000
1694224100180001595 144.931699 0.000000
1694224100325801364 145.192929 0.000000
1694224100325895037 145.242560 0.000000
1694224100434364343 145.530941 0.000000
1694224100617837789 145.093615 0.000000
1694224100762766305 145.045548 0.000000
1694224100981616728 144.642378 0.000000
1694224101053338502 145.188587 0.000000
1694224101054616270 144.995026 0.000000
1694224101199340070 145.188480 0.000000
1694224101199407783 145.202753 0.000000
1694224101345564793 145.148472 0.000000
1694224101418856080 145.220248 0.000000
1694224101491530520 145.685848 0.000000
1694224101492069292 145.619544 0.000000
1694224101564569318 145.439286 0.000000
1694224101709106893 145.259838 0.000000
1694224101782391922 144.939024 0.000000
1694224101854435498 144.990479 0.000000
1694224101856094677 144.847472 0.000000
1694224101928410364 145.040840 0.000000
1694224101999786443 145.250792 0.000000
1694224101999966311 144.860180 0.000000
1694224102145433513 145.381222 0.000000
1694224102219414335 146.699814 0.000000
1694224102291601270 145.237340 0.000000
1694224102363373487 145.328379 0.000000
1694224102437278971 145.221056 0.000000
1694224102437741020 144.773330 0.000000
1694224102582193519 145.416699 0.000000
1694224102728220853 144.862618 0.000000
1694224102800396919 145.275721 0.000000
1694224102800544928 145.515188 0.000000
1694224103164719046 144.852360 0.000000
1694224103164979526 144.696053 0.000000
1694224103237758458 145.083980 0.000000
1694224103383381913 145.166779 0.000000
1694224103456491298 145.283774 0.000000
1694224103710963655 145.205426 0.000000
1694224103820997830 144.944421 0.000000
1694224103856018993 145.050577 0.000000
1694224104039074900 145.408181 0.000000
1694224104111090110 145.084990 0.000000
1694224104510778010 145.248676 0.000000
1694224104548063859 144.748889 0.000000
1694224104620612069 145.480101 0.000000
1694224104911903051 145.116266 0.000000
1694224104984805963 145.168789 0.000000
1694224104985500983 145.184000 0.000000
1694224105058431800 145.319440 0.000000
1694224105131825851 145.460966 0.000000
1694224105204580165 145.263028 0.000000
1694224105422710887 144.865836 0.000000
1694224105494324772 145.325874 0.000000
1694224105641029034 145.058163 0.000000
1694224105713413279 144.703364 0.000000
1694224105858444444 145.026905 0.000000
1694224105859104632 145.118578 0.000000
1694224105932582979 145.263905 0.000000
1694224106003697634 145.004333 0.000000
1694224106004728690 145.061485 0.000000
1694224106367792576 145.130898 0.000000
1694224106440212382 145.210674 0.000000
1694224106440792580 144.963285 0.000000
1694224106587296206 145.143110 0.000000
1694224106695093381 145.277715 0.000000
1694224106804588009 144.997392 0.000000
1694224107022449109 145.126483 0.000000
1694224107022537189 145.266218 0.000000
1694224107315141371 145.087114 0.000000
1694224107350044397 145.289589 0.000000
1694224107387921150 145.118420 0.000000
1694224107460600732 144.847128 0.000000
1694224107460745819 144.952278 0.000000
1694224107532288914 145.393988 0.000000
1694224107751262107 145.191892 0.000000
1694224107896156583 145.245581 0.000000
1694224107896937352 145.105796 0.000000
1694224108042829855 145.142391 0.000000
1694224108187818849 145.249814 0.000000
1694224108188512931 144.976169 0.000000
1694224108260234331 145.273062 0.000000
1694224108334062746 145.002338 0.000000
1694224108479009766 145.424469 0.000000
1694224108624309040 145.373577 0.000000
1694224108771169676 145.186316 0.000000
1694224109062326246 144.830066 0.000000
1694224109063077957 145.083591 0.000000
1694224109135276410 145.087899 0.000000
1694224109208228482 144.943941 0.000000
1694224109279602730 145.171062 0.000000
1694224109281132123 144.813707 0.000000
1694224109426621109 144.704459 0.000000
1694224109644148840 145.454958 0.000000
1694224109644613710 144.825465 0.000000
1694224109680196574 145.164522 0.000000
1694224109717398233 144.881549 0.000000
1694224109862309533 145.349077 0.000000
1694224110080820418 144.883995 0.000000
1694224110153998189 144.806714 0.000000
1694224110154304761 144.976283 0.000000
1694224110299469956 145.467336 0.000000
1694224110299539006 145.472233 0.000000
1694224110335688860 145.546781 0.000000
1694224110445825952 144.825531 0.000000
1694224110517875377 145.192701 0.000000
1694224110518363346 145.595165 0.000000
1694224110591549446 144.877588 0.000000
1694224110664371476 145.502310 0.000000
1694224111027399581 145.343960 0.000000
1694224111101873407 145.451094 0.000000
1694224111173453058 144.916226 0.000000
1694224111391369598 145.336941 0.000000
1694224111392398148 145.294232 0.000000
1694224111828591997 145.424090 0.000000
1694224111975169614 145.373822 0.000000
1694224112120488297 144.840562 0.000000
1694224112121344226 145.142453 0.000000
1694224112193710423 144.853801 0.000000
1694224112339709885 144.839131 0.000000
1694224112412903839 144.881465 0.000000
1694224112703154419 144.904262 0.000000
1694224112921975907 145.123553 0.000000
1694224112922346924 145.210109 0.000000
1694224112994377912 145.537108 0.000000
1694224113067642415 145.268829 0.000000
1694224113140246156 144.851722 0.000000
1694224113285350490 145.085550 0.000000
1694224113358201962 144.706064 0.000000
1694224113430393292 145.039405 0.000000
1694224113722440556 144.620385 0.000000
1694224113795031160 145.106863 0.000000
1694224113940149819 144.799849 0.000000
1694224114013919498 145.285889 0.000000
1694224114121755790 145.361781 0.000000
1694224114158440891 144.970677 0.000000
1694224114159481764 145.401628 0.000000
1694224114231190531 145.163164 0.000000
1694224114266772689 145.012573 0.000000
1694224114304311218 144.821025 0.000000
1694224114305356236 145.018964 0.000000
1694224114522006952 144.751587 0.000000
1694224114523341642 144.904753 0.000000
1694224114740094997 145.277183 0.000000
1694224114813699743 145.235613 0.000000
1694224114813965080 144.827740 0.000000
1694224114814216103 144.857133 0.000000
1694224114885482966 145.383338 0.000000
1694224114959219275 144.778009 0.000000
1694224114959357395 144.861879 0.000000
1694224115176692638 145.374587 0.000000
1694224115249526332 145.273100 0.000000
1694224115323592856 145.008749 0.000000
1694224115467983821 145.488128 0.000000
1694224115540420733 145.330338 0.000000
1694224115832982796 145.104115 0.000000
1694224115904504167 145.327807 0.000000
1694224115905168475 145.047997 0.000000
1694224116050819682 145.343954 0.000000
1694224116122676420 145.266432 0.000000
1694224116268033462 145.351179 0.000000
1694224116488910802 144.906100 0.000000
1694224116561569337 144.929028 0.000000
1694224116924220752 145.330852 0.000000
1694224117071373263 144.905512 0.000000
1694224117142478307 145.255210 0.000000
1694224117433423027 145.143277 0.000000
1694224117434585928 145.368426 0.000000
1694224117616076551 145.206400 0.000000
1694224117871377722 145.173780 0.000000
1694224117871437291 145.129186 0.000000
1694224118090141256 145.424255 0.000000
1694224118162362992 145.264541 0.000000
1694224118599249427 145.164148 0.000000
1694224118673646106 145.646235 0.000000
1694224118744657156 145.313210 0.000000
1694224118745602407 145.051361 0.000000
1694224118746059088 144.985784 0.000000
1694224118818410530 144.735422 0.000000
1694224118891060764 144.733493 0.000000
1694224118963053705 145.397437 0.000000
1694224118964044627 144.928232 0.000000
1694224119036495425 145.632977 0.000000
1694224119108752695 144.813093 0.000000
1694224119253925794 145.071066 0.000000
1694224119254224764 145.255004 0.000000
1694224119327553902 144.906848 0.000000
1694224119400147329 145.348076 0.000000
1694224119400985365 145.053762 0.000000
1694224119690594886 145.204140 0.000000
1694224119727449128 145.466514 0.000000
1694224119836390696 144.854764 0.000000
1694224119837532333 144.940869 0.000000
1694224119872571426 145.107113 0.000000
1694224119908724618 144.957792 0.000000
1694224119982584027 144.840488 0.000000
1694224120272642685 145.123000 0.000000
1694224120272676879 145.223624 0.000000
1694224120346709541 144.919660 0.000000
1694224120491602037 144.863629 0.000000
1694224120638010183 145.387996 0.000000
1694224120709819790 145.041173 0.000000
1694224120856484598 144.887765 0.000000
1694224120891741672 145.168887 0.000000
1694224121147397656 145.372370 0.000000
1694224121220024524 145.572835 0.000000
1694224121730037213 144.872226 0.000000
1694224121947141451 145.221936 0.000000
1694224122310963559 144.783138 0.000000
1694224122312085701 144.962254 0.000000
1694224122456327039 144.811407 0.000000
1694224122528897663 145.309533 0.000000
1694224122603311254 145.046679 0.000000
1694224122638119747 144.974229 0.000000
1694224122747099180 145.062988 0.000000
1694224122893551681 144.866563 0.000000
1694224123001672987 145.230145 0.000000
1694224123038711482 145.156773 0.000000
1694224123038998614 144.868594 0.000000
1694224123548420036 145.020061 0.000000
1694224123548648441 145.238082 0.000000
1694224123621717513 144.871900 0.000000
1694224123875725494 145.433499 0.000000
1694224123912884969 145.265717 0.000000
1694224123985245437 144.908205 0.000000
1694224124020815265 145.087706 0.000000
1694224124059177710 145.022610 0.000000
1694224124131835540 144.853839 0.000000
1694224124639347526 145.229391 0.000000
1694224124785904245 145.120052 0.000000
1694224124858317118 144.818497 0.000000
1694224125077393915 144.805548 0.000000
1694224125185415641 145.142677 0.000000
1694224125295604050 145.148134 0.000000
1694224125368528106 144.946857 0.000000
1694224125476540585 145.133704 0.000000
1694224125659351358 145.150703 0.000000
1694224125949487932 145.270752 0.000000
1694224126240532732 145.217393 0.000000
1694224126240538255 145.136380 0.000000
1694224126314620065 145.170700 0.000000
1694224126458500938 145.194800 0.000000
1694224126678490036 145.008343 0.000000
1694224126896360244 144.881783 0.000000
1694224126896539776 144.722228 0.000000
1694224127187139381 144.949637 0.000000
1694224127260519460 144.987857 0.000000
1694224127260557018 144.982960 0.000000
1694224127260776162 145.039632 0.000000
1694224127478273292 145.126421 0.000000
1694224127550648702 145.142176 0.000000
1694224127696861545 144.831449 0.000000
1694224127769060239 145.023220 0.000000
1694224127769728892 144.822037 0.000000
1694224128205698957 145.387157 0.000000
1694224128279172737 144.756601 0.000000
1694224128423853924 145.424233 0.000000
1694224128425003254 145.062603 0.000000
1694224128570225954 145.087927 0.000000
1694224128715849744 145.004493 0.000000
1694224128788562026 144.862883 0.000000
1694224128860501418 145.116478 0.000000
1694224129115898371 145.297256 0.000000
1694224129225182126 145.402800 0.000000
1694224129226179613 145.570730 0.000000
1694224129226324529 145.642166 0.000000
1694224129444398293 145.534108 0.000000
1694224129516456304 145.319050 0.000000
1694224129516526798 145.446485 0.000000
1694224129590028248 145.322065 0.000000
1694224129661816133 145.355284 0.000000
1694224129662026176 144.789324 0.000000
1694224129808440248 144.946638 0.000000
1694224129880878972 145.014994 0.000000
1694224129954147658 144.897885 0.000000
1694224130245315237 145.065995 0.000000
1694224130317534032 145.238880 0.000000
1694224130464378843 145.058431 0.000000
1694224130536919741 144.723965 0.000000
1694224130609771178 144.748128 0.000000
1694224130790771708 145.171085 0.000000
1694224130973040430 145.274012 0.000000
1694224130973743378 144.910468 0.000000
1694224130974026686 145.135471 0.000000
1694224131046817593 145.257906 0.000000
1694224131118838869 145.091472 0.000000
1694224131120000898 145.285543 0.000000
1694224131409624657 145.120514 0.000000
1694224131411106043 145.236938 0.000000
1694224131774215061 144.719537 0.000000
1694224131847546728 144.949322 0.000000
1694224131919434403 144.832098 0.000000
1694224131919488765 145.229652 0.000000
1694224131955520826 145.148248 0.000000
1694224131993239994 145.079846 0.000000
1694224132065571162 144.701234 0.000000
1694224132173668475 145.240654 0.000000
1694224132210220850 145.339039 0.000000
1694224132210419541 144.846290 0.000000
1694224132355855662 145.431560 0.000000
1694224132428475266 145.274423 0.000000
1694224132430329898 145.421590 0.000000
1694224132500780272 144.982419 0.000000
1694224132502471395 145.164116 0.000000
1694224132719066186 145.139090 0.000000
1694224132792159924 145.245848 0.000000
1694224132828702051 145.056435 0.000000
1694224132937700770 145.248363 0.000000
1694224133083228393 145.561165 0.000000
1694224133156211871 145.150434 0.000000
1694224133447881658 145.113689 0.000000
1694224133521250084 145.545635 0.000000
1694224133521545706 145.326350 0.000000
1694224133593509340 145.412353 0.000000
1694224133666165457 144.912852 0.000000
1694224133666762429 144.833282 0.000000
1694224134030162972 145.273061 0.000000
1694224134175648834 145.484128 0.000000
1694224134175795415 144.934868 0.000000
1694224134357726411 145.322240 0.000000
1694224134614174022 145.771257 0.000000
1694224134758475595 145.038395 0.000000
1694224134759123174 144.864947 0.000000
1694224134831211672 145.336204 0.000000
1694224134831581426 144.930857 0.000000
1694224134832408913 145.054410 0.000000
1694224135050288685 145.102241 0.000000
1694224135194709844 145.235891 0.000000
1694224135267506893 144.959037 0.000000
1694224135268531653 144.876004 0.000000
1694224135340450151 145.115801 0.000000
1694224135413737949 144.946653 0.000000
1694224135632039104 144.891848 0.000000
1694224135704909881 145.012005 0.000000
1694224135922569975 145.106315 0.000000
1694224135996409894 145.057112 0.000000
1694224136031115647 144.995581 0.000000
1694224136068643148 144.891063 0.000000
1694224136141436704 145.023612 0.000000
1694224136141710018 145.267318 0.000000
1694224136359241472 145.027219 0.000000
1694224136578178100 144.717564 0.000000
1694224136722915543 145.239894 0.000000
1694224136867998028 145.090353 0.000000
1694224136942713117 144.901966 0.000000
1694224137014908836 144.908122 0.000000
1694224137088218602 144.909712 0.000000
1694224137159902288 144.696913 0.000000
1694224137233414253 144.787143 0.000000
1694224137451448010 145.210444 0.000000
1694224137596550921 145.098566 0.000000
1694224137597149732 144.935091 0.000000
1694224137705217827 145.287253 0.000000
1694224137742592830 144.866159 0.000000
1694224137814954343 145.336795 0.000000
1694224137815095055 144.986416 0.000000
1694224137815262874 144.772995 0.000000
1694224137960295250 145.217180 0.000000
1694224137961005009 145.004977 0.000000
1694224138033548676 144.631182 0.000000
1694224138106770016 145.222788 0.000000
1694224138178790842 145.289406 0.000000
1694224138250994232 145.106375 0.000000
1694224138324219236 144.962954 0.000000
1694224138397945619 145.537198 0.000000
1694224138469709568 145.325514 0.000000
1694224138688620983 144.991345 0.000000
1694224138724500469 145.507995 0.000000
1694224138761889305 144.892555 0.000000
1694224138907848962 145.165102 0.000000
1694224138979952767 144.764497 0.000000
1694224138980585376 145.240296 0.000000
1694224138980614338 145.052530 0.000000
1694224139125890236 144.749309 0.000000
1694224139198764187 145.074820 0.000000
1694224139271095589 144.981804 0.000000
1694224139342988973 145.421490 0.000000
1694224139343829119 145.038054 0.000000
1694224139344456396 145.230035 0.000000
1694224139489821130 145.046630 0.000000
1694224139706952317 144.832808 0.000000
1694224139925165312 145.014670 0.000000
1694224139925235535 144.922852 0.000000
1694224139926160944 144.770379 0.000000
1694224139961944161 145.328379 0.000000
1694224140216891923 145.427688 0.000000
1694224140217854929 145.357134 0.000000
1694224140289025424 145.388802 0.000000
1694224140290149088 144.697392 0.000000
1694224140362037134 145.142370 0.000000
1694224140363073997 144.920710 0.000000
1694224140508168054 145.300958 0.000000
1694224140652992745 145.221373 0.000000
1694224140654129591 144.725240 0.000000
1694224140727488577 145.238597 0.000000
1694224140799571781 145.102085 0.000000
1694224140800111089 144.965418 0.000000
1694224140944404316 145.304681 0.000000
1694224140945130267 144.773417 0.000000
1694224141089758800 145.232892 0.000000
1694224141308647057 145.292327 0.000000
1694224141308723415 145.378467 0.000000
1694224141672531963 145.084166 0.000000
1694224141781413809 145.066209 0.000000
1694224141818286891 145.110176 0.000000
1694224141963358889 145.191585 0.000000
1694224141999732532 145.390718 0.000000
1694224142182251796 145.717994 0.000000
1694224142254667359 145.300492 0.000000
1694224142328538569 145.231352 0.000000
1694224142401686101 145.104596 0.000000
1694224142475010876 145.185899 0.000000
1694224142547007821 145.317350 0.000000
1694224142619546224 144.726156 0.000000
1694224142693298602 145.329484 0.000000
1694224142837992673 145.321287 0.000000
1694224142910444211 145.280409 0.000000
1694224143237687878 144.968497 0.000000
1694224143347090200 145.126564 0.000000
1694224143419790894 145.081960 0.000000
1694224143710744413 144.909581 0.000000
1694224143711663963 144.983256 0.000000
1694224143783869410 145.554718 0.000000
1694224143929118695 145.007513 0.000000
1694224144002981465 145.228350 0.000000
1694224144074651625 145.390765 0.000000
1694224144256655778 145.041281 0.000000
1694224144401871408 145.211215 0.000000
1694224144439505902 145.259740 0.000000
1694224144439624106 144.784251 0.000000
1694224144730783218 145.106721 0.000000
1694224144911198685 145.015458 0.000000
1694224144948175666 145.252625 0.000000
1694224145093830196 145.652045 0.000000
1694224145094243436 144.837707 0.000000
1694224145239237964 145.207653 0.000000
1694224145457858260 144.917416 0.000000
1694224145531351914 144.957027 0.000000
1694224145531512051 144.902731 0.000000
1694224145531901325 145.276008 0.000000
1694224145603387607 145.047268 0.000000
1694224145604348404 144.910932 0.000000
1694224145749167087 145.273609 0.000000
1694224145894462353 145.046910 0.000000
1694224145968584034 145.139228 0.000000
1694224146040371012 145.250420 0.000000
1694224146331443352 144.987750 0.000000
1694224146331526139 145.412406 0.000000
1694224146332038830 144.975442 0.000000
1694224146623697845 145.242691 0.000000
1694224146624088146 145.501687 0.000000
1694224146696569734 145.128088 0.000000
1694224146769717452 144.636405 0.000000
1694224146841642426 145.069885 0.000000
1694224146915771704 145.115236 0.000000
1694224147060092040 144.855539 0.000000
1694224147133045102 145.271459 0.000000
1694224147133541931 145.300811 0.000000
1694224147133647556 145.177305 0.000000
1694224147134429337 145.118001 0.000000
1694224147278120970 145.081621 0.000000
1694224147351018264 144.905826 0.000000
1694224147352227778 144.969359 0.000000
1694224147497075454 144.944916 0.000000
1694224147497438457 145.202219 0.000000
1694224147569962882 145.092196 0.000000
1694224147570259241 144.736665 0.000000
1694224147570915074 145.206280 0.000000
1694224147642270266 144.731983 0.000000
1694224147860864648 145.280869 0.000000
1694224147933909835 145.245707 0.000000
1694224148079001519 144.974968 0.000000
1694224148079733164 144.822519 0.000000
1694224148153069298 144.799406 0.000000
1694224148226101715 144.862644 0.000000
1694224148298947517 144.809892 0.000000
1694224148370955672 145.500900 0.000000
1694224148443931267 145.433876 0.000000
1694224148444110048 145.478781 0.000000
1694224148516365176 145.545931 0.000000
1694224148662725907 144.963906 0.000000
1694224148734337702 144.931425 0.000000
1694224148808755138 145.085294 0.000000
1694224148880823948 145.271875 0.000000
1694224148953892209 145.030194 0.000000
1694224149244522926 145.406196 0.000000
1694224149244706282 144.792470 0.000000
1694224149244862259 144.941827 0.000000
1694224149390425731 145.295671 0.000000
1694224149461963000 145.022553 0.000000
1694224149536244516 145.318613 0.000000
1694224149536579920 145.073519 0.000000
1694224149901018786 145.047504 0.000000
1694224150046164367 145.401851 0.000000
1694224150119320311 144.988664 0.000000
1694224150119419406 144.955862 0.000000
1694224150192102334 144.716065 0.000000
1694224150262343857 145.301958 0.000000
1694224150337453325 145.062597 0.000000
1694224150628058613 145.003379 0.000000
1694224150629029778 145.367895 0.000000
1694224150774757809 144.985262 0.000000
1694224150846745427 144.906427 0.000000
1694224150992195283 145.054156 0.000000
1694224151573780318 144.928596 0.000000
1694224151574559829 145.034922 0.000000
1694224151647031008 144.673961 0.000000
1694224151719770391 144.852846 0.000000
1694224151791819012 145.059023 0.000000
1694224151791918929 144.832271 0.000000
1694224152010414574 144.800856 0.000000
1694224152228300366 144.725277 0.000000
1694224152228833064 144.790945 0.000000
1694224152591295553 145.192978 0.000000
1694224152592893022 145.570505 0.000000
1694224152593299010 145.843468 0.000000
1694224152663721822 144.970177 0.000000
1694224152664351369 145.536282 0.000000
1694224152664995676 144.793521 0.000000
1694224152737442367 144.868916 0.000000
1694224152808873310 145.146796 0.000000
1694224152882455744 145.262155 0.000000
1694224152882542565 144.947834 0.000000
1694224152955672007 145.052727 0.000000
1694224153027440536 144.739963 0.000000
1694224153319433400 145.018253 0.000000
1694224153392855490 145.243311 0.000000
1694224153463736605 144.988125 0.000000
1694224153464936566 145.049353 0.000000
1694224153900578432 145.280916 0.000000
1694224153901245185 144.555487 0.000000
1694224153901329797 145.259772 0.000000
1694224154046455476 145.147510 0.000000
1694224154047550218 145.714588 0.000000
1694224154047564592 145.125474 0.000000
1694224154191986926 144.914542 0.000000
1694224154193086915 145.032857 0.000000
1694224154629303812 145.033278 0.000000
1694224154629457003 145.249911 0.000000
1694224154774647408 145.187103 0.000000
1694224154848132731 145.257394 0.000000
1694224154992505555 145.083945 0.000000
1694224155285646990 144.861910 0.000000
1694224155358599204 144.948591 0.000000
1694224155504039260 145.248878 0.000000
1694224155646888497 145.187381 0.000000
1694224155722215163 144.862674 0.000000
1694224155865160025 145.040584 0.000000
1694224155867893709 144.894720 0.000000
1694224155868464735 145.231452 0.000000
1694224155940119411 145.013690 0.000000
1694224155940532711 144.772374 0.000000
1694224155941050042 145.167221 0.000000
1694224156085335836 145.211849 0.000000
1694224156158261605 145.096170 0.000000
1694224156158684337 144.810450 0.000000
1694224156376624565 144.725133 0.000000
1694224156376666091 145.414825 0.000000
1694224156519594109 144.906727 0.000000
1694224156740331823 145.491437 0.000000
1694224156958989574 145.173680 0.000000
1694224157103871889 145.077900 0.000000
1694224157177279458 144.977448 0.000000
1694224157321481354 144.965940 0.000000
1694224157538502076 145.158700 0.000000
1694224157613592480 144.756145 0.000000
1694224157759298464 145.055588 0.000000
1694224157977620292 145.204306 0.000000
1694224158195279997 144.982885 0.000000
1694224158339451502 145.159064 0.000000
1694224158412567080 144.940276 0.000000
1694224158486730158 145.426173 0.000000
1694224158559587297 145.135961 0.000000
1694224158704077411 144.912531 0.000000
1694224158704142207 145.677341 0.000000
1694224158704788758 144.891291 0.000000
1694224158849861230 145.069566 0.000000
1694224159213952334 145.138769 0.000000
1694224159432484268 144.696001 0.000000
1694224159505800821 145.007330 0.000000
1694224159797136796 144.951198 0.000000
1694224159869069310 145.068565 0.000000
1694224160014198812 145.125071 0.000000
1694224160015175655 145.302479 0.000000
1694224160233891911 144.992564 0.000000
1694224160306908331 144.980693 0.000000
1694224160451930661 144.926978 0.000000
1694224160602370867 149.526099 0.000000
1694224160814514090 145.109356 0.000000
1694224160972475409 145.145550 0.000000
1694224161043886199 144.949333 0.000000
1694224161117182192 145.372423 0.000000
1694224161189354577 145.067672 0.000000
1694224161261858958 145.194071 0.000000
1694224161323310126 145.296837 0.000000
1694224161334486969 145.203623 0.000000
1694224161335489117 144.874349 0.000000
1694224161552665202 145.012161 0.000000
1694224161844018278 144.869165 0.000000
1694224161844651343 144.815315 0.000000
1694224161916982471 145.512349 0.000000
1694224162062591885 145.087984 0.000000
1694224162135061453 145.200318 0.000000
1694224162280337964 145.149537 0.000000
1694224162281231219 144.779222 0.000000
1694224162571199619 145.282035 0.000000
1694224162644092280 145.269712 0.000000
1694224162644165550 145.126299 0.000000
1694224162935735269 145.113267 0.000000
1694224163591493952 145.102780 0.000000
1694224163663708495 145.289919 0.000000
1694224163809732235 144.789409 0.000000
1694224163873916123 145.248756 0.000000
1694224163882757828 144.979170 0.000000
1694224163955007657 145.019557 0.000000
1694224163955151556 145.186354 0.000000
1694224164101149771 144.948001 0.000000
1694224164173337510 145.427883 0.000000
1694224164319518307 144.741535 0.000000
1694224164537652173 145.392114 0.000000
1694224164829151840 145.040731 0.000000
1694224164967254323 145.266799 0.000000
1694224165120372847 145.368724 0.000000
1694224165194319710 145.052730 0.000000
1694224165339042404 145.439192 0.000000
1694224165411879320 145.324381 0.000000
1694224165412731398 144.998624 0.000000
1694224165484571293 144.755291 0.000000
1694224165557716946 145.167766 0.000000
1694224165557882931 144.733267 0.000000
1694224165702926470 145.041559 0.000000
1694224165703445004 145.071448 0.000000
1694224165920948853 145.185963 0.000000
1694224166140195009 144.729004 0.000000
1694224166213487728 145.105565 0.000000
1694224166357794071 144.761465 0.000000
1694224166357798426 145.323601 0.000000
1694224166576061078 145.143298 0.000000
1694224166721969131 145.377045 0.000000
1694224166868678620 144.844233 0.000000
1694224167013152152 144.989400 0.000000
1694224167086904111 144.980618 0.000000
1694224167158397755 145.243653 0.000000
1694224167158911493 144.772273 0.000000
1694224167231291842 145.183704 0.000000
1694224167231357474 145.580020 0.000000
1694224167376515026 145.158970 0.000000
1694224167740658087 145.198639 0.000000
1694224167887238147 145.382355 0.000000
1694224167959284244 144.902384 0.000000
1694224168031639692 145.068558 0.000000
1694224168395526729 145.448941 0.000000
1694224168469435905 145.160001 0.000000
1694224168541369223 145.216916 0.000000
1694224168613818998 145.543306 0.000000
1694224168686057415 144.780953 0.000000
1694224168905394370 144.750049 0.000000
1694224168976703254 145.020397 0.000000
1694224169049655312 145.265290 0.000000
1694224169269375820 145.162325 0.000000
1694224169340913845 145.273418 0.000000
1694224169413885359 145.117089 0.000000
1694224169486275477 145.151886 0.000000
1694224169487627046 145.330966 0.000000
1694224169705502721 145.368313 0.000000
1694224169850817041 145.346991 0.000000
1694224169996593745 144.883845 0.000000
1694224170141861649 145.199239 0.000000
1694224170142210674 145.253130 0.000000
1694224170433509438 145.727609 0.000000
1694224170724147414 145.134968 0.000000
1694224170870050013 145.080200 0.000000
1694224170871118199 145.014337 0.000000
1694224170943331932 145.276772 0.000000
1694224171016759763 145.734034 0.000000
1694224171161684065 145.174939 0.000000
1694224171161746685 145.281747 0.000000
1694224171307307063 144.933091 0.000000
1694224171307463165 144.797722 0.000000
1694224171381149841 144.999129 0.000000
1694224171525653090 145.134460 0.000000
1694224171527029556 144.961097 0.000000
1694224171671085154 145.425473 0.000000
1694224171743983032 145.286765 0.000000
1694224171744403999 145.219338 0.000000
1694224171817044855 145.362048 0.000000
1694224171890052212 145.167947 0.000000
1694224171963104282 144.796013 0.000000
1694224172035193386 145.136193 0.000000
1694224172253999081 145.019011 0.000000
1694224172472543850 145.169349 0.000000
1694224172546181438 145.344711 0.000000
1694224172908977576 145.230960 0.000000
1694224173056225659 145.423138 0.000000
1694224173200041236 145.100406 0.000000
1694224173200424345 144.761715 0.000000
1694224173273714539 144.803488 0.000000
1694224173708723739 145.248860 0.000000
1694224173783131009 144.715464 0.000000
1694224173856020524 144.697722 0.000000
1694224173926735006 144.988159 0.000000
1694224174001232145 145.072456 0.000000
1694224174001368553 145.354700 0.000000
1694224174001956576 145.138706 0.000000
1694224174217721514 145.363671 0.000000
1694224174583335474 144.721920 0.000000
1694224174801496236 145.252100 0.000000
1694224175018816031 145.103102 0.000000
1694224175237201988 145.006364 0.000000
1694224175238165733 144.905178 0.000000
1694224175819620601 144.795182 0.000000
1694224175820625677 144.700992 0.000000
1694224175893781523 144.977167 0.000000
1694224175965179962 144.919267 0.000000
1694224175965313133 144.683271 0.000000
1694224175966072641 144.687932 0.000000
1694224176112008306 144.979062 0.000000
1694224176183598158 145.042887 0.000000
1694224176256091533 145.077383 0.000000
1694224176256990151 144.978181 0.000000
1694224176257078592 144.970638 0.000000
1694224176402443020 144.925142 0.000000
1694224176474898151 145.011333 0.000000
1694224176548284284 145.158621 0.000000
1694224176548316424 145.191458 0.000000
1694224176620145277 145.089994 0.000000
1694224176693808193 144.996733 0.000000
1694224176838970662 144.930739 0.000000
1694224176911902525 145.825260 0.000000
1694224176912575260 145.465531 0.000000
1694224176985427429 144.994795 0.000000
1694224177057272839 145.354933 0.000000
1694224177058279098 144.852395 0.000000
1694224177129659394 145.130502 0.000000
1694224177129774277 144.892466 0.000000
1694224177420531685 145.098426 0.000000
1694224178003532969 145.098320 0.000000
1694224178004270641 144.913885 0.000000
1694224178150431409 145.257034 0.000000
1694224178223631577 145.387284 0.000000
1694224178368083233 144.813330 0.000000
1694224178441872440 145.445228 0.000000
1694224178513974922 144.925809 0.000000
1694224178514094581 144.971255 0.000000
1694224178514233761 145.073504 0.000000
1694224178732793243 144.896598 0.000000
1694224178878448999 145.114848 0.000000
1694224178949970300 144.979423 0.000000
1694224179023500034 145.048213 0.000000
1694224179024155358 144.900078 0.000000
1694224179096732486 145.268571 0.000000
1694224179168795535 145.288109 0.000000
1694224179168967977 145.312410 0.000000
1694224179241974036 144.967831 0.000000
1694224179387637049 144.743908 0.000000
1694224179460701785 145.022047 0.000000
1694224179534448131 145.565872 0.000000
1694224179605928104 144.927712 0.000000
1694224179679076149 145.246736 0.000000
1694224179824517079 144.797663 0.000000
1694224179897267300 144.879122 0.000000
1694224180042628186 144.957088 0.000000
1694224180333028751 145.113030 0.000000
1694224180624270971 144.923284 0.000000
1694224180696539233 145.018303 0.000000
1694224181207043095 145.209329 0.000000
1694224181426057829 145.218284 0.000000
1694224181790426260 144.948384 0.000000
1694224182008550340 145.104999 0.000000
1694224182154199193 145.103857 0.000000
1694224182227254687 145.349883 0.000000
1694224182227292360 144.957984 0.000000
1694224182228388052 145.804860 0.000000
1694224182446225508 144.894760 0.000000
1694224182809864348 145.195629 0.000000
1694224182882947941 145.534161 0.000000
1694224183028142209 145.268261 0.000000
1694224183246976822 144.768066 0.000000
1694224183392845196 144.898781 0.000000
1694224183537719285 145.049578 0.000000
1694224183538896271 145.215200 0.000000
1694224183682984150 145.250978 0.000000
1694224183684235496 144.912338 0.000000
1694224183755883809 144.914196 0.000000
1694224183829447678 145.158632 0.000000
1694224183900890196 145.037209 0.000000
1694224183974185248 145.584006 0.000000
1694224183975326742 145.391437 0.000000
1694224183975539900 144.934856 0.000000
1694224184046607556 145.334737 0.000000
1694224184048270717 144.947819 0.000000
1694224184119091851 145.038104 0.000000
1694224184411016366 144.860630 0.000000
1694224184411384731 145.152626 0.000000
1694224184557460966 145.385153 0.000000
1694224184629354941 144.985297 0.000000
1694224184630171026 144.925768 0.000000
1694224184774657259 145.245480 0.000000
1694224184775042528 144.866671 0.000000
1694224184993673397 144.923522 0.000000
1694224184993860649 145.040350 0.000000
1694224184993899164 145.216847 0.000000
1694224185066505853 145.354604 0.000000
1694224185285533470 144.919427 0.000000
1694224185357071990 145.152652 0.000000
1694224185648668029 145.445623 0.000000
1694224185649765805 145.322902 0.000000
1694224185721198672 145.520266 0.000000
1694224185721771599 145.217229 0.000000
1694224185867938117 145.352207 0.000000
1694224186085920203 144.951655 0.000000
1694224186157870874 145.240263 0.000000
1694224186303996057 145.088138 0.000000
1694224186595829943 145.044994 0.000000
1694224186741327260 145.193919 0.000000
1694224186814099366 144.773432 0.000000
1694224186886064706 145.325202 0.000000
1694224186886232412 145.639205 0.000000
1694224186886570641 145.241136 0.000000
1694224186887517601 145.219420 0.000000
1694224187105517624 145.330999 0.000000
1694224187178107663 145.901669 0.000000
1694224187251283133 145.222202 0.000000
1694224187396298810 145.434699 0.000000
1694224187905609796 144.589469 0.000000
1694224188123578303 145.289175 0.000000
1694224188124485675 144.879288 0.000000
1694224188269046778 145.533431 0.000000
1694224188415124918 145.018202 0.000000
1694224188488030702 145.050073 0.000000
1694224188488101668 145.033970 0.000000
1694224188852186576 144.656778 0.000000
1694224188852608330 144.948543 0.000000
1694224188924361862 145.262312 0.000000
1694224188924632805 144.924820 0.000000
1694224188925298939 144.906918 0.000000
1694224188997850501 144.844112 0.000000
1694224189070553954 144.911929 0.000000
1694224189142931028 145.363612 0.000000
1694224189289050477 145.013478 0.000000
1694224189435423656 145.432669 0.000000
1694224189507696848 145.207442 0.000000
1694224189507774524 145.047259 0.000000
1694224189580313060 144.801268 0.000000
1694224189652759171 144.982827 0.000000
1694224190163816724 145.768039 0.000000
1694224190235165304 144.996377 0.000000
1694224190308918060 144.815924 0.000000
1694224190309228364 144.638821 0.000000
1694224190382188646 144.924270 0.000000
1694224190453992143 144.821854 0.000000
1694224190454099663 144.773592 0.000000
1694224190672752132 145.178823 0.000000
1694224190964127551 144.751350 0.000000
1694224191036997064 144.890236 0.000000
1694224191109132342 145.002350 0.000000
1694224191255679589 145.013589 0.000000
1694224191327804863 145.273044 0.000000
1694224191546697303 144.861994 0.000000
1694224191546964331 145.009178 0.000000
1694224191691927206 145.227101 0.000000
1694224191692146493 145.179155 0.000000
1694224191837955470 145.137034 0.000000
1694224191983260783 144.932845 0.000000
1694224192056214866 145.055668 0.000000
1694224192273339935 145.209789 0.000000
1694224192345939438 145.002219 0.000000
1694224192418374020 145.019335 0.000000
1694224192491253969 145.309790 0.000000
1694224192784173125 145.193161 0.000000
1694224192856485276 144.628202 0.000000
1694224192928945087 144.927380 0.000000
1694224193001949143 144.887011 0.000000
1694224193147008021 144.888170 0.000000
1694224193147327246 145.229391 0.000000
1694224193437062821 145.043177 0.000000
1694224193728160334 145.198925 0.000000
1694224193874150411 145.324053 0.000000
1694224193874261254 144.854754 0.000000
1694224193874445655 145.022775 0.000000
1694224194092481926 145.288224 0.000000
1694224194166185507 144.893455 0.000000
1694224194311291967 145.015849 0.000000
1694224194456327368 145.056891 0.000000
1694224194601465212 145.135779 0.000000
1694224194893574350 144.943126 0.000000
1694224194894098472 145.432819 0.000000
1694224195183985350 145.004893 0.000000
1694224195184203204 144.752980 0.000000
1694224195185412169 145.046183 0.000000
1694224195256462468 145.391860 0.000000
1694224195257795273 145.072219 0.000000
1694224195329465866 145.260948 0.000000
1694224195331350222 145.832371 0.000000
1694224195475417528 144.869442 0.000000
1694224195838675468 145.293352 0.000000
1694224195912491942 145.224569 0.000000
1694224196058172917 144.965792 0.000000
1694224196130237646 145.027205 0.000000
1694224196203007139 145.222277 0.000000
1694224196276042941 144.731740 0.000000
1694224196348340859 145.260053 0.000000
1694224196348795650 144.934393 0.000000
1694224196639241911 145.177617 0.000000
1694224196639306016 145.252286 0.000000
1694224196639927646 145.314546 0.000000
1694224196785938432 144.673230 0.000000
1694224196786458195 145.040166 0.000000
1694224196858730588 144.805484 0.000000
1694224196931121974 145.267262 0.000000
1694224197077519312 145.118586 0.000000
1694224197222781383 144.985791 0.000000
1694224197440082985 145.122741 0.000000
1694224197440425129 144.932627 0.000000
1694224197441308439 144.651201 0.000000
1694224197513315409 144.891226 0.000000
1694224197514200128 144.910827 0.000000
1694224197587564357 144.898892 0.000000
1694224197805706885 145.236986 0.000000
1694224197951416808 145.448323 0.000000
1694224198096870156 144.794471 0.000000
1694224198170150443 145.111222 0.000000
1694224198315242600 145.573585 0.000000
1694224198460467907 144.857790 0.000000
1694224198461595637 145.135774 0.000000
1694224198533499628 145.258506 0.000000
1694224198607149466 145.176408 0.000000
1694224198751449520 144.997010 0.000000
1694224198751505130 145.055942 0.000000
1694224198753262660 145.796329 0.000000
1694224198824437253 145.317462 0.000000
1694224198970610503 144.726730 0.000000
1694224199115007533 145.141212 0.000000
1694224199116153116 144.930460 0.000000
1694224199188409492 145.044738 0.000000
1694224199261503721 145.727339 0.000000
1694224199335068873 145.531610 0.000000
1694224199335110054 145.453983 0.000000
1694224199407177117 144.905058 0.000000
1694224199552503437 145.384115 0.000000
1694224199698461645 145.028810 0.000000
1694224199843341218 145.018251 0.000000
1694224199989813442 145.730614 0.000000
1694224200061684510 145.394187 0.000000
1694224200062566166 144.932666 0.000000
1694224200279705830 145.433928 0.000000
1694224200425739844 145.036277 0.000000
1694224200716943401 145.177849 0.000000
1694224200789267418 145.942903 0.000000
1694224200789883264 144.944921 0.000000
1694224200862055381 145.419383 0.000000
1694224200862588691 144.840196 0.000000
1694224200935115346 144.898568 0.000000
1694224201008215405 145.886776 0.000000
1694224201081877844 145.391390 0.000000
1694224201298541535 144.949899 0.000000
1694224201445260228 144.647471 0.000000
1694224201517965146 144.931014 0.000000
1694224201589313078 145.248384 0.000000
1694224201663050459 145.023929 0.000000
1694224201808371567 144.771882 0.000000
1694224202172892022 145.014901 0.000000
1694224202246058055 145.099618 0.000000
1694224202609506390 144.921948 0.000000
1694224202682158543 144.986711 0.000000
1694224202682201899 144.796848 0.000000
1694224202682389055 144.933457 0.000000
1694224202755395107 144.748517 0.000000
1694224202826873563 145.234046 0.000000
1694224202827462737 145.258644 0.000000
1694224202973963484 145.251854 0.000000
1694224202974160679 145.305474 0.000000
1694224203263990059 145.098272 0.000000
1694224203337632163 144.979665 0.000000
1694224203847209396 145.016844 0.000000
1694224203847676916 144.725715 0.000000
1694224203848378517 144.895446 0.000000
1694224203992568043 145.187454 0.000000
1694224203993347090 144.803558 0.000000
1694224204066105452 144.914476 0.000000
1694224204139110291 145.151099 0.000000
1694224204284321428 145.031148 0.000000
1694224204720106928 144.954875 0.000000
1694224204720482343 144.995290 0.000000
1694224204721130004 144.849178 0.000000
1694224204793361546 144.719025 0.000000
1694224204794125087 145.010280 0.000000
1694224205157925388 145.223888 0.000000
1694224205230635778 144.978482 0.000000
1694224205302628319 144.810327 0.000000
1694224205376027786 145.007335 0.000000
1694224205448714253 144.867256 0.000000
1694224205521531708 144.633196 0.000000
1694224205521951241 144.864120 0.000000
1694224205593606641 145.179484 0.000000
1694224205957234069 145.186351 0.000000
1694224206175901187 144.660770 0.000000
1694224206248162365 145.216515 0.000000
1694224206248811308 145.033880 0.000000
1694224206249660349 145.513629 0.000000
1694224206467028361 144.874414 0.000000
1694224206467599147 144.800091 0.000000
1694224206758675961 145.368200 0.000000
1694224206831089575 144.719105 0.000000
1694224206976644008 145.591956 0.000000
1694224206977803186 145.806462 0.000000
1694224207049264617 145.067510 0.000000
1694224207049584914 145.263221 0.000000
1694224207050276026 145.070778 0.000000
1694224207194609964 145.022996 0.000000
1694224207195162147 145.343362 0.000000
1694224207341429927 145.298935 0.000000
1694224207487068772 144.794801 0.000000
1694224207558828524 145.334187 0.000000
1694224207995923579 145.086751 0.000000
1694224208213903197 145.184321 0.000000
1694224208361135975 144.787339 0.000000
1694224208724699963 145.188184 0.000000
1694224208796119598 145.212476 0.000000
1694224209088256032 144.969495 0.000000
1694224209088299668 144.844108 0.000000
1694224209161443238 144.943164 0.000000
1694224209305708092 145.120264 0.000000
1694224209307732704 145.900579 0.000000
1694224209379163264 144.926553 0.000000
1694224209379888105 145.137239 0.000000
1694224209451485102 144.989944 0.000000
1694224209452765604 145.114826 0.000000
1694224209524146808 145.056178 0.000000
1694224209598207722 144.927137 0.000000
1694224209669799221 145.158587 0.000000
1694224209670601427 144.908404 0.000000
1694224209743109010 144.876535 0.000000
1694224209743949555 144.770397 0.000000
1694224209815848067 146.043017 0.000000
1694224209816137482 145.532551 0.000000
1694224209887786680 145.071904 0.000000
1694224209961455396 145.131395 0.000000
1694224210034334745 145.585359 0.000000
1694224210325432287 144.727710 0.000000
1694224210543094272 145.129153 0.000000
1694224210543795026 144.809342 0.000000
1694224210544557028 145.218953 0.000000
1694224210616600363 144.904458 0.000000
1694224210617580760 145.212598 0.000000
1694224210762147289 145.219933 0.000000
1694224210762504212 144.882266 0.000000
1694224210907038261 145.140680 0.000000
1694224210979923470 144.818047 0.000000
1694224210981473705 144.855114 0.000000
1694224211198544320 144.880754 0.000000
1694224211345388248 145.106025 0.000000
1694224211416437782 145.116720 0.000000
1694224211417393446 145.293648 0.000000
1694224211708866149 144.919508 0.000000
1694224211781249430 145.246874 0.000000
1694224212363189141 144.801611 0.000000
1694224212363427376 144.794253 0.000000
1694224212581593047 144.671229 0.000000
1694224212582082574 144.750970 0.000000
1694224212654660569 145.003589 0.000000
1694224212654679683 144.880226 0.000000
1694224212726281309 144.798685 0.000000
1694224212871377618 145.099907 0.000000
1694224213091770613 145.200108 0.000000
1694224213308594796 145.051436 0.000000
1694224213309758264 144.858015 0.000000
1694224213380417305 145.215252 0.000000
1694224213453557221 145.475120 0.000000
1694224213454642642 144.637156 0.000000
1694224213599007492 145.261049 0.000000
1694224213671911212 145.432694 0.000000
1694224213818220878 144.967175 0.000000
1694224213890176893 145.278102 0.000000
1694224213964252356 144.962530 0.000000
1694224214036912753 144.943856 0.000000
1694224214108781567 145.057324 0.000000
1694224214109662146 144.916008 0.000000
1694224214181703998 145.048339 0.000000
1694224214181738283 144.864310 0.000000
1694224214254610732 144.799163 0.000000
1694224214255131787 145.290814 0.000000
1694224214473175917 144.875791 0.000000
1694224214546741712 145.065243 0.000000
