1694224044805159691 145.262482 0.000000
1694224044888226710 145.571790 0.000000
1694224044902522153 145.425000 0.000000
1694224045303532031 145.185721 0.000000
1694224045338803623 145.032088 0.000000
1694224045557112783 145.378628 0.000000
1694224045594043241 145.075529 0.000000
1694224045702356682 145.239619 0.000000
1694224045705715901 145.098936 0.000000
1694224045812047712 144.959744 0.000000
1694224045993440398 145.192040 0.000000
1694224046030306846 145.076500 0.000000
1694224046103035797 145.013971 0.000000
1694224046127412840 145.350339 0.000000
1694224046278113698 144.951496 0.000000
1694224046320861799 145.067542 0.000000
1694224046423753404 145.170680 0.000000
1694224046539644259 144.953356 0.000000
1694224046579235426 145.486490 0.000000
1694224046830412999 145.267882 0.000000
1694224046942840623 144.887517 0.000000
1694224046975742289 145.283804 0.000000
1694224047121512817 145.164584 0.000000
1694224047339651994 145.309665 0.000000
1694224047412023559 144.961650 0.000000
1694224047442645950 145.273652 0.000000
1694224047557383871 145.052071 0.000000
1694224047743481174 145.123112 0.000000
1694224048024896211 145.224290 0.000000
1694224048066799345 145.010627 0.000000
1694224048066818023 145.278138 0.000000
1694224048097572310 145.064090 0.000000
1694224048107406005 145.077210 0.000000
1694224048285256997 145.498444 0.000000
1694224048388257676 145.169711 0.000000
1694224048430854909 144.985568 0.000000
1694224048470816444 145.034210 0.000000
1694224048613154831 145.402365 0.000000
1694224048685928474 145.207884 0.000000
1694224048688808650 145.106964 0.000000
1694224048689317071 145.090611 0.000000
1694224048836195780 145.161602 0.000000
1694224048979827369 144.920656 0.000000
1694224049116911181 145.345380 0.000000
1694224049335129055 145.108583 0.000000
1694224049340371176 145.287751 0.000000
1694224049449454992 145.127658 0.000000
1694224049634337702 144.976093 0.000000
1694224049740707143 145.412917 0.000000
1694224049741045965 145.087522 0.000000
1694224049772251084 145.367230 0.000000
1694224049813626286 144.985238 0.000000
1694224049851966767 144.826874 0.000000
1694224050272468698 145.214270 0.000000
1694224050322687075 144.947536 0.000000
1694224050541329284 145.346718 0.000000
1694224050577819924 145.298251 0.000000
1694224050613676098 144.966023 0.000000
1694224050613866661 144.908620 0.000000
1694224050759203026 145.118458 0.000000
1694224050796746147 144.738540 0.000000
1694224050868620239 145.191262 0.000000
1694224051374335223 145.236508 0.000000
1694224051438451018 145.367191 0.000000
1694224051811108348 145.351867 0.000000
1694224052174815238 145.198737 0.000000
1694224052287657797 144.855744 0.000000
1694224052615508708 144.913283 0.000000
1694224052684741155 145.584475 0.000000
1694224052829993497 145.009216 0.000000
1694224052833072359 145.124154 0.000000
1694224052906109485 145.100839 0.000000
1694224052975280584 145.092054 0.000000
1694224053088079620 145.086430 0.000000
1694224053201752308 145.032627 0.000000
1694224053260295159 145.234401 0.000000
1694224053266488420 145.298875 0.000000
1694224053306529080 145.087740 0.000000
1694224053342322772 145.518741 0.000000
1694224053451959251 145.308412 0.000000
1694224053670335926 145.322186 0.000000
1694224054143420419 145.295260 0.000000
1694224054252636977 145.257366 0.000000
1694224054517984222 145.260479 0.000000
1694224054876504014 145.150517 0.000000
1694224055016512911 145.146820 0.000000
1694224055053543100 145.125709 0.000000
1694224055161690151 145.172971 0.000000
1694224055271680467 145.078340 0.000000
1694224055373496507 145.358822 0.000000
1694224055446450969 145.393077 0.000000
1694224055591672568 145.190516 0.000000
1694224055671170552 145.159545 0.000000
1694224055708114767 145.350279 0.000000
1694224055736954182 145.277344 0.000000
1694224055926040539 144.911323 0.000000
1694224055962072092 145.312856 0.000000
1694224055963387925 145.209161 0.000000
1694224055998795926 144.882698 0.000000
1694224056035084952 145.243325 0.000000
1694224056465692260 145.329856 0.000000
1694224056471174393 144.992247 0.000000
1694224056581041679 145.333054 0.000000
1694224056683914984 144.912136 0.000000
1694224056922876975 145.311498 0.000000
1694224057053656947 145.167806 0.000000
1694224057120698257 145.254887 0.000000
1694224057271867864 145.199550 0.000000
1694224057352812465 145.159296 0.000000
1694224057490764812 145.304877 0.000000
1694224057636325942 145.556479 0.000000
1694224057789498309 145.282171 0.000000
1694224057927397319 145.247817 0.000000
1694224057963168686 145.017411 0.000000
1694224058108465401 145.273872 0.000000
1694224058146227826 144.867693 0.000000
1694224058327500379 145.366913 0.000000
1694224058433077903 145.230711 0.000000
1694224058510065870 144.870008 0.000000
1694224058545546044 145.097998 0.000000
1694224058873008707 145.293638 0.000000
1694224059234727436 145.297204 0.000000
1694224059379897614 145.165859 0.000000
1694224059382572246 145.419397 0.000000
1694224059419273067 145.133203 0.000000
1694224059492399395 145.396250 0.000000
1694224059528650170 144.963604 0.000000
1694224059564864429 145.061190 0.000000
1694224059637442387 145.041182 0.000000
1694224059709956521 145.085853 0.000000
1694224059783140495 145.230902 0.000000
1694224059819594847 144.897080 0.000000
1694224059855375824 145.414461 0.000000
1694224059908619996 145.244992 0.000000
1694224059973121283 145.273392 0.000000
1694224060001281751 145.423070 0.000000
1694224060183371950 145.345162 0.000000
1694224060219377433 145.154500 0.000000
1694224060256660947 145.707672 0.000000
1694224060365548660 145.207627 0.000000
1694224060437969070 145.201275 0.000000
1694224060510439546 145.381191 0.000000
1694224060656149571 144.943884 0.000000
1694224060874258177 145.436485 0.000000
1694224060946725556 145.179860 0.000000
1694224060991795230 145.174426 0.000000
1694224061019676059 144.985006 0.000000
1694224061056253685 145.340759 0.000000
1694224061056368928 145.490347 0.000000
1694224061201812275 145.441288 0.000000
1694224061201970463 145.084092 0.000000
1694224061237833054 145.366619 0.000000
1694224061310833876 145.124068 0.000000
1694224061492702801 144.991405 0.000000
1694224061601911463 145.440905 0.000000
1694224061601983305 145.478518 0.000000
1694224061639419306 145.202381 0.000000
1694224061710993746 145.073110 0.000000
1694224061939303859 145.368177 0.000000
1694224062084570076 145.261786 0.000000
1694224062184813482 145.754269 0.000000
1694224062294023152 145.011738 0.000000
1694224062366120874 145.176525 0.000000
1694224062439737619 144.847226 0.000000
1694224062584901336 144.813698 0.000000
1694224062812516271 145.283892 0.000000
1694224062894853012 145.245156 0.000000
1694224062957605090 145.084463 0.000000
1694224062985253035 145.466339 0.000000
1694224063021838920 145.280142 0.000000
1694224063203620546 145.396328 0.000000
1694224063239324290 144.976684 0.000000
1694224063276089956 145.029214 0.000000
1694224063312509424 145.103554 0.000000
1694224063457965437 145.311647 0.000000
1694224063458623056 145.030790 0.000000
1694224063494130038 145.200633 0.000000
1694224063894892120 145.260684 0.000000
1694224064003831911 145.126377 0.000000
1694224064076795258 145.124571 0.000000
1694224064114024385 145.245030 0.000000
1694224064133710850 145.440288 0.000000
1694224064222094653 145.297581 0.000000
1694224064279143020 145.427518 0.000000
1694224064424605510 145.458104 0.000000
1694224064477682882 144.924550 0.000000
1694224064486985583 145.297245 0.000000
1694224064550105857 144.830163 0.000000
1694224064586280980 145.246788 0.000000
1694224064732103061 145.258205 0.000000
1694224064986735418 144.923718 0.000000
1694224065714915281 145.317814 0.000000
1694224065751048786 145.269442 0.000000
1694224065787639264 145.094038 0.000000
1694224066152187150 145.132610 0.000000
1694224066224558503 145.234726 0.000000
1694224066236021415 145.073732 0.000000
1694224066260588723 145.207941 0.000000
1694224066624650477 145.241240 0.000000
1694224066697541325 145.102283 0.000000
1694224066880118100 145.147774 0.000000
1694224066988342777 145.040180 0.000000
1694224067024807486 144.987954 0.000000
1694224067133874099 145.246856 0.000000
1694224067411624324 145.358826 0.000000
1694224067462456399 145.357214 0.000000
1694224067752671620 145.482519 0.000000
1694224067984486005 145.345732 0.000000
1694224068263136506 144.866047 0.000000
1694224068335087923 145.325535 0.000000
1694224068335575050 144.925100 0.000000
1694224068335622685 144.770621 0.000000
1694224068371799558 145.328606 0.000000
1694224068444465607 145.341954 0.000000
1694224068808159930 145.084049 0.000000
1694224069282115003 145.460602 0.000000
1694224069463870177 145.101022 0.000000
1694224069609275875 145.400933 0.000000
1694224069609344680 145.260907 0.000000
1694224069718476606 145.318906 0.000000
1694224069754662480 145.312226 0.000000
1694224069791375344 145.202688 0.000000
1694224069864934836 144.869448 0.000000
1694224070009393534 145.251465 0.000000
1694224070045829783 145.387008 0.000000
1694224070082496174 145.208394 0.000000
1694224070083152259 144.774586 0.000000
1694224070300305924 145.138153 0.000000
1694224070300376523 145.295513 0.000000
1694224070373727224 145.013058 0.000000
1694224070483061047 145.345881 0.000000
1694224070664123469 145.223326 0.000000
1694224070809929395 145.120267 0.000000
1694224070846425288 145.026835 0.000000
1694224070919393724 145.153884 0.000000
1694224071028297763 145.420278 0.000000
1694224071064781261 145.375229 0.000000
1694224071065117929 145.038842 0.000000
1694224071246801972 145.008694 0.000000
1694224071320109541 145.113497 0.000000
1694224071355918442 145.203606 0.000000
1694224071574561310 145.609645 0.000000
1694224071719665415 145.120103 0.000000
1694224071829471903 145.190436 0.000000
1694224071902193840 145.066804 0.000000
1694224071920984460 145.354312 0.000000
1694224072010746414 145.322167 0.000000
1694224072265948284 145.307730 0.000000
1694224072520315359 145.159235 0.000000
1694224072520318411 145.220077 0.000000
1694224072795943209 145.581938 0.000000
1694224072956997259 145.313382 0.000000
1694224073211866490 144.929302 0.000000
1694224073240506934 145.211272 0.000000
1694224073248086444 145.255992 0.000000
1694224073284526982 145.082789 0.000000
1694224073321103469 145.386685 0.000000
1694224073357726675 144.872079 0.000000
1694224073358336678 145.291273 0.000000
1694224073431330368 145.117654 0.000000
1694224073502407785 145.140256 0.000000
1694224073539105660 145.193499 0.000000
1694224073757441456 145.434270 0.000000
1694224073867095884 145.333326 0.000000
1694224073962067182 145.294176 0.000000
1694224074012479678 145.129993 0.000000
1694224074048602315 145.236409 0.000000
1694224074084813122 145.214143 0.000000
1694224074121019007 145.360040 0.000000
1694224074412371351 145.263916 0.000000
1694224074485542642 145.493850 0.000000
1694224074522055866 144.977380 0.000000
1694224074698177409 145.326865 0.000000
1694224074813473501 145.017888 0.000000
1694224075176767558 145.130423 0.000000
1694224075286462962 145.305770 0.000000
1694224075431913277 144.963163 0.000000
1694224075614621326 145.392957 0.000000
1694224075650325846 144.995621 0.000000
1694224075795833365 145.241255 0.000000
1694224075833259115 145.595458 0.000000
1694224076222046375 145.492553 0.000000
1694224076232426678 145.287161 0.000000
1694224076232575168 145.344720 0.000000
1694224076413798549 145.153557 0.000000
1694224076523373895 144.909223 0.000000
1694224076633587330 145.672152 0.000000
1694224076659105797 145.357802 0.000000
1694224076850610134 145.419957 0.000000
1694224076882562954 145.166938 0.000000
1694224076887072298 145.361620 0.000000
1694224076923256416 145.127185 0.000000
1694224076959678873 144.964890 0.000000
1694224077068478642 145.217926 0.000000
1694224077142104915 144.974404 0.000000
1694224077177843782 145.247276 0.000000
1694224077241792136 145.363802 0.000000
1694224077250656861 145.155272 0.000000
1694224077287245077 145.137515 0.000000
1694224077359706524 145.459725 0.000000
1694224077905132812 145.168003 0.000000
1694224078015622833 145.036327 0.000000
1694224078268672242 145.260710 0.000000
1694224078379305362 144.978845 0.000000
1694224078413899844 145.225532 0.000000
1694224078451928382 144.799628 0.000000
1694224078486658675 145.072266 0.000000
1694224078669892246 144.866933 0.000000
1694224078699853983 145.490838 0.000000
1694224078851060653 145.290788 0.000000
1694224078887783316 145.115410 0.000000
1694224079067480112 145.298845 0.000000
1694224079069532276 145.283935 0.000000
1694224079214555255 145.013608 0.000000
1694224079214616492 145.138122 0.000000
1694224079214616512 144.931427 0.000000
1694224079215025463 145.212054 0.000000
1694224079324551437 144.967860 0.000000
1694224079324861738 144.861623 0.000000
1694224079470229838 145.854340 0.000000
1694224079470231221 145.106857 0.000000
1694224079651842494 145.531590 0.000000
1694224079688126969 145.068790 0.000000
1694224079720251160 145.239648 0.000000
1694224079942600015 145.204792 0.000000
1694224080124827581 145.107320 0.000000
1694224080197721051 145.213922 0.000000
1694224080523683639 145.328920 0.000000
1694224080669996293 144.768591 0.000000
1694224081178812828 144.939341 0.000000
1694224081361664880 144.976019 0.000000
1694224081470340667 145.135822 0.000000
1694224081688355322 145.101359 0.000000
1694224081724892033 145.197184 0.000000
1694224081726395923 145.210054 0.000000
1694224081943631023 144.605916 0.000000
1694224082307260802 144.999269 0.000000
1694224082343913032 145.528065 0.000000
1694224082526829420 145.171944 0.000000
1694224082599921609 145.253344 0.000000
1694224082635048320 145.210156 0.000000
1694224082708135686 145.542819 0.000000
1694224082853204886 144.986854 0.000000
1694224082963472666 145.145076 0.000000
1694224082998898547 145.039756 0.000000
1694224082998919721 145.538335 0.000000
1694224083036001931 144.763976 0.000000
1694224083216876400 145.063710 0.000000
1694224083326391248 145.228668 0.000000
1694224083435406520 145.523168 0.000000
1694224083435485118 145.575639 0.000000
1694224083690779428 144.925764 0.000000
1694224083835977504 145.196959 0.000000
1694224084127217239 145.326156 0.000000
1694224084454681853 145.051922 0.000000
1694224084491303390 145.581252 0.000000
1694224084600147832 145.013793 0.000000
1694224084672974965 145.318562 0.000000
1694224084673046827 145.322887 0.000000
1694224084818970024 145.479906 0.000000
1694224084928312414 145.009114 0.000000
1694224084964871110 145.197541 0.000000
1694224085037477449 145.243653 0.000000
1694224085146867574 144.914297 0.000000
1694224085255858872 145.550421 0.000000
1694224085401764752 145.246838 0.000000
1694224085474032494 145.336156 0.000000
1694224085983971975 145.221889 0.000000
1694224086021192322 144.852705 0.000000
1694224086167981621 144.864626 0.000000
1694224086312725831 144.760564 0.000000
1694224086313186477 145.144471 0.000000
1694224086347883406 145.314532 0.000000
1694224086385566979 144.815258 0.000000
1694224086386356850 145.035845 0.000000
1694224086530768183 145.198367 0.000000
1694224086566116354 145.359019 0.000000
1694224086604500296 145.294649 0.000000
1694224086748804904 145.228009 0.000000
1694224086784975697 145.519818 0.000000
1694224086894705573 144.741961 0.000000
1694224086930292083 145.391971 0.000000
1694224087003254354 145.341168 0.000000
1694224087185731028 144.970383 0.000000
1694224087185831792 145.322812 0.000000
1694224087185852270 145.438992 0.000000
1694224087330904795 144.885803 0.000000
1694224087404628541 145.838100 0.000000
1694224087731332267 145.166981 0.000000
1694224088206050564 145.412688 0.000000
1694224088532797180 145.044192 0.000000
1694224088678298918 145.267324 0.000000
1694224088789681605 145.645776 0.000000
1694224088861665142 145.535491 0.000000
1694224088896712366 145.311791 0.000000
1694224088969800145 145.572849 0.000000
1694224089006658619 144.988510 0.000000
1694224089152837455 145.177323 0.000000
1694224089188415553 145.136243 0.000000
1694224089333960211 145.312077 0.000000
1694224089771054229 145.229367 0.000000
1694224089771121440 145.668397 0.000000
1694224089843767805 145.157858 0.000000
1694224089880792451 145.776341 0.000000
1694224090026434157 144.959877 0.000000
1694224090135009814 145.511351 0.000000
1694224090135033358 145.437529 0.000000
1694224090207993808 145.328842 0.000000
1694224090208178111 145.456619 0.000000
1694224090245766601 145.424934 0.000000
1694224090280597141 145.559733 0.000000
1694224090280760145 145.105157 0.000000
1694224090425940797 145.225010 0.000000
1694224090535380214 145.094087 0.000000
1694224090790725436 145.498653 0.000000
1694224090862884889 145.282297 0.000000
1694224090935721556 144.994155 0.000000
1694224091008714213 145.062328 0.000000
1694224091045165830 145.079816 0.000000
1694224091080959318 145.314485 0.000000
1694224091299711052 145.406604 0.000000
1694224091518254090 145.165367 0.000000
1694224091590767512 145.296211 0.000000
1694224091627999919 145.602022 0.000000
1694224091663646124 145.247178 0.000000
1694224091700500371 145.302743 0.000000
1694224091736368842 145.090578 0.000000
1694224091809336318 145.193565 0.000000
1694224091882012555 145.351064 0.000000
1694224091954679509 145.265717 0.000000
1694224092027613670 145.519500 0.000000
1694224092282634571 145.207537 0.000000
1694224092283077831 145.007177 0.000000
1694224092428176775 145.096459 0.000000
1694224092792586137 144.936507 0.000000
1694224092937604028 145.013651 0.000000
1694224093155640612 145.161615 0.000000
1694224093156129643 144.960488 0.000000
1694224093338167942 145.091509 0.000000
1694224093629227690 145.316243 0.000000
1694224093739684584 145.239062 0.000000
1694224093774838995 145.068128 0.000000
1694224093774839376 145.183030 0.000000
1694224094029621046 145.225561 0.000000
1694224094174677435 145.093415 0.000000
1694224094247876641 145.192335 0.000000
1694224094248016782 144.787661 0.000000
1694224094356642175 145.094432 0.000000
1694224094392996688 145.115617 0.000000
1694224094465728760 145.193809 0.000000
1694224094539094025 144.938479 0.000000
1694224094647763123 145.229915 0.000000
1694224094720377350 145.255285 0.000000
1694224094756664005 145.297338 0.000000
1694224094829678833 145.444725 0.000000
1694224094903255630 145.567551 0.000000
1694224094976538276 145.609619 0.000000
1694224095157098833 145.401904 0.000000
1694224095157171141 145.571122 0.000000
1694224095302379410 145.203572 0.000000
1694224095302433014 145.329565 0.000000
1694224095375720314 144.928820 0.000000
1694224095375770084 145.007883 0.000000
1694224095593585267 145.265832 0.000000
1694224095739246809 144.992248 0.000000
1694224095958057114 145.788221 0.000000
1694224096067084422 144.949502 0.000000
1694224096139988699 145.059895 0.000000
1694224096140604926 145.002868 0.000000
1694224096248969913 145.300994 0.000000
1694224096394537288 145.247763 0.000000
1694224096431396161 145.412119 0.000000
1694224096431573042 145.200627 0.000000
1694224096467564605 145.164648 0.000000
1694224096612760422 145.278590 0.000000
1694224096795210853 145.550191 0.000000
1694224096867943016 145.183881 0.000000
1694224096904137861 145.184115 0.000000
1694224096976896165 145.241106 0.000000
1694224097014229477 144.983294 0.000000
1694224097086198629 145.220027 0.000000
1694224097122273502 145.133932 0.000000
1694224097304894799 144.863336 0.000000
1694224097305488824 144.961113 0.000000
1694224097340899241 145.188990 0.000000
1694224097741376591 144.946609 0.000000
1694224097886258057 145.161177 0.000000
1694224097887480673 144.731488 0.000000
1694224097923258695 145.172152 0.000000
1694224098141462632 145.164288 0.000000
1694224098177224648 145.155834 0.000000
1694224098178089171 145.281752 0.000000
1694224098359652916 145.249740 0.000000
1694224098397321705 145.928568 0.000000
1694224098723496110 145.137126 0.000000
1694224098869362705 144.875537 0.000000
1694224098906757612 144.998601 0.000000
1694224099052180824 144.969959 0.000000
1694224099270545439 145.184943 0.000000
1694224099270952254 145.345406 0.000000
1694224099487756021 145.144657 0.000000
1694224099597069296 144.967326 0.000000
1694224099706618246 144.916392 0.000000
1694224099707173005 145.432712 0.000000
1694224099888369438 145.522721 0.000000
1694224099926076916 145.080758 0.000000
1694224100471190739 145.386103 0.000000
1694224100616664543 145.410261 0.000000
1694224100798888745 145.263913 0.000000
1694224100945128550 145.055067 0.000000
1694224101017177420 144.922320 0.000000
1694224101163608288 144.791730 0.000000
1694224101236091084 144.763988 0.000000
1694224101308632105 145.235314 0.000000
1694224101456067553 146.328170 0.000000
1694224101563250785 145.137039 0.000000
1694224101600657741 145.413196 0.000000
1694224101636299718 145.266092 0.000000
1694224101781704821 145.330855 0.000000
1694224101854209823 145.214139 0.000000
1694224101891742112 145.125345 0.000000
1694224101999837166 145.234580 0.000000
1694224102072463232 145.234543 0.000000
1694224102109228951 145.042562 0.000000
1694224102109379130 145.010006 0.000000
1694224102182340670 145.121778 0.000000
1694224102255285669 145.616680 0.000000
1694224102255311659 145.666541 0.000000
1694224102436164828 145.206111 0.000000
1694224102473574952 145.260577 0.000000
1694224102474018618 145.089880 0.000000
1694224102654529392 145.341040 0.000000
1694224102654607374 145.175205 0.000000
1694224102692078559 144.796920 0.000000
1694224102800411713 145.318521 0.000000
1694224102836805666 145.095905 0.000000
1694224102909971883 144.862927 0.000000
1694224102910699177 144.833940 0.000000
1694224103018644366 145.366272 0.000000
1694224103091607068 145.368863 0.000000
1694224103127763489 145.312637 0.000000
1694224103528295627 145.308827 0.000000
1694224103565789767 145.258931 0.000000
1694224103638057485 145.039325 0.000000
1694224103711714274 144.951757 0.000000
1694224103784105995 144.760382 0.000000
1694224103820233253 145.911889 0.000000
1694224103857164906 145.059634 0.000000
1694224103892382997 144.964341 0.000000
1694224103965276697 144.974314 0.000000
1694224104183341131 145.305706 0.000000
1694224104256497158 144.912399 0.000000
1694224104401737831 145.317080 0.000000
1694224104402187726 145.047739 0.000000
1694224104474950317 145.013833 0.000000
1694224104657598102 145.103614 0.000000
1694224104766027506 145.331832 0.000000
1694224104984834404 145.333026 0.000000
1694224105022118867 145.155280 0.000000
1694224105203143207 145.007324 0.000000
1694224105203219268 145.464822 0.000000
1694224105312499040 145.046741 0.000000
1694224105384947694 145.033917 0.000000
1694224105494351589 145.007265 0.000000
1694224105531126836 145.393036 0.000000
1694224105749187034 145.229897 0.000000
1694224105785707584 145.214050 0.000000
1694224105967353729 145.285797 0.000000
1694224106112672680 145.309544 0.000000
1694224106185831799 144.959445 0.000000
1694224106185965720 144.956604 0.000000
1694224106367860363 145.097366 0.000000
1694224106440880835 145.107023 0.000000
1694224106513224067 145.355935 0.000000
1694224106551076791 145.146825 0.000000
1694224106731524812 144.959789 0.000000
1694224106840854398 145.074938 0.000000
1694224107059739797 145.090949 0.000000
1694224107204468298 145.338633 0.000000
1694224107277210290 145.221075 0.000000
1694224107277525227 144.975038 0.000000
1694224107313762193 145.201214 0.000000
1694224107459309392 145.051985 0.000000
1694224107677738213 145.338010 0.000000
1694224108005686204 145.007904 0.000000
1694224108005710175 145.481694 0.000000
1694224108005792847 145.027824 0.000000
1694224108042207289 145.244728 0.000000
1694224108042411428 145.310366 0.000000
1694224108042487405 145.375903 0.000000
1694224108260342497 144.920945 0.000000
1694224108296972751 145.260935 0.000000
1694224108298028960 145.057843 0.000000
1694224108333312288 145.218731 0.000000
1694224108370101992 144.990726 0.000000
1694224108405848756 145.288133 0.000000
1694224108734769579 144.755109 0.000000
1694224108879064462 144.980375 0.000000
1694224108952537622 145.219899 0.000000
1694224108952998954 144.888048 0.000000
1694224108989199383 145.308158 0.000000
1694224109207248135 145.268564 0.000000
1694224109243384289 145.013747 0.000000
1694224109534755830 145.344985 0.000000
1694224109607315355 144.965801 0.000000
1694224109716872697 145.588972 0.000000
1694224109789379401 145.317623 0.000000
1694224109826121242 145.450512 0.000000
1694224109862246642 145.176346 0.000000
1694224110043974084 145.150229 0.000000
1694224110080776702 145.370701 0.000000
1694224110080859504 145.581876 0.000000
1694224110336852013 145.430751 0.000000
1694224110481860271 144.835903 0.000000
1694224110663664007 145.206166 0.000000
1694224110736400783 145.087686 0.000000
1694224110991288416 145.382465 0.000000
1694224111318538556 144.958518 0.000000
1694224111355785402 145.233646 0.000000
1694224111536626508 145.255275 0.000000
1694224111683198187 145.775861 0.000000
1694224111792994559 144.921826 0.000000
1694224111901385292 145.278571 0.000000
1694224112083716799 145.309673 0.000000
1694224112302639228 144.920912 0.000000
1694224112338370238 145.274408 0.000000
1694224112375194979 145.008002 0.000000
1694224112520372663 145.203183 0.000000
1694224112520484192 145.114321 0.000000
1694224112556587229 144.924578 0.000000
1694224112993807812 145.300404 0.000000
1694224112993870438 145.445114 0.000000
1694224113029904045 144.981939 0.000000
1694224113212246782 145.317369 0.000000
1694224113212342379 144.879501 0.000000
1694224113357933143 145.316281 0.000000
1694224113394158688 145.389476 0.000000
1694224113649027884 145.518755 0.000000
1694224113721702913 145.421681 0.000000
1694224113794167012 145.197639 0.000000
1694224113866791940 145.085324 0.000000
1694224113976267306 144.956417 0.000000
1694224114012597768 145.248413 0.000000
1694224114049750671 145.319614 0.000000
1694224114085035783 145.017054 0.000000
1694224114157674666 145.072784 0.000000
1694224114230250271 145.056611 0.000000
1694224114302803486 145.124509 0.000000
1694224114303186210 144.888391 0.000000
1694224114303298365 144.855269 0.000000
1694224114412949889 145.091163 0.000000
1694224114413171008 144.892997 0.000000
1694224114413938411 144.992007 0.000000
1694224114448828095 145.001978 0.000000
1694224114521050004 145.277128 0.000000
1694224114812582262 145.086221 0.000000
1694224114813053803 145.195860 0.000000
1694224114885569998 144.837722 0.000000
1694224114995080360 145.044913 0.000000
1694224114995571481 145.015495 0.000000
1694224115030901528 145.014860 0.000000
1694224115141105750 145.558981 0.000000
1694224115358430674 145.064984 0.000000
1694224115504959471 145.697205 0.000000
1694224115540615254 145.081180 0.000000
1694224115613363975 145.160830 0.000000
1694224115613847674 144.978146 0.000000
1694224115869663978 144.840791 0.000000
1694224115942649655 144.986881 0.000000
1694224116050467244 145.245896 0.000000
1694224116050550883 145.480225 0.000000
1694224116268537964 145.287616 0.000000
1694224116486862108 145.314093 0.000000
1694224116596410869 145.061747 0.000000
1694224116632672684 145.255527 0.000000
1694224116670836107 145.126678 0.000000
1694224116815095565 145.466221 0.000000
1694224117361277055 145.710069 0.000000
1694224117398044473 145.332807 0.000000
1694224117506343319 145.058827 0.000000
1694224117762362818 144.883609 0.000000
1694224117870370167 145.186033 0.000000
1694224117870399039 145.183381 0.000000
1694224117943309362 145.304122 0.000000
1694224117943572047 145.028061 0.000000
1694224117943710714 145.255760 0.000000
1694224118125792902 145.086303 0.000000
1694224118198284902 145.500070 0.000000
1694224118380813215 145.695643 0.000000
1694224118490099662 145.546464 0.000000
1694224118526218983 145.450873 0.000000
1694224118564008658 145.477143 0.000000
1694224118744695881 145.460481 0.000000
1694224118744770274 145.703737 0.000000
1694224118926879502 145.364442 0.000000
1694224119072532817 145.070084 0.000000
1694224119108850903 145.263043 0.000000
1694224119144908374 145.257313 0.000000
1694224119291672607 145.039812 0.000000
1694224119291749982 145.077169 0.000000
1694224119326979502 145.056230 0.000000
1694224119472752076 144.694159 0.000000
1694224119654474142 145.251659 0.000000
1694224119690976647 145.161572 0.000000
1694224119800763923 144.991084 0.000000
1694224119836504946 145.056814 0.000000
1694224119981725398 144.947923 0.000000
1694224120054488279 145.007269 0.000000
1694224120054605442 145.350466 0.000000
1694224120126834574 145.104981 0.000000
1694224120236794569 145.660059 0.000000
1694224120237285675 144.936112 0.000000
1694224120491290348 144.994303 0.000000
1694224120673276027 145.076419 0.000000
1694224120674458745 145.131656 0.000000
1694224120709691262 145.563706 0.000000
1694224121255503041 145.199642 0.000000
1694224121255785402 145.186531 0.000000
1694224121328986918 144.962994 0.000000
1694224121365379486 145.453917 0.000000
1694224121438132668 145.094360 0.000000
1694224121583394365 145.186953 0.000000
1694224121583459336 145.322343 0.000000
1694224121728641616 144.870762 0.000000
1694224121728696479 145.296772 0.000000
1694224121910936280 144.894397 0.000000
1694224122019734757 145.237270 0.000000
1694224122129718905 145.447475 0.000000
1694224122165843463 145.429920 0.000000
1694224122237949859 144.765043 0.000000
1694224122346965195 145.158606 0.000000
1694224122383257121 145.247788 0.000000
1694224122383613770 145.039405 0.000000
1694224122383862357 144.815740 0.000000
1694224122747180719 145.059405 0.000000
1694224122785048759 144.909029 0.000000
1694224122929782494 144.954372 0.000000
1694224123220475660 145.075437 0.000000
1694224123256940408 145.383233 0.000000
1694224123402555954 145.303236 0.000000
1694224123475448694 145.541704 0.000000
1694224123548119482 145.394055 0.000000
1694224123730167897 145.018602 0.000000
1694224123766494335 145.417524 0.000000
1694224123804132029 145.332925 0.000000
1694224123911766401 145.330622 0.000000
1694224123912343512 144.981036 0.000000
1694224123912406483 144.876202 0.000000
1694224124202834158 144.987600 0.000000
1694224124385235163 144.956949 0.000000
1694224124421259878 145.462359 0.000000
1694224124458588015 144.843172 0.000000
1694224124603222624 144.869640 0.000000
1694224124857622424 145.063140 0.000000
1694224124857657461 145.257111 0.000000
1694224124857717129 145.166951 0.000000
1694224124894352703 145.206337 0.000000
1694224124895051335 145.106069 0.000000
1694224125003514610 145.336475 0.000000
1694224125186063521 144.968924 0.000000
1694224125258652752 145.449587 0.000000
1694224125294641689 145.339253 0.000000
1694224125331775642 145.020360 0.000000
1694224125476460383 145.137438 0.000000
1694224125804007638 145.276299 0.000000
1694224126095246995 145.350579 0.000000
1694224126204224716 145.159532 0.000000
1694224126240468854 145.116615 0.000000
1694224126240578313 145.403721 0.000000
1694224126313459795 144.907879 0.000000
1694224126350424009 144.906561 0.000000
1694224126494750848 144.885076 0.000000
1694224126495914542 144.951586 0.000000
1694224126750141340 145.491715 0.000000
1694224126860504224 144.956863 0.000000
1694224126932398788 145.252861 0.000000
1694224127041522224 144.969754 0.000000
1694224127150703068 145.339047 0.000000
1694224127296704570 145.033628 0.000000
1694224127332791616 145.214419 0.000000
1694224127369379927 145.657802 0.000000
1694224127405552493 145.153858 0.000000
1694224127550566421 145.282883 0.000000
1694224127695935985 145.107685 0.000000
1694224127805191363 145.314188 0.000000
1694224127805422886 145.246546 0.000000
1694224127879678399 145.525260 0.000000
1694224127914371603 145.386263 0.000000
1694224128059909400 145.050625 0.000000
1694224128059972156 145.391241 0.000000
1694224128168916575 145.210917 0.000000
1694224128243322982 145.137070 0.000000
1694224128496687823 145.374418 0.000000
1694224128642534748 145.219056 0.000000
1694224128824666377 145.241975 0.000000
1694224128860685996 144.972429 0.000000
1694224128861013567 145.019317 0.000000
1694224129079141439 145.425263 0.000000
1694224129079216023 145.625753 0.000000
1694224129225121300 145.406353 0.000000
1694224129262069134 145.349150 0.000000
1694224129626573043 144.891771 0.000000
1694224129880732807 145.147507 0.000000
1694224129953555242 145.182121 0.000000
1694224129990384006 145.113223 0.000000
1694224130063858852 145.452727 0.000000
1694224130135706573 145.062509 0.000000
1694224130282065290 145.271792 0.000000
1694224130317604491 145.087643 0.000000
1694224130463165851 145.094069 0.000000
1694224131010369606 145.621826 0.000000
1694224131010644043 145.585472 0.000000
1694224131083653781 145.191245 0.000000
1694224131083699567 145.162769 0.000000
1694224131155828605 144.801939 0.000000
1694224131228313274 144.922870 0.000000
1694224131409711128 144.915748 0.000000
1694224131555194822 145.385976 0.000000
1694224131883193266 145.496612 0.000000
1694224131883946862 145.013129 0.000000
1694224132028885635 145.001218 0.000000
1694224132101823072 145.422067 0.000000
1694224132210393746 145.103948 0.000000
1694224132392729316 144.873071 0.000000
1694224132573877917 145.119579 0.000000
1694224132646922320 145.014399 0.000000
1694224132830139164 145.262418 0.000000
1694224132901644359 145.070063 0.000000
1694224132901721648 145.081967 0.000000
1694224132975250332 145.106948 0.000000
1694224133156409936 145.147097 0.000000
1694224133265810173 145.480263 0.000000
1694224133447195710 145.042614 0.000000
1694224133592713271 145.012333 0.000000
1694224133703472402 145.280545 0.000000
1694224133738693940 145.306308 0.000000
1694224133739185767 145.079065 0.000000
1694224133811461757 145.374181 0.000000
1694224133848713039 145.099439 0.000000
1694224133884105133 145.217207 0.000000
1694224134102811697 145.547188 0.000000
1694224134102912592 145.473501 0.000000
1694224134247857516 145.077322 0.000000
1694224134248061841 145.147410 0.000000
1694224134284822755 145.051465 0.000000
1694224134393814585 145.023014 0.000000
1694224134466667786 145.093591 0.000000
1694224134649148747 144.954345 0.000000
1694224134794257394 145.118169 0.000000
1694224134940586379 145.123822 0.000000
1694224134976791815 145.504096 0.000000
1694224135013595234 145.370288 0.000000
1694224135049295553 145.367127 0.000000
1694224135157861527 145.083472 0.000000
1694224135158531077 145.134154 0.000000
1694224135304314246 145.013366 0.000000
1694224135376515271 145.030994 0.000000
1694224135485827667 145.348614 0.000000
1694224135994866835 145.197017 0.000000
1694224135995056290 145.253618 0.000000
1694224135995285919 144.979481 0.000000
1694224136212758692 145.158876 0.000000
1694224136396347947 145.370855 0.000000
1694224136687857259 144.767465 0.000000
1694224136795440124 145.316377 0.000000
1694224137013910377 145.233137 0.000000
1694224137050580400 145.106185 0.000000
1694224137123385562 145.013947 0.000000
1694224137196255972 144.830349 0.000000
1694224137231966140 145.136173 0.000000
1694224137268843936 145.327394 0.000000
1694224137487277984 145.542221 0.000000
1694224137559930429 145.193135 0.000000
1694224137668690269 145.263979 0.000000
1694224137705163902 145.231463 0.000000
1694224137814132719 144.827753 0.000000
1694224137851416573 145.646788 0.000000
1694224137960118179 145.343744 0.000000
1694224138141937659 145.172344 0.000000
1694224138142861685 145.122569 0.000000
1694224138251059333 145.399416 0.000000
1694224138287978200 145.265501 0.000000
1694224138651929597 145.449035 0.000000
1694224138688322545 145.566586 0.000000
1694224138798247869 145.003833 0.000000
1694224138833626924 145.224889 0.000000
1694224139197373913 145.153277 0.000000
1694224139235043025 145.333320 0.000000
1694224139270021349 145.348510 0.000000
1694224139308182173 145.017381 0.000000
1694224139342503285 145.047546 0.000000
1694224139525462352 145.091364 0.000000
1694224139560799247 145.141893 0.000000
1694224139598996604 145.021026 0.000000
1694224139670559169 145.022905 0.000000
1694224139778877715 145.296387 0.000000
1694224140253378383 145.540745 0.000000
1694224140580066989 145.003335 0.000000
1694224140871615362 145.354692 0.000000
1694224141235658646 145.193515 0.000000
1694224141380884134 145.220581 0.000000
1694224141564590235 145.103045 0.000000
1694224141672629690 145.010640 0.000000
1694224141781438301 145.222241 0.000000
1694224141855029942 144.826016 0.000000
1694224142291478829 145.063897 0.000000
1694224142364850131 145.488194 0.000000
1694224142437148044 145.666995 0.000000
1694224142692067017 145.417218 0.000000
1694224142728124448 145.153253 0.000000
1694224142983077097 145.140319 0.000000
1694224143056003161 145.080839 0.000000
1694224143164769944 145.113467 0.000000
1694224143274222027 144.912397 0.000000
1694224143310924082 144.917542 0.000000
1694224143419798396 144.972240 0.000000
1694224143455735928 145.146849 0.000000
1694224143565423396 145.104256 0.000000
1694224143638188058 145.101829 0.000000
1694224143783477881 145.287738 0.000000
1694224143856003628 145.134064 0.000000
1694224143855975928 145.101694 0.000000
1694224143856223177 145.043299 0.000000
1694224144256675458 145.136753 0.000000
1694224144292902196 145.217162 0.000000
1694224144511242340 145.255261 0.000000
1694224144584036699 145.200473 0.000000
1694224144729482087 145.270867 0.000000
1694224144766129868 145.325538 0.000000
1694224144874804248 145.414906 0.000000
1694224144911707085 144.951269 0.000000
1694224144984898397 145.238732 0.000000
1694224145275696671 144.892346 0.000000
1694224145348721440 145.514464 0.000000
1694224145348772413 145.054240 0.000000
1694224145457790121 145.104992 0.000000
1694224145530640898 145.181994 0.000000
1694224145676156145 145.476948 0.000000
1694224145676307812 145.460249 0.000000
1694224145712281990 145.270377 0.000000
1694224145786135599 145.272768 0.000000
1694224145786200535 145.274733 0.000000
1694224145967421930 145.185646 0.000000
1694224145967498653 145.429843 0.000000
1694224146040376144 145.613112 0.000000
1694224146112701185 145.197580 0.000000
1694224146113383810 144.948641 0.000000
1694224146149576715 145.185858 0.000000
1694224146841707923 145.133277 0.000000
1694224147096745532 145.045036 0.000000
1694224147169716690 145.059237 0.000000
1694224147205639250 145.169066 0.000000
1694224147241914570 145.241962 0.000000
1694224147351399465 145.191058 0.000000
1694224147461709346 145.657674 0.000000
1694224147606028504 145.121151 0.000000
1694224147606633905 144.951376 0.000000
1694224147678977995 144.985847 0.000000
1694224147824824841 144.665778 0.000000
1694224147898031419 145.355077 0.000000
1694224147934044759 145.439703 0.000000
1694224148042968115 145.177682 0.000000
1694224148152135510 145.088151 0.000000
1694224148225064115 145.236286 0.000000
1694224148807399831 145.011784 0.000000
1694224148807572917 144.874455 0.000000
1694224148880396901 144.838198 0.000000
1694224148880699348 145.082656 0.000000
1694224148989544682 145.335647 0.000000
1694224148989964617 145.022896 0.000000
1694224149025993743 145.152476 0.000000
1694224149062036816 145.251910 0.000000
1694224149062450066 144.848653 0.000000
1694224149062916444 145.143738 0.000000
1694224149098350902 145.150143 0.000000
1694224149171388499 145.392786 0.000000
1694224149171522275 145.493109 0.000000
1694224149207461261 145.185014 0.000000
1694224149390069509 145.579850 0.000000
1694224149425656704 145.393377 0.000000
1694224149613714839 150.935728 0.000000
1694224149613851827 150.936330 0.000000
1694224149686365764 145.020512 0.000000
1694224149759153748 144.820308 0.000000
1694224149791152872 145.345638 0.000000
1694224149791368989 145.466063 0.000000
1694224149863735431 145.047288 0.000000
1694224150122673017 145.082687 0.000000
1694224150267722588 145.044676 0.000000
1694224150267983945 144.891550 0.000000
1694224150268097053 144.865915 0.000000
1694224150517243445 145.195784 0.000000
1694224150664381986 144.892375 0.000000
1694224150737120835 145.346316 0.000000
1694224150808396078 145.363962 0.000000
1694224150881309344 145.300245 0.000000
1694224151246176980 145.025959 0.000000
1694224151287239384 145.190667 0.000000
1694224151317679240 145.105207 0.000000
1694224151319263770 144.958757 0.000000
1694224151536931319 145.023388 0.000000
1694224151536998956 144.850517 0.000000
1694224151578451106 145.178276 0.000000
1694224151651034446 145.096923 0.000000
1694224151682808234 144.904802 0.000000
1694224151754826327 145.029397 0.000000
1694224151796109025 145.069803 0.000000
1694224151827593801 144.781252 0.000000
1694224151901443246 145.062294 0.000000
1694224151941651993 144.854695 0.000000
1694224152087082931 144.997316 0.000000
1694224152117883553 145.181608 0.000000
1694224152408853025 144.907971 0.000000
1694224152451200834 145.681885 0.000000
1694224152596514373 145.081550 0.000000
1694224152669233126 145.062410 0.000000
1694224152699733762 145.250136 0.000000
1694224152741671267 144.796889 0.000000
1694224153136375318 145.076630 0.000000
1694224153281819797 144.904251 0.000000
1694224153354608637 145.260026 0.000000
1694224153427571926 145.007610 0.000000
1694224153645686159 145.356045 0.000000
1694224153936719681 145.286610 0.000000
1694224154083690550 145.216890 0.000000
1694224154342593836 145.573762 0.000000
1694224154373423260 145.376544 0.000000
1694224154446459333 144.890135 0.000000
1694224155106594680 148.768289 0.000000
1694224155145710955 145.527636 0.000000
1694224155290805414 145.150905 0.000000
1694224155321436390 145.095704 0.000000
1694224155612309478 144.781962 0.000000
1694224155683171305 145.017118 0.000000
1694224155728359603 145.036353 0.000000
1694224155801171062 145.019784 0.000000
1694224155830327374 145.238135 0.000000
1694224155830405681 145.231570 0.000000
1694224156019034545 144.966352 0.000000
1694224156048561227 145.189203 0.000000
1694224156048615062 145.322763 0.000000
1694224156196439225 144.996135 0.000000
1694224156455317525 145.065492 0.000000
1694224156600361307 145.001419 0.000000
1694224156746056107 144.999144 0.000000
1694224156891559616 145.115042 0.000000
1694224156922754864 145.127076 0.000000
1694224157182177011 145.052758 0.000000
1694224157182220271 144.809243 0.000000
1694224157212388399 145.109371 0.000000
1694224157285246560 145.091862 0.000000
1694224157285248164 144.997091 0.000000
1694224157356576046 145.263916 0.000000
1694224157576450614 145.664410 0.000000
1694224157691491152 145.046300 0.000000
1694224157691503425 144.965969 0.000000
1694224157763802162 144.915297 0.000000
1694224157867208605 145.033986 0.000000
1694224157982008402 144.982887 0.000000
1694224157982056063 144.912208 0.000000
1694224158013082248 145.195733 0.000000
1694224158418294690 145.069295 0.000000
1694224158449226529 144.888897 0.000000
1694224158521496473 144.983302 0.000000
1694224158667469190 145.157398 0.000000
1694224158812997461 145.315257 0.000000
1694224159176920018 145.227268 0.000000
1694224159395742438 145.896809 0.000000
1694224159614112542 145.375975 0.000000
1694224159656409276 145.006332 0.000000
1694224159759251071 145.231369 0.000000
1694224159832200264 145.195048 0.000000
1694224160238684289 145.346541 0.000000
1694224160384000745 145.040922 0.000000
1694224160753605619 147.890043 0.000000
1694224160778469575 144.783449 0.000000
1694224160827456546 144.998276 0.000000
1694224160939387656 145.079122 0.000000
1694224161045396862 144.705025 0.000000
1694224161261918225 145.211853 0.000000
1694224161302461899 144.941456 0.000000
1694224161335628470 145.130163 0.000000
1694224161375291388 144.914328 0.000000
1694224161593241524 144.955073 0.000000
1694224161593316884 145.281135 0.000000
1694224161625917681 145.105262 0.000000
1694224161738315077 145.069268 0.000000
1694224161843950626 145.217144 0.000000
1694224161844061403 144.956643 0.000000
1694224161844135526 144.753847 0.000000
1694224161989716518 145.376052 0.000000
1694224161989726301 145.659219 0.000000
1694224162029144182 145.066891 0.000000
1694224162029544672 144.893779 0.000000
1694224162062063288 145.062905 0.000000
1694224162174462376 144.912933 0.000000
1694224162280272578 145.141367 0.000000
1694224162319889618 145.186272 0.000000
1694224162353681650 145.083764 0.000000
1694224162862662627 145.182990 0.000000
1694224162935588401 145.118759 0.000000
1694224163047401543 145.011410 0.000000
1694224163226625076 145.378747 0.000000
1694224163265660625 144.909517 0.000000
1694224163410639158 144.767473 0.000000
1694224163518255218 145.400052 0.000000
1694224163591327520 145.526679 0.000000
1694224163628427119 145.180235 0.000000
1694224163736637930 145.308560 0.000000
1694224163809311965 145.040467 0.000000
1694224163882090679 145.327152 0.000000
1694224163992367910 144.946533 0.000000
1694224164173153547 145.213095 0.000000
1694224164283246250 145.116254 0.000000
1694224164537619462 145.482118 0.000000
1694224164574588179 145.285385 0.000000
1694224164648411314 145.065086 0.000000
1694224164683465401 145.239977 0.000000
1694224164683476647 145.350658 0.000000
1694224164793436602 144.918375 0.000000
1694224165047510727 145.256415 0.000000
1694224165084597766 145.030233 0.000000
1694224165120331977 145.323950 0.000000
1694224165120331867 145.221672 0.000000
1694224165230242961 144.638347 0.000000
1694224165411722946 145.233835 0.000000
1694224165449295406 145.247698 0.000000
1694224165557183071 145.159322 0.000000
1694224165557245677 145.432571 0.000000
1694224165593830153 145.047122 0.000000
1694224165629666672 145.058776 0.000000
1694224165630290395 145.351485 0.000000
1694224165702660041 145.050765 0.000000
1694224165811936127 145.263701 0.000000
1694224166066793925 145.195849 0.000000
1694224166139705638 145.457255 0.000000
1694224166139730425 144.907083 0.000000
1694224166284980134 145.235622 0.000000
1694224166467623057 144.786449 0.000000
1694224166504080613 145.087988 0.000000
1694224166614047334 144.913283 0.000000
1694224166614244456 145.011426 0.000000
1694224166648967685 145.283999 0.000000
1694224166867286708 145.202555 0.000000
1694224166904029055 145.295681 0.000000
1694224167085573636 145.108555 0.000000
1694224167522369979 145.291149 0.000000
1694224167522489005 145.356099 0.000000
1694224167594985302 145.023305 0.000000
1694224167631961728 145.307081 0.000000
1694224167777500466 145.208571 0.000000
1694224167885770199 144.974171 0.000000
1694224167885967532 144.778161 0.000000
1694224167922683662 145.178200 0.000000
1694224167996165537 145.258992 0.000000
1694224168031727250 145.318429 0.000000
1694224168068254373 145.566220 0.000000
1694224168141898749 144.880377 0.000000
1694224168177003008 145.322175 0.000000
1694224168322300422 145.292703 0.000000
1694224168395383406 145.300807 0.000000
1694224168467503508 145.198526 0.000000
1694224168467699579 144.722415 0.000000
1694224168612849978 145.145342 0.000000
1694224168686132931 144.977850 0.000000
1694224168723491050 144.937423 0.000000
1694224168724343705 145.286339 0.000000
1694224168869717411 145.153260 0.000000
1694224169049786271 145.602173 0.000000
1694224169196041804 144.952311 0.000000
1694224169413502595 145.110855 0.000000
1694224169669156078 144.931593 0.000000
1694224169742687896 145.152739 0.000000
1694224169742970978 145.015546 0.000000
1694224169923786533 145.496818 0.000000
1694224169924002971 145.605301 0.000000
1694224170033289929 145.028011 0.000000
1694224170033778529 144.828919 0.000000
1694224170106279003 145.311504 0.000000
1694224170178644572 145.249839 0.000000
1694224170214676932 145.125614 0.000000
1694224170214729840 145.244185 0.000000
1694224170360075661 145.391327 0.000000
1694224170432779167 145.102683 0.000000
1694224170796899917 145.385186 0.000000
1694224170834084649 145.719521 0.000000
1694224170834155158 144.930675 0.000000
1694224171088716167 145.311235 0.000000
1694224171125685708 145.304271 0.000000
1694224171234647491 145.347348 0.000000
1694224171271344595 145.002422 0.000000
1694224171271836853 144.840476 0.000000
1694224171307367298 145.463172 0.000000
1694224171453140159 145.269127 0.000000
1694224171598627462 145.373929 0.000000
1694224171636025498 144.975609 0.000000
1694224171709134919 145.214139 0.000000
1694224171743985753 145.208864 0.000000
1694224171781425319 144.648005 0.000000
1694224171853773006 145.089430 0.000000
1694224171926215925 145.392699 0.000000
1694224171998894605 145.114889 0.000000
1694224171998965971 144.790631 0.000000
1694224172290000873 145.486356 0.000000
1694224172363685273 145.556555 0.000000
1694224172581275857 145.423661 0.000000
1694224172763634506 145.159911 0.000000
1694224172801313582 145.732201 0.000000
1694224172909490187 145.263033 0.000000
1694224172946359400 145.168172 0.000000
1694224173018995369 145.221622 0.000000
1694224173091954280 145.473368 0.000000
1694224173163567935 145.270129 0.000000
1694224173346488310 145.083647 0.000000
1694224173453912405 144.750323 0.000000
1694224173455448391 145.394000 0.000000
1694224173744843767 145.269805 0.000000
1694224173745285779 145.053965 0.000000
1694224173818770373 144.965682 0.000000
1694224173855744018 145.250593 0.000000
1694224174109292254 145.067939 0.000000
1694224174109332242 144.794376 0.000000
1694224174327394762 145.245541 0.000000
1694224174327586590 144.911752 0.000000
1694224174473465339 145.036183 0.000000
1694224174510219776 145.138257 0.000000
1694224174618123198 144.798393 0.000000
1694224174618318995 144.695848 0.000000
1694224174691112865 145.159570 0.000000
1694224174728675990 145.014525 0.000000
1694224175019318398 144.789589 0.000000
1694224175055312709 145.239672 0.000000
1694224175092344396 145.528927 0.000000
1694224175128708775 145.318889 0.000000
1694224175200866240 145.654638 0.000000
1694224175564577827 145.194539 0.000000
1694224175601632794 145.140042 0.000000
1694224175637455669 145.156194 0.000000
1694224175709730989 145.147038 0.000000
1694224175746738385 144.990502 0.000000
1694224175854910999 145.173208 0.000000
1694224175856392557 145.075520 0.000000
1694224175892564608 145.069301 0.000000
1694224176111110420 145.113340 0.000000
1694224176146549002 145.175431 0.000000
1694224176183863778 145.151535 0.000000
1694224176401930303 145.358924 0.000000
1694224176402013332 145.403148 0.000000
1694224176838602613 145.291802 0.000000
1694224176838667294 145.265220 0.000000
1694224177202545911 145.253146 0.000000
1694224177202619388 145.464995 0.000000
1694224177275152733 144.967247 0.000000
1694224177311637967 144.989506 0.000000
1694224177313354358 145.408835 0.000000
1694224177458321321 144.905681 0.000000
1694224177458343262 144.736762 0.000000
1694224177565942951 144.928138 0.000000
1694224177566806075 145.670551 0.000000
1694224177602614838 145.378319 0.000000
1694224177675538696 145.324992 0.000000
1694224177821410397 144.946477 0.000000
1694224177930500760 145.259134 0.000000
1694224178003521713 145.434144 0.000000
1694224178040015710 145.831317 0.000000
1694224178294581965 145.201874 0.000000
1694224178331326476 145.473890 0.000000
1694224178367761913 145.431523 0.000000
1694224178476740250 145.127697 0.000000
1694224178477704125 145.343249 0.000000
1694224178549813856 145.479076 0.000000
1694224178658907095 145.465083 0.000000
1694224178696014417 145.340569 0.000000
1694224178767925355 145.140316 0.000000
1694224178767985580 144.683315 0.000000
1694224178840809453 145.072329 0.000000
1694224179023554491 145.068921 0.000000
1694224179205034067 145.413746 0.000000
1694224179205503282 145.180086 0.000000
1694224179678739940 145.063309 0.000000
1694224179715541115 145.103908 0.000000
1694224179751490778 145.232598 0.000000
1694224179751552517 145.091469 0.000000
1694224179786838466 145.144528 0.000000
1694224179787223314 144.840274 0.000000
1694224179896859223 144.870428 0.000000
1694224179896866079 144.812768 0.000000
1694224180077901072 145.241576 0.000000
1694224180114929792 145.142267 0.000000
1694224180187406097 145.220328 0.000000
1694224180405693500 145.295744 0.000000
1694224180915343538 145.099876 0.000000
1694224180952214335 145.384229 0.000000
1694224180988082525 144.858317 0.000000
1694224180988148479 145.193143 0.000000
1694224181243791687 145.387202 0.000000
1694224181389585163 145.229530 0.000000
1694224181753688452 145.583460 0.000000
1694224181789766981 145.653214 0.000000
1694224181826553983 145.196904 0.000000
1694224181935405856 145.105535 0.000000
1694224182117329199 145.269777 0.000000
1694224182335341477 145.239160 0.000000
1694224182372821453 145.599413 0.000000
1694224182445536565 145.209294 0.000000
1694224182518618801 145.441963 0.000000
1694224182554359671 145.047353 0.000000
1694224182554687736 144.821717 0.000000
1694224182626804824 144.742106 0.000000
1694224182809798039 145.091832 0.000000
1694224183064140502 145.082239 0.000000
1694224183209575239 145.430422 0.000000
1694224183246764482 145.377818 0.000000
1694224183246834680 145.377598 0.000000
1694224183282330752 144.933092 0.000000
1694224183319746949 145.310638 0.000000
1694224183319852836 145.244098 0.000000
1694224183355562365 145.130247 0.000000
1694224183392414842 145.310838 0.000000
1694224183500367829 145.131830 0.000000
1694224183537780107 145.358479 0.000000
1694224183537796244 145.474260 0.000000
1694224183683339449 144.942644 0.000000
1694224183755961194 145.250908 0.000000
1694224183756117178 144.982792 0.000000
1694224183791828116 145.003902 0.000000
1694224183937579637 145.046470 0.000000
1694224184628695502 145.093715 0.000000
1694224184665282795 145.154037 0.000000
1694224184665700841 145.031381 0.000000
1694224184701640065 145.082281 0.000000
1694224184811371566 144.750077 0.000000
1694224184847345728 145.238994 0.000000
1694224184958131413 145.214390 0.000000
1694224185065725222 145.205456 0.000000
1694224185103527995 145.044440 0.000000
1694224185211149867 145.355514 0.000000
1694224185321246202 145.211478 0.000000
1694224185429736577 145.495494 0.000000
1694224185467034704 145.162316 0.000000
1694224185575598831 145.459463 0.000000
1694224185648655620 145.460593 0.000000
1694224185794335306 145.436208 0.000000
1694224185903499878 145.066119 0.000000
1694224186121619742 145.258964 0.000000
1694224186230961556 145.161689 0.000000
1694224186449402598 145.179261 0.000000
1694224186485832735 145.224497 0.000000
1694224186667720507 145.410524 0.000000
1694224186813279142 145.470509 0.000000
1694224186996096645 145.080009 0.000000
1694224187141091889 145.164745 0.000000
1694224187213860079 144.969719 0.000000
1694224187323488055 145.492283 0.000000
1694224187578536326 145.114612 0.000000
1694224187759752639 145.203975 0.000000
1694224187795777627 145.227105 0.000000
1694224187941517779 145.183133 0.000000
1694224188050566894 145.158423 0.000000
1694224188086811635 145.289957 0.000000
1694224188415061139 145.083345 0.000000
1694224188452268280 145.075589 0.000000
1694224188560681625 145.022054 0.000000
1694224188596509801 145.219810 0.000000
1694224188633175788 145.360392 0.000000
1694224188633689993 145.355191 0.000000
1694224188670611447 145.240439 0.000000
1694224188741684761 145.170315 0.000000
1694224188778466157 145.285919 0.000000
1694224188814596041 145.139790 0.000000
1694224188851375488 145.071149 0.000000
1694224188923737410 145.266973 0.000000
1694224189253229636 145.764557 0.000000
1694224189287855263 145.319657 0.000000
1694224189325747909 144.933181 0.000000
1694224189543519474 144.964069 0.000000
1694224189652086210 145.204535 0.000000
1694224189835126273 145.117733 0.000000
1694224190161970978 145.523568 0.000000
1694224190198429133 145.141884 0.000000
1694224190234623765 145.170452 0.000000
1694224190344298578 145.393901 0.000000
1694224190345093934 145.236132 0.000000
1694224190489601217 145.347648 0.000000
1694224190562600526 145.258048 0.000000
1694224190598759400 145.230785 0.000000
1694224190671676377 144.949854 0.000000
1694224190708546168 145.171992 0.000000
1694224190927075158 145.649386 0.000000
1694224191000540172 145.642264 0.000000
1694224191181036570 145.621813 0.000000
1694224191218045530 145.395560 0.000000
1694224191254436999 145.120649 0.000000
1694224191363692171 144.931106 0.000000
1694224191363721560 145.136050 0.000000
1694224191472749817 145.048986 0.000000
1694224191545384966 144.919719 0.000000
1694224191583050745 145.082236 0.000000
1694224191654759496 144.882628 0.000000
1694224191836165474 145.271183 0.000000
1694224191946046014 145.108186 0.000000
1694224192054432498 145.309956 0.000000
1694224192200131218 145.157452 0.000000
1694224192309916110 145.040795 0.000000
1694224192563901755 145.070754 0.000000
1694224192600837131 145.076512 0.000000
1694224193109787849 145.060916 0.000000
1694224193183152816 144.920500 0.000000
1694224193327934406 145.251502 0.000000
1694224193365059334 145.397036 0.000000
1694224193365141896 145.301479 0.000000
1694224193365185082 145.475359 0.000000
1694224193472969388 145.030571 0.000000
1694224193546219636 144.762702 0.000000
1694224193691709767 145.377448 0.000000
1694224193728445950 145.039618 0.000000
1694224194092302678 145.124963 0.000000
1694224194128512337 145.143489 0.000000
1694224194201736298 145.236375 0.000000
1694224194274134592 144.977611 0.000000
1694224194419283807 145.085993 0.000000
1694224194420082686 145.270228 0.000000
1694224194528994616 145.382968 0.000000
1694224194601724853 145.010321 0.000000
1694224194637775321 145.123863 0.000000
1694224194819580949 145.107799 0.000000
1694224194855893593 145.120749 0.000000
1694224195111069060 145.284716 0.000000
1694224195183548120 145.340451 0.000000
1694224195401779257 145.162434 0.000000
1694224195401853551 145.450717 0.000000
1694224195511242479 145.322607 0.000000
1694224195876405798 145.039662 0.000000
1694224195911573043 145.401031 0.000000
1694224195948152564 145.509104 0.000000
1694224196057342234 145.087060 0.000000
1694224196057436519 145.279063 0.000000
1694224196239458446 145.062817 0.000000
1694224196275942752 145.501451 0.000000
1694224196276002376 145.627145 0.000000
1694224196603834282 145.216743 0.000000
1694224196821633141 145.537291 0.000000
1694224196931214835 145.580488 0.000000
1694224196967769415 145.195328 0.000000
1694224197259109769 144.942658 0.000000
1694224197294767996 145.109155 0.000000
1694224197405220322 145.189099 0.000000
1694224197513137464 145.329088 0.000000
1694224197659251791 145.514885 0.000000
1694224197768335568 145.163030 0.000000
1694224198206225484 145.155253 0.000000
1694224198351285587 144.925549 0.000000
1694224198387794727 145.124062 0.000000
1694224198496379457 145.089065 0.000000
1694224198860045533 145.295261 0.000000
1694224198933697215 144.982901 0.000000
1694224198969778813 145.046451 0.000000
1694224199151841994 145.165885 0.000000
1694224199223601097 145.074187 0.000000
1694224199406419635 145.153724 0.000000
1694224199624916164 145.270200 0.000000
1694224199952583659 145.320737 0.000000
1694224200097141641 145.353473 0.000000
1694224200134215495 145.219710 0.000000
1694224200207136234 145.155288 0.000000
1694224200242884626 145.257126 0.000000
1694224200352526137 145.137745 0.000000
1694224200752905832 145.573828 0.000000
1694224200898201961 145.328250 0.000000
1694224200934723627 145.051590 0.000000
1694224200935331650 145.379159 0.000000
1694224201043741138 145.328510 0.000000
1694224201190307019 145.391817 0.000000
1694224201589987787 145.221867 0.000000
1694224201625667477 145.254978 0.000000
1694224201662327983 145.065606 0.000000
1694224201807971123 145.137400 0.000000
1694224201953119708 145.041465 0.000000
1694224202171515371 145.432075 0.000000
1694224202280998404 144.921933 0.000000
1694224202317080494 145.080629 0.000000
1694224202535747720 145.107714 0.000000
1694224202645426073 145.332852 0.000000
1694224202719225741 144.966223 0.000000
1694224203009935653 145.645431 0.000000
1694224203010030585 145.218074 0.000000
1694224203010236134 145.323977 0.000000
1694224203082772666 145.489781 0.000000
1694224203154672849 144.839383 0.000000
1694224203336669728 145.232299 0.000000
1694224203372987447 145.323727 0.000000
1694224203482468879 145.649667 0.000000
1694224203592053860 145.641283 0.000000
1694224204028791507 145.381363 0.000000
1694224204064912153 145.292914 0.000000
1694224204064967242 145.270421 0.000000
1694224204137814374 145.016033 0.000000
1694224204174346863 145.110934 0.000000
1694224204210179467 145.262422 0.000000
1694224204210536474 144.901004 0.000000
1694224204319394819 145.111985 0.000000
1694224204612198960 144.783628 0.000000
1694224204647279436 144.898633 0.000000
1694224204792509048 145.368506 0.000000
1694224205229329872 145.238403 0.000000
1694224205229356745 145.366637 0.000000
1694224205374600126 144.777304 0.000000
1694224205374617211 144.962902 0.000000
1694224205374671938 145.310383 0.000000
1694224205630365135 144.906943 0.000000
1694224205738715243 145.491018 0.000000
1694224206066710338 145.102619 0.000000
1694224206102498255 145.202512 0.000000
1694224206320692643 145.017328 0.000000
1694224206358419640 144.895707 0.000000
1694224206430735531 144.858395 0.000000
1694224206466605675 145.908612 0.000000
1694224206648492993 144.913282 0.000000
1694224206758078452 145.498659 0.000000
1694224207013989968 144.916540 0.000000
1694224207049112177 145.243305 0.000000
1694224207122330497 145.600804 0.000000
1694224207231665692 144.932239 0.000000
1694224207267590226 145.047459 0.000000
1694224207412839971 145.246657 0.000000
1694224207412909874 144.961106 0.000000
1694224207413034925 144.853525 0.000000
1694224207485787028 144.950876 0.000000
1694224207668623961 145.274137 0.000000
1694224207669301136 145.652921 0.000000
1694224207740848738 144.924177 0.000000
1694224207777014784 145.311890 0.000000
1694224207813958114 145.329608 0.000000
1694224207995240075 145.231334 0.000000
1694224207995268060 145.125426 0.000000
1694224207995300521 145.122078 0.000000
1694224208068192670 145.172981 0.000000
1694224208359400622 145.164118 0.000000
1694224208396624941 144.832870 0.000000
1694224208577714293 145.175033 0.000000
1694224208723260736 145.054837 0.000000
1694224208796052952 145.314800 0.000000
1694224208906291002 145.025169 0.000000
1694224208941582728 145.553556 0.000000
1694224209123975654 145.100304 0.000000
1694224209160333124 145.534669 0.000000
1694224209742919187 145.310367 0.000000
1694224209779698430 144.884113 0.000000
1694224209888076576 144.847091 0.000000
1694224209925610946 145.324529 0.000000
1694224210033921762 145.013330 0.000000
1694224210070678879 145.149804 0.000000
1694224210106680161 145.162625 0.000000
1694224210179128009 145.327631 0.000000
1694224210398054523 145.409238 0.000000
1694224210434083614 145.213710 0.000000
1694224210579294619 145.206388 0.000000
1694224210580015129 144.882257 0.000000
1694224210653630384 145.122325 0.000000
1694224210798875572 145.622513 0.000000
1694224210872699887 145.543207 0.000000
1694224211017561760 144.859277 0.000000
1694224211344527856 145.023633 0.000000
1694224211381550721 145.011812 0.000000
1694224211417300058 144.983500 0.000000
1694224211452793008 145.180301 0.000000
1694224211527241376 145.162163 0.000000
1694224211599275242 144.738017 0.000000
1694224211853785836 145.243116 0.000000
1694224211853870834 145.334048 0.000000
1694224211962422529 144.949665 0.000000
1694224211962666628 145.123711 0.000000
1694224212071867239 144.962400 0.000000
1694224212107475575 145.048416 0.000000
1694224212180670033 144.982359 0.000000
1694224212362706214 145.070488 0.000000
1694224212399777519 145.071687 0.000000
1694224212435555372 145.142558 0.000000
1694224212508470202 145.234213 0.000000
1694224212616440109 145.030387 0.000000
1694224212834501238 145.162334 0.000000
1694224212871882992 145.065001 0.000000
1694224213090322546 145.345427 0.000000
1694224213526760972 145.214298 0.000000
1694224213890394165 145.175021 0.000000
1694224213890640199 144.890583 0.000000
1694224214108648948 145.391332 0.000000
1694224214108720610 145.434122 0.000000
1694224214291961363 145.395077 0.000000
1694224214399719872 145.260132 0.000000
1694224214436317142 145.157453 0.000000
1694224214510304591 145.250209 0.000000
1694224214690770835 145.378364 0.000000
