1694260689957832072 191.570498 0.000000
1694260690127364737 191.676501 0.000000
1694260690311969659 191.517720 0.000000
1694260690472439341 191.538227 0.000000
1694260690479394078 191.381679 0.000000
1694260690507418139 191.456844 0.000000
1694260690591774260 191.561051 0.000000
1694260690937586282 191.542027 0.000000
1694260691104708752 191.444445 0.000000
1694260691144653980 191.463344 0.000000
1694260691148113635 191.426870 0.000000
1694260691296216354 191.477327 0.000000
1694260691339659791 191.521534 0.000000
1694260691487691806 191.451491 0.000000
1694260691499321725 191.580547 0.000000
1694260691968794006 191.472981 0.000000
1694260692099534802 191.473293 0.000000
1694260692113876886 191.467955 0.000000
1694260692235245721 191.582889 0.000000
1694260692414100655 191.402482 0.000000
1694260692697063638 191.421025 0.000000
1694260692709517621 191.377420 0.000000
1694260692958630433 191.408025 0.000000
1694260692981808716 191.424643 0.000000
1694260693150256150 191.599380 0.000000
1694260693321369347 191.466151 0.000000
1694260693365192322 191.411915 0.000000
1694260693371836691 191.461028 0.000000
1694260693580664941 191.548873 0.000000
1694260693676630315 191.407888 0.000000
1694260693723198838 191.437889 0.000000
1694260693795339174 191.498999 0.000000
1694260693834082680 191.515478 0.000000
1694260694098001499 191.419864 0.000000
1694260694106701573 191.423564 0.000000
1694260694298222686 191.497827 0.000000
1694260694398680936 191.467417 0.000000
1694260694511476261 191.452687 0.000000
1694260694728312673 191.319093 0.000000
1694260694785960631 191.426489 0.000000
1694260695005714716 191.483734 0.000000
1694260695067397846 191.436376 0.000000
1694260695400801878 191.554322 0.000000
1694260695469396568 191.383361 0.000000
1694260695683785057 191.411724 0.000000
1694260695824510541 191.531805 0.000000
1694260696844831722 191.545269 0.000000
1694260696977427747 191.364403 0.000000
1694260696977489100 191.333348 0.000000
1694260697216356935 191.522672 0.000000
1694260697239380331 191.500981 0.000000
1694260697526594308 191.513180 0.000000
1694260697646515175 191.324819 0.000000
1694260697646642124 191.373970 0.000000
1694260697693481146 191.477828 0.000000
1694260697789377646 191.383795 0.000000
1694260698314966408 191.356040 0.000000
1694260698448196637 191.662247 0.000000
1694260698600812839 191.421496 0.000000
1694260698742699061 191.608093 0.000000
1694260698754088535 191.539761 0.000000
1694260699172839889 191.329435 0.000000
1694260699355579716 191.526804 0.000000
1694260699483563156 191.463055 0.000000
1694260699488061591 191.518335 0.000000
1694260699555674701 191.393824 0.000000
1694260699866315217 191.347467 0.000000
1694260700266745560 191.538244 0.000000
1694260700374196109 191.629158 0.000000
1694260700896216069 191.402781 0.000000
1694260701023360031 191.402268 0.000000
1694260701485173985 191.425867 0.000000
1694260701699038178 191.439849 0.000000
1694260701941286007 191.475729 0.000000
1694260702009904453 191.491420 0.000000
1694260702102694577 191.480660 0.000000
1694260702117257278 191.559979 0.000000
1694260702132667495 191.370087 0.000000
1694260702428020495 191.365004 0.000000
1694260702639664050 191.539036 0.000000
1694260702708398480 191.482234 0.000000
1694260703159258035 191.386886 0.000000
1694260703212925106 191.548144 0.000000
1694260703399066587 191.480817 0.000000
1694260703497378923 191.382260 0.000000
1694260703527082933 191.458393 0.000000
1694260703960300242 191.432024 0.000000
1694260704046869335 191.579035 0.000000
1694260704096614051 191.407845 0.000000
1694260704170653769 191.410937 0.000000
1694260704213492614 191.436176 0.000000
1694260704390575525 191.543010 0.000000
1694260704673245272 191.428743 0.000000
1694260705103205590 191.376193 0.000000
1694260705310869259 191.447954 0.000000
1694260705456320774 191.517237 0.000000
1694260705839147915 191.574964 0.000000
1694260706440406685 191.367549 0.000000
1694260706453608843 191.382465 0.000000
1694260706510102605 191.458467 0.000000
1694260706748903000 191.701861 0.000000
1694260706888258837 191.444283 0.000000
1694260707441777915 191.400929 0.000000
1694260707441877261 191.472880 0.000000
1694260707458448390 191.392719 0.000000
1694260707467006958 191.462776 0.000000
1694260707633363890 191.458869 0.000000
1694260707652316851 191.451345 0.000000
1694260707774995053 191.553594 0.000000
1694260708133392633 191.396930 0.000000
1694260708324714330 191.514774 0.000000
1694260708516249010 191.508559 0.000000
1694260708536756729 191.515866 0.000000
1694260708685531860 191.423503 0.000000
1694260708996429755 191.403775 0.000000
1694260709065772262 191.535786 0.000000
1694260709201520387 191.544040 0.000000
1694260709448400606 191.412978 0.000000
1694260709546026410 191.402663 0.000000
1694260709662389104 191.425141 0.000000
1694260709879875400 191.435391 0.000000
1694260710095525426 191.442622 0.000000
1694260710214794686 191.431926 0.000000
1694260710310078753 191.411932 0.000000
1694260710399200725 191.455943 0.000000
1694260710520437814 191.519895 0.000000
1694260710711859350 191.395702 0.000000
1694260710740382083 191.508160 0.000000
1694260711145390290 191.393872 0.000000
1694260711170674333 191.444576 0.000000
1694260711480262580 191.501462 0.000000
1694260711480314966 191.587799 0.000000
1694260711784027518 191.490177 0.000000
1694260711910518797 191.401033 0.000000
1694260712268515838 191.498628 0.000000
1694260712579217470 191.334303 0.000000
1694260712658065191 191.412276 0.000000
1694260712841834117 191.526389 0.000000
1694260713056927013 191.475171 0.000000
1694260713297252841 191.427830 0.000000
1694260713565470670 191.485701 0.000000
1694260713607347878 191.592370 0.000000
1694260713608022128 191.403269 0.000000
1694260713623300631 191.384011 0.000000
1694260713868548710 191.496876 0.000000
1694260713893615815 191.532149 0.000000
1694260714060008857 191.435644 0.000000
1694260714156680476 191.352208 0.000000
1694260714491339728 191.385403 0.000000
1694260714562752746 191.380841 0.000000
1694260714609334702 191.445881 0.000000
1694260714609390880 191.463119 0.000000
1694260714682769294 191.401670 0.000000
1694260714920187584 191.507192 0.000000
1694260715069127091 191.493800 0.000000
1694260715112188960 191.514149 0.000000
1694260715116146997 191.485831 0.000000
1694260715308763588 191.513333 0.000000
1694260715518297837 191.488720 0.000000
1694260716066308727 191.504018 0.000000
1694260716146625227 191.480523 0.000000
1694260716187103207 191.428628 0.000000
1694260716425771895 191.490082 0.000000
1694260716521197841 191.526301 0.000000
1694260716856186866 191.566590 0.000000
1694260716930699424 191.507941 0.000000
1694260717412067103 191.390101 0.000000
1694260717412125609 191.541401 0.000000
1694260717428768719 191.444029 0.000000
1694260717646420641 191.479291 0.000000
1694260717858939357 191.466934 0.000000
1694260718029502316 191.445388 0.000000
1694260718076597265 191.309545 0.000000
1694260718353374867 191.462652 0.000000
1694260718544757175 191.362157 0.000000
1694260718795041076 191.447652 0.000000
1694260718944997518 191.401580 0.000000
1694260719005179852 191.443351 0.000000
1694260719008529559 191.339445 0.000000
1694260719553516933 191.592464 0.000000
1694260719657540777 191.567783 0.000000
1694260719938507436 191.455146 0.000000
1694260720700357861 191.468356 0.000000
1694260720754015679 191.508634 0.000000
1694260720824986930 191.348983 0.000000
1694260720964926175 191.367823 0.000000
1694260721393317582 191.470682 0.000000
1694260722359097213 191.510368 0.000000
1694260722566295075 191.421139 0.000000
1694260722634091528 191.433173 0.000000
1694260722671438636 191.428344 0.000000
1694260723045027809 191.520617 0.000000
1694260723423430407 191.371778 0.000000
1694260723626029813 191.386754 0.000000
1694260723697927505 191.447184 0.000000
1694260723743878030 191.436572 0.000000
1694260723817414217 191.364942 0.000000
1694260724048990686 191.620665 0.000000
1694260724190912353 191.410298 0.000000
1694260724240484304 191.476514 0.000000
1694260724289136133 191.490089 0.000000
1694260724310260190 191.456645 0.000000
1694260724310312779 191.540759 0.000000
1694260724401202075 191.337842 0.000000
1694260724599655322 191.454754 0.000000
1694260724745737661 191.495444 0.000000
1694260724909648165 191.802343 0.000000
1694260724979178376 191.379846 0.000000
1694260725070167737 191.439456 0.000000
1694260725092912238 191.493344 0.000000
1694260725101084607 191.413413 0.000000
1694260725196589060 191.510625 0.000000
1694260725387997446 191.392407 0.000000
1694260725547242105 191.411248 0.000000
1694260725984832090 191.445543 0.000000
1694260726732334230 191.424765 0.000000
1694260727124680199 191.435901 0.000000
1694260727385830268 191.539251 0.000000
1694260727910951702 191.471548 0.000000
1694260728007343504 191.618075 0.000000
1694260728270819099 191.504057 0.000000
1694260728383295531 191.529596 0.000000
1694260728686573529 191.378877 0.000000
1694260728781438422 191.306544 0.000000
1694260728802825006 191.574724 0.000000
1694260728994338873 191.499829 0.000000
1694260729264151055 191.600574 0.000000
1694260729276536391 191.412857 0.000000
1694260729352560587 191.475798 0.000000
1694260729597051802 191.544818 0.000000
1694260729808553902 191.585931 0.000000
1694260729888041889 191.640489 0.000000
1694260729945633307 191.509982 0.000000
1694260730134183543 191.549314 0.000000
1694260730140648160 191.403244 0.000000
1694260730145998573 191.500436 0.000000
1694260730504033287 191.434402 0.000000
1694260730547363879 191.395792 0.000000
1694260730586545688 191.452825 0.000000
1694260731053908048 191.476945 0.000000
1694260731494050135 191.437319 0.000000
1694260731574043961 191.488818 0.000000
1694260731910942268 191.549127 0.000000
1694260731962211225 191.672634 0.000000
1694260732221814473 191.516682 0.000000
1694260732499973527 191.605014 0.000000
1694260732779818046 191.567151 0.000000
1694260732975681041 191.497218 0.000000
1694260733346962741 191.379112 0.000000
1694260733573310133 191.474861 0.000000
1694260733601550613 191.526526 0.000000
1694260733806648280 191.439359 0.000000
1694260733913568186 191.477316 0.000000
1694260734591063890 191.411210 0.000000
1694260734799238841 191.478968 0.000000
1694260735156320938 191.407141 0.000000
1694260735186281646 191.483737 0.000000
1694260735229356711 191.369835 0.000000
1694260735307052060 191.463552 0.000000
1694260735616501002 191.511573 0.000000
1694260735793046999 191.728973 0.000000
1694260735819539454 191.448757 0.000000
1694260736249496223 191.343491 0.000000
1694260736256049224 191.483371 0.000000
1694260736304207631 191.511374 0.000000
1694260736333868362 191.513194 0.000000
1694260736503930542 191.520843 0.000000
1694260736525290905 191.408760 0.000000
1694260736805552049 191.532235 0.000000
1694260736972991148 191.516187 0.000000
1694260737313448431 191.483993 0.000000
1694260737378117702 191.455206 0.000000
1694260737474554305 191.487782 0.000000
1694260737719373258 191.377981 0.000000
1694260737782687402 191.449302 0.000000
1694260737862965088 191.468462 0.000000
1694260738199518784 191.483285 0.000000
1694260738262618564 191.605996 0.000000
1694260738314337524 191.472119 0.000000
1694260738379405469 191.361791 0.000000
1694260738454104631 191.426554 0.000000
1694260738638753761 191.533859 0.000000
1694260738857121893 191.393601 0.000000
1694260738884260198 191.401105 0.000000
1694260739051999506 191.497060 0.000000
1694260739107238853 191.438429 0.000000
1694260739307579378 191.414837 0.000000
1694260739407031314 191.467969 0.000000
1694260739839158569 191.401644 0.000000
1694260739938369552 191.350316 0.000000
1694260740030602709 191.422350 0.000000
1694260740249421444 191.709788 0.000000
1694260740684114770 191.574339 0.000000
1694260740985641145 191.513491 0.000000
1694260741233797759 191.448876 0.000000
1694260741269577189 191.352041 0.000000
1694260741543936387 191.417656 0.000000
1694260741681574877 191.472422 0.000000
1694260741794448714 191.467514 0.000000
1694260742093443086 191.530445 0.000000
1694260742920354122 191.466407 0.000000
1694260743011272671 191.555361 0.000000
1694260743048752355 191.391687 0.000000
1694260743083426641 191.559037 0.000000
1694260743918448424 191.427609 0.000000
1694260744110064662 191.379961 0.000000
1694260744229147671 191.402914 0.000000
1694260744374279596 191.500015 0.000000
1694260744471206459 191.340431 0.000000
1694260744540002991 191.431756 0.000000
1694260744685070331 191.465395 0.000000
1694260744988215285 191.508425 0.000000
1694260745353834847 191.504430 0.000000
1694260745465888138 191.494482 0.000000
1694260745465938841 191.530877 0.000000
1694260745537930961 191.582702 0.000000
1694260745664737758 191.439438 0.000000
1694260745733635478 191.517200 0.000000
1694260745929398957 191.450941 0.000000
1694260746036797022 191.572696 0.000000
1694260746094777500 191.372380 0.000000
1694260746189359228 191.475222 0.000000
1694260746301468565 191.467373 0.000000
1694260746500107690 191.446037 0.000000
1694260746696101856 191.492374 0.000000
1694260747280997648 191.403401 0.000000
1694260747527023880 191.493424 0.000000
1694260747540792810 191.474766 0.000000
1694260747842158029 191.370089 0.000000
1694260747956835272 191.468316 0.000000
1694260748163817719 191.517189 0.000000
1694260748630574374 191.385641 0.000000
1694260749504730579 191.509813 0.000000
1694260749793970878 191.444224 0.000000
1694260750017920742 191.496740 0.000000
1694260750462819361 191.498210 0.000000
1694260750822600951 191.545419 0.000000
1694260751287835815 191.420015 0.000000
1694260751371901635 191.382284 0.000000
1694260751407082018 191.379251 0.000000
1694260751465007493 191.511865 0.000000
1694260751730110650 191.530253 0.000000
1694260751732551658 191.281580 0.000000
1694260751802110452 191.451802 0.000000
1694260752069360754 191.480128 0.000000
1694260752162637584 191.439808 0.000000
1694260752402933184 191.459372 0.000000
1694260752499535512 191.358340 0.000000
1694260752635451166 191.389896 0.000000
1694260752871803748 191.623111 0.000000
1694260752952415712 191.494986 0.000000
1694260753001695704 191.380758 0.000000
1694260753069655783 191.389847 0.000000
1694260753431866336 191.520070 0.000000
1694260753468054389 191.436086 0.000000
1694260753493389148 191.465137 0.000000
1694260753511575306 191.564925 0.000000
1694260753523722100 191.472470 0.000000
1694260753742623229 191.446591 0.000000
1694260754172717502 191.448087 0.000000
1694260754650229348 191.556848 0.000000
1694260754657463982 191.364596 0.000000
1694260754758832788 191.479550 0.000000
1694260754841321554 191.491368 0.000000
1694260754848834298 191.347477 0.000000
1694260754957299873 191.413659 0.000000
1694260755309191936 191.428924 0.000000
1694260755553736115 191.372708 0.000000
1694260755665961612 191.460583 0.000000
1694260755848873065 191.545987 0.000000
1694260755888768943 191.500756 0.000000
1694260756012900792 191.452370 0.000000
1694260756229455909 191.430495 0.000000
1694260756403936229 191.494740 0.000000
1694260756454133292 191.649185 0.000000
1694260756940655424 191.387117 0.000000
1694260757481097564 191.446455 0.000000
1694260757669714436 191.448013 0.000000
1694260757814861494 191.400969 0.000000
1694260758208030410 191.409882 0.000000
1694260758245303509 191.428103 0.000000
1694260758444826926 191.506906 0.000000
1694260758683063420 191.384677 0.000000
1694260759143621398 191.419225 0.000000
1694260759454376901 191.422194 0.000000
1694260759831090709 191.359608 0.000000
1694260760128309825 191.426008 0.000000
1694260760261303683 191.490007 0.000000
1694260760322731201 191.549708 0.000000
1694260760895124741 191.428938 0.000000
1694260760942008863 191.380068 0.000000
1694260760991426003 191.359482 0.000000
1694260761141922883 191.558251 0.000000
1694260761794746683 191.496928 0.000000
1694260761849612912 191.319971 0.000000
1694260762825608579 191.512499 0.000000
1694260762932368039 191.474189 0.000000
1694260763234721138 191.492437 0.000000
1694260763354257189 191.410537 0.000000
1694260764105899449 191.642496 0.000000
1694260764213307778 191.466645 0.000000
1694260764230337660 191.394324 0.000000
1694260764858392653 191.436694 0.000000
1694260765149652158 191.360113 0.000000
1694260765170249520 191.457128 0.000000
1694260765277843616 191.458675 0.000000
1694260765312972974 191.481560 0.000000
1694260765421544179 191.480539 0.000000
1694260765455508611 191.518323 0.000000
1694260765476608108 191.553236 0.000000
1694260765484701337 191.510494 0.000000
1694260765708068731 191.453320 0.000000
1694260765775447837 191.545876 0.000000
1694260765795444439 191.414107 0.000000
1694260765890208288 191.429247 0.000000
1694260766030851613 191.478995 0.000000
1694260766086396347 191.504733 0.000000
1694260766090410130 191.407791 0.000000
1694260766106129567 191.430256 0.000000
1694260766111060859 191.412400 0.000000
1694260766201119889 191.542279 0.000000
1694260766520830967 191.595296 0.000000
1694260766768364268 191.433509 0.000000
1694260767013666678 191.424179 0.000000
1694260767119209504 191.509464 0.000000
1694260767130082668 191.498408 0.000000
1694260767347246032 191.380998 0.000000
1694260767428580999 191.636828 0.000000
1694260767629562478 191.460729 0.000000
1694260767739524595 191.451146 0.000000
1694260767801552063 191.391682 0.000000
1694260767948291945 191.557313 0.000000
1694260768206200467 191.408818 0.000000
1694260768275122601 191.393891 0.000000
1694260768855812018 191.394379 0.000000
1694260769009249773 191.494638 0.000000
1694260769124189144 191.404466 0.000000
1694260769193037248 191.474243 0.000000
1694260769205683253 191.460449 0.000000
1694260769315627746 191.411679 0.000000
1694260769339023450 191.506607 0.000000
1694260769524509582 191.445156 0.000000
1694260769563052723 191.444996 0.000000
1694260769611115257 191.448632 0.000000
1694260769626372069 191.442368 0.000000
1694260769670602534 191.471594 0.000000
1694260769829334934 191.400550 0.000000
1694260770020704932 191.343869 0.000000
1694260770231889891 191.510118 0.000000
1694260770317740889 191.475428 0.000000
1694260770342293474 191.306510 0.000000
1694260771130757955 191.555910 0.000000
1694260771198568851 191.466983 0.000000
1694260771259090939 191.595774 0.000000
1694260771652163389 191.423210 0.000000
1694260771843708539 191.520202 0.000000
1694260771918833986 191.437809 0.000000
1694260772060478663 191.491534 0.000000
1694260772208844806 191.418024 0.000000
1694260772868606087 191.552349 0.000000
1694260772941651993 191.466161 0.000000
1694260773024302367 191.428620 0.000000
1694260773252473360 191.472375 0.000000
1694260773431727824 191.443585 0.000000
1694260773709909636 191.608653 0.000000
1694260773832487800 191.640878 0.000000
1694260773861795990 191.384701 0.000000
1694260773981186092 191.348292 0.000000
1694260774230705622 191.493018 0.000000
1694260774512599350 191.466675 0.000000
1694260774736817167 191.470076 0.000000
1694260774939914713 191.425881 0.000000
1694260774942628689 191.420500 0.000000
1694260775127468223 191.426549 0.000000
1694260775250751533 191.488760 0.000000
1694260775250756053 191.522259 0.000000
1694260775448387289 191.431952 0.000000
1694260775554048343 191.500252 0.000000
1694260775665087680 191.402323 0.000000
1694260775680782411 191.369596 0.000000
1694260775854103821 191.511106 0.000000
1694260775882957639 191.389693 0.000000
1694260776110831923 191.421950 0.000000
1694260776277521718 191.476995 0.000000
1694260776598676611 191.444694 0.000000
1694260776635621488 191.507668 0.000000
1694260777169035939 191.514153 0.000000
1694260777350108799 191.547115 0.000000
1694260777780048759 191.363461 0.000000
1694260777961704196 191.453642 0.000000
1694260778209920389 191.408216 0.000000
1694260778221912255 191.561944 0.000000
1694260778345336877 191.505209 0.000000
1694260778438895921 191.449061 0.000000
1694260778894530625 191.477383 0.000000
1694260778911747528 191.478605 0.000000
1694260778916514513 191.570128 0.000000
1694260779014393389 191.506431 0.000000
1694260779213711577 191.388511 0.000000
1694260779346464168 191.420400 0.000000
1694260779772946465 191.511346 0.000000
1694260779802695932 191.369928 0.000000
1694260779802787921 191.412150 0.000000
1694260780049296345 191.500085 0.000000
1694260780360000083 191.368073 0.000000
1694260780609874769 191.607460 0.000000
1694260780731716732 191.445219 0.000000
1694260780837290052 191.508742 0.000000
1694260780879128299 191.477782 0.000000
1694260781008964412 191.385574 0.000000
1694260781137545616 191.555824 0.000000
1694260781224867426 191.347622 0.000000
1694260781627510454 191.654228 0.000000
1694260781667486774 191.462609 0.000000
1694260781737306850 191.438326 0.000000
1694260781756682061 191.589305 0.000000
1694260781818917893 191.382993 0.000000
1694260781864664368 191.395783 0.000000
1694260781978291948 191.424295 0.000000
1694260782010371505 191.437316 0.000000
1694260782187047703 191.555344 0.000000
1694260782214595505 191.490252 0.000000
1694260782294695860 191.383491 0.000000
1694260782632472010 191.506636 0.000000
1694260782811420742 191.520323 0.000000
1694260782956417065 191.412569 0.000000
1694260783071244993 191.485672 0.000000
1694260783090769110 191.378714 0.000000
1694260783105657947 191.497655 0.000000
1694260783241546707 191.449017 0.000000
1694260783262809082 191.533297 0.000000
1694260783344825073 191.857234 0.000000
1694260783691208765 191.512514 0.000000
1694260783821724898 191.465783 0.000000
1694260783957709540 191.604065 0.000000
1694260784002026282 191.385511 0.000000
1694260784037209224 191.444207 0.000000
1694260784228783264 191.557004 0.000000
1694260784371292555 191.456985 0.000000
1694260784632081919 191.509887 0.000000
1694260784658996848 191.517225 0.000000
1694260784853080580 191.452665 0.000000
1694260785148113567 191.490705 0.000000
1694260785402783068 191.554025 0.000000
1694260785402790120 191.588044 0.000000
1694260785728502012 191.596265 0.000000
1694260785816672063 191.400341 0.000000
1694260786011542012 191.524330 0.000000
1694260786161129252 191.368654 0.000000
1694260786378398302 191.487073 0.000000
1694260786441576123 191.443168 0.000000
1694260786604728760 191.529238 0.000000
1694260786927812707 191.494421 0.000000
1694260787012911546 191.531058 0.000000
1694260787273595702 191.591532 0.000000
1694260787384752232 191.353093 0.000000
1694260787477498439 191.494302 0.000000
1694260787576260402 191.492564 0.000000
1694260787596815915 191.514276 0.000000
1694260787656280965 191.412722 0.000000
1694260787703530153 191.328423 0.000000
1694260787923332546 191.492143 0.000000
1694260788073051357 191.503571 0.000000
1694260788159280350 191.539632 0.000000
1694260788164723725 191.499995 0.000000
1694260788219932833 191.529428 0.000000
1694260788623706021 191.479861 0.000000
1694260789246994570 191.658612 0.000000
1694260789342023749 191.537651 0.000000
1694260789448971201 191.590496 0.000000
1694260789532493392 191.464282 0.000000
1694260789543941693 191.376901 0.000000
1694260789974099081 191.481381 0.000000
1694260790103289740 191.688191 0.000000
1694260790201421291 191.455557 0.000000
1694260790273968587 191.413553 0.000000
1694260790336304450 191.518999 0.000000
1694260790584347770 191.432122 0.000000
1694260790584830704 191.467525 0.000000
1694260790891520744 191.525348 0.000000
1694260790990098301 191.381841 0.000000
1694260791101251168 191.441931 0.000000
1694260791364283574 191.472763 0.000000
1694260791555860944 191.552322 0.000000
1694260791660340324 191.380493 0.000000
1694260791702911356 191.499529 0.000000
1694260792210048565 191.482936 0.000000
1694260792517004873 191.494062 0.000000
1694260792634608880 191.607706 0.000000
1694260792878991618 191.439159 0.000000
1694260792984700685 191.506240 0.000000
1694260793070444078 191.424253 0.000000
1694260793185983470 191.570262 0.000000
1694260793202631414 191.512820 0.000000
1694260793295582697 191.515003 0.000000
1694260793351436669 191.532016 0.000000
1694260793487108884 191.501749 0.000000
1694260793735942413 191.555268 0.000000
1694260793798200189 191.599887 0.000000
1694260793887782644 191.444366 0.000000
1694260794087156764 191.528361 0.000000
1694260794198634121 191.462974 0.000000
1694260794336492332 191.495711 0.000000
1694260794509643290 191.485702 0.000000
1694260795074198228 191.491962 0.000000
1694260795075459212 191.471519 0.000000
1694260795127094652 191.447761 0.000000
1694260795193594924 191.445904 0.000000
1694260795377702701 191.462924 0.000000
1694260795604787071 191.528249 0.000000
1694260795669979347 191.483266 0.000000
1694260795743186858 191.525955 0.000000
1694260795936906838 191.458960 0.000000
1694260795981787344 191.403261 0.000000
1694260795982793589 191.292573 0.000000
1694260796148615592 191.548899 0.000000
1694260796273603062 191.448926 0.000000
1694260796292705421 191.447343 0.000000
1694260796524270974 191.540099 0.000000
1694260796603510140 191.420805 0.000000
1694260796631770411 191.421339 0.000000
1694260796730901754 191.395007 0.000000
1694260796817618335 191.377788 0.000000
1694260797061775961 191.383004 0.000000
1694260797128371024 191.447659 0.000000
1694260797133729781 191.508610 0.000000
1694260797294953024 191.451640 0.000000
1694260797312631915 191.537430 0.000000
1694260797444443192 191.393048 0.000000
1694260797491639721 191.458845 0.000000
1694260797981982373 191.444386 0.000000
1694260798234524813 191.431431 0.000000
1694260798451279621 191.398219 0.000000
1694260798637814284 191.464523 0.000000
1694260798679859372 191.549991 0.000000
1694260798799037515 191.498799 0.000000
1694260798829378631 191.413882 0.000000
1694260798871557157 191.674216 0.000000
1694260799497958744 191.389308 0.000000
1694260799597720872 191.480765 0.000000
1694260799619508137 191.401082 0.000000
1694260799843465326 191.578695 0.000000
1694260799898498831 191.370192 0.000000
1694260800168990874 191.465176 0.000000
1694260800266506357 191.399023 0.000000
1694260800563986604 193.223886 0.000000
1694260800619012364 195.171356 0.000000
1694260800757742112 191.411176 0.000000
1694260801285917155 192.262851 0.000000
1694260801344494723 200.355805 0.000000
1694260801356639055 195.851405 0.000000
1694260801446902946 195.651288 0.000000
1694260801446946307 195.635666 0.000000
1694260801447021141 195.674387 0.000000
1694260801774879552 191.449954 0.000000
1694260801774920893 191.304059 0.000000
1694260802085833694 191.509576 0.000000
1694260802252359396 191.545563 0.000000
1694260802293771101 191.564869 0.000000
1694260802354313172 191.400202 0.000000
1694260802427134947 191.566373 0.000000
1694260802431964135 191.438021 0.000000
1694260802491135702 191.764834 0.000000
1694260802682421546 191.391763 0.000000
1694260802981285485 191.364964 0.000000
1694260804054095402 191.466583 0.000000
1694260804179632545 191.473203 0.000000
1694260804475962707 191.564555 0.000000
1694260804627240074 191.525500 0.000000
1694260804963339724 191.478430 0.000000
1694260805336711799 191.494166 0.000000
1694260805742506128 191.447848 0.000000
1694260805966929848 191.429587 0.000000
1694260805967023829 191.496307 0.000000
1694260806086367313 191.615695 0.000000
1694260806277833504 191.440993 0.000000
1694260806458918233 191.446494 0.000000
1694260806516832397 191.542324 0.000000
1694260806722129353 191.562811 0.000000
1694260806735537068 191.413133 0.000000
1694260807404058251 191.376525 0.000000
1694260807714943582 191.488209 0.000000
1694260807834128108 191.354986 0.000000
1694260808607188944 191.406483 0.000000
1694260809110643522 191.459591 0.000000
1694260809816289613 191.538172 0.000000
1694260810007365392 191.363073 0.000000
1694260810016214387 191.431019 0.000000
1694260810097670964 191.522407 0.000000
1694260810098551956 191.416086 0.000000
1694260810113510207 191.498215 0.000000
1694260810174142371 191.405637 0.000000
1694260810217073400 191.508651 0.000000
1694260810324933501 191.615765 0.000000
1694260810766863700 191.622284 0.000000
1694260811081355819 191.467305 0.000000
1694260811392372836 191.545961 0.000000
1694260811545409862 191.569010 0.000000
1694260812024479752 191.498780 0.000000
1694260812274768133 191.568435 0.000000
1694260812289325345 191.400641 0.000000
1694260812324039673 191.373396 0.000000
1694260812491292890 191.641500 0.000000
1694260812573808839 191.445393 0.000000
1694260812668323002 191.487620 0.000000
1694260812682834454 191.436697 0.000000
1694260812719563332 191.579341 0.000000
1694260812740690575 191.369104 0.000000
1694260812777727894 191.510132 0.000000
1694260812991226958 191.609239 0.000000
1694260813040907622 191.666578 0.000000
1694260813210138997 191.582739 0.000000
1694260813356768510 191.528748 0.000000
1694260813886827708 191.648616 0.000000
1694260814078301182 191.440076 0.000000
1694260814080844730 191.420343 0.000000
1694260814236858634 191.387999 0.000000
1694260814247511497 191.380567 0.000000
1694260814567758189 191.428500 0.000000
1694260814869234238 191.554757 0.000000
1694260815095132141 191.329714 0.000000
1694260815131215723 191.457983 0.000000
1694260815143873528 191.437889 0.000000
1694260815418713039 191.479073 0.000000
1694260815497415406 191.459517 0.000000
1694260815918977509 191.441232 0.000000
1694260815987106076 191.496615 0.000000
1694260815989879790 191.312882 0.000000
1694260816417260307 191.375706 0.000000
1694260816553493029 191.503758 0.000000
1694260816707353584 191.498116 0.000000
1694260817018315054 191.490495 0.000000
1694260817076543967 191.461119 0.000000
1694260817533330158 191.491025 0.000000
1694260817810530021 191.554253 0.000000
1694260817878788090 191.463217 0.000000
1694260817956294817 191.543091 0.000000
1694260817988979582 191.519135 0.000000
1694260818164701456 191.434462 0.000000
1694260818205936787 191.505443 0.000000
1694260818343822264 191.609428 0.000000
1694260818419264142 191.469445 0.000000
1694260819352187082 191.567523 0.000000
1694260819405697857 191.394234 0.000000
1694260819434186194 191.553501 0.000000
1694260819510120200 191.479093 0.000000
1694260819940479894 191.386495 0.000000
1694260820058865163 191.606032 0.000000
1694260820278129801 191.439669 0.000000
1694260820656955523 191.703513 0.000000
1694260820708378167 191.529249 0.000000
1694260821029406837 191.635353 0.000000
1694260821282963818 191.555499 0.000000
1694260821479972054 191.550337 0.000000
1694260821578696124 191.337804 0.000000
1694260821753608063 191.455262 0.000000
1694260821904820455 191.475925 0.000000
1694260822281667871 191.606848 0.000000
1694260822352192807 191.508062 0.000000
1694260822422565869 191.573225 0.000000
1694260822543690597 191.480094 0.000000
1694260822554966807 191.607906 0.000000
1694260822614028387 191.441565 0.000000
1694260823212927546 191.638738 0.000000
1694260823282129534 191.926077 0.000000
1694260823345158660 191.581731 0.000000
1694260823354284452 191.509892 0.000000
1694260823593871574 191.552067 0.000000
1694260823933615343 191.596420 0.000000
1694260824037341872 191.366487 0.000000
1694260824299876869 191.525586 0.000000
1694260824476699358 191.454092 0.000000
1694260825318648147 191.475880 0.000000
1694260825389124130 191.599080 0.000000
1694260825557306919 191.431596 0.000000
1694260825684756598 191.453953 0.000000
1694260825742465014 191.650155 0.000000
1694260825766824004 191.549972 0.000000
1694260826155032698 191.548898 0.000000
1694260826407429653 191.457654 0.000000
1694260826530371529 191.374208 0.000000
1694260826584689938 191.712389 0.000000
1694260826823315518 191.481648 0.000000
1694260826913389026 191.580061 0.000000
1694260826942605308 191.456618 0.000000
1694260827134070376 191.435750 0.000000
1694260827372919746 191.509415 0.000000
1694260827437749887 191.368430 0.000000
1694260827564080317 191.390816 0.000000
1694260827694410532 191.647379 0.000000
1694260827853601207 191.567062 0.000000
1694260827885911742 191.483638 0.000000
1694260827919837588 191.392260 0.000000
1694260827940043435 191.452064 0.000000
1694260828026663082 191.478200 0.000000
1694260828196686911 191.424043 0.000000
1694260828218100938 191.406954 0.000000
1694260828403068857 191.391985 0.000000
1694260828520304400 191.467018 0.000000
1694260828522262577 191.388334 0.000000
1694260828801831405 191.430523 0.000000
1694260828827491161 191.469695 0.000000
1694260828952968521 191.457356 0.000000
1694260829071738711 191.538747 0.000000
1694260829263376728 191.611756 0.000000
1694260829382844791 191.549075 0.000000
1694260829615745025 191.478357 0.000000
1694260830171203280 191.530293 0.000000
1694260830783511345 191.434218 0.000000
1694260830843219273 191.541903 0.000000
1694260830919945627 191.625086 0.000000
1694260831014098726 191.418161 0.000000
1694260831081862223 191.519861 0.000000
1694260831697050922 191.431750 0.000000
1694260831788908261 191.514544 0.000000
1694260831849606889 191.513093 0.000000
1694260831904702808 191.433753 0.000000
1694260832246561743 191.498652 0.000000
1694260832334880639 191.556998 0.000000
1694260832347162103 191.375744 0.000000
1694260832734765875 191.493460 0.000000
1694260832996216287 191.507900 0.000000
1694260833245553374 191.396805 0.000000
1694260833675547043 191.345904 0.000000
1694260833903454523 191.519783 0.000000
1694260834441886872 191.541812 0.000000
1694260834633431250 191.525429 0.000000
1694260834738986609 191.387716 0.000000
1694260835007008523 191.502417 0.000000
1694260835016596293 191.438360 0.000000
1694260835288269189 191.435712 0.000000
1694260835302374056 191.518980 0.000000
1694260835556369783 191.394301 0.000000
1694260835688982239 191.481471 0.000000
1694260836113304982 191.534295 0.000000
1694260836600837099 191.521135 0.000000
1694260836704283512 191.390371 0.000000
1694260836715483896 191.419679 0.000000
1694260836771676078 191.518709 0.000000
1694260837031012626 191.539317 0.000000
1694260837346621184 191.404430 0.000000
1694260837461254071 191.505148 0.000000
1694260837652621929 191.343556 0.000000
1694260838038132896 191.450409 0.000000
1694260838075978866 191.348338 0.000000
1694260838343616020 191.440247 0.000000
1694260838582245669 191.366886 0.000000
1694260838711634940 191.495821 0.000000
1694260838798411467 191.417314 0.000000
1694260838851125574 191.577146 0.000000
1694260838892938848 191.401160 0.000000
1694260838970462858 191.539223 0.000000
1694260839857819558 191.653432 0.000000
1694260839966876704 191.375589 0.000000
1694260840236061143 191.504852 0.000000
1694260840602691287 191.485096 0.000000
1694260840874572570 191.557094 0.000000
1694260841130002398 191.487291 0.000000
1694260841608881527 191.487113 0.000000
1694260841677386967 191.456338 0.000000
1694260842098281906 191.582212 0.000000
1694260842335469660 191.407595 0.000000
1694260842345762863 191.431960 0.000000
1694260842358561867 191.390677 0.000000
1694260842427259305 191.401912 0.000000
1694260843062032240 191.569588 0.000000
1694260843127290011 191.489171 0.000000
1694260843218482894 191.483713 0.000000
1694260843471180053 191.574143 0.000000
1694260843471186007 191.592190 0.000000
1694260843492312611 191.385469 0.000000
1694260843590745097 191.700276 0.000000
1694260843849980894 191.617303 0.000000
1694260843901492815 191.360229 0.000000
1694260843901596683 191.438452 0.000000
1694260844161028734 191.532545 0.000000
1694260844295816262 191.337748 0.000000
1694260844331883385 191.612944 0.000000
1694260844487384038 191.485898 0.000000
1694260844569149391 191.509738 0.000000
1694260845009521632 191.677088 0.000000
1694260845118849182 191.468788 0.000000
1694260845162976019 191.423718 0.000000
1694260845201008302 191.456494 0.000000
1694260845668223439 191.499646 0.000000
1694260845979243716 191.572961 0.000000
1694260846130501578 191.447473 0.000000
1694260846394169031 191.551556 0.000000
1694260846432607476 191.512631 0.000000
1694260846432654598 191.461571 0.000000
1694260846648376353 191.585093 0.000000
1694260846799416870 191.565766 0.000000
1694260847078746222 191.553486 0.000000
1694260847101772230 191.483293 0.000000
1694260847424093731 191.488851 0.000000
1694260847489132436 191.405108 0.000000
1694260847531328611 191.719241 0.000000
1694260847770818076 191.443131 0.000000
1694260848188479895 191.327940 0.000000
1694260848635304484 191.477118 0.000000
1694260849058168442 191.448811 0.000000
1694260849065428911 191.497333 0.000000
1694260849107609639 191.406415 0.000000
1694260849368951534 191.388248 0.000000
1694260849853692815 191.561287 0.000000
1694260850051757221 191.524071 0.000000
1694260850528642256 191.504391 0.000000
1694260850612937535 191.552362 0.000000
1694260850695156469 191.508360 0.000000
1694260850923827834 191.450285 0.000000
1694260851078986306 191.518984 0.000000
1694260851332670892 191.406178 0.000000
1694260851567671699 191.400283 0.000000
1694260851602732579 191.379632 0.000000
1694260851644237740 191.476757 0.000000
1694260851835892992 191.554051 0.000000
1694260852085362666 191.661967 0.000000
1694260852236840666 191.598183 0.000000
1694260852266131615 191.449809 0.000000
1694260852276822669 191.531194 0.000000
1694260852276920812 191.482886 0.000000
1694260852385589870 191.469920 0.000000
1694260852468352659 191.505724 0.000000
1694260852536455040 191.569934 0.000000
1694260852635352292 191.532842 0.000000
1694260852671367030 191.475289 0.000000
1694260852707136327 191.518909 0.000000
1694260853067310035 191.540420 0.000000
1694260853497603796 191.409907 0.000000
1694260853531836339 191.424878 0.000000
1694260853865290148 191.488193 0.000000
1694260853948293677 191.512685 0.000000
1694260854139707342 191.383299 0.000000
1694260854160029928 191.420075 0.000000
1694260854200764490 191.489091 0.000000
1694260854213789926 191.457086 0.000000
1694260854627876694 191.472750 0.000000
1694260854747395815 191.637778 0.000000
1694260855058306292 191.576318 0.000000
1694260855105295308 191.496118 0.000000
1694260855441356155 191.394288 0.000000
1694260856004563137 191.676984 0.000000
1694260856075966735 191.521890 0.000000
1694260856132329322 191.564472 0.000000
1694260856195985547 191.398695 0.000000
1694260856480224773 191.480103 0.000000
1694260856609607657 191.441093 0.000000
1694260856873832829 191.432398 0.000000
1694260856983265138 191.392534 0.000000
1694260857039707279 191.477968 0.000000
1694260857103261482 191.395197 0.000000
1694260857397526329 191.320148 0.000000
1694260857547101493 191.441517 0.000000
1694260857636384023 191.425952 0.000000
1694260858010147651 191.432528 0.000000
