1695215151032830945 144.527713 0.000000
1695215151176196826 144.561446 0.000000
1695215152552316573 144.777330 0.000000
1695215152697749715 144.902851 0.000000
1695215153349527424 144.623711 0.000000
1695215153349549186 144.590380 0.000000
1695215154217641029 144.536368 0.000000
1695215154290161146 144.558381 0.000000
1695215155231808305 144.566005 0.000000
1695215155665424100 144.661439 0.000000
1695215155810118511 144.669572 0.000000
1695215155956269994 144.640057 0.000000
1695215156463187769 144.476324 0.000000
1695215156751778704 144.771156 0.000000
1695215156897498093 144.694960 0.000000
1695215157620514576 144.683683 0.000000
1695215158997510702 144.783594 0.000000
1695215159141509483 144.436922 0.000000
1695215159793423948 144.743481 0.000000
1695215160227466627 144.784512 0.000000
1695215160227497694 144.491916 0.000000
1695215160372706313 144.696503 0.000000
1695215160662440458 144.515447 0.000000
1695215161023839649 144.816926 0.000000
1695215161241500978 144.770660 0.000000
1695215161313999558 144.718856 0.000000
1695215162109386866 144.684755 0.000000
1695215162617369341 144.611310 0.000000
1695215162979210698 144.437070 0.000000
1695215163123446091 144.758756 0.000000
1695215163413080244 144.483520 0.000000
1695215163992947803 144.568051 0.000000
1695215165512337446 144.546450 0.000000
1695215165513205648 144.545154 0.000000
1695215165657321708 144.625131 0.000000
1695215166019384677 144.597504 0.000000
1695215166887880418 144.619912 0.000000
1695215167177856198 144.670025 0.000000
1695215167685048449 144.658897 0.000000
1695215167902107724 144.527395 0.000000
1695215168047182919 144.641663 0.000000
1695215169132127833 144.865224 0.000000
1695215169132519048 144.509391 0.000000
1695215169493961495 144.598057 0.000000
1695215169567112417 145.036212 0.000000
1695215170145524458 144.581096 0.000000
1695215170146881387 144.598595 0.000000
1695215170291895236 144.429445 0.000000
1695215170507368373 144.597688 0.000000
1695215171013826516 144.485271 0.000000
1695215171015327849 144.638140 0.000000
1695215171375527531 144.524676 0.000000
1695215171811092417 144.704215 0.000000
1695215172028867765 144.522862 0.000000
1695215173114021195 144.746318 0.000000
1695215173186591858 144.650853 0.000000
1695215173692648020 144.585202 0.000000
1695215173693135057 144.459086 0.000000
1695215173693426871 144.458337 0.000000
1695215173837754266 144.647082 0.000000
1695215174850863212 144.608007 0.000000
1695215175285097592 144.470733 0.000000
1695215175430548533 144.632261 0.000000
1695215175864800711 144.518299 0.000000
1695215175865233966 144.535374 0.000000
1695215176298029873 144.565423 0.000000
1695215177745795457 144.599687 0.000000
1695215178252818928 144.820423 0.000000
1695215178542785199 144.860116 0.000000
1695215178977493456 144.788172 0.000000
1695215179194855415 144.610499 0.000000
1695215179774474656 144.949762 0.000000
1695215180426591172 144.882176 0.000000
1695215180571151551 144.674494 0.000000
1695215180787775549 144.652508 0.000000
1695215181077991098 144.787006 0.000000
1695215181078193724 144.517449 0.000000
1695215181366735035 144.684159 0.000000
1695215181946427103 144.503191 0.000000
1695215182307642339 144.608044 0.000000
1695215182308192844 144.515497 0.000000
1695215182743068069 144.701395 0.000000
1695215183683440262 144.707056 0.000000
1695215183828500739 144.566113 0.000000
1695215184045680991 144.876510 0.000000
1695215184407876180 144.480389 0.000000
1695215184479481005 144.494694 0.000000
1695215184696385301 144.605305 0.000000
1695215185710649430 144.669880 0.000000
1695215186435252108 144.986211 0.000000
1695215187665387358 144.544605 0.000000
1695215187881593766 144.544714 0.000000
1695215188461122700 144.614001 0.000000
1695215188533281814 144.748258 0.000000
1695215188606812868 144.702267 0.000000
1695215189041193395 144.502842 0.000000
1695215189113412703 144.753616 0.000000
1695215190054088829 144.492894 0.000000
1695215190199108023 144.703844 0.000000
1695215190631626851 144.418317 0.000000
1695215190849859392 144.531977 0.000000
1695215190994577220 144.516049 0.000000
1695215192008340528 144.699701 0.000000
1695215192008572132 144.871961 0.000000
1695215192153121750 144.533821 0.000000
1695215192225871599 144.493337 0.000000
1695215192586953534 144.770569 0.000000
1695215193745603137 144.784690 0.000000
1695215194035007899 144.763124 0.000000
1695215194542640212 144.693243 0.000000
1695215196134691109 144.639598 0.000000
1695215196207254369 144.364196 0.000000
1695215196641369772 144.525916 0.000000
1695215196786387088 144.696160 0.000000
1695215197221662836 144.846821 0.000000
1695215197583521026 144.741210 0.000000
1695215198669324831 144.526025 0.000000
1695215199103430198 144.662613 0.000000
1695215199103820992 144.730411 0.000000
1695215200479885394 144.771656 0.000000
1695215200623260001 144.547969 0.000000
1695215201419849750 144.515580 0.000000
1695215201781010238 144.605759 0.000000
1695215203880223828 144.738514 0.000000
1695215203952779926 144.533535 0.000000
1695215203953175982 144.463871 0.000000
1695215204097806708 144.529937 0.000000
1695215204169776801 144.541551 0.000000
1695215204314121302 144.516632 0.000000
1695215204820904947 144.381440 0.000000
1695215205182343388 144.837223 0.000000
1695215205182672703 144.500579 0.000000
1695215205762336379 144.580505 0.000000
1695215206122997261 144.743727 0.000000
1695215206269083199 144.510372 0.000000
1695215206919802282 144.624587 0.000000
1695215207498924288 144.624200 0.000000
1695215207860651252 144.776138 0.000000
1695215208730067496 144.677450 0.000000
1695215208946234157 144.558229 0.000000
1695215209018348590 144.741174 0.000000
1695215209092102813 144.746061 0.000000
1695215209526995072 144.458368 0.000000
1695215209959760064 144.819747 0.000000
1695215212133702840 144.826714 0.000000
1695215213510244451 144.428343 0.000000
1695215213654829609 144.688862 0.000000
1695215214162894989 144.571860 0.000000
1695215214233382752 144.760562 0.000000
1695215215175998709 144.646479 0.000000
1695215215682766523 144.555597 0.000000
1695215215899289066 144.660821 0.000000
1695215215899733084 144.419965 0.000000
1695215216262098927 144.679829 0.000000
1695215217130967876 144.857259 0.000000
1695215218361338575 144.610824 0.000000
1695215218433266112 144.664450 0.000000
1695215219665790098 144.717463 0.000000
1695215220172768470 144.501254 0.000000
1695215220391136404 144.883149 0.000000
1695215220609047062 144.511849 0.000000
1695215221838297669 144.671943 0.000000
1695215222200568191 144.605074 0.000000
1695215222635325395 144.885069 0.000000
1695215223288135127 144.946281 0.000000
1695215223577026006 144.631620 0.000000
1695215225170745160 144.562911 0.000000
1695215225388986004 144.666588 0.000000
1695215225679228659 144.537731 0.000000
1695215225750290528 144.708590 0.000000
1695215225824173277 144.508846 0.000000
1695215225967735855 144.432996 0.000000
1695215227126514552 144.690248 0.000000
1695215227561054902 144.796610 0.000000
1695215227923924145 144.728451 0.000000
1695215228140690897 144.915006 0.000000
1695215228286766622 145.020666 0.000000
1695215229155984127 144.500161 0.000000
1695215229518219703 144.626922 0.000000
1695215230242798583 144.416953 0.000000
1695215230676608878 144.638764 0.000000
1695215231184293043 145.065607 0.000000
1695215231330120847 144.652040 0.000000
1695215231837655721 144.675870 0.000000
1695215231981796893 144.923907 0.000000
1695215232560569045 144.557929 0.000000
1695215232560966474 144.432375 0.000000
1695215232924064482 144.472336 0.000000
1695215233068359385 145.172084 0.000000
1695215233358863322 144.686916 0.000000
1695215233866000774 144.388936 0.000000
1695215234806409528 144.768753 0.000000
1695215235023935514 144.491866 0.000000
1695215235385936235 144.793330 0.000000
1695215235748232232 144.857675 0.000000
1695215236690041728 144.618902 0.000000
1695215236980373657 145.205298 0.000000
1695215237630627591 144.716277 0.000000
1695215237993788681 144.314948 0.000000
1695215238355414433 144.903963 0.000000
1695215238862845108 144.867048 0.000000
1695215238934429309 144.603627 0.000000
1695215239224356534 144.549509 0.000000
1695215239225410429 144.635699 0.000000
1695215239297737235 144.496462 0.000000
1695215240454685334 144.550285 0.000000
1695215240744148563 144.516530 0.000000
1695215242120821814 144.823251 0.000000
1695215242120890329 144.744528 0.000000
1695215242121464544 144.661951 0.000000
1695215242411690642 145.009310 0.000000
1695215242990568004 144.549481 0.000000
1695215243062696366 144.618225 0.000000
1695215243208153278 144.812430 0.000000
1695215243208221887 144.791196 0.000000
1695215243497777027 144.714879 0.000000
1695215244294495957 144.417198 0.000000
1695215244366156609 144.671306 0.000000
1695215244655971622 144.749845 0.000000
1695215245743606651 144.462871 0.000000
1695215246322024624 144.828434 0.000000
1695215247481467782 144.826020 0.000000
1695215248276844387 144.750318 0.000000
1695215249436496998 144.696192 0.000000
1695215249799032439 144.598556 0.000000
1695215249943182468 144.896355 0.000000
1695215250234466731 144.992949 0.000000
1695215250306073783 144.621441 0.000000
1695215250523361338 144.832998 0.000000
1695215251249280907 144.551358 0.000000
1695215252262601466 144.571251 0.000000
1695215253059454855 144.624725 0.000000
1695215253494840813 144.509076 0.000000
1695215254290863214 144.687626 0.000000
1695215254363907422 144.610257 0.000000
1695215254652941222 144.547199 0.000000
1695215255740643111 144.763710 0.000000
1695215256609274877 144.799502 0.000000
1695215256682380110 144.463540 0.000000
1695215256754452588 144.479183 0.000000
1695215256826058096 144.472807 0.000000
1695215257115890359 144.411080 0.000000
1695215257332773646 144.586759 0.000000
1695215257985420160 144.552002 0.000000
1695215258491303882 144.592707 0.000000
1695215258781207516 144.592240 0.000000
1695215258926618921 144.629988 0.000000
1695215259287936560 144.614506 0.000000
1695215259433049641 144.808591 0.000000
1695215259433876449 144.710165 0.000000
1695215261460658648 144.770015 0.000000
1695215261751372022 145.045382 0.000000
1695215262041924611 144.921272 0.000000
1695215262331653059 144.698394 0.000000
1695215262403256350 144.476828 0.000000
1695215262548239320 144.594535 0.000000
1695215263778128314 144.850661 0.000000
1695215263779233311 144.586828 0.000000
1695215263923757214 144.516092 0.000000
1695215264286298757 144.469097 0.000000
1695215264937540600 144.887243 0.000000
1695215265227718220 144.842704 0.000000
1695215266458921687 144.540228 0.000000
1695215266459480657 144.820084 0.000000
1695215268415626813 144.457095 0.000000
1695215268558985974 145.022035 0.000000
1695215268777126034 144.485997 0.000000
1695215269500639782 144.816831 0.000000
1695215269573494027 144.446540 0.000000
1695215269645390505 144.741868 0.000000
1695215269718209834 144.522001 0.000000
1695215270514227091 144.736686 0.000000
1695215270876696768 144.785529 0.000000
1695215271530155687 144.536048 0.000000
1695215271891376790 144.644847 0.000000
1695215271891756202 144.675524 0.000000
1695215272326481900 144.509262 0.000000
1695215272615889735 144.568264 0.000000
1695215274644661268 144.872202 0.000000
1695215274716027917 144.561449 0.000000
1695215275006709875 144.535439 0.000000
1695215275223370514 144.732787 0.000000
1695215275223734175 144.439423 0.000000
1695215275513538304 144.449464 0.000000
1695215275585181624 144.488099 0.000000
1695215276020589316 144.456035 0.000000
1695215276092067783 144.815287 0.000000
1695215276526349612 144.465095 0.000000
1695215276526878215 144.446512 0.000000
1695215276961189094 145.025020 0.000000
1695215277033235266 144.537369 0.000000
1695215277250516926 144.915865 0.000000
1695215278989207199 144.609806 0.000000
1695215279060753765 144.619645 0.000000
1695215279278292061 144.439633 0.000000
1695215279422488658 144.589355 0.000000
1695215279423335707 144.521065 0.000000
1695215279929616327 144.708837 0.000000
1695215280508367743 144.469118 0.000000
1695215281884348123 144.597196 0.000000
1695215281957572607 144.598829 0.000000
1695215282030141676 144.590812 0.000000
1695215282174623400 144.485036 0.000000
1695215282390941878 144.711507 0.000000
1695215283332824583 144.489562 0.000000
1695215283405482920 144.835810 0.000000
1695215284419589868 144.631167 0.000000
1695215284493368493 144.587293 0.000000
1695215285288461117 144.424014 0.000000
1695215285723986517 144.597106 0.000000
1695215286521156257 144.736518 0.000000
1695215286883291332 144.833517 0.000000
1695215287027584627 144.535879 0.000000
1695215287462554186 144.609567 0.000000
1695215288330537043 144.612651 0.000000
1695215288547815070 144.593631 0.000000
1695215289706957620 144.529711 0.000000
1695215290141540112 144.836124 0.000000
1695215290577665959 144.694890 0.000000
1695215290795389601 144.515393 0.000000
1695215291083529006 144.804450 0.000000
1695215291229300054 144.480953 0.000000
1695215291518545940 144.673725 0.000000
1695215292170889168 144.466228 0.000000
1695215293401502695 144.465359 0.000000
1695215293764878486 144.417398 0.000000
1695215294270469129 144.667092 0.000000
1695215294344295960 144.706467 0.000000
1695215294488683922 144.411705 0.000000
1695215295067464947 144.405127 0.000000
1695215295864794683 144.761557 0.000000
1695215296733927982 144.609628 0.000000
1695215297241034353 144.429303 0.000000
1695215298618148170 144.707206 0.000000
1695215298689734121 144.611236 0.000000
1695215300572918448 144.619921 0.000000
1695215301007743259 145.026775 0.000000
1695215301225227588 144.541192 0.000000
1695215302745420399 144.602775 0.000000
1695215303180513206 144.595778 0.000000
1695215303541899020 144.827238 0.000000
1695215303759197442 144.587164 0.000000
1695215304193667076 144.705965 0.000000
1695215304773159508 144.668058 0.000000
1695215305498449199 144.874688 0.000000
1695215305642700452 144.405537 0.000000
1695215305643050390 144.402229 0.000000
1695215306294762690 144.597995 0.000000
1695215306294970118 144.722249 0.000000
1695215306439537431 144.755256 0.000000
1695215306440703623 144.601553 0.000000
1695215307091008597 144.590005 0.000000
1695215307815887657 144.936122 0.000000
1695215308034713769 144.763351 0.000000
1695215308541190057 144.740480 0.000000
1695215308830286282 144.783581 0.000000
1695215309337825659 144.755733 0.000000
1695215309844200745 144.611195 0.000000
1695215309845748019 144.481992 0.000000
1695215310206718395 144.518127 0.000000
1695215310496124256 144.455645 0.000000
1695215310713133930 144.548991 0.000000
1695215310785554304 144.663805 0.000000
1695215311873195991 144.499492 0.000000
1695215312596096133 144.769579 0.000000
1695215313032183419 144.608591 0.000000
1695215313538889939 144.602747 0.000000
1695215313682216859 144.661724 0.000000
1695215314190365330 145.002569 0.000000
1695215314479646937 144.781645 0.000000
1695215315058988070 144.548162 0.000000
1695215315854156567 144.444346 0.000000
1695215316143713041 144.624670 0.000000
1695215316361833572 144.411410 0.000000
1695215316506140052 144.555870 0.000000
1695215317591421767 144.629597 0.000000
1695215317809802487 144.613752 0.000000
1695215318461384637 144.698207 0.000000
1695215318823553179 144.844107 0.000000
1695215319474830111 144.535569 0.000000
1695215319982214484 144.743916 0.000000
