1693775282407287793 144.617801 0.000000
1693775282407776753 144.562222 0.000000
1693775282479474635 144.550676 0.000000
1693775282552649953 144.561476 0.000000
1693775282697682244 144.762728 0.000000
1693775282770027261 144.961239 0.000000
1693775282770153327 144.794175 0.000000
1693775282770179139 144.707771 0.000000
1693775282842380906 144.805558 0.000000
1693775282914259021 144.457125 0.000000
1693775283060093542 144.581468 0.000000
1693775283060153151 144.639823 0.000000
1693775283276430350 144.708257 0.000000
1693775283349864854 144.638243 0.000000
1693775283421174851 144.720385 0.000000
1693775283565858670 144.652397 0.000000
1693775283567151352 144.620848 0.000000
1693775283638527156 144.527923 0.000000
1693775283639225171 144.620348 0.000000
1693775283857975412 144.599324 0.000000
1693775283930108129 144.557225 0.000000
1693775284001417860 144.448852 0.000000
1693775284147581911 144.745458 0.000000
1693775284290054347 144.567991 0.000000
1693775284942293676 144.641938 0.000000
1693775285087471949 145.058916 0.000000
1693775285304824555 144.728865 0.000000
1693775285305903169 144.591952 0.000000
1693775285306039285 144.498425 0.000000
1693775285522324192 144.613341 0.000000
1693775285523183402 144.560498 0.000000
1693775285884505770 144.618663 0.000000
1693775285884712505 144.679139 0.000000
1693775286030724934 144.827633 0.000000
1693775286102518679 144.601509 0.000000
1693775286174253868 144.731260 0.000000
1693775286175216914 144.820502 0.000000
1693775286319378320 144.628461 0.000000
1693775286464784477 144.528790 0.000000
1693775286537250703 144.887577 0.000000
1693775286681675286 144.599664 0.000000
1693775286826482307 144.784022 0.000000
1693775286899077913 144.556423 0.000000
1693775286972491013 144.610760 0.000000
1693775287116795932 144.906887 0.000000
1693775287406760763 144.657253 0.000000
1693775287479729887 144.838605 0.000000
1693775287551924688 144.859182 0.000000
1693775287696783900 144.539810 0.000000
1693775287769323371 144.524189 0.000000
1693775287986232186 144.739128 0.000000
1693775288058974133 144.544000 0.000000
1693775288275528969 144.564745 0.000000
1693775288275904834 144.813686 0.000000
1693775288420595935 144.691462 0.000000
1693775288494194701 144.910426 0.000000
1693775288565216268 144.686987 0.000000
1693775288638679769 144.519178 0.000000
1693775288710868812 144.595390 0.000000
1693775289000250373 144.657184 0.000000
1693775289000274485 144.628752 0.000000
1693775289000297924 144.544002 0.000000
1693775289362365090 144.470930 0.000000
1693775289652849929 144.732849 0.000000
1693775289796937424 144.476799 0.000000
1693775289797220181 144.510031 0.000000
1693775289941647490 144.689833 0.000000
1693775290086444407 144.579147 0.000000
1693775290231453372 144.495287 0.000000
1693775290232577167 144.691707 0.000000
1693775290304046452 144.858185 0.000000
1693775290377603045 144.892584 0.000000
1693775290448694499 144.748255 0.000000
1693775290449206929 144.495583 0.000000
1693775290594185062 144.902512 0.000000
1693775290666410343 144.828811 0.000000
1693775290883562719 144.685959 0.000000
1693775290884070263 144.570802 0.000000
1693775290884629241 144.689157 0.000000
1693775291028693086 144.664931 0.000000
1693775291101471507 144.486677 0.000000
1693775291246695235 144.418904 0.000000
1693775291463030449 144.741553 0.000000
1693775291898382924 144.468946 0.000000
1693775291898557549 144.578680 0.000000
1693775291969768681 144.581578 0.000000
1693775292187214158 144.631889 0.000000
1693775292332185450 144.699566 0.000000
1693775292332656509 144.634385 0.000000
1693775292404795780 144.659268 0.000000
1693775292549498078 144.683729 0.000000
1693775292549967939 144.928838 0.000000
1693775292550181610 144.804259 0.000000
1693775292622476814 144.610701 0.000000
1693775292622504128 144.661388 0.000000
1693775292767284752 144.876602 0.000000
1693775292767384914 144.687513 0.000000
1693775292839158242 144.713118 0.000000
1693775292912844746 145.119652 0.000000
1693775293128982927 144.662155 0.000000
1693775293130248811 144.752338 0.000000
1693775293346119086 144.653274 0.000000
1693775293564690211 144.704845 0.000000
1693775293564723624 144.640449 0.000000
1693775293564745808 144.644469 0.000000
1693775293635995837 144.603172 0.000000
1693775293708466959 144.611730 0.000000
1693775293780877762 144.841857 0.000000
1693775293781646326 144.587968 0.000000
1693775293853785057 144.374652 0.000000
1693775293854218166 144.577764 0.000000
1693775293854258506 144.549553 0.000000
1693775293926067957 144.643120 0.000000
1693775293926248692 144.594382 0.000000
1693775294143023847 144.600562 0.000000
1693775294143412440 144.738296 0.000000
1693775294215836001 144.903260 0.000000
1693775294361055079 144.482021 0.000000
1693775294433635735 144.640525 0.000000
1693775294795668813 144.963884 0.000000
1693775295012820999 144.794025 0.000000
1693775295157341209 144.483901 0.000000
1693775295229929468 144.594091 0.000000
1693775295230686877 144.634996 0.000000
1693775295374681150 144.784503 0.000000
1693775295519548386 144.798431 0.000000
1693775295519657098 144.779267 0.000000
1693775295591809435 144.738090 0.000000
1693775295592354516 144.900357 0.000000
1693775295736674225 144.695848 0.000000
1693775295736747501 144.725988 0.000000
1693775295736761794 144.716696 0.000000
1693775295736902936 144.556515 0.000000
1693775295882097262 144.500760 0.000000
1693775296170954015 144.554400 0.000000
1693775296460763224 144.468410 0.000000
1693775296823962129 144.509440 0.000000
1693775296895946275 144.676848 0.000000
1693775296896479123 144.479565 0.000000
1693775297185293433 144.676187 0.000000
1693775297330108583 144.796080 0.000000
1693775297403390322 144.639577 0.000000
1693775297621489095 144.951982 0.000000
1693775297693603003 144.651500 0.000000
1693775297982000425 144.689934 0.000000
1693775298054953351 144.575313 0.000000
1693775298127297113 144.611567 0.000000
1693775298199594722 144.615536 0.000000
1693775298199895771 144.625759 0.000000
1693775298489050617 144.831994 0.000000
1693775298489600874 144.804375 0.000000
1693775298779132404 144.780655 0.000000
1693775298780462081 144.509871 0.000000
1693775299068792427 144.685855 0.000000
1693775299070761584 144.749081 0.000000
1693775299214620429 144.607217 0.000000
1693775299287745479 144.569529 0.000000
1693775299431281153 144.993103 0.000000
1693775299431358763 144.979041 0.000000
1693775299431401793 145.045254 0.000000
1693775299432560368 144.527757 0.000000
1693775299576039957 144.674624 0.000000
1693775299576048993 144.798566 0.000000
1693775300010727583 144.780234 0.000000
1693775300083225683 144.775447 0.000000
1693775300156491190 144.531060 0.000000
1693775300301139232 144.986949 0.000000
1693775300373761991 144.748319 0.000000
1693775300446536037 144.849966 0.000000
1693775300953089855 144.453536 0.000000
1693775301170920737 145.104321 0.000000
1693775301315219633 144.711339 0.000000
1693775301315458392 144.638365 0.000000
1693775301532763758 144.787015 0.000000
1693775301605834398 144.827628 0.000000
1693775301677811914 144.843220 0.000000
1693775301822484999 144.823113 0.000000
1693775301968111588 145.183209 0.000000
1693775302184502862 144.715088 0.000000
1693775302186125785 144.628602 0.000000
1693775302256982158 144.639637 0.000000
1693775302330918587 144.771062 0.000000
1693775302331125332 144.739103 0.000000
1693775302403647939 144.869025 0.000000
1693775302619249931 144.824196 0.000000
1693775302620854766 144.649500 0.000000
1693775302693253551 144.516265 0.000000
1693775302765694538 144.838159 0.000000
1693775302765719156 144.742847 0.000000
1693775302981314953 144.684487 0.000000
1693775302982885534 144.513789 0.000000
1693775303416309807 144.806980 0.000000
1693775303561310162 144.733845 0.000000
1693775303561903404 144.686731 0.000000
1693775303561918274 144.568893 0.000000
1693775303634411593 144.497252 0.000000
1693775303706124450 144.788012 0.000000
1693775303778467835 144.648332 0.000000
1693775303778618996 144.601809 0.000000
1693775303779156865 144.731615 0.000000
1693775303923771895 144.652221 0.000000
1693775304140866121 144.650436 0.000000
1693775304141413632 144.640434 0.000000
1693775304285528782 144.723316 0.000000
1693775304286218774 144.721532 0.000000
1693775304358360201 144.593269 0.000000
1693775304358767431 144.621941 0.000000
1693775304431090299 144.365652 0.000000
1693775304721149980 144.605087 0.000000
1693775304793682977 144.624883 0.000000
1693775305155281907 144.757145 0.000000
1693775305155366278 144.713594 0.000000
1693775305373108217 145.026796 0.000000
1693775305807810823 144.707183 0.000000
1693775305952675934 144.840629 0.000000
1693775305952718467 144.660185 0.000000
1693775306170848018 144.589541 0.000000
1693775306532050046 144.613972 0.000000
1693775306677492813 144.951306 0.000000
1693775306823077273 144.594413 0.000000
1693775307258437952 144.655515 0.000000
1693775307403244712 144.638684 0.000000
1693775307619770158 144.811932 0.000000
1693775307764629901 144.762794 0.000000
1693775307836864725 144.652235 0.000000
1693775307836905479 144.503972 0.000000
1693775308053943876 144.484422 0.000000
1693775308199176845 144.577483 0.000000
1693775308271485456 144.480713 0.000000
1693775308272697851 144.641933 0.000000
1693775308418006667 144.666480 0.000000
1693775308561935553 144.534132 0.000000
1693775308633691907 144.752620 0.000000
1693775308851753959 144.850628 0.000000
1693775308924289606 144.531947 0.000000
1693775308996264161 144.687789 0.000000
1693775308996507757 144.651630 0.000000
1693775309141458060 144.675545 0.000000
1693775309141875975 144.528288 0.000000
1693775309214264551 144.500845 0.000000
1693775309503901535 144.950834 0.000000
1693775309504751103 145.017343 0.000000
1693775309649308760 144.548240 0.000000
1693775309649429861 144.586249 0.000000
1693775309722072662 144.649335 0.000000
1693775309722176929 144.716140 0.000000
1693775309794609276 144.684381 0.000000
1693775309867052925 145.004986 0.000000
1693775309938304115 144.619135 0.000000
1693775310229077433 144.536963 0.000000
1693775310229230769 144.707243 0.000000
1693775310300777425 144.858616 0.000000
1693775310373281569 145.010458 0.000000
1693775310445947804 144.857107 0.000000
1693775310446085890 144.648672 0.000000
1693775310590611418 144.538718 0.000000
1693775310663027713 144.539986 0.000000
1693775310735452803 144.793664 0.000000
1693775311025476376 144.820738 0.000000
1693775311098245234 144.737138 0.000000
1693775311098753814 144.870393 0.000000
1693775311243011390 144.818467 0.000000
1693775311315486651 144.469261 0.000000
1693775311387513748 144.552696 0.000000
1693775311460090005 144.586875 0.000000
1693775311532291431 144.605257 0.000000
1693775311605222647 144.511455 0.000000
1693775311677053066 144.602261 0.000000
1693775311678063593 144.488231 0.000000
1693775311821751009 144.666800 0.000000
1693775311822772565 144.562358 0.000000
1693775311894356488 144.801904 0.000000
1693775311894668498 144.540051 0.000000
1693775311894702026 144.594623 0.000000
1693775311894834197 144.666304 0.000000
1693775311967718479 144.665061 0.000000
1693775312111922776 144.806655 0.000000
1693775312184572001 144.614113 0.000000
1693775312401601111 144.784949 0.000000
1693775312401679152 144.453725 0.000000
1693775312401716388 144.745513 0.000000
1693775312619168661 144.935679 0.000000
1693775312764534654 145.339558 0.000000
1693775312982459449 144.884821 0.000000
1693775313199551125 144.681179 0.000000
1693775313344707671 144.999432 0.000000
1693775313924235150 144.521959 0.000000
1693775314070816495 145.088038 0.000000
1693775314215467343 144.643731 0.000000
1693775314360001691 144.739509 0.000000
1693775314360200828 144.586619 0.000000
1693775314431628177 144.772485 0.000000
1693775314505084517 144.725812 0.000000
1693775314577004695 144.599039 0.000000
1693775314722330365 144.996716 0.000000
1693775314866729364 144.623590 0.000000
1693775314867125528 144.754520 0.000000
1693775315083895993 144.519313 0.000000
1693775315084627185 144.552640 0.000000
1693775315229203145 144.569795 0.000000
1693775315301102805 144.766086 0.000000
1693775315301442023 144.594695 0.000000
1693775315808352094 144.822517 0.000000
1693775315953216298 144.829713 0.000000
1693775315953816662 144.518917 0.000000
1693775316605755087 144.782112 0.000000
1693775316605861008 144.658120 0.000000
1693775316678328552 144.813285 0.000000
1693775316823434126 145.030115 0.000000
1693775316896094408 144.490732 0.000000
1693775316968399474 145.100757 0.000000
1693775317041084073 144.764512 0.000000
1693775317113154143 144.729546 0.000000
1693775317258778512 144.526880 0.000000
1693775317330580676 144.727166 0.000000
1693775317331032485 144.820241 0.000000
1693775317403184677 144.691287 0.000000
1693775317475823970 144.782765 0.000000
1693775317621514537 144.643506 0.000000
1693775317693201509 144.685328 0.000000
1693775317839165470 144.678778 0.000000
1693775317910430929 144.656701 0.000000
1693775317911516630 144.829834 0.000000
1693775318127675244 144.737269 0.000000
1693775318128631444 144.595054 0.000000
1693775318128818543 144.723111 0.000000
1693775318274110279 144.554709 0.000000
1693775318345163668 144.610825 0.000000
1693775318345918898 144.679730 0.000000
1693775318418787383 144.476424 0.000000
1693775318490458653 144.515604 0.000000
1693775318562386045 144.503572 0.000000
1693775318852785729 144.522741 0.000000
1693775318852968018 144.610094 0.000000
1693775318924791516 144.718536 0.000000
1693775319288657088 144.593120 0.000000
1693775319940091254 144.816774 0.000000
1693775320011736589 144.563671 0.000000
1693775320011825971 144.602952 0.000000
1693775320084502029 144.669160 0.000000
1693775320157119632 144.703721 0.000000
1693775320157525189 144.652653 0.000000
1693775320302094898 144.701996 0.000000
1693775320374590257 144.924614 0.000000
1693775320519275299 144.694565 0.000000
1693775320592049064 144.668349 0.000000
1693775320882732394 144.570737 0.000000
1693775320954564051 144.935950 0.000000
1693775320955133037 144.558914 0.000000
1693775321099737934 144.656151 0.000000
1693775321171637709 144.708883 0.000000
1693775321534253786 144.636143 0.000000
1693775321678985878 144.794541 0.000000
1693775321751457517 144.731450 0.000000
1693775321751483657 145.017169 0.000000
1693775321824383450 144.767093 0.000000
1693775321896432988 144.849779 0.000000
1693775322113464990 144.630154 0.000000
1693775322185973324 144.651058 0.000000
1693775322186519963 144.510102 0.000000
1693775322258867708 144.636360 0.000000
1693775322403265725 144.741273 0.000000
1693775322476437855 144.759821 0.000000
1693775322621722705 144.622978 0.000000
1693775322766002792 144.888279 0.000000
1693775322766051265 144.534373 0.000000
1693775323056294287 144.747177 0.000000
1693775323128181117 144.764903 0.000000
1693775323418943721 144.701701 0.000000
1693775323563476009 144.573554 0.000000
1693775323636619592 144.862890 0.000000
1693775323708676077 144.558303 0.000000
1693775323709254244 144.686839 0.000000
1693775324071094831 144.434827 0.000000
1693775324215666359 144.767033 0.000000
1693775324216643949 144.824751 0.000000
1693775324433770420 144.634119 0.000000
1693775324506052494 144.853644 0.000000
1693775324723088605 144.629063 0.000000
1693775324795911724 144.558318 0.000000
1693775324796500501 144.480913 0.000000
1693775324869129510 144.654352 0.000000
1693775324941873697 144.542547 0.000000
1693775325013449861 144.729501 0.000000
1693775325158897454 144.773543 0.000000
1693775325159123399 144.543108 0.000000
1693775325375698329 144.636295 0.000000
1693775325448619461 144.742802 0.000000
1693775325448878583 144.682983 0.000000
1693775325594022476 145.104021 0.000000
1693775325594236052 144.919262 0.000000
1693775325666828986 144.697902 0.000000
1693775325738574650 144.701461 0.000000
1693775325739340127 144.633232 0.000000
1693775326247011927 144.854075 0.000000
1693775326536883757 144.574671 0.000000
1693775326970882169 144.660552 0.000000
1693775327116522899 144.783032 0.000000
1693775327188407230 144.582399 0.000000
1693775327188429055 144.806509 0.000000
1693775327260897743 144.700537 0.000000
1693775327261114565 144.576932 0.000000
1693775327333304424 144.825905 0.000000
1693775327333583292 144.551602 0.000000
1693775327478268179 144.895096 0.000000
1693775327478522374 144.873104 0.000000
1693775327696352259 144.747327 0.000000
1693775327768085001 144.747748 0.000000
1693775327913165292 144.657659 0.000000
1693775327914695489 144.922464 0.000000
1693775327985448994 144.928091 0.000000
1693775327985505460 144.827343 0.000000
1693775328131646708 144.533241 0.000000
1693775328203075731 144.938030 0.000000
1693775328277143626 145.447213 0.000000
1693775328349655673 145.131951 0.000000
1693775328349943616 144.892118 0.000000
1693775328422004346 144.507801 0.000000
1693775328565511143 144.800842 0.000000
1693775328565676703 144.904227 0.000000
1693775328639178648 144.616278 0.000000
1693775328782874399 144.666911 0.000000
1693775329000397769 144.683804 0.000000
1693775329146807203 144.544960 0.000000
1693775329218379122 145.052972 0.000000
1693775329290814682 144.728027 0.000000
1693775329363440384 145.047113 0.000000
1693775329363609984 144.647180 0.000000
1693775329364082754 144.516838 0.000000
1693775329726432408 144.627324 0.000000
1693775329797888248 144.502739 0.000000
1693775329798852100 144.634681 0.000000
1693775330016052187 144.498810 0.000000
1693775330016369218 144.854942 0.000000
1693775330159653289 144.581512 0.000000
1693775330161111173 144.652467 0.000000
1693775330522801084 144.509510 0.000000
1693775330595312235 144.764322 0.000000
1693775330740589945 144.517390 0.000000
1693775330812658441 144.882852 0.000000
1693775330812856150 144.855188 0.000000
1693775330885229014 144.628984 0.000000
1693775331102602163 144.638259 0.000000
1693775331247173436 145.069701 0.000000
1693775331392965554 144.661528 0.000000
1693775331464765218 144.570757 0.000000
1693775331537656220 144.599409 0.000000
1693775331608061657 144.571178 0.000000
1693775331680833888 144.442494 0.000000
1693775331682236720 144.560804 0.000000
1693775331682479744 144.467879 0.000000
1693775331752944499 144.854010 0.000000
1693775331826787210 144.583326 0.000000
1693775332044511660 144.467132 0.000000
1693775332333344392 144.530554 0.000000
1693775332767495267 144.780288 0.000000
1693775332840086569 144.637873 0.000000
1693775332840940546 144.538914 0.000000
1693775333057933768 144.892073 0.000000
1693775333057978637 144.936727 0.000000
1693775333202333017 144.619591 0.000000
1693775333202609714 144.610134 0.000000
1693775333203899358 144.746340 0.000000
1693775333276085915 144.535014 0.000000
1693775333347193146 144.567114 0.000000
1693775333347303262 144.645596 0.000000
1693775333348224045 144.606937 0.000000
1693775333420865241 144.611201 0.000000
1693775333493493073 144.815522 0.000000
1693775333711124015 144.690490 0.000000
1693775333783595588 144.643432 0.000000
1693775333928129320 144.575523 0.000000
1693775333928307047 144.598222 0.000000
1693775333999386809 144.697020 0.000000
1693775334073335527 144.632436 0.000000
1693775334363390557 145.354372 0.000000
1693775334363411230 146.147161 0.000000
1693775334654218001 144.970109 0.000000
1693775334725004823 144.576501 0.000000
1693775334799239746 144.763670 0.000000
1693775334941967434 144.570647 0.000000
1693775335016501330 144.687618 0.000000
1693775335303971675 144.672333 0.000000
1693775335375597776 144.517975 0.000000
1693775335450975281 144.777673 0.000000
1693775335595305349 144.554539 0.000000
1693775335595707006 144.434219 0.000000
1693775335739834364 144.513926 0.000000
1693775336100149509 144.614053 0.000000
1693775336101269564 144.601775 0.000000
1693775336101881520 144.471562 0.000000
1693775336172545276 144.569199 0.000000
1693775336246227050 144.534383 0.000000
1693775336317601400 144.758403 0.000000
1693775336462274420 144.615697 0.000000
1693775336535404387 144.890153 0.000000
1693775336607650698 144.458802 0.000000
1693775336752356668 144.779026 0.000000
1693775336897046642 144.890885 0.000000
1693775336897113307 144.871260 0.000000
1693775337042512439 144.805946 0.000000
1693775337042930308 144.539324 0.000000
1693775337043914173 144.659498 0.000000
1693775337114750114 144.692560 0.000000
1693775337404090134 144.656762 0.000000
1693775337550330156 144.621309 0.000000
1693775337693630018 144.724529 0.000000
1693775337838504488 144.690039 0.000000
1693775337912538581 144.550811 0.000000
1693775338056591361 144.640941 0.000000
1693775338201082917 144.950243 0.000000
1693775338273613189 144.584675 0.000000
1693775338346190724 144.672168 0.000000
1693775338346252108 144.529809 0.000000
1693775338346413014 144.484093 0.000000
1693775338347069524 144.654817 0.000000
1693775338491736685 145.027072 0.000000
1693775338709094107 144.570006 0.000000
1693775338782609950 144.683524 0.000000
1693775338999252979 144.812920 0.000000
1693775338999286722 144.719533 0.000000
1693775338999429884 144.825384 0.000000
1693775338999985845 144.804685 0.000000
1693775339072074455 145.112425 0.000000
1693775339144204340 144.911794 0.000000
1693775339144689170 144.696801 0.000000
1693775339288560414 144.674533 0.000000
1693775339434072110 144.709850 0.000000
1693775339868830506 144.807842 0.000000
1693775340158533013 144.564859 0.000000
1693775340159252453 144.937043 0.000000
1693775340160209140 144.800566 0.000000
1693775340304959674 144.728408 0.000000
1693775340448053928 144.641297 0.000000
1693775340521952835 145.203506 0.000000
1693775340594675953 144.774220 0.000000
1693775340739359713 145.013205 0.000000
1693775340811156534 144.705655 0.000000
1693775341172355786 144.757902 0.000000
1693775341172409957 144.735149 0.000000
1693775341173644478 144.673155 0.000000
1693775341173812799 144.471842 0.000000
1693775341319712076 144.628051 0.000000
1693775341391919485 144.618082 0.000000
1693775341463373557 144.620888 0.000000
1693775341896599981 144.548561 0.000000
1693775341898319558 144.617465 0.000000
1693775341898349578 144.660701 0.000000
1693775341899034468 144.752900 0.000000
1693775342042913509 144.553713 0.000000
1693775342044211944 144.623896 0.000000
1693775342114228658 144.830560 0.000000
1693775342187035855 144.603609 0.000000
1693775342188789512 144.555848 0.000000
1693775342478097302 144.507050 0.000000
1693775342548700674 144.634285 0.000000
1693775342549830527 144.879745 0.000000
1693775342550848726 144.596968 0.000000
1693775342693377477 144.649986 0.000000
1693775342693632785 144.623850 0.000000
1693775342838445859 144.797864 0.000000
1693775343201447190 144.833542 0.000000
1693775343418728707 144.668885 0.000000
1693775343419382675 144.594291 0.000000
1693775343564567988 144.813661 0.000000
1693775343635486517 144.677806 0.000000
1693775343637215957 144.512725 0.000000
1693775343853032000 144.677194 0.000000
1693775343853769332 144.655930 0.000000
1693775343854276941 144.774069 0.000000
1693775344143146920 144.704267 0.000000
1693775344144056392 144.696029 0.000000
1693775344216604648 144.454889 0.000000
1693775344216889178 144.724885 0.000000
1693775344287773882 144.636064 0.000000
1693775344434292392 144.547163 0.000000
1693775344650555358 144.634220 0.000000
1693775344651697189 145.049194 0.000000
1693775344796351575 144.662404 0.000000
1693775344940294224 144.906111 0.000000
1693775344941209008 144.530468 0.000000
1693775345013680737 144.913472 0.000000
1693775345158106066 144.524916 0.000000
1693775345230964579 144.742997 0.000000
1693775345520954362 144.839325 0.000000
1693775345593508448 144.834876 0.000000
1693775345666057611 144.689969 0.000000
1693775345738499375 145.166059 0.000000
1693775345809682487 144.540362 0.000000
1693775345810713606 144.630751 0.000000
1693775345811191405 144.722465 0.000000
1693775345882301192 144.560653 0.000000
1693775345955888947 144.815029 0.000000
1693775346026648821 144.589125 0.000000
1693775346027079591 144.462416 0.000000
1693775346027770691 144.396412 0.000000
1693775346028484553 144.485775 0.000000
1693775346099925124 144.505952 0.000000
1693775346245786878 144.653113 0.000000
1693775346317416817 144.881589 0.000000
1693775346460938118 144.489223 0.000000
1693775346463558266 144.821143 0.000000
1693775346533388026 144.614655 0.000000
1693775346534707950 144.443207 0.000000
1693775346535519590 144.536392 0.000000
1693775346895248328 144.566348 0.000000
1693775346896566338 144.548075 0.000000
1693775347331183335 144.694193 0.000000
1693775347403458182 144.510237 0.000000
1693775347405222749 144.471156 0.000000
1693775347622609323 144.592528 0.000000
1693775347692169713 144.473220 0.000000
1693775347765594635 144.593059 0.000000
1693775347839530613 144.571183 0.000000
1693775348055434545 144.609843 0.000000
1693775348126686423 144.710286 0.000000
1693775348128844438 144.650853 0.000000
1693775348199608201 144.516471 0.000000
1693775348272420270 144.651831 0.000000
1693775348345731924 144.608452 0.000000
1693775348562672132 144.570818 0.000000
1693775348563399386 144.682637 0.000000
1693775348634008275 144.810388 0.000000
1693775348706410337 144.707805 0.000000
1693775348706569241 144.885042 0.000000
1693775348780227940 144.643556 0.000000
1693775348780427834 144.653739 0.000000
1693775348852656669 144.614770 0.000000
1693775348923838583 144.609513 0.000000
1693775349141038410 144.649445 0.000000
1693775349142393130 144.551061 0.000000
1693775349285520190 144.652628 0.000000
1693775349574759442 144.572126 0.000000
1693775349576369505 144.725792 0.000000
1693775349721166583 144.779387 0.000000
1693775349721865370 144.783401 0.000000
1693775349793356126 144.656726 0.000000
1693775349794085885 144.758949 0.000000
1693775349864314115 144.583596 0.000000
1693775349866080386 144.771794 0.000000
1693775349938803133 144.701175 0.000000
1693775350009435095 144.586479 0.000000
1693775350010745898 144.595475 0.000000
1693775350010903965 144.530278 0.000000
1693775350371605492 144.840704 0.000000
1693775350517408736 144.595609 0.000000
1693775350588192175 144.588903 0.000000
1693775350734179260 144.608831 0.000000
1693775350735395238 144.687428 0.000000
1693775351169730076 144.502358 0.000000
1693775351241254906 144.619927 0.000000
1693775351314293361 144.570191 0.000000
1693775351386242299 144.578546 0.000000
1693775351530195800 144.615073 0.000000
1693775351601987811 144.695787 0.000000
1693775351819883062 144.551031 0.000000
1693775351820780169 144.597123 0.000000
1693775351892892218 144.539539 0.000000
1693775352399182886 144.638730 0.000000
1693775352471535093 144.815455 0.000000
1693775352473070507 144.703701 0.000000
1693775352544539192 144.660376 0.000000
1693775352690253057 144.544864 0.000000
1693775352761830411 144.858730 0.000000
1693775352906163596 144.603298 0.000000
1693775353341363357 144.682146 0.000000
1693775353632711369 144.719397 0.000000
1693775353777106198 144.619315 0.000000
1693775353848085347 144.550711 0.000000
1693775353921722138 144.576103 0.000000
1693775353994464212 144.593988 0.000000
1693775354066710853 144.689487 0.000000
1693775354211351187 144.601003 0.000000
1693775354283427828 144.755020 0.000000
1693775354428758257 145.231362 0.000000
1693775354572161501 144.609967 0.000000
1693775354573502996 144.738937 0.000000
1693775354791491738 144.568247 0.000000
1693775354864587846 145.013490 0.000000
1693775355008347591 144.523438 0.000000
1693775355009151708 144.673265 0.000000
1693775355081698496 144.570973 0.000000
1693775355152469607 144.542322 0.000000
1693775355226573880 144.647107 0.000000
1693775355441256317 144.584704 0.000000
1693775355515389864 144.541214 0.000000
1693775355516336427 144.623971 0.000000
1693775355587976630 144.493051 0.000000
1693775356313380081 144.705670 0.000000
1693775356383304741 144.635417 0.000000
1693775356383986574 144.553152 0.000000
1693775356600911913 144.592348 0.000000
1693775356601871446 144.659784 0.000000
1693775356674377871 144.936191 0.000000
1693775356675061984 144.465212 0.000000
1693775356817523158 144.598798 0.000000
1693775357037038883 144.804535 0.000000
1693775357109679126 144.587106 0.000000
1693775357109720748 144.551302 0.000000
1693775357254595471 144.576806 0.000000
1693775357325412202 144.944751 0.000000
1693775357326367420 144.422197 0.000000
1693775357542744872 144.813600 0.000000
1693775357543748697 144.665141 0.000000
1693775357688427235 144.544602 0.000000
1693775357904918266 144.693327 0.000000
1693775357977367327 144.906452 0.000000
1693775358340753848 144.644730 0.000000
1693775358413106404 144.890970 0.000000
1693775358556515565 144.533628 0.000000
1693775358557877176 144.447757 0.000000
1693775358558055680 144.560484 0.000000
1693775358628922754 144.739620 0.000000
1693775358702513375 144.495694 0.000000
1693775358702748276 144.438099 0.000000
1693775358774251215 144.628812 0.000000
1693775358846697786 144.603277 0.000000
1693775358919774644 144.715724 0.000000
1693775358919883853 144.836394 0.000000
1693775358992208620 144.644032 0.000000
1693775359209338434 144.737028 0.000000
1693775359353309830 144.650698 0.000000
1693775359426859712 144.603077 0.000000
1693775359499420131 144.742696 0.000000
1693775359861662836 144.552345 0.000000
1693775359934080755 144.425075 0.000000
1693775360005848249 144.561265 0.000000
1693775360295183819 144.508237 0.000000
1693775360367680250 145.013921 0.000000
1693775360440527129 144.395781 0.000000
1693775360656833267 144.570473 0.000000
1693775360658006355 144.693381 0.000000
1693775360875649996 144.568472 0.000000
1693775360947617860 144.794401 0.000000
1693775361093107491 145.087748 0.000000
1693775361165027610 144.659178 0.000000
1693775361238048748 144.816212 0.000000
1693775361310224991 144.575007 0.000000
1693775361526605341 144.588989 0.000000
1693775361527251195 144.741083 0.000000
1693775361744576512 144.469382 0.000000
1693775361960938904 144.564744 0.000000
1693775362106383571 144.516256 0.000000
1693775362106750613 144.544652 0.000000
1693775362250347539 144.690345 0.000000
1693775362394434218 144.630025 0.000000
1693775362396254424 144.643406 0.000000
1693775362468625223 144.839040 0.000000
1693775362468835215 144.529873 0.000000
1693775362541132629 144.587561 0.000000
1693775362686093463 144.678301 0.000000
1693775362902690815 144.570061 0.000000
1693775362973869542 144.722945 0.000000
1693775362975652055 144.536543 0.000000
1693775363118600069 144.704805 0.000000
1693775363120763648 144.786108 0.000000
1693775363264003054 144.574535 0.000000
1693775363337999278 144.721257 0.000000
1693775363408481858 144.511434 0.000000
1693775363409713533 144.523352 0.000000
1693775363700522606 145.044352 0.000000
1693775363990097104 144.676628 0.000000
1693775364207190077 144.643912 0.000000
1693775364350198166 144.583326 0.000000
1693775364424357499 144.693896 0.000000
1693775364641541598 144.452092 0.000000
1693775364929745777 144.687839 0.000000
1693775365003437267 144.508622 0.000000
1693775365076079813 144.628532 0.000000
1693775365148038966 144.586986 0.000000
1693775365509758882 144.587065 0.000000
1693775365654268082 144.559772 0.000000
1693775365655536767 144.740897 0.000000
1693775365799316092 145.025864 0.000000
1693775365799370814 144.854141 0.000000
1693775365800385991 144.569700 0.000000
1693775365944838373 144.952869 0.000000
1693775365944912750 145.081668 0.000000
1693775366016590461 144.681254 0.000000
1693775366090149710 144.892941 0.000000
1693775366307249795 144.588158 0.000000
1693775366451995678 144.482466 0.000000
1693775366668794579 144.501707 0.000000
1693775366669255790 144.498359 0.000000
1693775366741066419 144.776956 0.000000
1693775366741141212 144.500634 0.000000
1693775366741729854 144.650527 0.000000
1693775366958954177 144.544907 0.000000
1693775367175961722 144.679997 0.000000
1693775367176396487 144.729195 0.000000
1693775367248568775 144.594748 0.000000
1693775367321011471 144.494575 0.000000
1693775367393636817 144.880737 0.000000
1693775367465968781 144.676753 0.000000
1693775367610632880 144.799704 0.000000
1693775367683235462 144.722946 0.000000
1693775367683823257 144.525316 0.000000
1693775367683910033 144.528133 0.000000
1693775367755613855 144.843210 0.000000
1693775367827156496 144.599259 0.000000
1693775368117560477 144.544872 0.000000
1693775368406776670 144.726089 0.000000
1693775368407762519 144.605934 0.000000
1693775368769394190 144.583401 0.000000
1693775368842244514 144.633391 0.000000
1693775368987964288 145.310745 0.000000
1693775369059614614 144.708512 0.000000
1693775369205825950 144.538407 0.000000
1693775369712855108 144.565445 0.000000
1693775369713828638 144.806940 0.000000
1693775369784643741 144.483885 0.000000
1693775369928895798 144.620082 0.000000
1693775370001778622 144.719778 0.000000
1693775370074845898 144.831633 0.000000
1693775370075874817 144.611437 0.000000
1693775370146972486 144.682988 0.000000
1693775370220178113 144.570678 0.000000
1693775370292177565 144.519122 0.000000
1693775370437685629 144.491578 0.000000
1693775370581995531 144.583798 0.000000
1693775370725321528 144.503962 0.000000
1693775371089496564 144.739779 0.000000
1693775371160906728 144.643973 0.000000
1693775371233286112 144.672032 0.000000
1693775371523316992 144.407703 0.000000
1693775371595435606 144.709950 0.000000
1693775371666314001 144.566372 0.000000
1693775371668431081 144.784770 0.000000
1693775371812556579 144.654342 0.000000
1693775371885500419 144.740892 0.000000
1693775371885715984 144.705260 0.000000
1693775372029420325 144.571645 0.000000
1693775372319609517 144.430772 0.000000
1693775372682311017 144.657720 0.000000
1693775373116323416 144.690379 0.000000
1693775373117352084 144.451359 0.000000
1693775373117486476 144.602971 0.000000
1693775373261674349 144.542597 0.000000
1693775373406053667 144.461093 0.000000
1693775373624672377 144.677579 0.000000
1693775373839890819 144.662154 0.000000
1693775373840572165 144.663717 0.000000
1693775373840900548 144.630325 0.000000
1693775373912808674 144.465067 0.000000
1693775373985047597 144.460276 0.000000
1693775373986489965 144.712366 0.000000
1693775374129836997 144.551057 0.000000
1693775374131037273 144.539866 0.000000
1693775374201763900 144.589305 0.000000
1693775374347488021 144.598258 0.000000
1693775374419722879 144.617350 0.000000
1693775374492915011 144.588027 0.000000
1693775374564309092 144.571114 0.000000
1693775374638114232 144.994596 0.000000
1693775374782782210 144.782900 0.000000
1693775374853787158 144.534838 0.000000
1693775374927814469 144.600271 0.000000
1693775374999081406 144.604231 0.000000
1693775375071481508 144.591941 0.000000
1693775375144926792 144.921896 0.000000
1693775375360996820 144.986764 0.000000
1693775375434838629 144.799217 0.000000
1693775375507056479 144.925651 0.000000
1693775375579277759 144.735158 0.000000
1693775375579465106 144.939447 0.000000
1693775375579666138 144.654702 0.000000
1693775375722799599 144.544546 0.000000
1693775375724049330 144.563816 0.000000
1693775375724684585 144.728118 0.000000
1693775375941174027 144.641827 0.000000
1693775376086258011 144.923131 0.000000
1693775376086306769 144.848597 0.000000
1693775376158248281 144.672207 0.000000
1693775376158944984 144.639662 0.000000
1693775376230838932 144.863482 0.000000
1693775376447298018 144.646443 0.000000
1693775376739087696 144.907714 0.000000
1693775377245903774 144.867716 0.000000
1693775377389121475 144.487980 0.000000
1693775377463458504 144.654873 0.000000
1693775377606828314 144.462501 0.000000
1693775377607240475 144.672895 0.000000
1693775377970141183 144.531576 0.000000
1693775378042231796 144.716761 0.000000
1693775378114728634 144.770691 0.000000
1693775378114970190 144.621405 0.000000
1693775378185557940 144.703360 0.000000
1693775378187431013 144.710628 0.000000
1693775378259778563 144.917366 0.000000
1693775378260299688 145.066758 0.000000
1693775378330549574 144.728062 0.000000
1693775378402949706 144.499853 0.000000
1693775378403479331 144.510753 0.000000
1693775378477346450 144.536287 0.000000
1693775378477376154 144.532749 0.000000
1693775378620076538 144.684400 0.000000
1693775378620112171 144.658305 0.000000
1693775378694102055 144.607703 0.000000
1693775378694550355 144.516061 0.000000
1693775378910709866 144.512458 0.000000
1693775379200029114 144.850877 0.000000
1693775379201510227 144.672654 0.000000
1693775379273380740 144.573864 0.000000
1693775379273607266 144.761605 0.000000
1693775379417932373 144.544456 0.000000
1693775379489947472 144.495868 0.000000
1693775379563703101 144.610093 0.000000
1693775379707706642 144.469507 0.000000
1693775379925916839 144.598813 0.000000
1693775380070152218 144.542812 0.000000
1693775380070661891 144.539526 0.000000
1693775380141294918 144.593796 0.000000
1693775380141971464 144.706523 0.000000
1693775380215319770 144.843968 0.000000
1693775380215914208 144.987004 0.000000
1693775380359706430 144.445801 0.000000
1693775380360838839 144.916203 0.000000
1693775380505043762 144.690951 0.000000
1693775380578157933 144.564253 0.000000
1693775380649245863 144.698429 0.000000
1693775380721908200 144.686796 0.000000
1693775380722456297 144.636620 0.000000
1693775380794507750 144.637663 0.000000
1693775380795035045 144.687539 0.000000
1693775381011063777 144.621600 0.000000
1693775381084047715 144.676178 0.000000
1693775381228734356 144.680246 0.000000
1693775381301606039 144.671090 0.000000
1693775381301864489 144.766051 0.000000
1693775381373267316 144.514642 0.000000
1693775381374146096 144.513098 0.000000
1693775381518593993 144.726624 0.000000
1693775381881169260 144.565275 0.000000
1693775382026237602 144.743268 0.000000
1693775382098691270 144.576651 0.000000
1693775382170416751 144.538888 0.000000
1693775382170596859 144.425441 0.000000
1693775382170815802 144.571860 0.000000
1693775382315739349 144.698860 0.000000
1693775382388475867 144.728634 0.000000
1693775382460714875 144.639106 0.000000
1693775382461221552 144.513274 0.000000
1693775382678150855 144.455951 0.000000
1693775382678708390 144.556104 0.000000
1693775382750476735 144.697411 0.000000
1693775382822417647 144.594287 0.000000
1693775382895656837 144.726093 0.000000
1693775383112800714 144.613466 0.000000
1693775383185283894 144.612639 0.000000
1693775383257700600 144.559691 0.000000
1693775383329526404 144.598466 0.000000
1693775383474614337 144.600271 0.000000
1693775383548850853 145.295715 0.000000
1693775383620501430 144.689037 0.000000
1693775383765214453 144.914746 0.000000
1693775383838143885 144.536808 0.000000
1693775383983272061 144.575989 0.000000
1693775383983635038 144.670905 0.000000
1693775384054418302 144.814639 0.000000
1693775384055098081 144.677515 0.000000
1693775384055151249 144.585471 0.000000
1693775384055193502 144.587571 0.000000
1693775384273542857 144.980172 0.000000
1693775384344225743 144.775702 0.000000
1693775384345294820 144.912961 0.000000
1693775384346247176 144.996465 0.000000
1693775384491237483 144.758524 0.000000
1693775384562362064 144.625068 0.000000
1693775384706623764 144.537094 0.000000
1693775384706898151 144.521267 0.000000
1693775384781211480 144.487349 0.000000
1693775385069838445 144.571183 0.000000
1693775385142422078 144.639246 0.000000
1693775385286490234 144.933710 0.000000
1693775385287691392 144.665227 0.000000
1693775385431306962 144.808971 0.000000
1693775385648969703 144.551502 0.000000
1693775386156234172 144.678052 0.000000
1693775386303186804 144.694354 0.000000
1693775387025955679 144.804756 0.000000
1693775387099532694 144.581863 0.000000
1693775387243097766 144.710250 0.000000
1693775387243181525 144.745888 0.000000
1693775387388500244 144.878863 0.000000
1693775387389117257 144.508508 0.000000
1693775387460223747 144.607352 0.000000
1693775387607261792 144.854275 0.000000
1693775387750276125 144.601469 0.000000
1693775387895919137 144.620578 0.000000
1693775387968126643 145.060966 0.000000
1693775388040317800 144.670504 0.000000
1693775388040918048 144.413197 0.000000
1693775388041382757 144.796927 0.000000
1693775388257366525 144.578390 0.000000
1693775388330938940 144.607964 0.000000
1693775388474702964 144.907555 0.000000
1693775388548803494 145.094494 0.000000
1693775388620257821 144.773342 0.000000
1693775388693828406 144.854130 0.000000
1693775388694162612 144.789595 0.000000
1693775388837357966 144.623038 0.000000
1693775389128516378 144.626306 0.000000
1693775389634787180 144.793123 0.000000
1693775389780388530 144.523071 0.000000
1693775389852880952 144.485819 0.000000
1693775389853069329 144.552359 0.000000
1693775389997812402 144.660797 0.000000
1693775390216049196 145.163564 0.000000
1693775390287208618 144.528228 0.000000
1693775390358859716 144.632761 0.000000
1693775390360672024 145.050390 0.000000
1693775390576614887 144.492581 0.000000
1693775390577103737 144.641832 0.000000
1693775390577313660 144.776155 0.000000
1693775390577721877 144.619205 0.000000
1693775390721133253 144.626461 0.000000
1693775390721374588 144.456386 0.000000
1693775390721726776 144.406120 0.000000
1693775390793366849 144.667011 0.000000
1693775391156133124 144.589045 0.000000
1693775391229947370 144.795760 0.000000
1693775391447121196 144.592658 0.000000
1693775391519001792 144.529472 0.000000
1693775391591334783 145.053237 0.000000
1693775391663858218 144.846057 0.000000
1693775391809282481 144.612004 0.000000
1693775391880338774 144.621600 0.000000
1693775391954123140 144.737348 0.000000
1693775392026398288 144.811852 0.000000
1693775392687080925 145.463525 0.000000
1693775392830628571 144.617049 0.000000
1693775392830914355 144.589600 0.000000
1693775392831652233 144.556924 0.000000
1693775392832012379 144.898292 0.000000
1693775392976816328 144.418213 0.000000
1693775393121328625 144.497753 0.000000
1693775393265667338 144.696470 0.000000
1693775393266328819 144.677871 0.000000
1693775393410723061 144.404346 0.000000
1693775393629029768 144.672614 0.000000
1693775393917921948 144.894548 0.000000
1693775393919463968 144.726218 0.000000
1693775393990414751 144.646027 0.000000
1693775393992270063 144.589932 0.000000
1693775394062373418 144.616308 0.000000
1693775394135406130 144.657474 0.000000
1693775394571069922 144.722133 0.000000
1693775394642432852 144.616147 0.000000
1693775394644112261 144.621014 0.000000
1693775394787736105 144.742467 0.000000
1693775394861098100 144.509059 0.000000
1693775395294442478 144.507756 0.000000
1693775395295405499 144.496225 0.000000
1693775395366330692 144.623159 0.000000
1693775395367330443 144.575333 0.000000
1693775395439675282 144.578284 0.000000
1693775395440165320 144.498158 0.000000
1693775395583803172 144.777487 0.000000
1693775395656970761 144.548446 0.000000
1693775395657056906 144.595029 0.000000
1693775395657904284 145.054756 0.000000
1693775395801306132 144.883342 0.000000
1693775395802919523 144.762016 0.000000
1693775395875010001 144.716682 0.000000
1693775395946624840 144.567475 0.000000
1693775396019614317 144.586995 0.000000
1693775396163683379 144.771058 0.000000
1693775396454169630 144.712602 0.000000
1693775396599829796 144.717578 0.000000
1693775396671094960 144.581382 0.000000
1693775396744402810 144.579403 0.000000
1693775396815954507 144.464369 0.000000
1693775396816534704 144.578971 0.000000
1693775396816824412 144.490916 0.000000
1693775396888743774 144.500725 0.000000
1693775396961099929 144.470575 0.000000
1693775397177582545 144.585688 0.000000
1693775397178935497 144.734518 0.000000
1693775397249650482 144.640624 0.000000
1693775397322963152 144.572666 0.000000
1693775397323811833 144.804163 0.000000
1693775397395544125 144.510137 0.000000
1693775397468880617 144.464922 0.000000
1693775397539545802 144.836960 0.000000
1693775397686312662 144.446889 0.000000
1693775397686535409 144.596678 0.000000
1693775397974846065 144.515990 0.000000
1693775397975063785 144.482632 0.000000
1693775397975676297 144.557767 0.000000
1693775398119167153 144.759270 0.000000
1693775398120609160 145.021765 0.000000
1693775398120639110 144.520821 0.000000
1693775398263977927 144.780329 0.000000
1693775398554338397 144.728559 0.000000
1693775398554450347 144.800611 0.000000
1693775398990667800 144.692044 0.000000
1693775399060762003 144.626692 0.000000
1693775399062518236 144.475526 0.000000
1693775399135350517 144.633083 0.000000
1693775399206086636 144.486051 0.000000
1693775399278690567 144.498098 0.000000
1693775399278754340 144.448107 0.000000
1693775399279465617 144.458823 0.000000
1693775399352531224 144.543168 0.000000
1693775399569758268 144.497562 0.000000
1693775399857848623 144.553698 0.000000
1693775399857932177 144.570427 0.000000
1693775399929813630 144.595595 0.000000
1693775399930873956 144.616919 0.000000
1693775399931605039 144.757861 0.000000
1693775400075522820 144.744065 0.000000
1693775400147106362 144.768176 0.000000
1693775400220171709 144.623881 0.000000
1693775400292956419 144.618081 0.000000
1693775400293741758 144.536292 0.000000
1693775400364711044 144.553337 0.000000
1693775400365106186 144.727717 0.000000
1693775400510286729 144.651419 0.000000
1693775400582359401 144.608425 0.000000
1693775400655388705 144.621485 0.000000
1693775400799748301 144.864513 0.000000
1693775400800839665 144.698468 0.000000
1693775400873071733 144.674949 0.000000
1693775400944364479 144.757211 0.000000
1693775401090869622 145.101344 0.000000
1693775401163152764 144.997073 0.000000
1693775401670637820 144.698088 0.000000
1693775401742191993 144.686436 0.000000
1693775401959006515 144.900253 0.000000
1693775402248584934 144.573299 0.000000
1693775402249828396 144.532378 0.000000
1693775402395473357 144.833563 0.000000
1693775402538754245 144.699637 0.000000
1693775402683673872 144.684029 0.000000
1693775402757245003 144.537771 0.000000
1693775402829216460 144.564202 0.000000
1693775402829631529 144.625484 0.000000
1693775403046951450 144.447897 0.000000
1693775403119188433 144.774937 0.000000
1693775403119674938 144.506824 0.000000
1693775403336416440 144.715508 0.000000
1693775403480944969 144.647556 0.000000
1693775403481073642 144.600222 0.000000
1693775403627037410 144.655568 0.000000
1693775403698027323 144.615672 0.000000
1693775403771432108 144.593290 0.000000
1693775403772099623 144.672347 0.000000
1693775403989562670 144.689182 0.000000
1693775403989704600 144.567721 0.000000
1693775404061282112 144.697877 0.000000
1693775404204966472 144.692274 0.000000
1693775404351532065 144.488642 0.000000
1693775404423237921 144.807808 0.000000
1693775404566896561 144.553416 0.000000
1693775404568445412 144.574055 0.000000
1693775404639499244 144.612559 0.000000
1693775404784155539 144.689929 0.000000
1693775404856555286 144.558439 0.000000
1693775405001230391 144.566082 0.000000
1693775405003348939 144.767194 0.000000
1693775405075365070 144.895706 0.000000
1693775405146428129 144.499948 0.000000
1693775405290999492 144.554193 0.000000
1693775405437673092 144.812318 0.000000
1693775405582196213 144.728779 0.000000
1693775405652990493 144.761675 0.000000
1693775405798358319 145.241113 0.000000
1693775405943637071 144.718340 0.000000
1693775405943694214 144.881895 0.000000
1693775406090550287 145.192435 0.000000
1693775406233375728 144.665397 0.000000
1693775406451485792 144.777311 0.000000
1693775406525501120 144.509069 0.000000
1693775406668704793 144.556704 0.000000
1693775406742857189 144.744576 0.000000
1693775406887711698 144.531307 0.000000
1693775407030162536 144.866323 0.000000
1693775407032175524 144.581848 0.000000
1693775407032391466 144.756300 0.000000
1693775407321978524 144.536994 0.000000
1693775407465734976 144.984112 0.000000
1693775407466282828 145.047494 0.000000
1693775407466423494 145.061577 0.000000
1693775407466832820 144.747978 0.000000
1693775407538250607 144.466645 0.000000
1693775407755807988 144.712823 0.000000
1693775407827515057 144.591109 0.000000
1693775407829335804 144.654342 0.000000
1693775408045222757 144.505304 0.000000
1693775408119249226 144.753697 0.000000
1693775408552048773 144.554203 0.000000
1693775408553064406 144.553577 0.000000
1693775408625977590 144.508483 0.000000
1693775408626175806 144.671050 0.000000
1693775408769640649 144.673683 0.000000
1693775408915078396 144.714596 0.000000
1693775409059836477 144.736631 0.000000
1693775409132238735 144.917784 0.000000
1693775409132578514 144.659859 0.000000
1693775409204537312 144.901746 0.000000
1693775409277354643 144.765024 0.000000
1693775409494364979 144.446239 0.000000
1693775409566325471 144.847740 0.000000
1693775409783313717 144.604591 0.000000
1693775410002454584 144.694119 0.000000
1693775410074342477 144.716180 0.000000
1693775410220153670 144.737800 0.000000
1693775410292646633 144.915112 0.000000
1693775410292673009 144.962477 0.000000
1693775410363527037 144.567149 0.000000
1693775410363867227 144.645911 0.000000
1693775410435796576 144.534869 0.000000
1693775410508748891 144.717634 0.000000
1693775410509592139 144.587441 0.000000
1693775410580841414 144.783136 0.000000
1693775410653767939 144.942200 0.000000
1693775410726082774 144.712050 0.000000
1693775410726556739 144.808008 0.000000
1693775410727502705 144.747021 0.000000
1693775410870732970 144.570176 0.000000
1693775410945047658 144.801372 0.000000
1693775411015478248 144.721332 0.000000
1693775411016741857 144.835958 0.000000
1693775411088381949 144.499427 0.000000
1693775411089332035 144.535185 0.000000
1693775411233378480 144.602436 0.000000
1693775411234047123 144.700343 0.000000
1693775411595098777 144.529170 0.000000
1693775411595951136 144.812979 0.000000
1693775411597031985 144.589460 0.000000
1693775411597121388 144.633412 0.000000
1693775411668788644 144.628146 0.000000
1693775411886134234 144.496620 0.000000
1693775411957225052 144.673522 0.000000
1693775412029869697 144.620067 0.000000
1693775412031646502 144.683184 0.000000
1693775412102985075 144.546310 0.000000
1693775412319396932 144.768762 0.000000
1693775412393571950 144.537019 0.000000
1693775412538396267 144.810163 0.000000
1693775412681611091 144.692234 0.000000
1693775412681615907 144.755471 0.000000
1693775412682510424 144.484337 0.000000
1693775412826320842 144.546637 0.000000
1693775412828543642 144.652487 0.000000
1693775412900469896 144.699587 0.000000
1693775412901055571 144.569206 0.000000
1693775412971725800 144.485274 0.000000
1693775412973500104 144.547217 0.000000
1693775413188392518 144.715954 0.000000
1693775413189717023 144.527893 0.000000
1693775413262972697 144.469377 0.000000
1693775413335578082 144.603213 0.000000
1693775413480463302 144.849106 0.000000
1693775413624319352 144.606232 0.000000
1693775413767716064 144.636550 0.000000
1693775413841713765 144.734497 0.000000
1693775413985412538 144.819129 0.000000
1693775414130103519 144.701281 0.000000
1693775414347580714 144.772485 0.000000
1693775414420718315 144.694119 0.000000
1693775414493607272 144.671566 0.000000
1693775414565116947 144.845084 0.000000
1693775414637995976 145.049474 0.000000
1693775414638459939 145.077589 0.000000
1693775414710003738 144.874082 0.000000
1693775414782772832 144.512573 0.000000
1693775414854873645 144.734873 0.000000
1693775414999778117 144.678517 0.000000
1693775415072483774 144.696419 0.000000
1693775415217358086 144.804123 0.000000
1693775415289977463 144.682151 0.000000
1693775415362208953 144.840303 0.000000
1693775415434605588 144.562684 0.000000
1693775415580015589 144.847159 0.000000
1693775415798048309 145.288769 0.000000
1693775415798102059 144.668234 0.000000
1693775415869610932 144.638240 0.000000
1693775415870714534 145.064945 0.000000
1693775415943757003 145.121295 0.000000
1693775416159328233 144.824441 0.000000
1693775416161269946 144.675851 0.000000
1693775416232630871 144.548475 0.000000
1693775416233582891 144.584088 0.000000
1693775416305604952 144.636641 0.000000
1693775416305843590 144.563030 0.000000
1693775416449417771 144.609229 0.000000
1693775416450076721 144.508558 0.000000
1693775416956721504 144.843666 0.000000
1693775417029086886 144.604822 0.000000
1693775417101047178 144.618734 0.000000
1693775417174672079 144.586033 0.000000
1693775417246750976 145.010042 0.000000
1693775417246779787 144.955521 0.000000
1693775417536204404 144.477100 0.000000
1693775417609605391 145.055127 0.000000
1693775417898783169 144.511024 0.000000
1693775418042956133 144.756668 0.000000
1693775418043127766 144.629804 0.000000
1693775418188658227 144.580931 0.000000
1693775418333513871 144.863452 0.000000
1693775418334121717 145.205681 0.000000
1693775418478736562 144.591882 0.000000
1693775418478925380 144.440420 0.000000
1693775418479326241 144.660195 0.000000
1693775418622929507 144.521488 0.000000
1693775418696089353 144.537726 0.000000
1693775418840350181 144.992587 0.000000
1693775418913881860 144.549794 0.000000
1693775419058531741 144.934176 0.000000
1693775419202933045 144.645401 0.000000
1693775419275805380 144.587532 0.000000
1693775419347816002 144.608300 0.000000
1693775419419589325 144.575845 0.000000
1693775419492091705 144.820974 0.000000
1693775419493049283 144.674147 0.000000
1693775419637729755 144.612755 0.000000
1693775419638274169 144.927696 0.000000
1693775419709442687 144.954684 0.000000
1693775419782861099 144.570872 0.000000
1693775420071818561 144.575913 0.000000
1693775420073449633 144.803537 0.000000
1693775420218187974 144.976023 0.000000
1693775420218274049 144.879409 0.000000
1693775420580258685 144.827262 0.000000
1693775420725337757 144.525161 0.000000
1693775420796792931 144.564287 0.000000
1693775420942871785 144.717243 0.000000
1693775421376660995 144.914766 0.000000
1693775421810893996 144.585206 0.000000
1693775422028950627 144.690465 0.000000
1693775422173461405 144.724279 0.000000
1693775422246323054 144.832926 0.000000
1693775422247006139 144.570798 0.000000
1693775422318209068 144.722649 0.000000
1693775422535899889 144.766878 0.000000
1693775422536192589 144.827333 0.000000
1693775422609010701 144.793615 0.000000
1693775422682681414 144.927922 0.000000
1693775422754137795 145.110344 0.000000
1693775422826285958 145.006438 0.000000
1693775423043252613 144.583422 0.000000
1693775423189311786 144.667562 0.000000
1693775423334302107 145.136270 0.000000
1693775423479631816 145.107107 0.000000
1693775423480103376 145.232713 0.000000
1693775423624426253 144.648919 0.000000
1693775423624604427 144.561962 0.000000
1693775423769090057 144.469703 0.000000
1693775423841498323 144.495046 0.000000
1693775424059673815 144.915924 0.000000
1693775424204311082 144.621105 0.000000
1693775424348974874 144.648613 0.000000
1693775424856619601 144.605746 0.000000
1693775424856636713 144.799718 0.000000
1693775424929293294 144.500359 0.000000
1693775425291633250 144.587411 0.000000
1693775425363900339 144.590253 0.000000
1693775425435345083 144.640145 0.000000
1693775425653256822 144.455084 0.000000
1693775425798297957 144.508623 0.000000
1693775426015411372 144.767398 0.000000
1693775426015959780 144.504428 0.000000
1693775426088209730 144.420323 0.000000
1693775426449941789 144.504093 0.000000
1693775427101067027 144.582570 0.000000
1693775427174386113 144.543393 0.000000
1693775427246546389 144.749322 0.000000
1693775427246604735 144.669276 0.000000
1693775427246914409 144.650583 0.000000
1693775427319199925 144.799579 0.000000
1693775427463418951 144.465619 0.000000
1693775427607662438 144.493011 0.000000
1693775427609475948 145.008501 0.000000
1693775427752600123 144.603970 0.000000
1693775427753594220 144.508218 0.000000
1693775427826295963 144.489032 0.000000
1693775427826510376 144.445286 0.000000
1693775427826882023 144.577723 0.000000
1693775427897097644 144.479530 0.000000
1693775427971697028 144.670604 0.000000
1693775428115390188 144.488571 0.000000
1693775428188529085 145.031994 0.000000
1693775428188569524 144.621561 0.000000
1693775428188636515 144.723301 0.000000
1693775428333207728 144.978083 0.000000
1693775428403978743 144.526730 0.000000
1693775428405620245 144.536062 0.000000
1693775428477468250 144.496465 0.000000
1693775428478482485 144.538482 0.000000
1693775428548676435 144.676337 0.000000
1693775428622067379 144.832952 0.000000
1693775428623426840 144.530765 0.000000
1693775428767358985 144.559381 0.000000
1693775428768211374 144.523518 0.000000
1693775428984370198 145.004520 0.000000
1693775429131091233 144.892505 0.000000
1693775429202621270 144.497661 0.000000
1693775429347184846 144.626750 0.000000
1693775429348070732 144.437168 0.000000
1693775429490306288 144.817275 0.000000
1693775429491081939 144.484263 0.000000
1693775429564607605 144.559146 0.000000
1693775429564859319 144.471081 0.000000
1693775429564946471 144.471299 0.000000
1693775429565208695 144.471412 0.000000
1693775429709779442 144.550646 0.000000
1693775429781228933 144.584980 0.000000
1693775429926447013 144.505206 0.000000
1693775430069963367 144.452152 0.000000
1693775430070575914 144.499191 0.000000
1693775430141867874 144.635999 0.000000
1693775430142357381 144.809792 0.000000
1693775430288789755 144.578460 0.000000
1693775430361003731 144.814904 0.000000
1693775430361196137 144.517574 0.000000
1693775430432502190 144.646358 0.000000
1693775430432695178 144.739875 0.000000
1693775430505612772 144.594307 0.000000
1693775430576180310 144.756734 0.000000
1693775430578203732 144.690164 0.000000
1693775430794728086 144.659348 0.000000
1693775430940300603 145.053343 0.000000
1693775431011593521 144.757050 0.000000
1693775431157188430 144.587030 0.000000
1693775431227791095 144.710041 0.000000
1693775431301399177 144.770061 0.000000
1693775431518174488 144.539254 0.000000
1693775431518222770 144.514291 0.000000
1693775431592285868 144.766608 0.000000
1693775431880403241 144.669361 0.000000
1693775431881550203 144.566558 0.000000
1693775432025550652 144.760458 0.000000
1693775432099450728 144.492574 0.000000
1693775432170981476 144.477216 0.000000
1693775432460746232 144.738407 0.000000
1693775432461406861 144.761801 0.000000
1693775432461574436 144.877209 0.000000
1693775432461649037 144.787173 0.000000
1693775432533182268 144.732393 0.000000
1693775432533588882 144.867873 0.000000
1693775432605406923 144.575964 0.000000
1693775432678450796 144.800816 0.000000
1693775432895138207 144.789596 0.000000
1693775433040470563 144.824983 0.000000
1693775433112386727 144.664199 0.000000
1693775433185104973 144.619365 0.000000
1693775433257846663 144.714687 0.000000
1693775433330230062 144.610921 0.000000
1693775433331033748 144.717609 0.000000
1693775433474566610 144.730598 0.000000
1693775433910303849 144.718821 0.000000
1693775433910569666 144.903454 0.000000
1693775434055875270 144.598637 0.000000
1693775434200565810 144.884896 0.000000
1693775434345238504 144.619334 0.000000
1693775434561980678 144.685534 0.000000
1693775434562350096 144.623590 0.000000
1693775434562462762 144.698053 0.000000
1693775434779929573 144.905840 0.000000
1693775434997427842 144.703561 0.000000
1693775435286509809 144.542311 0.000000
1693775435287603969 145.394019 0.000000
1693775435287761465 144.617621 0.000000
1693775435360702513 145.401552 0.000000
1693775435431646470 145.111213 0.000000
1693775435432488174 144.544382 0.000000
1693775435505923029 144.847389 0.000000
1693775435650521240 144.825684 0.000000
1693775435867711154 144.486757 0.000000
1693775436156297394 144.605022 0.000000
1693775436157812266 144.656672 0.000000
1693775436373044795 144.745006 0.000000
1693775436373331360 144.581552 0.000000
1693775436445829330 144.510783 0.000000
1693775436447587381 144.730033 0.000000
1693775436518131460 144.565375 0.000000
1693775436519808278 144.504609 0.000000
1693775436954497012 144.901090 0.000000
1693775437027097069 144.830831 0.000000
1693775437096845104 144.655670 0.000000
1693775437170387904 144.744460 0.000000
1693775437171568064 144.526694 0.000000
1693775437242797319 144.584288 0.000000
1693775437314139074 144.809948 0.000000
1693775437460966405 144.606686 0.000000
1693775437532550062 144.670343 0.000000
1693775437606679680 144.533120 0.000000
1693775437749225506 144.828491 0.000000
1693775438112908856 144.547178 0.000000
1693775438402339572 144.657468 0.000000
1693775438403688915 144.983014 0.000000
1693775438548181029 144.522740 0.000000
1693775438764894808 144.545774 0.000000
1693775438837888102 144.774450 0.000000
1693775438909734744 144.678231 0.000000
1693775438910236675 144.590102 0.000000
1693775438982337863 144.898729 0.000000
1693775438983036345 144.683634 0.000000
1693775439054921638 144.911805 0.000000
1693775439199754608 144.826700 0.000000
1693775439490272193 144.835792 0.000000
1693775439707010192 144.640514 0.000000
1693775439997071928 144.738029 0.000000
1693775439998281491 144.586418 0.000000
1693775440215324349 144.557362 0.000000
1693775440215353391 144.512046 0.000000
1693775440359834677 144.496038 0.000000
1693775440431523257 144.584234 0.000000
1693775440504621544 144.591825 0.000000
1693775440793173931 144.566257 0.000000
1693775440794843357 144.702443 0.000000
1693775440867440416 144.760382 0.000000
1693775441012216666 144.563075 0.000000
1693775441083090497 144.789428 0.000000
1693775441083859628 144.478946 0.000000
1693775441083979911 144.572256 0.000000
1693775441084080745 144.532083 0.000000
1693775441300464727 144.817370 0.000000
1693775441300904989 144.520715 0.000000
1693775441662916978 144.792262 0.000000
1693775441736168929 144.793014 0.000000
1693775441953122784 144.653059 0.000000
1693775441953363648 144.760523 0.000000
1693775441954116746 144.742106 0.000000
1693775442026011881 145.091681 0.000000
1693775442097166457 144.534207 0.000000
1693775442241920986 144.729642 0.000000
1693775442242804026 144.554650 0.000000
1693775442243696559 144.677375 0.000000
1693775442532344287 144.814002 0.000000
1693775442532691217 144.512823 0.000000
1693775442605851359 144.597049 0.000000
1693775442676960705 144.599754 0.000000
1693775442677457794 144.751532 0.000000
1693775442749904540 144.546621 0.000000
1693775442894122298 144.442199 0.000000
1693775442968484260 144.614895 0.000000
1693775443039284222 144.434410 0.000000
1693775443185653811 144.612148 0.000000
1693775443256337614 144.817029 0.000000
1693775443330388895 144.715187 0.000000
1693775443473933284 144.784765 0.000000
1693775443619949538 145.385028 0.000000
1693775443620415429 145.321525 0.000000
1693775443835658022 144.541760 0.000000
1693775443838098412 145.079282 0.000000
1693775444054946081 144.486848 0.000000
1693775444126443042 144.703737 0.000000
1693775444127248256 144.633593 0.000000
1693775444199986063 144.628471 0.000000
1693775444342722411 144.490932 0.000000
1693775444415535628 144.412701 0.000000
1693775444415763182 144.472389 0.000000
1693775444417102471 144.683795 0.000000
1693775444489168974 144.594998 0.000000
1693775444561645103 144.526063 0.000000
1693775444778988507 144.541545 0.000000
1693775444923170968 144.544206 0.000000
1693775444996070350 144.592503 0.000000
1693775445140622770 145.248766 0.000000
1693775445212869897 144.792893 0.000000
1693775445865156236 144.928132 0.000000
1693775445865382711 144.519504 0.000000
1693775446083292442 145.019460 0.000000
1693775446300519977 144.608730 0.000000
1693775446372467549 144.576586 0.000000
1693775446444312573 144.779848 0.000000
1693775446444527898 144.806936 0.000000
1693775446445161679 144.603789 0.000000
1693775446516661727 144.773949 0.000000
1693775446517113365 144.692034 0.000000
1693775446517278178 144.644684 0.000000
1693775446590139181 144.531351 0.000000
1693775446663320417 144.845054 0.000000
1693775446807481162 144.603950 0.000000
1693775446880003869 144.756934 0.000000
1693775446953188989 144.634872 0.000000
1693775447098121590 144.690076 0.000000
1693775447241143007 144.489984 0.000000
1693775447242788868 144.651938 0.000000
1693775447313819080 144.623485 0.000000
1693775447458439443 144.626723 0.000000
1693775447458913343 144.627114 0.000000
1693775447603457789 144.603714 0.000000
1693775447604909174 144.788292 0.000000
1693775447675484710 144.590538 0.000000
1693775447675537217 144.612419 0.000000
1693775447820216542 144.660556 0.000000
1693775447893837579 144.670298 0.000000
1693775448039169383 144.555461 0.000000
1693775448181968998 144.644789 0.000000
1693775448254680885 144.597895 0.000000
1693775448328357000 144.490331 0.000000
1693775448401429752 144.587813 0.000000
1693775448472531051 144.776300 0.000000
1693775448544444413 144.781973 0.000000
1693775448616871023 144.604415 0.000000
1693775448906514979 144.512672 0.000000
1693775448907095156 144.507381 0.000000
1693775449052411875 144.929906 0.000000
1693775449052442375 144.832369 0.000000
1693775449124969809 144.606786 0.000000
1693775449269646853 145.084806 0.000000
1693775449341950962 144.665077 0.000000
1693775449486416551 144.683980 0.000000
1693775449631463594 144.647420 0.000000
1693775449776788036 145.005912 0.000000
1693775449995067298 145.170976 0.000000
1693775450066723258 144.502514 0.000000
1693775450283409603 144.740687 0.000000
1693775450356812764 144.554875 0.000000
1693775450646022903 144.472569 0.000000
1693775450791518031 144.560103 0.000000
1693775450863193406 144.707911 0.000000
1693775450863591555 144.725953 0.000000
1693775450935453885 144.645195 0.000000
1693775451008100960 144.494967 0.000000
1693775451081909823 144.706382 0.000000
1693775451153756321 144.656737 0.000000
1693775451298849707 144.591040 0.000000
1693775451588580234 144.630512 0.000000
