1695211815163109255 78.422466 205.419241 192 16 0.000000
1695211816176758147 77.245784 206.185792 209 16 0.000000
1695211817190492197 76.128854 210.114280 213 16 0.000000
1695211818203829802 75.727481 212.170161 215 16 0.000000
1695211819217509093 76.138350 210.125627 213 16 0.000000
1695211820231157306 76.152292 209.145544 212 16 0.000000
1695211821172261765 76.001663 211.453672 199 16 0.000000
1695211822186729990 75.484070 211.933703 215 16 0.000000
1695211823199393095 75.732855 210.336483 213 16 0.000000
1695211824213522995 77.163464 208.060129 211 16 0.000000
1695211825226122275 75.741496 211.337308 214 16 0.000000
1695211826239337932 76.131795 209.234816 212 16 0.000000
1695211827180638140 74.893874 214.596790 202 16 0.000000
1695211828193930113 75.764786 211.192837 214 16 0.000000
1695211829207784166 75.078842 213.048399 216 16 0.000000
1695211830221322527 74.717838 214.101435 217 16 0.000000
1695211831235116207 74.052326 216.020281 219 16 0.000000
1695211832249026852 76.123059 210.077682 213 16 0.000000
1695211833262664873 74.392318 215.066912 218 16 0.000000
1695211834204235231 76.083467 209.224943 197 16 0.000000
1695211835217413396 75.046376 214.177532 217 16 0.000000
1695211836231295463 76.906404 206.138369 209 16 0.000000
1695211837244657430 76.789285 210.191429 213 16 0.000000
1695211838258368815 76.522747 207.159555 210 16 0.000000
1695211839271691070 76.434716 211.186517 214 16 0.000000
1695211840213528572 77.657444 204.918541 193 16 0.000000
1695211841226134555 77.933660 204.423080 207 16 0.000000
1695211842239680744 76.127634 210.153225 213 16 0.000000
1695211843253583989 77.240541 207.120366 210 16 0.000000
1695211844267111455 77.921764 206.210485 209 16 0.000000
1695211845280428902 77.915621 206.253232 209 16 0.000000
1695211846222092808 75.671859 211.328052 199 16 0.000000
1695211847235290719 76.804159 208.251489 211 16 0.000000
1695211848247861147 77.554448 205.417844 208 16 0.000000
1695211849261799339 75.773310 211.058224 214 16 0.000000
1695211850274938229 75.066735 213.198796 216 16 0.000000
1695211851288460993 77.568200 206.211458 209 16 0.000000
1695211852302031038 75.558362 205.215220 208 16 0.000000
1695211853243329782 77.761249 213.534749 201 16 0.000000
1695211854257284399 75.811806 210.068583 213 16 0.000000
1695211855270545000 77.158342 208.238622 211 16 0.000000
1695211856283895476 75.763459 211.180645 214 16 0.000000
1695211857297690367 76.140505 209.115279 212 16 0.000000
1695211858311031270 75.766671 209.208961 212 16 0.000000
1695211859251708152 76.695500 211.549795 199 16 0.000000
1695211860264562248 75.362299 212.271447 215 16 0.000000
1695211861277680637 76.803935 208.267858 211 16 0.000000
1695211862290747173 76.462820 208.278524 211 16 0.000000
1695211863303625111 76.769898 209.304584 212 16 0.000000
1695211864315974886 75.351766 211.389395 214 16 0.000000
1695211865256541267 76.816094 207.321882 195 16 0.000000
1695211866270323385 78.679826 204.185872 207 16 0.000000
1695211867285060053 75.446056 212.863130 216 16 0.000000
1695211868299139728 75.810315 211.028778 214 16 0.000000
1695211869312595841 76.523609 208.198467 211 16 0.000000
1695211870326394077 79.116453 201.223464 204 16 0.000000
1695211871339681037 76.164515 209.220098 212 16 0.000000
1695211872281995787 76.452317 211.182097 199 16 0.000000
1695211873295801729 74.720959 215.031292 218 16 0.000000
1695211874309200112 75.788988 211.170648 214 16 0.000000
1695211875323797783 75.820484 210.921051 214 16 0.000000
1695211876338705717 75.875039 210.856553 214 16 0.000000
1695211877351668922 77.927722 195.466136 198 16 0.000000
1695211878294560138 76.980169 218.476952 206 16 0.000000
1695211879308318918 75.799062 210.109156 213 16 0.000000
1695211880322458384 75.814281 211.016340 214 16 0.000000
1695211881336967077 74.425217 215.868039 219 16 0.000000
1695211882351429131 76.957820 206.020516 209 16 0.000000
1695211883364257947 76.035863 198.454056 201 16 0.000000
1695211884308601430 74.458219 228.730363 216 16 0.000000
1695211885321734840 76.177869 210.238840 213 16 0.000000
1695211886336378048 76.178547 209.926009 213 16 0.000000
1695211887349891867 76.851035 208.186604 211 16 0.000000
1695211888364379265 76.189400 209.958252 213 16 0.000000
1695211889305963607 76.055112 210.283870 198 16 0.000000
1695211890319796215 75.786861 211.080211 214 16 0.000000
1695211891334699331 76.221699 209.872248 213 16 0.000000
1695211892349836098 77.635398 206.868679 210 16 0.000000
1695211893363811132 74.393997 214.995430 218 16 0.000000
1695211894377195013 75.067187 213.147262 216 16 0.000000
1695211895318110747 76.504489 207.244914 195 16 0.000000
1695211896332380942 77.600513 208.031357 211 16 0.000000
1695211897346871456 74.744268 213.900467 217 16 0.000000
1695211898360900357 75.814780 211.039348 214 16 0.000000
1695211899374130590 77.277819 204.297103 207 16 0.000000
1695211900388279513 77.558602 208.056232 211 16 0.000000
1695211901330101186 74.956771 214.477963 202 16 0.000000
1695211902344006896 75.783591 210.078710 213 16 0.000000
1695211903358620770 77.633581 205.989682 209 16 0.000000
1695211904372377434 76.509563 209.123170 212 16 0.000000
1695211905386011623 75.826090 210.134979 213 16 0.000000
1695211906401295068 76.914504 209.793626 213 16 0.000000
1695211907342995054 75.687396 210.258033 198 16 0.000000
1695211908356983670 75.492102 210.061552 213 16 0.000000
1695211909370703947 77.189557 210.117127 213 16 0.000000
1695211910385369776 76.912325 207.950244 211 16 0.000000
1695211911399513619 77.232171 207.071217 210 16 0.000000
1695211912413456902 74.807593 212.043410 215 16 0.000000
1695211913355567257 77.217189 209.105031 197 16 0.000000
1695211914370110903 76.957407 206.003945 209 16 0.000000
1695211915383775858 78.671171 204.209481 207 16 0.000000
1695211916398495089 75.145586 211.881283 215 16 0.000000
1695211917412473322 76.824079 210.063675 213 16 0.000000
1695211918426591128 75.138540 212.006923 215 16 0.000000
1695211919367329056 75.287438 212.599069 200 16 0.000000
1695211920381381493 76.890907 207.089873 210 16 0.000000
1695211921396061054 78.001857 205.976352 209 16 0.000000
1695211922409709521 78.754218 202.239747 205 16 0.000000
1695211923424527460 75.116300 213.831465 217 16 0.000000
1695211924437895534 76.143698 210.190166 213 16 0.000000
1695211925378798806 74.520873 214.687315 202 16 0.000000
1695211926394216011 76.526132 209.765990 213 16 0.000000
1695211927406927051 75.397520 211.313979 214 16 0.000000
1695211928420034062 77.596383 205.309018 208 16 0.000000
1695211929434751083 77.329942 205.968721 209 16 0.000000
1695211930449101843 80.200078 202.099742 205 16 0.000000
1695211931390823549 75.351480 211.315091 199 16 0.000000
1695211932405296919 76.519363 209.961147 213 16 0.000000
1695211933419665915 76.922456 207.025248 210 16 0.000000
1695211934433936920 75.144693 212.960842 216 16 0.000000
1695211935447927374 77.607527 206.116339 209 16 0.000000
1695211936462434759 77.629306 206.011319 209 16 0.000000
1695211937404140484 79.251741 201.761531 190 16 0.000000
1695211938418597852 78.041989 206.021489 209 16 0.000000
1695211939432556727 76.866585 208.095208 211 16 0.000000
1695211940446058205 76.137394 210.162500 213 16 0.000000
1695211941460971060 76.180173 208.884925 212 16 0.000000
1695211942474465928 75.816839 210.163875 213 16 0.000000
1695211943415688646 76.768596 210.364662 198 16 0.000000
1695211944430451016 76.589287 207.930449 211 16 0.000000
1695211945445286984 78.011191 205.944609 209 16 0.000000
1695211946458973346 75.449059 211.110654 214 16 0.000000
1695211947473057442 76.122921 211.027888 214 16 0.000000
1695211948486976522 75.948886 204.158303 207 16 0.000000
1695211949428071120 77.432115 212.518472 200 16 0.000000
1695211950442343927 76.864748 209.016754 212 16 0.000000
1695211951456933737 76.256178 206.980195 210 16 0.000000
1695211952470405212 77.909962 207.208595 210 16 0.000000
1695211953485427331 76.546133 207.877211 211 16 0.000000
1695211954497880681 77.636447 193.589191 196 16 0.000000
1695211955441252829 76.900327 223.665716 211 16 0.000000
1695211956454348769 79.861899 200.375893 203 16 0.000000
1695211957468864428 75.105114 211.923768 215 16 0.000000
1695211958482835146 77.671926 205.134145 208 16 0.000000
1695211959497590615 76.526768 209.902784 213 16 0.000000
1695211960439748157 75.353240 212.278723 200 16 0.000000
1695211961453751153 77.265419 207.099970 210 16 0.000000
1695211962467954560 76.160620 210.017052 213 16 0.000000
1695211963482199851 75.462810 212.966211 216 16 0.000000
1695211964497785645 74.523388 214.654463 218 16 0.000000
1695211965511823290 76.462909 208.079065 211 16 0.000000
1695211966453763542 75.727084 212.327658 200 16 0.000000
1695211967466718866 76.119118 209.288621 212 16 0.000000
1695211968480581965 77.210504 207.128528 210 16 0.000000
1695211969494628744 76.912716 208.077219 211 16 0.000000
1695211970508001955 74.686021 215.123117 218 16 0.000000
1695211971521603431 77.255927 206.195435 209 16 0.000000
1695211972463720094 76.487996 209.103614 197 15 0.000000
1695211973478110469 76.884994 208.992524 212 16 0.000000
1695211974491197271 76.119830 209.261433 212 16 0.000000
1695211975505837297 75.118479 212.883382 216 16 0.000000
1695211976519313648 78.764369 202.274077 205 16 0.000000
1695211977534205381 77.243784 208.889283 212 16 0.000000
1695211978476437159 75.355579 212.261997 200 16 0.000000
1695211979490251434 76.202170 207.138500 210 16 0.000000
1695211980503976120 77.574431 207.156866 210 16 0.000000
1695211981517826962 77.179805 209.103746 212 16 0.000000
1695211982531422248 76.532921 206.196692 209 16 0.000000
1695211983544255219 77.101227 210.301218 213 16 0.000000
