1693777377698792147 216.750205 0.000000
1693777377989088554 216.651736 0.000000
1693777379073661110 216.707710 0.000000
1693777380232101908 216.598065 0.000000
1693777382549300586 216.578551 0.000000
1693777382621504278 216.747364 0.000000
1693777382693566231 216.609573 0.000000
1693777383562154554 216.821090 0.000000
1693777384648098022 216.785994 0.000000
1693777384720433090 216.626527 0.000000
1693777385371452373 216.786925 0.000000
1693777385453473652 216.698694 0.000000
1693777385516126077 216.625625 0.000000
1693777386022913320 216.743845 0.000000
1693777386385074174 216.772016 0.000000
1693777386891389203 216.828467 0.000000
1693777388193971641 216.715079 0.000000
1693777391595182186 216.698996 0.000000
1693777392752559734 216.689027 0.000000
1693777393548069289 216.673994 0.000000
1693777394055210551 216.728560 0.000000
1693777395141161987 216.699110 0.000000
1693777395792595099 216.615998 0.000000
1693777395936688031 216.884518 0.000000
1693777395937190771 216.496736 0.000000
1693777396804983048 216.646078 0.000000
1693777397816906851 216.657313 0.000000
1693777399336386757 216.847812 0.000000
1693777399989658769 216.694459 0.000000
1693777402595260261 216.864070 0.000000
1693777403246971311 216.782826 0.000000
1693777403609058047 216.704700 0.000000
1693777403898273442 216.681930 0.000000
1693777405346516131 216.600617 0.000000
1693777408024370486 216.739711 0.000000
1693777408096935008 216.721253 0.000000
1693777408169314394 216.587471 0.000000
1693777408386103634 216.728904 0.000000
1693777410123453676 216.833338 0.000000
1693777410413156412 216.602858 0.000000
1693777410775966607 216.747800 0.000000
1693777411934240677 216.630882 0.000000
1693777412366587115 216.631814 0.000000
1693777412729106544 216.556363 0.000000
1693777412730362297 216.715745 0.000000
1693777417214646906 216.811769 0.000000
1693777418446145654 216.763466 0.000000
1693777419170665969 216.771539 0.000000
1693777420037906071 216.612224 0.000000
1693777420400425209 216.689910 0.000000
1693777420471623822 216.686407 0.000000
1693777425032053417 216.707370 0.000000
1693777425683541958 216.742271 0.000000
1693777427202736559 216.814248 0.000000
1693777427854032723 216.956405 0.000000
1693777427926361852 216.676669 0.000000
1693777430894423535 216.560899 0.000000
1693777431472792753 216.765941 0.000000
1693777432124393877 216.589857 0.000000
1693777432486494365 216.721113 0.000000
1693777434729769424 216.830486 0.000000
1693777435887797176 216.653585 0.000000
1693777435959664851 216.694455 0.000000
1693777436973191215 216.595024 0.000000
1693777437118713659 216.867868 0.000000
1693777437190575896 216.626086 0.000000
1693777439868729993 216.773333 0.000000
1693777440013172735 216.833358 0.000000
1693777442546870830 216.643587 0.000000
1693777442619649516 216.778436 0.000000
1693777442836267798 216.679609 0.000000
1693777443126724022 216.679746 0.000000
1693777443560410706 216.560478 0.000000
1693777444284506077 216.955582 0.000000
1693777444717796309 216.638155 0.000000
1693777445369527438 216.730238 0.000000
1693777445369615383 216.741674 0.000000
1693777445441956505 216.639171 0.000000
1693777445731830298 217.076269 0.000000
1693777445875669088 216.868455 0.000000
1693777447106704674 216.710182 0.000000
1693777448481903656 216.594899 0.000000
1693777448771309249 216.998236 0.000000
1693777449421968189 216.689323 0.000000
1693777449495545118 216.574040 0.000000
1693777449639299872 216.641417 0.000000
1693777449711981883 216.758133 0.000000
1693777450219005039 216.703967 0.000000
1693777450798006865 216.727697 0.000000
1693777451303054403 216.700308 0.000000
1693777451881591993 216.735150 0.000000
1693777452896453826 216.784399 0.000000
1693777453039786298 216.859249 0.000000
1693777453837140016 216.736769 0.000000
1693777454126383542 216.662566 0.000000
1693777454270099953 216.874995 0.000000
1693777454271112424 216.951633 0.000000
1693777455067454702 216.966715 0.000000
1693777455210762017 216.900474 0.000000
1693777456297171820 216.852315 0.000000
1693777456659055063 217.145355 0.000000
1693777456874999297 216.717259 0.000000
1693777457960707391 216.779939 0.000000
1693777458249172406 216.818789 0.000000
1693777459842660158 216.549307 0.000000
1693777460058556355 217.089885 0.000000
1693777460420963654 216.651270 0.000000
1693777462014324510 216.673671 0.000000
1693777462303703106 216.778968 0.000000
1693777463099659176 216.661093 0.000000
1693777464184840760 216.753378 0.000000
1693777465919175525 216.639558 0.000000
1693777466715097731 216.839702 0.000000
1693777467078444351 216.653921 0.000000
1693777467583955861 216.661001 0.000000
1693777467657850999 216.797724 0.000000
1693777468234911184 216.681791 0.000000
1693777468379663997 216.645541 0.000000
1693777470333408072 216.577478 0.000000
1693777470333543878 216.635588 0.000000
1693777471274124888 216.705632 0.000000
1693777471491842620 216.690916 0.000000
1693777472142795880 216.649510 0.000000
1693777473878861589 216.679470 0.000000
1693777474746699341 216.671772 0.000000
1693777475325772387 216.629294 0.000000
1693777477858446720 216.844133 0.000000
1693777478147917526 216.719875 0.000000
1693777479884610489 216.732568 0.000000
1693777480246396837 216.794784 0.000000
1693777480391290076 216.785322 0.000000
1693777480680869078 216.770834 0.000000
1693777481766240620 216.702564 0.000000
1693777483720725764 216.657514 0.000000
1693777485601635112 216.634897 0.000000
1693777485964436848 216.559115 0.000000
1693777488213194139 216.930179 0.000000
1693777488358757909 216.681329 0.000000
1693777488648399667 216.825907 0.000000
1693777489299054072 216.651647 0.000000
1693777490383679908 216.588774 0.000000
1693777491251166157 216.873255 0.000000
1693777492191562984 216.602727 0.000000
1693777492336472487 216.865303 0.000000
1693777492481318762 216.809157 0.000000
1693777492553348259 216.797184 0.000000
1693777492916288803 216.877927 0.000000
1693777493566636849 216.655644 0.000000
1693777494651513644 216.761280 0.000000
1693777495012932803 216.778305 0.000000
1693777495158470888 216.667697 0.000000
1693777496099059329 216.781784 0.000000
1693777496171951130 216.713799 0.000000
1693777496534100327 216.766614 0.000000
1693777498487737383 216.743705 0.000000
1693777498849953676 216.624939 0.000000
1693777499429226793 216.841563 0.000000
1693777499500608035 216.601639 0.000000
1693777499646190460 216.694270 0.000000
1693777499862027483 216.747122 0.000000
1693777500585741994 216.891088 0.000000
1693777500658576043 216.534624 0.000000
1693777500947568404 216.651730 0.000000
1693777501598347610 216.654583 0.000000
1693777502467451981 216.916478 0.000000
1693777503407984238 216.871623 0.000000
1693777503552902797 216.777168 0.000000
1693777503915202279 216.704252 0.000000
1693777503987286502 216.582075 0.000000
1693777504927964840 216.741344 0.000000
1693777505796412322 216.626086 0.000000
1693777506157916596 216.812697 0.000000
1693777506303306168 216.620834 0.000000
1693777507026248446 216.568787 0.000000
1693777507243509991 216.733747 0.000000
1693777508256066438 216.689810 0.000000
1693777509632436851 216.828532 0.000000
1693777510789911220 216.644327 0.000000
1693777512092255645 216.744401 0.000000
1693777512816258061 216.737255 0.000000
1693777513322372633 216.746898 0.000000
1693777513756466835 216.622412 0.000000
1693777514045795439 216.826798 0.000000
1693777514118881691 216.705271 0.000000
1693777514190908531 216.662836 0.000000
1693777516578862672 216.541354 0.000000
1693777517084782286 216.770573 0.000000
1693777517880780063 216.784855 0.000000
1693777519184252559 216.716757 0.000000
1693777519546244991 216.682412 0.000000
1693777521065903443 216.563240 0.000000
1693777521210245375 216.706268 0.000000
1693777523525720253 216.708037 0.000000
1693777523960179589 216.944001 0.000000
1693777524394484948 216.598446 0.000000
1693777525478513725 216.678709 0.000000
1693777525553009171 216.634821 0.000000
1693777525696351641 216.576079 0.000000
1693777526418242351 216.717829 0.000000
1693777526996762074 216.685414 0.000000
1693777528517832368 216.716853 0.000000
1693777529384968307 216.902153 0.000000
1693777529819351307 216.691804 0.000000
1693777529963603615 216.527010 0.000000
1693777530399069104 216.744421 0.000000
1693777530687240705 216.642388 0.000000
1693777531410497660 216.910127 0.000000
1693777531990252082 216.680417 0.000000
1693777533798830833 216.655524 0.000000
1693777534667315793 216.720617 0.000000
1693777534811762880 216.571209 0.000000
1693777535534802719 216.594427 0.000000
1693777535535116299 216.766593 0.000000
1693777535968504638 216.593019 0.000000
1693777536185744143 216.915675 0.000000
1693777536473451309 216.608165 0.000000
1693777537922181276 217.158616 0.000000
1693777537922984100 216.927894 0.000000
1693777538860450936 216.680277 0.000000
1693777539730996828 216.581548 0.000000
1693777540163459914 216.688591 0.000000
1693777541176542681 216.681094 0.000000
1693777541465925117 216.744128 0.000000
1693777542115981658 216.792203 0.000000
1693777542404826206 216.648253 0.000000
1693777543922740438 216.624102 0.000000
1693777544720949924 216.699702 0.000000
1693777545660992456 216.613296 0.000000
1693777545877262193 216.712884 0.000000
1693777546022207764 216.558938 0.000000
