1694223462455964436 144.487693 0.000000
1694223462456659251 144.483643 0.000000
1694223462528924332 144.417851 0.000000
1694223462598956505 144.607381 0.000000
1694223462599202850 144.418855 0.000000
1694223462672759767 144.505027 0.000000
1694223462743718065 144.500388 0.000000
1694223462818123390 144.501085 0.000000
1694223463034518534 144.410458 0.000000
1694223463250242891 144.678628 0.000000
1694223463324519344 144.543620 0.000000
1694223463467591966 144.602267 0.000000
1694223463829917961 144.450927 0.000000
1694223463975000372 144.875154 0.000000
1694223463975065909 144.817165 0.000000
1694223464046847833 144.559646 0.000000
1694223464047166238 144.627392 0.000000
1694223464047392135 144.589319 0.000000
1694223464191492519 144.624801 0.000000
1694223464265207827 144.637195 0.000000
1694223464554852454 144.665105 0.000000
1694223464554934600 144.710677 0.000000
1694223464625775604 144.506598 0.000000
1694223464915152854 144.614292 0.000000
1694223465134533237 144.600519 0.000000
1694223465134538755 144.651553 0.000000
1694223465277657535 144.538311 0.000000
1694223465423313214 144.428605 0.000000
1694223465496244393 144.468293 0.000000
1694223465567154894 144.437280 0.000000
1694223465640041006 144.378749 0.000000
1694223466074590378 144.661817 0.000000
1694223466146819776 144.734757 0.000000
1694223466147538437 144.582969 0.000000
1694223466436722147 144.913153 0.000000
1694223466582678730 144.521427 0.000000
1694223466654218529 144.500227 0.000000
1694223466726156229 144.514259 0.000000
1694223466727046143 144.598084 0.000000
1694223466727434411 144.613976 0.000000
1694223466871932834 144.630535 0.000000
1694223467016258605 144.536215 0.000000
1694223467161540404 144.646838 0.000000
1694223467305790379 144.766988 0.000000
1694223467306461069 144.467050 0.000000
1694223467523113965 144.618843 0.000000
1694223467523294866 144.614037 0.000000
1694223467595517337 144.552333 0.000000
1694223467667538236 144.672918 0.000000
1694223467667848893 144.642433 0.000000
1694223467668091683 144.408063 0.000000
1694223467813031747 144.729906 0.000000
1694223467813229693 144.701059 0.000000
1694223468101935436 144.542661 0.000000
1694223468318990182 144.526428 0.000000
1694223468608774323 144.522263 0.000000
1694223468754365893 144.567805 0.000000
1694223468898346291 144.486951 0.000000
1694223468899136263 144.472467 0.000000
1694223468970381357 144.676261 0.000000
1694223469116093507 144.632044 0.000000
1694223469261077048 144.520694 0.000000
1694223469332828935 144.606901 0.000000
1694223469405369917 144.474606 0.000000
1694223469550178537 144.770155 0.000000
1694223469840021450 144.681012 0.000000
1694223469985518925 144.579019 0.000000
1694223470057578459 144.542461 0.000000
1694223470129226048 144.556082 0.000000
1694223470130177551 144.624396 0.000000
1694223470491648964 144.375302 0.000000
1694223470564308748 144.729941 0.000000
1694223470564605538 144.600715 0.000000
1694223470636572541 144.885658 0.000000
1694223470636580054 144.937815 0.000000
1694223470709304066 144.669345 0.000000
1694223471144099954 145.111608 0.000000
1694223471288490350 144.728899 0.000000
1694223471361020964 144.492123 0.000000
1694223471361824247 144.636173 0.000000
1694223471433227960 144.676662 0.000000
1694223471433496399 144.370345 0.000000
1694223471579232054 144.618121 0.000000
1694223471579307299 144.681619 0.000000
1694223472231039592 144.807210 0.000000
1694223472231267737 144.467060 0.000000
1694223472303795881 144.510369 0.000000
1694223472375518931 144.511563 0.000000
1694223472375519592 144.700273 0.000000
1694223472447718820 144.527370 0.000000
1694223472520855102 144.449935 0.000000
1694223472520896648 144.445084 0.000000
1694223472593279021 144.449238 0.000000
1694223472665190340 144.632494 0.000000
1694223472738002989 144.567318 0.000000
1694223472738069940 144.613736 0.000000
1694223472955385622 144.582282 0.000000
1694223472955415176 144.560762 0.000000
1694223473171930057 144.680998 0.000000
1694223473245282015 144.737208 0.000000
1694223473317600981 144.461016 0.000000
1694223473389331404 144.804916 0.000000
1694223473389407651 144.577537 0.000000
1694223473606787678 144.869526 0.000000
1694223473606853321 144.643646 0.000000
1694223473679453443 144.650001 0.000000
1694223473752180336 144.655358 0.000000
1694223474114426436 144.930102 0.000000
1694223474114621304 144.800160 0.000000
1694223474186982544 144.630229 0.000000
1694223474257995879 144.629783 0.000000
1694223474330596810 144.364577 0.000000
1694223474404085452 144.697651 0.000000
1694223474475214114 144.606870 0.000000
1694223474620046820 144.558773 0.000000
1694223474621640711 144.566676 0.000000
1694223474693946577 144.629413 0.000000
1694223474766332840 144.583772 0.000000
1694223474766433729 144.566681 0.000000
1694223475199276070 144.491612 0.000000
1694223475200693576 144.626716 0.000000
1694223475345240322 144.598616 0.000000
1694223475417128701 144.837246 0.000000
1694223475489735226 144.486770 0.000000
1694223475562947650 144.623354 0.000000
1694223475852484015 144.620703 0.000000
1694223475922833486 144.610434 0.000000
1694223476358413298 144.522263 0.000000
1694223476864909493 144.547793 0.000000
1694223477081982207 144.627057 0.000000
1694223477082200053 144.506743 0.000000
1694223477154651557 144.599318 0.000000
1694223477155030884 144.625489 0.000000
1694223477227663054 144.567805 0.000000
1694223477299268180 144.577798 0.000000
1694223477299407414 144.738381 0.000000
1694223477443909385 144.533309 0.000000
1694223477444076038 144.637040 0.000000
1694223477589313795 144.371377 0.000000
1694223477661125667 144.580173 0.000000
1694223477734068058 144.568506 0.000000
1694223477878820041 144.711313 0.000000
1694223478095921821 145.009532 0.000000
1694223478312583579 144.622396 0.000000
1694223478385593010 144.469380 0.000000
1694223478529874498 144.691953 0.000000
1694223478530094420 144.486723 0.000000
1694223478531024102 144.576660 0.000000
1694223478819463867 144.662184 0.000000
1694223478891974815 144.755311 0.000000
1694223479036582132 144.560998 0.000000
1694223479037255437 144.532207 0.000000
1694223479110159280 144.545452 0.000000
1694223479399144104 144.464586 0.000000
1694223479543829584 144.813320 0.000000
1694223479543830877 144.669612 0.000000
1694223479543906839 144.648866 0.000000
1694223479616371454 144.673334 0.000000
1694223479616525953 144.692129 0.000000
1694223479617062281 144.627824 0.000000
1694223479833799884 144.465170 0.000000
1694223479978203577 144.700929 0.000000
1694223479978637491 144.476908 0.000000
1694223480050737253 144.684861 0.000000
1694223480122995808 144.741849 0.000000
1694223480123908881 144.556859 0.000000
1694223480196203361 144.430370 0.000000
1694223480268027772 144.574390 0.000000
1694223480340895269 144.630350 0.000000
1694223480412736594 144.700408 0.000000
1694223480412907491 144.567018 0.000000
1694223480485480714 144.567218 0.000000
1694223480557864010 144.590953 0.000000
1694223480919189775 144.595639 0.000000
1694223481209092874 144.638609 0.000000
1694223481354549916 144.446187 0.000000
1694223481428047884 144.712762 0.000000
1694223481860613732 144.654256 0.000000
1694223481933024140 144.611546 0.000000
1694223481934228115 144.469576 0.000000
1694223482150593028 144.972593 0.000000
1694223482223659101 145.098909 0.000000
1694223482295866383 144.575141 0.000000
1694223482513870686 144.499766 0.000000
1694223482585464853 144.484295 0.000000
1694223482731005830 144.664153 0.000000
1694223482802813082 144.930428 0.000000
1694223482803164314 144.940487 0.000000
1694223482948405048 144.724363 0.000000
1694223483020820077 144.826561 0.000000
1694223483020864265 144.973763 0.000000
1694223483092583126 144.659918 0.000000
1694223483166151667 144.853534 0.000000
1694223483237276307 144.595844 0.000000
1694223483238239076 144.462946 0.000000
1694223483381864575 144.562991 0.000000
1694223483526719902 144.560287 0.000000
1694223483601403881 144.615879 0.000000
1694223483746091822 144.440141 0.000000
1694223483817337667 144.728548 0.000000
1694223484105842886 144.660435 0.000000
1694223484106187106 144.454737 0.000000
1694223484107901578 144.534432 0.000000
1694223484323695412 144.465041 0.000000
1694223484395961114 144.458801 0.000000
1694223484540210338 144.555094 0.000000
1694223484757597117 144.676187 0.000000
1694223485119963421 144.683664 0.000000
1694223485122194229 144.787199 0.000000
1694223485122283802 144.944040 0.000000
1694223485481858108 144.567312 0.000000
1694223485556092165 144.547145 0.000000
1694223485773118706 144.567344 0.000000
1694223485988255567 144.578555 0.000000
1694223485988564375 144.636534 0.000000
1694223486060747546 144.575177 0.000000
1694223486207641966 144.588723 0.000000
1694223486350356255 144.783451 0.000000
1694223486352489355 144.532121 0.000000
1694223486497299904 144.703645 0.000000
1694223486569664346 144.759906 0.000000
1694223486714195656 144.578363 0.000000
1694223486785150225 144.517612 0.000000
1694223487147272037 144.664048 0.000000
1694223487147349056 144.539513 0.000000
1694223487292231096 144.612638 0.000000
1694223487365383421 144.575258 0.000000
1694223487437190646 144.955160 0.000000
1694223487509852606 144.446187 0.000000
1694223487510453488 144.564837 0.000000
1694223487726651968 144.637552 0.000000
1694223487799085691 144.723155 0.000000
1694223487799283962 144.508476 0.000000
1694223487799666081 144.574976 0.000000
1694223487943906404 144.473802 0.000000
1694223488016064581 144.505269 0.000000
1694223488016104890 144.454040 0.000000
1694223488234153839 144.614343 0.000000
1694223488305883465 144.661929 0.000000
1694223488378429198 144.537038 0.000000
1694223488523564798 144.420322 0.000000
1694223488595337684 144.588152 0.000000
1694223488668468850 144.666535 0.000000
1694223488813549306 144.424561 0.000000
1694223488957948844 144.568842 0.000000
1694223489029699118 144.545999 0.000000
1694223489029794736 144.372174 0.000000
1694223489102274405 144.677961 0.000000
1694223489247931970 144.694901 0.000000
1694223489319209809 144.686691 0.000000
1694223489392481231 144.573763 0.000000
1694223489536648584 144.578168 0.000000
1694223489608880418 144.424751 0.000000
1694223489754039122 144.631628 0.000000
1694223489826831890 144.577953 0.000000
1694223489898827935 144.682280 0.000000
1694223489971740186 144.582894 0.000000
1694223490044023269 144.891809 0.000000
1694223490044078593 144.707675 0.000000
1694223490260547663 144.753452 0.000000
1694223490260752589 144.475947 0.000000
1694223490332733374 144.706216 0.000000
1694223490333697801 144.596922 0.000000
1694223490405926709 144.515308 0.000000
1694223490478189720 144.452923 0.000000
1694223490623064513 144.714430 0.000000
1694223490839303543 144.650994 0.000000
1694223490985148878 144.472709 0.000000
1694223491273693634 144.525457 0.000000
1694223491346627264 144.434093 0.000000
1694223491418999480 144.552679 0.000000
1694223491419233639 144.591279 0.000000
1694223491637171374 144.870267 0.000000
1694223491708581267 144.672604 0.000000
1694223491709283866 144.615542 0.000000
1694223491998993449 144.583481 0.000000
1694223492287999202 144.603548 0.000000
1694223492360331590 144.929532 0.000000
1694223492723206984 144.894644 0.000000
1694223492795740550 144.709189 0.000000
1694223492868036797 144.786212 0.000000
1694223492868507191 144.715087 0.000000
1694223493085232823 144.677464 0.000000
1694223493085367776 144.654526 0.000000
1694223493085839183 144.716971 0.000000
1694223493230147480 144.394738 0.000000
1694223493302249355 144.602856 0.000000
1694223493302818955 144.429708 0.000000
1694223493519189556 144.567373 0.000000
1694223493519610675 144.596756 0.000000
1694223493591912236 144.431748 0.000000
1694223493736587776 144.788814 0.000000
1694223493881789681 144.560167 0.000000
1694223494026806359 144.816517 0.000000
1694223494098481489 144.677265 0.000000
1694223494171219524 144.472372 0.000000
1694223494315653754 144.589902 0.000000
1694223494532669505 144.605217 0.000000
1694223494605550057 144.420628 0.000000
1694223494822589428 144.570296 0.000000
1694223495257608842 144.536021 0.000000
1694223495546580751 144.442729 0.000000
1694223495547017782 144.354715 0.000000
1694223495547201670 144.496083 0.000000
1694223495763085614 144.492765 0.000000
1694223495763121137 144.482727 0.000000
1694223496053017516 144.375759 0.000000
1694223496125855924 144.455954 0.000000
1694223496198392858 144.636414 0.000000
1694223496198505440 144.660691 0.000000
1694223496270823284 144.451831 0.000000
1694223496558967237 144.467578 0.000000
1694223496560231768 144.663402 0.000000
1694223496631636212 144.470433 0.000000
1694223496631914629 144.416778 0.000000
1694223496777290409 144.471492 0.000000
1694223497138231856 144.672307 0.000000
1694223497138272315 144.528924 0.000000
1694223497138886137 144.612603 0.000000
1694223497211563377 144.397017 0.000000
1694223497356259821 144.454772 0.000000
1694223497501184340 144.672504 0.000000
1694223497572635379 144.663920 0.000000
1694223497573294316 144.469176 0.000000
1694223497790497974 144.547112 0.000000
1694223497862138240 144.562154 0.000000
1694223497862189356 144.525828 0.000000
1694223497862502026 144.447543 0.000000
1694223497862943465 144.448403 0.000000
1694223498006846513 144.636615 0.000000
1694223498079698214 144.540406 0.000000
1694223498296348851 144.533630 0.000000
1694223498368960263 144.419300 0.000000
1694223498441303656 144.763224 0.000000
1694223498513630535 144.455262 0.000000
1694223498731245375 144.525386 0.000000
1694223498876020842 144.573639 0.000000
1694223498947816106 144.507240 0.000000
1694223498948562758 144.608570 0.000000
1694223499092867009 144.582308 0.000000
1694223499093239550 144.534798 0.000000
1694223499093616397 144.404294 0.000000
1694223499454531118 144.494419 0.000000
1694223499455753751 144.590488 0.000000
1694223499744327263 144.443355 0.000000
1694223499817080400 144.707229 0.000000
1694223500106676405 144.460290 0.000000
1694223500106940830 144.602371 0.000000
1694223500541490852 144.545984 0.000000
1694223500541502469 144.562142 0.000000
1694223500758656889 144.587135 0.000000
1694223500758719555 144.585672 0.000000
1694223500759458628 144.639246 0.000000
1694223500830060101 144.692505 0.000000
1694223500902387341 144.520700 0.000000
1694223501409494174 144.418158 0.000000
1694223501482252953 144.633192 0.000000
1694223501482684927 144.504051 0.000000
1694223501483241827 144.509148 0.000000
1694223501555510432 144.559556 0.000000
1694223501700371163 144.548997 0.000000
1694223501771296770 144.780816 0.000000
1694223501772867513 144.738091 0.000000
1694223501844113042 144.489291 0.000000
1694223501988759566 145.025028 0.000000
1694223502062114917 144.537239 0.000000
1694223502134402009 144.708622 0.000000
1694223502205743237 144.552469 0.000000
1694223502350592341 144.479280 0.000000
1694223502351220622 144.470088 0.000000
1694223502351538597 144.465643 0.000000
1694223502422880116 144.460932 0.000000
1694223502423048432 144.505961 0.000000
1694223502496522263 144.714696 0.000000
1694223502640995965 144.513940 0.000000
1694223502713554654 144.524154 0.000000
1694223502786036224 144.577152 0.000000
1694223502857825222 144.492604 0.000000
1694223502929620922 144.630194 0.000000
1694223503074708556 144.356809 0.000000
1694223503075260605 144.460085 0.000000
1694223503219479558 144.626325 0.000000
1694223503292403216 144.536762 0.000000
1694223503363900868 144.433894 0.000000
1694223503436752904 144.749292 0.000000
1694223503581779104 144.406972 0.000000
1694223503871256334 144.438680 0.000000
1694223503871305749 144.434876 0.000000
1694223503942934463 144.482190 0.000000
1694223503943354203 144.510049 0.000000
1694223504087525920 144.512051 0.000000
1694223504160661250 144.457676 0.000000
1694223504160696598 144.487401 0.000000
1694223504377587408 144.581852 0.000000
1694223504521998634 144.401373 0.000000
1694223504522249046 144.449329 0.000000
1694223504738723799 144.618813 0.000000
1694223504956467955 144.636199 0.000000
1694223505028744092 144.463217 0.000000
1694223505101616134 144.535765 0.000000
1694223505607298560 144.588118 0.000000
1694223505680035133 144.571915 0.000000
1694223505680699453 144.544150 0.000000
1694223505824309270 144.585026 0.000000
1694223505825376833 144.493277 0.000000
1694223505897046624 144.520168 0.000000
1694223506041652122 144.585561 0.000000
1694223506259069006 144.503265 0.000000
1694223506259241648 144.581637 0.000000
1694223506259565371 144.562468 0.000000
1694223506404129216 144.412699 0.000000
1694223506476573429 144.622793 0.000000
1694223506548984500 144.753181 0.000000
1694223506693203163 144.600061 0.000000
1694223506766625104 144.774811 0.000000
1694223506838813271 144.512435 0.000000
1694223506838907836 144.486931 0.000000
1694223506910531676 144.471978 0.000000
1694223506983292110 144.461914 0.000000
1694223507127446894 144.557747 0.000000
1694223507200565991 144.447329 0.000000
1694223507562702434 144.636280 0.000000
1694223507562744236 144.551156 0.000000
1694223507634716080 144.681881 0.000000
1694223507707221931 144.790738 0.000000
1694223507707436805 144.715453 0.000000
1694223507779717824 144.520484 0.000000
1694223507851497000 144.314647 0.000000
1694223507996639016 144.500098 0.000000
1694223508140900524 144.597594 0.000000
1694223508141118696 144.473646 0.000000
1694223508214011742 144.704467 0.000000
1694223508285383606 144.458821 0.000000
1694223508286391515 144.492479 0.000000
1694223508576294209 144.674168 0.000000
1694223508576304709 144.613181 0.000000
1694223508648169284 144.508913 0.000000
1694223508792675841 144.601272 0.000000
1694223508793089448 144.422953 0.000000
1694223508864765324 144.627655 0.000000
1694223508864802130 144.485264 0.000000
1694223508865430426 144.488456 0.000000
1694223508937383577 144.640259 0.000000
1694223508938041146 144.455163 0.000000
1694223509226323321 144.469139 0.000000
1694223509371304788 144.578360 0.000000
1694223509443428912 144.539560 0.000000
1694223509516827810 144.544201 0.000000
1694223509588320951 144.444062 0.000000
1694223509589078332 144.571739 0.000000
1694223509877683213 144.674848 0.000000
1694223509877744575 144.767429 0.000000
1694223510022637842 144.648057 0.000000
1694223510166934342 144.464470 0.000000
1694223510166963916 144.470955 0.000000
1694223510311076778 144.471111 0.000000
1694223510457052602 144.514781 0.000000
1694223510457450517 144.662339 0.000000
1694223510529772937 144.472464 0.000000
1694223510673857233 144.617581 0.000000
1694223510674430856 144.688747 0.000000
1694223510746283629 144.469226 0.000000
1694223510818026251 144.375278 0.000000
1694223510818661247 144.435442 0.000000
1694223510890639101 144.424317 0.000000
1694223510962452291 144.419404 0.000000
1694223510963654070 144.446693 0.000000
1694223511106949993 144.469486 0.000000
1694223511108077825 144.409502 0.000000
1694223511108546640 144.542883 0.000000
1694223511252655294 144.517184 0.000000
1694223511397636875 144.398783 0.000000
1694223511469405688 144.493342 0.000000
1694223511613553421 144.439898 0.000000
1694223511614375688 144.717844 0.000000
1694223511686501736 144.529323 0.000000
1694223511904165008 144.524254 0.000000
1694223511976488205 144.513449 0.000000
1694223512337092956 144.458957 0.000000
1694223512482151847 144.518785 0.000000
1694223512482399413 144.620772 0.000000
1694223512482540882 144.484992 0.000000
1694223512627141092 144.584314 0.000000
1694223512843913158 144.537013 0.000000
1694223512989489784 145.010249 0.000000
1694223513206544576 144.532623 0.000000
1694223513277996070 144.532828 0.000000
1694223513350437933 144.620768 0.000000
1694223513350816202 144.501331 0.000000
1694223513568606846 144.411722 0.000000
1694223513639939760 144.386321 0.000000
1694223513713027615 144.520450 0.000000
1694223513784493093 144.630196 0.000000
1694223513785698119 144.445002 0.000000
1694223514001962042 144.618127 0.000000
1694223514073852261 144.632274 0.000000
1694223514146663452 144.694229 0.000000
1694223514146827800 144.766689 0.000000
1694223514147053384 144.805212 0.000000
1694223514291398056 144.695983 0.000000
1694223514363446378 144.938262 0.000000
1694223514364884261 144.865598 0.000000
1694223514509517258 144.666293 0.000000
1694223514509883911 144.651060 0.000000
1694223514872905587 144.729361 0.000000
1694223515233519409 144.553933 0.000000
1694223515377913505 144.533004 0.000000
1694223515522707421 144.508647 0.000000
1694223515524409574 144.612665 0.000000
1694223515668879722 144.450688 0.000000
1694223515740312108 144.562744 0.000000
1694223515884761182 144.725813 0.000000
1694223515958385845 144.466269 0.000000
1694223515958900196 144.506212 0.000000
1694223516246778162 144.417821 0.000000
1694223516464850304 144.737270 0.000000
1694223516681416020 144.784088 0.000000
1694223516681741271 144.476743 0.000000
1694223516899401166 145.163936 0.000000
1694223516899475469 144.599795 0.000000
1694223517043310074 144.450221 0.000000
1694223517188751240 144.559395 0.000000
1694223517188827302 144.612378 0.000000
1694223517190054230 144.786890 0.000000
1694223517550577281 144.841447 0.000000
1694223517552274784 144.605413 0.000000
1694223517624713163 144.579713 0.000000
1694223517696909239 144.617731 0.000000
1694223517697327522 144.498584 0.000000
1694223517913600817 144.589906 0.000000
1694223517986864826 144.673561 0.000000
1694223518130207632 144.503876 0.000000
1694223518202848593 144.685965 0.000000
1694223518275428707 144.843697 0.000000
1694223518347759005 144.893427 0.000000
1694223518348345924 144.701862 0.000000
1694223518420768517 145.362393 0.000000
1694223518420884091 145.228281 0.000000
1694223518854333541 144.520701 0.000000
1694223518928517024 144.494240 0.000000
1694223518928864171 144.754048 0.000000
1694223518999741014 144.640579 0.000000
1694223519072726556 144.453515 0.000000
1694223519434796930 144.880537 0.000000
1694223519724468762 144.614649 0.000000
1694223519725621799 144.504318 0.000000
1694223519941535954 144.472523 0.000000
1694223520014427387 144.967885 0.000000
1694223520086121085 144.570532 0.000000
1694223520159036378 144.516992 0.000000
1694223520302798700 144.587988 0.000000
1694223520303217484 144.713233 0.000000
1694223520303247876 144.611017 0.000000
1694223520447675254 144.439487 0.000000
1694223520520863862 144.565911 0.000000
1694223520666797379 144.815020 0.000000
1694223521027021089 144.639246 0.000000
1694223522258850079 144.752500 0.000000
1694223522403676059 144.304348 0.000000
1694223522404653938 144.687077 0.000000
1694223522475960220 144.528754 0.000000
1694223522476853993 144.541650 0.000000
1694223522547789423 144.632751 0.000000
1694223522621041970 144.466420 0.000000
1694223522838156988 144.477114 0.000000
1694223522983252014 144.523583 0.000000
1694223522983475469 144.522991 0.000000
1694223523127355209 144.681716 0.000000
1694223523200560743 144.775884 0.000000
1694223523272238368 144.666891 0.000000
1694223523272607336 144.464139 0.000000
1694223523417529089 144.572487 0.000000
1694223523418095476 144.387632 0.000000
1694223523490657012 144.649065 0.000000
1694223523562861723 144.907375 0.000000
1694223523563500258 144.976651 0.000000
1694223523635329571 144.653885 0.000000
1694223523780492024 144.451304 0.000000
1694223523851858491 144.806951 0.000000
1694223523924624290 144.634040 0.000000
1694223524069018960 144.711976 0.000000
1694223524069434664 144.804701 0.000000
1694223524069466872 144.819526 0.000000
1694223524069695955 144.529476 0.000000
1694223524286128626 144.655920 0.000000
1694223524358865359 144.578014 0.000000
1694223524577281517 145.716125 0.000000
1694223524649550302 144.921613 0.000000
1694223524794961774 144.647240 0.000000
1694223524940115873 144.717243 0.000000
1694223525012549416 144.453569 0.000000
1694223525083350348 144.870103 0.000000
1694223525155870963 144.670945 0.000000
1694223525228800385 144.658000 0.000000
1694223525300923857 144.851250 0.000000
1694223525445273144 144.537890 0.000000
1694223525445860755 144.724815 0.000000
1694223525590891693 144.704404 0.000000
1694223525735584890 144.718271 0.000000
1694223525881145329 144.532719 0.000000
1694223525953391902 144.628090 0.000000
1694223526025075647 145.036450 0.000000
1694223526170239147 144.879195 0.000000
1694223526314776587 144.700569 0.000000
1694223526531829320 144.650378 0.000000
1694223526750308214 144.899497 0.000000
1694223526822130366 144.480654 0.000000
1694223526894627437 144.765401 0.000000
1694223526967641380 144.581202 0.000000
1694223527039777948 144.876538 0.000000
1694223527040679890 145.419551 0.000000
1694223527184090920 144.534784 0.000000
1694223527184486701 144.628687 0.000000
1694223527185529355 144.755367 0.000000
1694223527401381106 144.677300 0.000000
1694223527835550200 144.629129 0.000000
1694223528124951288 144.595565 0.000000
1694223528343118573 144.500473 0.000000
1694223528488062388 144.788689 0.000000
1694223528633792726 144.855670 0.000000
1694223528706319181 144.620162 0.000000
1694223528776863762 144.763140 0.000000
1694223528851472874 144.799429 0.000000
1694223529066821304 144.756118 0.000000
1694223529357328354 144.388218 0.000000
1694223529357355732 144.492735 0.000000
1694223529428658521 144.530534 0.000000
1694223529573993877 144.613558 0.000000
1694223529647185608 144.508848 0.000000
1694223530008885917 144.729321 0.000000
1694223530081375350 144.790728 0.000000
1694223530298263090 144.608902 0.000000
1694223530370847224 144.463268 0.000000
1694223530444466805 144.602015 0.000000
1694223530589489889 144.537380 0.000000
1694223530733040915 144.798422 0.000000
1694223530733623184 144.479430 0.000000
1694223530806474258 144.681440 0.000000
1694223530878293658 145.119664 0.000000
1694223531023344462 144.656141 0.000000
1694223531097192715 145.033018 0.000000
1694223531097240145 145.176236 0.000000
1694223531169013653 145.163135 0.000000
1694223531312765135 144.545664 0.000000
1694223531457518828 144.655384 0.000000
1694223531457791773 144.488822 0.000000
1694223531603713598 144.592143 0.000000
1694223531675392546 144.521319 0.000000
1694223531748165834 144.687919 0.000000
1694223531748270051 144.459198 0.000000
1694223531965227257 144.600848 0.000000
1694223532037984393 144.702388 0.000000
1694223532110047880 144.483535 0.000000
1694223532690934424 144.496379 0.000000
1694223532691439519 144.672408 0.000000
1694223532691446219 144.699146 0.000000
1694223533560938673 145.015857 0.000000
1694223533633791837 144.990159 0.000000
1694223533851121058 144.890636 0.000000
1694223533923525018 144.745324 0.000000
1694223533996213288 144.671322 0.000000
1694223534141068978 144.652417 0.000000
1694223534213051908 144.458897 0.000000
1694223534285958842 144.778546 0.000000
1694223534357403306 144.456994 0.000000
1694223534429914166 145.143341 0.000000
1694223534501976384 144.500780 0.000000
1694223534574099300 144.383218 0.000000
1694223534646683208 144.601549 0.000000
1694223534647610273 144.761095 0.000000
1694223534719244994 144.396346 0.000000
1694223534720474538 144.617105 0.000000
1694223534865230211 144.686963 0.000000
1694223535009639348 144.550200 0.000000
1694223535154548256 144.647916 0.000000
1694223535587959098 144.687459 0.000000
1694223535732817614 144.770281 0.000000
1694223535734605682 144.927306 0.000000
1694223535806391825 144.495679 0.000000
1694223535879061007 144.374547 0.000000
1694223536023420197 144.510863 0.000000
1694223536313354075 144.831525 0.000000
1694223536313405003 144.627810 0.000000
1694223536313927583 144.471804 0.000000
1694223536385127934 145.067883 0.000000
1694223536602318101 144.524224 0.000000
1694223536821497160 144.881114 0.000000
1694223536892275023 144.636610 0.000000
1694223537039230219 144.759289 0.000000
1694223537110174870 144.902980 0.000000
1694223537111511649 144.482076 0.000000
1694223537399816970 144.698193 0.000000
1694223537401003970 144.638273 0.000000
1694223537546179655 144.688176 0.000000
1694223537689448890 144.672970 0.000000
1694223537689754281 144.611427 0.000000
1694223537762815302 144.454882 0.000000
1694223537978786161 144.578366 0.000000
1694223537980033451 144.940188 0.000000
1694223538123849428 144.591661 0.000000
1694223538124946880 144.933421 0.000000
1694223538268290128 144.634616 0.000000
1694223538270504066 144.622989 0.000000
1694223538485863718 144.530217 0.000000
1694223538630239833 144.684196 0.000000
1694223538630398427 144.518581 0.000000
1694223538633069463 144.442514 0.000000
1694223538703289515 144.536689 0.000000
1694223538847524455 144.534452 0.000000
1694223538848794517 144.742350 0.000000
1694223538993601080 144.594929 0.000000
1694223539066877599 144.568001 0.000000
1694223539137243274 144.698139 0.000000
1694223539209991365 144.639016 0.000000
1694223539354659176 144.651560 0.000000
1694223539501303862 144.497538 0.000000
1694223539571808129 144.706548 0.000000
1694223539572069827 144.694405 0.000000
1694223539572691312 144.645055 0.000000
1694223539788954285 144.675476 0.000000
1694223539862939341 144.991461 0.000000
1694223539935942609 145.085403 0.000000
1694223540008223888 144.639642 0.000000
1694223540078956731 144.620240 0.000000
1694223540081569356 144.885549 0.000000
1694223540152977671 144.606191 0.000000
1694223540370586833 144.428617 0.000000
1694223540442128011 144.423280 0.000000
1694223540513250011 144.787963 0.000000
1694223540513889317 144.446930 0.000000
1694223540658001528 144.716231 0.000000
1694223540730494309 144.673752 0.000000
1694223540730871732 144.503476 0.000000
1694223540732517844 144.571354 0.000000
1694223540875051957 144.604070 0.000000
1694223540877204226 144.543686 0.000000
1694223540948196117 144.728489 0.000000
1694223541020270154 144.543040 0.000000
1694223541021988866 144.646343 0.000000
1694223541527577848 144.684367 0.000000
1694223541528854767 144.746281 0.000000
1694223541673287303 144.499216 0.000000
1694223541673330264 144.519988 0.000000
1694223541817393455 144.842681 0.000000
1694223541890033704 144.800588 0.000000
1694223542107467548 144.690586 0.000000
1694223542252141256 144.733852 0.000000
1694223542252690298 144.714062 0.000000
1694223542398167939 144.487198 0.000000
1694223542469247665 144.696245 0.000000
1694223542469806544 144.379237 0.000000
1694223542542924233 144.595245 0.000000
1694223542614110336 144.564422 0.000000
1694223542686961530 144.738898 0.000000
1694223542687015956 144.681315 0.000000
1694223542760317944 144.650252 0.000000
1694223542904291077 144.492667 0.000000
1694223543121052850 144.600136 0.000000
1694223543193325419 144.559873 0.000000
1694223543265946302 144.459354 0.000000
1694223543410602619 144.647557 0.000000
1694223543483141051 144.774632 0.000000
1694223543556059657 144.594668 0.000000
1694223543557283784 144.475596 0.000000
1694223543773757256 144.670861 0.000000
1694223543919239883 144.599995 0.000000
1694223544137251312 144.607011 0.000000
1694223544281971567 144.629435 0.000000
1694223544425881378 144.572587 0.000000
1694223544498269335 144.675907 0.000000
1694223544570682942 144.595109 0.000000
1694223544643225659 144.615217 0.000000
1694223544715014278 144.718752 0.000000
1694223544788730263 144.701206 0.000000
1694223544933404437 144.656888 0.000000
1694223545222176097 144.640766 0.000000
1694223545223252901 144.598763 0.000000
1694223545223664724 144.641012 0.000000
1694223545440686536 144.841182 0.000000
1694223545513113975 144.652318 0.000000
1694223545657507169 144.610670 0.000000
1694223545731140473 144.594578 0.000000
1694223545801593631 144.492937 0.000000
1694223545803642766 144.493669 0.000000
1694223545947091930 144.922134 0.000000
1694223545948367887 144.894149 0.000000
1694223545948402638 144.741815 0.000000
1694223546019097323 144.514738 0.000000
1694223546020004583 144.516327 0.000000
1694223546092007540 144.566333 0.000000
1694223546165596099 144.617741 0.000000
1694223546383014819 144.556214 0.000000
1694223546454131635 144.938037 0.000000
1694223546455712952 144.581727 0.000000
1694223546526458321 144.685009 0.000000
1694223546598684336 144.706860 0.000000
1694223546600334584 144.603740 0.000000
1694223546817764921 144.776537 0.000000
1694223546889499193 144.517555 0.000000
1694223546960837795 144.630311 0.000000
1694223546961424970 144.436009 0.000000
1694223547105759925 144.593085 0.000000
1694223547250374223 144.579573 0.000000
1694223547251432795 144.508427 0.000000
1694223547251598425 144.442769 0.000000
1694223547395779171 144.916292 0.000000
1694223547613439508 145.218745 0.000000
1694223547686110273 144.534033 0.000000
1694223547758413854 145.034034 0.000000
1694223547758426458 144.853354 0.000000
1694223547830472335 144.782526 0.000000
1694223547902870692 144.533431 0.000000
1694223547903450330 144.538553 0.000000
1694223548048074110 144.572111 0.000000
1694223548120342265 144.789328 0.000000
1694223548700232658 144.433744 0.000000
1694223548917161514 144.573174 0.000000
1694223549206550224 144.556194 0.000000
1694223549209052533 144.452729 0.000000
1694223549786780051 144.595776 0.000000
1694223550076643667 144.700690 0.000000
1694223550149407729 144.869939 0.000000
1694223550150221055 144.451270 0.000000
1694223550221819331 144.880121 0.000000
1694223550294777765 145.401600 0.000000
1694223550295655456 145.156384 0.000000
1694223550657029126 144.484808 0.000000
1694223550875143208 144.541430 0.000000
1694223551237756206 144.971920 0.000000
1694223551308324342 144.605735 0.000000
1694223551455827529 144.881797 0.000000
1694223551599334933 144.583582 0.000000
1694223551670611878 144.828542 0.000000
1694223551670673737 144.830202 0.000000
1694223551815740242 144.869191 0.000000
1694223551817400297 144.581898 0.000000
1694223551960488262 144.740653 0.000000
1694223551960596499 144.663263 0.000000
1694223551961260412 144.444810 0.000000
1694223552034494542 144.530685 0.000000
1694223552251011265 144.617907 0.000000
1694223552251574925 144.647953 0.000000
1694223552395608068 144.606652 0.000000
1694223552468257308 144.862396 0.000000
1694223552613586425 144.462486 0.000000
1694223552613775484 144.430247 0.000000
1694223552613980426 144.599164 0.000000
1694223552757869077 144.611286 0.000000
1694223552829825506 144.630206 0.000000
1694223552974792415 144.620482 0.000000
1694223553121293326 144.464090 0.000000
1694223553409994724 144.810385 0.000000
1694223553482475402 144.725573 0.000000
1694223553554869884 144.850248 0.000000
1694223553628044010 144.843948 0.000000
1694223553628842281 144.597481 0.000000
1694223553846372721 144.929783 0.000000
1694223554063395606 144.760238 0.000000
1694223554424125719 144.565951 0.000000
1694223554424787799 144.628702 0.000000
1694223554425629707 144.520310 0.000000
1694223554714020592 144.552140 0.000000
1694223554714608800 144.603981 0.000000
1694223554787661834 144.567626 0.000000
1694223554859803969 144.767435 0.000000
1694223554932039678 145.085390 0.000000
1694223555223082169 144.681756 0.000000
1694223555367537890 144.516391 0.000000
1694223555511755371 144.594539 0.000000
1694223556237263101 145.138684 0.000000
1694223556525370398 144.581733 0.000000
1694223556527015578 144.666772 0.000000
1694223556527563232 144.522811 0.000000
1694223556816276562 144.517414 0.000000
1694223556816601622 144.717820 0.000000
1694223556959922935 144.707176 0.000000
1694223557034013978 144.464240 0.000000
1694223557106466601 144.509716 0.000000
1694223557178286617 144.775524 0.000000
1694223557178364328 144.587171 0.000000
1694223557178940438 144.739385 0.000000
1694223557396306575 144.838777 0.000000
1694223557467232714 144.569405 0.000000
1694223557759115885 145.040029 0.000000
1694223557831851551 145.523212 0.000000
1694223557903356831 144.763897 0.000000
1694223557903771465 144.751399 0.000000
1694223557903803450 144.681270 0.000000
1694223557975425471 144.643963 0.000000
1694223558047981825 144.659836 0.000000
1694223558048703298 144.595797 0.000000
1694223558120783048 144.611749 0.000000
1694223558192190496 144.504588 0.000000
1694223558193179826 144.618047 0.000000
1694223558338132312 144.635478 0.000000
1694223558409138742 144.716221 0.000000
1694223558628125759 144.442019 0.000000
1694223558772225070 144.459207 0.000000
1694223558844413614 144.719419 0.000000
1694223558845545507 144.405644 0.000000
1694223558917102556 144.862462 0.000000
1694223559133805838 144.661508 0.000000
1694223559133916871 144.698921 0.000000
1694223559134820738 144.647771 0.000000
1694223559278516897 144.687264 0.000000
1694223559279924651 144.963096 0.000000
1694223559352456954 144.687890 0.000000
1694223559352644370 144.553738 0.000000
1694223559423949379 144.484874 0.000000
1694223559641154106 144.610461 0.000000
1694223559931902785 145.012099 0.000000
1694223560003278729 144.873988 0.000000
1694223560513344191 144.932970 0.000000
1694223560584179793 144.782304 0.000000
1694223560584210289 144.777999 0.000000
1694223560657464396 144.469723 0.000000
1694223560801568244 144.845261 0.000000
1694223560802956908 144.533912 0.000000
1694223560874823412 144.820454 0.000000
1694223560875484610 144.541746 0.000000
1694223561018869450 144.744142 0.000000
1694223561018875930 144.527588 0.000000
1694223561164807728 145.061093 0.000000
1694223561165032441 144.750120 0.000000
1694223561236282131 144.777188 0.000000
1694223561237950746 144.775900 0.000000
1694223561310519374 145.602452 0.000000
1694223561383058899 144.863674 0.000000
1694223561598767412 144.764283 0.000000
1694223561599212332 144.704259 0.000000
1694223561816455949 144.651109 0.000000
1694223561816800691 144.680076 0.000000
1694223561890031695 144.787833 0.000000
1694223561962489249 144.661785 0.000000
1694223562034216921 144.910664 0.000000
1694223562178295370 144.548892 0.000000
1694223562251251177 144.413978 0.000000
1694223562251729182 144.493865 0.000000
1694223562540830421 144.486381 0.000000
1694223562540984349 144.394954 0.000000
1694223562613214875 144.575409 0.000000
1694223562614600307 144.648810 0.000000
1694223562685607564 144.993100 0.000000
1694223562686981008 144.622419 0.000000
1694223562830967737 144.681589 0.000000
1694223563120412869 144.743485 0.000000
1694223563120954514 144.634441 0.000000
1694223563121164858 144.645482 0.000000
1694223563121214178 144.513169 0.000000
1694223563193474574 144.825119 0.000000
1694223563410125128 144.682262 0.000000
1694223563484146132 144.870901 0.000000
1694223563700479119 144.523304 0.000000
1694223563773847871 144.912092 0.000000
1694223564209441225 144.624974 0.000000
1694223564281589891 144.442851 0.000000
1694223564352556358 144.927166 0.000000
1694223564497475776 144.912311 0.000000
1694223564642329753 144.634667 0.000000
1694223564714576954 144.759993 0.000000
1694223564715044561 144.478804 0.000000
1694223564715381073 144.706414 0.000000
1694223564788238061 144.432257 0.000000
1694223565295046585 144.792168 0.000000
1694223565440296472 145.097217 0.000000
1694223565584985616 144.681095 0.000000
1694223565656364061 144.568724 0.000000
1694223565657858271 144.707030 0.000000
1694223565875485465 144.825882 0.000000
1694223566236084340 144.822052 0.000000
1694223566382747148 144.862892 0.000000
1694223566455641959 144.791291 0.000000
1694223566528625005 144.978110 0.000000
1694223566600341507 144.468274 0.000000
1694223566815695927 144.671031 0.000000
1694223566815784934 144.773459 0.000000
1694223566889374456 144.491341 0.000000
1694223567541671086 144.436296 0.000000
1694223567541855755 144.601564 0.000000
1694223567686524200 144.661770 0.000000
1694223567831208317 144.669613 0.000000
1694223567831401627 144.626974 0.000000
1694223567974879729 144.621451 0.000000
1694223568337028673 144.524350 0.000000
1694223568337197124 144.564634 0.000000
1694223568337639789 144.457029 0.000000
1694223568482546268 144.485410 0.000000
1694223568482738530 144.713029 0.000000
1694223568626060684 144.768924 0.000000
1694223568626899284 144.616063 0.000000
1694223568698238849 144.820474 0.000000
1694223568844144150 144.844124 0.000000
1694223568845959191 145.034150 0.000000
1694223569133558907 144.545865 0.000000
1694223569206521446 145.055896 0.000000
1694223569207190597 144.722381 0.000000
1694223569280097746 144.582426 0.000000
1694223569423984940 144.574422 0.000000
1694223569642477563 144.581844 0.000000
1694223569715010196 144.426662 0.000000
1694223569785139197 144.576852 0.000000
1694223569786200870 144.483711 0.000000
1694223569858008809 144.594684 0.000000
1694223569930048322 144.532549 0.000000
1694223570002643435 144.500886 0.000000
1694223570147164603 144.505140 0.000000
1694223570148896365 144.882432 0.000000
1694223570219692577 144.537345 0.000000
1694223570364426474 144.727718 0.000000
1694223570437939593 144.498740 0.000000
1694223570511031364 144.612472 0.000000
1694223570654211081 144.692691 0.000000
1694223570727172276 144.720532 0.000000
1694223570800290052 144.572957 0.000000
1694223571525066518 145.023125 0.000000
1694223571525286940 145.045041 0.000000
1694223571669228165 144.471994 0.000000
1694223571670284892 145.009628 0.000000
1694223571813773955 144.531462 0.000000
1694223571958707602 144.623210 0.000000
1694223572030695734 144.624929 0.000000
1694223572031400032 144.521950 0.000000
1694223572104027301 144.624363 0.000000
1694223572320759150 144.710131 0.000000
1694223572394295653 144.564293 0.000000
1694223572611890243 145.078870 0.000000
1694223572755261066 144.859963 0.000000
1694223572756498744 144.594458 0.000000
1694223572828106126 144.806712 0.000000
1694223572972721823 144.926130 0.000000
1694223572973000572 144.923158 0.000000
1694223572974614474 144.549940 0.000000
1694223573118212170 144.620333 0.000000
1694223573118270756 144.533120 0.000000
1694223573119203164 144.644705 0.000000
1694223573190068186 144.601515 0.000000
1694223573408826862 144.489900 0.000000
1694223573486355614 151.032329 0.000000
1694223573486482464 149.978173 0.000000
1694223573777502233 144.741290 0.000000
1694223573777736047 144.730580 0.000000
1694223573848142270 144.576552 0.000000
1694223574067197026 144.556179 0.000000
1694223574355937334 144.588184 0.000000
1694223574356029674 144.575800 0.000000
1694223574429574191 144.745515 0.000000
1694223574573282774 144.552867 0.000000
1694223574644098831 144.516011 0.000000
1694223574784014805 144.726159 0.000000
1694223574856597416 144.690076 0.000000
1694223575146241486 144.710348 0.000000
1694223575152960430 144.988820 0.000000
1694223575225833316 144.516708 0.000000
1694223575515157797 144.505192 0.000000
1694223575580751465 144.649181 0.000000
1694223575586792052 144.539385 0.000000
1694223575586813171 144.412861 0.000000
1694223575725469727 144.696988 0.000000
1694223575731642301 144.523123 0.000000
1694223575732622580 144.571927 0.000000
1694223575874889075 144.516827 0.000000
1694223576093858707 144.399490 0.000000
1694223576166732790 144.446434 0.000000
1694223576238016740 144.694191 0.000000
1694223576238378837 144.500359 0.000000
1694223576382933658 144.592583 0.000000
1694223576450006502 144.612034 0.000000
1694223576527758794 144.526922 0.000000
1694223576600813972 144.456753 0.000000
1694223576815554483 144.338430 0.000000
1694223576961917210 144.425166 0.000000
1694223577029202944 144.499267 0.000000
1694223577177397454 144.488528 0.000000
1694223577178792402 144.480354 0.000000
1694223577249517944 144.538839 0.000000
1694223577323443297 144.663539 0.000000
1694223577396912293 144.512176 0.000000
1694223577469599076 144.555553 0.000000
1694223577540807625 144.718442 0.000000
1694223577758003212 144.650604 0.000000
1694223577758819516 144.486397 0.000000
1694223577975634868 144.676159 0.000000
1694223578192457669 144.466877 0.000000
1694223578260819889 144.711039 0.000000
1694223578409436581 144.592072 0.000000
1694223578409660326 144.509661 0.000000
1694223578699353576 144.460918 0.000000
1694223578770332435 144.624286 0.000000
1694223578772006925 144.505431 0.000000
1694223578840279323 144.581000 0.000000
1694223579061356430 144.652438 0.000000
1694223579132254414 144.571345 0.000000
1694223579132506139 144.549057 0.000000
1694223579133568770 144.586048 0.000000
1694223579202393447 144.600392 0.000000
1694223579205916289 144.536659 0.000000
1694223579350720380 144.453566 0.000000
1694223579423313639 144.483370 0.000000
1694223579492050878 144.601439 0.000000
1694223579856289091 144.577304 0.000000
1694223579856944811 144.590614 0.000000
1694223580073090251 144.495364 0.000000
1694223580144171795 144.607333 0.000000
1694223580219072491 144.621902 0.000000
1694223580219444762 144.449616 0.000000
1694223580288807850 144.611698 0.000000
1694223580290022405 144.484848 0.000000
1694223580726112494 144.434361 0.000000
1694223581232663174 144.803714 0.000000
1694223581521039606 144.514843 0.000000
1694223581738514773 144.630913 0.000000
1694223581739191066 144.527387 0.000000
1694223581883330717 144.504770 0.000000
1694223581883916749 144.561166 0.000000
1694223581885417153 144.524596 0.000000
1694223582028040875 144.711186 0.000000
1694223582028794222 144.800117 0.000000
1694223582173551484 144.576847 0.000000
1694223582390650486 144.788440 0.000000
1694223582391377562 144.489535 0.000000
1694223582463304081 144.821897 0.000000
1694223582535241902 144.584851 0.000000
1694223582535714291 144.503101 0.000000
1694223582753612742 144.770117 0.000000
1694223582825509332 144.559472 0.000000
1694223583116171244 144.746481 0.000000
1694223583187993907 144.682242 0.000000
1694223583333184382 144.601450 0.000000
1694223583476756738 144.668220 0.000000
1694223583621806586 144.634592 0.000000
1694223583622443863 144.534499 0.000000
1694223583695739591 144.485957 0.000000
1694223583766792229 144.825446 0.000000
1694223583766865178 145.046664 0.000000
1694223584056778520 144.478478 0.000000
1694223584202068110 144.558880 0.000000
1694223584203019617 144.562209 0.000000
1694223584275106170 144.496541 0.000000
1694223584418543758 144.689389 0.000000
1694223584419391334 144.935285 0.000000
1694223584491265913 144.633249 0.000000
1694223584491464780 144.495880 0.000000
1694223584636017907 144.761246 0.000000
1694223584637489063 144.623977 0.000000
1694223584708540833 144.669212 0.000000
1694223584780896266 144.816700 0.000000
1694223584853673068 144.648309 0.000000
1694223584925616421 144.626257 0.000000
1694223584925705714 144.784726 0.000000
1694223584926163955 144.603359 0.000000
1694223585288681772 144.677862 0.000000
1694223585360275488 144.604081 0.000000
1694223585577472479 144.571530 0.000000
1694223585578924315 144.852864 0.000000
1694223586084357461 144.672575 0.000000
1694223586085684472 144.707726 0.000000
1694223586229509216 144.675016 0.000000
1694223586375101555 144.567646 0.000000
1694223586447264289 144.918573 0.000000
1694223586592532299 144.731462 0.000000
1694223586592664115 144.701487 0.000000
1694223586664270831 145.051011 0.000000
1694223586664446555 144.612546 0.000000
1694223586665431821 144.448935 0.000000
1694223586808912825 144.616164 0.000000
1694223586809537032 145.066476 0.000000
1694223586882951115 145.319374 0.000000
1694223586955792743 144.804472 0.000000
1694223587172293840 144.518507 0.000000
1694223587244523355 144.459531 0.000000
1694223587316179941 144.556736 0.000000
1694223587462866756 144.344723 0.000000
1694223587535467082 144.552255 0.000000
1694223587678771862 144.716304 0.000000
1694223587752414386 144.569874 0.000000
1694223587824633221 144.578191 0.000000
1694223587969289639 144.524831 0.000000
1694223588332253734 144.464566 0.000000
1694223588691858614 144.680034 0.000000
1694223588693691005 144.458362 0.000000
1694223588766371415 144.454120 0.000000
1694223588836569633 144.669177 0.000000
1694223588836994275 144.887700 0.000000
1694223589053604697 144.615572 0.000000
1694223589054012640 144.523052 0.000000
1694223589200290067 145.083530 0.000000
1694223589200561513 144.712673 0.000000
1694223589200619308 144.695127 0.000000
1694223589273368561 144.946126 0.000000
1694223589416400090 144.605709 0.000000
1694223589418190223 144.725082 0.000000
1694223589490708148 144.689214 0.000000
1694223589560560590 144.614296 0.000000
1694223589633597296 144.610862 0.000000
1694223589706918108 144.518732 0.000000
1694223589779665547 144.512524 0.000000
1694223589924109460 144.436120 0.000000
1694223589996666060 144.499048 0.000000
1694223589996692572 144.554947 0.000000
1694223590069710825 144.540949 0.000000
1694223590358627674 144.622208 0.000000
1694223590431268004 144.616867 0.000000
1694223590502055576 144.612066 0.000000
1694223590575463309 144.808356 0.000000
1694223590575891505 144.615928 0.000000
1694223590646737648 144.657811 0.000000
1694223590648790607 145.085731 0.000000
1694223590721396672 144.855025 0.000000
1694223590792810474 144.623165 0.000000
1694223590793497973 145.235840 0.000000
1694223590793898900 145.375144 0.000000
1694223590866051912 144.633945 0.000000
1694223590938127634 144.607875 0.000000
1694223591011666186 144.599205 0.000000
1694223591155282285 144.547575 0.000000
1694223591155438399 144.444962 0.000000
1694223591156048658 144.554461 0.000000
1694223591228745418 144.664135 0.000000
1694223591299697231 144.572162 0.000000
1694223591591064364 144.834026 0.000000
1694223591879732249 144.398112 0.000000
1694223591880963196 144.715424 0.000000
1694223592024363323 144.617938 0.000000
1694223592025354899 144.455666 0.000000
1694223592097274718 144.615904 0.000000
1694223592242557372 144.498585 0.000000
1694223592386277061 144.808661 0.000000
1694223592532371523 144.672265 0.000000
1694223592749885796 144.756691 0.000000
1694223592821961457 144.677295 0.000000
1694223592966063632 144.758014 0.000000
1694223593112488431 144.763080 0.000000
1694223593401924674 144.596894 0.000000
1694223593402357881 144.534058 0.000000
1694223593545557481 144.535596 0.000000
1694223593547552826 144.548627 0.000000
1694223593692769757 144.776637 0.000000
1694223593837862900 144.495939 0.000000
1694223593982703702 144.549585 0.000000
1694223594054301878 144.579980 0.000000
1694223594125590760 144.580060 0.000000
1694223594199530311 144.650018 0.000000
1694223594271285208 144.467894 0.000000
1694223594706207927 144.478700 0.000000
1694223594849449996 144.560274 0.000000
1694223594921970432 144.900777 0.000000
1694223595068494261 144.408516 0.000000
1694223595139308711 144.746166 0.000000
1694223595212766737 144.477342 0.000000
1694223595285309188 144.446580 0.000000
1694223595429286086 144.707618 0.000000
1694223595429835509 145.173962 0.000000
1694223595430095534 145.192359 0.000000
1694223595430236542 145.115436 0.000000
1694223595502822480 144.857801 0.000000
1694223595575654775 144.532495 0.000000
1694223595720729567 145.384101 0.000000
1694223595791175744 144.668251 0.000000
1694223596010731855 144.671704 0.000000
1694223596081035080 144.610085 0.000000
1694223596082495300 144.614214 0.000000
1694223596518458466 144.558099 0.000000
1694223596589124539 144.488687 0.000000
1694223596590557576 144.940314 0.000000
1694223596660152840 144.549329 0.000000
1694223596733696235 144.554822 0.000000
1694223596878344148 144.622954 0.000000
1694223596880570209 144.394398 0.000000
1694223596954064690 144.585878 0.000000
1694223597023067406 144.700456 0.000000
1694223597024376185 144.408076 0.000000
1694223597241887265 144.400868 0.000000
1694223597312862278 144.672796 0.000000
1694223597385239010 144.674084 0.000000
1694223597675271553 144.513425 0.000000
1694223597965299972 144.489078 0.000000
1694223597967542472 144.483210 0.000000
1694223598110424113 144.665670 0.000000
1694223598181699890 144.610607 0.000000
1694223598184431928 144.567697 0.000000
1694223598255042748 144.603855 0.000000
1694223598326308010 144.576040 0.000000
1694223598473470431 144.379825 0.000000
1694223598544024579 144.724967 0.000000
1694223598616916875 144.436197 0.000000
1694223598905876775 144.902540 0.000000
1694223598978770854 144.652803 0.000000
1694223598978795346 144.702170 0.000000
1694223599051683783 144.471738 0.000000
1694223599340569805 144.762233 0.000000
1694223599342252584 144.444961 0.000000
1694223599414700481 144.643708 0.000000
1694223599558453514 145.195617 0.000000
1694223599775420359 144.616310 0.000000
1694223599922768350 144.809628 0.000000
1694223599993802535 144.481326 0.000000
1694223600210103198 144.761468 0.000000
1694223600427219446 144.615863 0.000000
1694223600428517809 144.573576 0.000000
1694223600574217572 144.573945 0.000000
1694223600717969412 144.597276 0.000000
1694223600862055518 144.755177 0.000000
1694223600934940828 144.394423 0.000000
1694223601007127432 144.777169 0.000000
1694223601080775145 144.441463 0.000000
1694223601513759764 144.663614 0.000000
1694223601514420760 144.683645 0.000000
1694223601804730940 144.441362 0.000000
1694223601950028158 144.676465 0.000000
1694223602020928878 144.903027 0.000000
1694223602093525340 144.738338 0.000000
1694223602166492219 144.836687 0.000000
1694223602167541825 144.601996 0.000000
1694223602312076981 144.501062 0.000000
1694223602382803866 144.648495 0.000000
1694223602527937669 144.872942 0.000000
1694223602672693303 144.739446 0.000000
1694223602745047707 144.690235 0.000000
1694223602746465504 144.598708 0.000000
1694223602817801932 144.566613 0.000000
1694223602818235059 144.570647 0.000000
1694223603035040414 144.747023 0.000000
1694223603035210058 144.700299 0.000000
1694223603035602300 144.831214 0.000000
1694223603107654192 144.825811 0.000000
1694223603252584898 144.533367 0.000000
1694223603325038183 145.075365 0.000000
1694223603325833282 144.708940 0.000000
1694223603398058686 145.442330 0.000000
1694223603543179103 145.080635 0.000000
1694223603616829417 145.228318 0.000000
1694223603688145121 144.548959 0.000000
1694223603977932711 144.853055 0.000000
1694223604412563161 144.609579 0.000000
1694223604631731567 144.793757 0.000000
1694223604774769140 144.685024 0.000000
1694223604776255892 144.451420 0.000000
1694223604776500782 144.655626 0.000000
1694223605064859680 144.600072 0.000000
1694223605066358280 144.556495 0.000000
1694223605282002299 144.624499 0.000000
1694223605426562353 144.710048 0.000000
1694223605427505892 144.671152 0.000000
1694223605717986262 145.108876 0.000000
1694223605861108497 144.798548 0.000000
1694223606079412322 144.618409 0.000000
1694223606296133326 144.481400 0.000000
1694223606296820453 144.623556 0.000000
1694223606440551405 144.829941 0.000000
1694223606513883208 144.681993 0.000000
1694223606658631413 144.700911 0.000000
1694223606658919493 144.789361 0.000000
1694223606876220837 144.489154 0.000000
1694223606949119136 145.106995 0.000000
1694223607092427304 144.793648 0.000000
1694223607455622187 144.521649 0.000000
1694223607745726859 144.581232 0.000000
1694223607890462937 144.552517 0.000000
1694223608034241304 144.726692 0.000000
1694223608035175561 144.671293 0.000000
1694223608397850936 144.486698 0.000000
1694223608541142299 144.569962 0.000000
1694223608541361955 144.651040 0.000000
1694223608542520664 144.655435 0.000000
1694223608542602795 144.607504 0.000000
1694223608686048864 144.661139 0.000000
1694223608758292692 144.773035 0.000000
1694223608831749616 144.539407 0.000000
1694223608975710135 144.698009 0.000000
1694223608977291512 144.741365 0.000000
1694223608977572080 144.794919 0.000000
1694223609121736639 144.405795 0.000000
1694223609192638943 144.521299 0.000000
1694223609192885155 144.611353 0.000000
1694223609411289343 144.574682 0.000000
1694223609483415231 144.506775 0.000000
1694223609772986920 144.822229 0.000000
1694223610063029202 144.792304 0.000000
1694223610497573624 145.002189 0.000000
1694223610497643747 144.805137 0.000000
1694223610498815551 144.933673 0.000000
1694223610642220334 144.567275 0.000000
1694223611005945911 144.450976 0.000000
1694223611076742438 144.562931 0.000000
1694223611656549612 144.574778 0.000000
1694223611657570322 144.504197 0.000000
1694223611657597548 144.516342 0.000000
1694223611802789622 144.470714 0.000000
1694223612163708367 144.692416 0.000000
1694223612163891203 144.529763 0.000000
1694223612452799979 144.551494 0.000000
1694223612527097453 144.884909 0.000000
1694223612888401679 144.534209 0.000000
1694223612959548055 144.697409 0.000000
1694223613032937407 144.509922 0.000000
1694223613033660544 144.552261 0.000000
1694223613106864458 144.607293 0.000000
1694223613250932744 144.738263 0.000000
1694223613251032932 144.508840 0.000000
1694223613321923037 144.647197 0.000000
1694223613322092486 144.527428 0.000000
1694223613323179113 144.770113 0.000000
1694223613323409774 144.976212 0.000000
1694223613395825752 144.868195 0.000000
1694223613395921540 144.392715 0.000000
1694223613468214602 144.571581 0.000000
1694223613540603598 144.812040 0.000000
1694223613611525001 144.692357 0.000000
1694223613613091257 144.522888 0.000000
1694223613830611139 144.741200 0.000000
1694223613901998741 144.697774 0.000000
1694223614119525429 144.613569 0.000000
1694223614337320194 144.917435 0.000000
1694223614482052218 144.629696 0.000000
1694223614482359242 144.472906 0.000000
1694223614482602703 144.733252 0.000000
1694223614772506839 145.142032 0.000000
1694223614844013973 144.355059 0.000000
1694223614988662528 144.633956 0.000000
1694223614989803607 144.487871 0.000000
1694223615352107891 144.468797 0.000000
1694223615424692579 144.584591 0.000000
1694223615496545198 144.694758 0.000000
1694223615786033297 144.786912 0.000000
1694223615857783762 144.508690 0.000000
1694223616074604147 144.715470 0.000000
1694223616074657180 144.964409 0.000000
1694223616074714027 144.513747 0.000000
1694223616147619930 144.763462 0.000000
1694223616365018024 144.645743 0.000000
1694223616365075272 144.758481 0.000000
1694223616438070798 144.495624 0.000000
1694223616438429797 144.462833 0.000000
1694223616509809685 144.728169 0.000000
1694223616728049792 144.686588 0.000000
1694223616800002974 144.526627 0.000000
1694223616872534642 145.159734 0.000000
1694223616872661687 144.595742 0.000000
1694223616873328513 145.178818 0.000000
1694223616873560482 145.374332 0.000000
1694223616946201062 144.708979 0.000000
1694223617089678970 144.511284 0.000000
1694223617234399432 144.704008 0.000000
1694223617234812482 144.484597 0.000000
1694223617306913475 144.648210 0.000000
1694223617381214124 144.694181 0.000000
1694223617451467799 144.583423 0.000000
1694223617453186556 144.427579 0.000000
1694223617526047468 144.570901 0.000000
1694223617813858527 144.557075 0.000000
1694223617815449827 144.494225 0.000000
1694223617887814616 144.428357 0.000000
1694223617958172238 144.566364 0.000000
1694223618175424848 144.619418 0.000000
1694223618248235645 144.593868 0.000000
1694223618465052823 144.688413 0.000000
1694223618537658095 144.759282 0.000000
1694223618538356590 145.134750 0.000000
1694223618901141325 144.550191 0.000000
1694223618972336985 144.570483 0.000000
1694223619045655026 144.508635 0.000000
1694223619045800087 144.652270 0.000000
1694223619190299321 144.486136 0.000000
1694223619191336047 144.774818 0.000000
1694223619264295624 144.721710 0.000000
1694223619479355395 144.650404 0.000000
1694223619551607201 144.590571 0.000000
1694223619552020731 144.578507 0.000000
1694223619697757924 144.525138 0.000000
1694223619768704325 144.668812 0.000000
1694223619913823019 144.643679 0.000000
1694223620058573561 144.995211 0.000000
1694223620059784221 144.494266 0.000000
1694223620131280685 144.759231 0.000000
1694223620203268588 144.662210 0.000000
1694223620203381641 144.518888 0.000000
1694223620348444935 144.623972 0.000000
1694223620349223646 144.455285 0.000000
1694223620637728123 144.581058 0.000000
1694223620783037885 144.436035 0.000000
1694223620783223667 144.509281 0.000000
1694223620855048240 144.572398 0.000000
1694223620856758898 144.559808 0.000000
1694223620927594075 144.627180 0.000000
1694223621000003076 144.855109 0.000000
1694223621072218047 144.691314 0.000000
1694223621073032481 144.695212 0.000000
1694223621144677456 144.554050 0.000000
1694223621217474270 144.452705 0.000000
1694223621217645168 144.604658 0.000000
1694223621289198660 144.559644 0.000000
1694223621434441252 144.458468 0.000000
1694223621434724881 144.654519 0.000000
1694223621434908864 144.518071 0.000000
1694223621506369867 144.622570 0.000000
1694223621506704234 144.660253 0.000000
1694223621579348513 144.614827 0.000000
1694223621579678917 144.532395 0.000000
1694223621651474918 144.583448 0.000000
1694223621651521441 144.498126 0.000000
1694223621723650783 144.669614 0.000000
1694223621724395590 144.539652 0.000000
1694223621796020995 144.613353 0.000000
1694223621868602032 144.638812 0.000000
1694223621869055987 144.775465 0.000000
1694223622013359138 144.704695 0.000000
1694223622013950879 144.652173 0.000000
1694223622231080078 144.472140 0.000000
1694223622302983234 144.701799 0.000000
1694223622375394501 144.783354 0.000000
1694223622448487954 144.575956 0.000000
1694223622665146684 144.742679 0.000000
1694223622665527084 144.748112 0.000000
1694223622809659619 144.542203 0.000000
1694223622809736623 144.550322 0.000000
1694223622810261293 144.802573 0.000000
1694223622955214716 144.680263 0.000000
1694223623026585950 144.628076 0.000000
1694223623100108461 144.451737 0.000000
1694223623389613519 144.504701 0.000000
1694223623534672153 144.695905 0.000000
1694223623823271886 144.445342 0.000000
1694223623896638931 144.908634 0.000000
1694223623967947609 144.360856 0.000000
1694223624185524548 144.879672 0.000000
1694223624403010201 144.416957 0.000000
1694223624475466653 144.869067 0.000000
1694223624475999938 144.419221 0.000000
1694223624620042193 144.691760 0.000000
1694223624764302951 144.585023 0.000000
1694223624909323872 144.428228 0.000000
1694223624910091247 144.560245 0.000000
1694223624981751332 144.605575 0.000000
1694223625054272415 144.456348 0.000000
1694223625054649667 144.572563 0.000000
1694223625199445038 144.912394 0.000000
1694223625272363651 144.898867 0.000000
1694223625272419345 145.288578 0.000000
1694223625489557735 144.671754 0.000000
1694223625635251555 144.613703 0.000000
1694223625779424258 144.441283 0.000000
1694223625780021597 144.619187 0.000000
1694223625923760667 144.499769 0.000000
1694223625997786168 145.066978 0.000000
1694223626068888066 144.593046 0.000000
1694223626069986335 144.692377 0.000000
1694223626142044676 144.602563 0.000000
1694223626285964005 144.527103 0.000000
1694223626358560869 144.555534 0.000000
1694223626504192164 144.557613 0.000000
1694223626575645594 144.567572 0.000000
1694223626794516343 144.531573 0.000000
1694223626937741799 144.653481 0.000000
1694223626938535840 144.442791 0.000000
1694223627010469492 144.820921 0.000000
1694223627229032003 144.582957 0.000000
1694223627372350419 144.414083 0.000000
1694223627373434851 144.388143 0.000000
1694223627445010921 144.482302 0.000000
1694223627446149258 144.457339 0.000000
1694223627589381505 144.697865 0.000000
1694223627662247123 144.656935 0.000000
1694223627881026815 144.834612 0.000000
1694223628023761780 144.764570 0.000000
1694223628315440458 144.693750 0.000000
1694223628531041704 144.678339 0.000000
1694223628531083751 144.711712 0.000000
1694223628603557429 144.492592 0.000000
1694223628676578078 144.458719 0.000000
1694223628748499627 144.594986 0.000000
1694223628893834523 144.701949 0.000000
1694223628965668528 144.581880 0.000000
1694223628966105950 144.743611 0.000000
1694223629255889686 144.740369 0.000000
1694223629329765434 145.040466 0.000000
1694223629401312005 144.711968 0.000000
1694223629618533804 144.506500 0.000000
1694223629619286049 144.490768 0.000000
1694223629690485744 144.650810 0.000000
1694223629763226858 144.686448 0.000000
1694223629836363251 144.550352 0.000000
1694223629907695434 144.730817 0.000000
1694223629907829471 144.584481 0.000000
1694223630052673731 144.692948 0.000000
1694223630126018700 144.500861 0.000000
1694223630126177218 144.492817 0.000000
1694223630126262667 144.580296 0.000000
1694223630269908435 144.808392 0.000000
1694223630632516564 144.705598 0.000000
1694223630633749136 144.690898 0.000000
1694223630706180575 144.516523 0.000000
1694223630849534419 144.665359 0.000000
1694223630922607605 144.589642 0.000000
1694223630923088648 144.531021 0.000000
1694223631140738878 144.540715 0.000000
1694223631140865638 144.397526 0.000000
1694223631212350556 144.503252 0.000000
1694223631212795626 144.845734 0.000000
1694223631430669622 144.547881 0.000000
1694223631502479195 144.559969 0.000000
1694223631646420971 144.788300 0.000000
1694223631647363638 144.785143 0.000000
