1694355242564048074 265.562958 7750.317267 7748 160 0.000000
1694355243600383343 261.026498 612.736141 635 160 0.000000
1694355244604792837 260.010944 614.291213 617 160 0.000000
1694355245610644465 260.812163 616.393159 620 160 0.000000
1694355246615854795 262.177368 604.848568 608 160 0.000000
1694355247620961269 260.547150 614.860236 618 160 0.000000
1694355248626323165 261.755758 614.704014 618 160 0.000000
1694355249631238517 256.635138 620.947832 624 160 0.000000
1694355250637229146 261.189622 608.355480 612 160 0.000000
1694355251643454545 260.253602 623.120904 627 160 0.000000
1694355252651487393 260.103274 606.131008 611 160 0.000000
1694355253655904995 264.252599 615.281956 618 160 0.000000
1694355254663241856 259.834199 610.520704 615 160 0.000000
1694355255667047839 262.195005 610.675803 613 160 0.000000
1694355256674690127 262.593397 608.350708 613 160 0.000000
1694355257679791556 256.906981 625.807579 629 160 0.000000
1694355258684466863 262.759613 607.161321 610 160 0.000000
1694355259687284849 257.439130 620.252142 622 160 0.000000
1694355260691827779 258.958986 621.177938 624 160 0.000000
1694355261698520469 262.696428 600.977854 605 160 0.000000
1694355262700331110 260.530313 619.877612 621 160 0.000000
1694355263711417077 261.338622 612.213021 619 160 0.000000
1694355264712571180 258.998852 620.284134 621 159 0.000000
1694355265718045308 265.087262 606.678955 610 160 0.000000
1694355266727973531 257.654659 613.905124 620 160 0.000000
1694355267731839539 257.452270 620.600732 623 160 0.000000
1694355268736572493 258.757626 613.098152 616 160 0.000000
1694355269740283173 258.151167 630.659901 633 160 0.000000
1694355270750314409 262.735839 601.961594 608 160 0.000000
1694355271755162292 260.305258 618.003918 621 160 0.000000
1694355272759982940 258.051875 622.001532 625 160 0.000000
1694355273765388601 260.065528 604.730987 608 160 0.000000
1694355274767708895 259.293582 624.550892 626 160 0.000000
1694355275776659540 259.923638 616.482091 622 160 0.000000
1694355276781139295 258.261392 618.230585 621 160 0.000000
1694355277787171842 262.321421 612.306119 616 160 0.000000
1694355278794418002 258.530674 624.475059 629 160 0.000000
1694355279798888460 257.791237 615.249553 618 160 0.000000
1694355280801583197 256.316451 622.322918 624 160 0.000000
1694355281807482096 258.170287 613.381729 617 159 0.000000
1694355282815262218 260.582229 622.159608 627 160 0.000000
1694355283820149325 264.006206 603.052789 606 160 0.000000
1694355284824132377 257.044846 621.524371 624 160 0.000000
1694355285829400717 261.353800 616.750866 620 160 0.000000
1694355286833960625 255.389134 618.181029 621 160 0.000000
1694355287836203472 257.394941 618.612595 620 160 0.000000
1694355288845917898 260.397171 624.929155 631 160 0.000000
1694355289850604192 258.754537 615.117396 618 160 0.000000
1694355290857039530 258.695175 626.965242 631 160 0.000000
1694355291861743806 255.338638 623.068980 626 160 0.000000
1694355292868212505 259.388779 618.002283 622 160 0.000000
1694355293873665365 254.595100 620.615825 624 160 0.000000
1694355294879060393 254.238718 629.603363 633 160 0.000000
1694355295885561317 259.978947 617.982505 622 160 0.000000
1694355296891592138 258.303791 618.271383 622 160 0.000000
1694355297897090142 256.568247 619.593428 623 160 0.000000
1694355298904403061 260.588357 619.469806 624 159 0.000000
1694355299906124509 259.485763 617.936334 619 160 0.000000
1694355300912166755 256.976295 614.288229 618 160 0.000000
1694355301918088357 254.121443 627.285465 631 160 0.000000
1694355302922361780 260.541049 626.323448 629 160 0.000000
1694355303928315526 253.911869 627.265471 631 160 0.000000
1694355304932057077 252.775770 634.625570 637 160 0.000000
1694355305935999610 257.434773 618.561281 621 160 0.000000
1694355306947144092 255.320086 632.946164 640 160 0.000000
1694355307946788877 254.033108 626.222438 626 160 0.000000
1694355308954454739 256.573184 625.207139 630 160 0.000000
1694355309951600428 256.431219 621.774735 620 160 0.000000
1694355310967011530 254.322821 632.256294 642 160 0.000000
1694355311973581662 260.340809 605.024911 609 160 0.000000
1694355312975795325 256.376414 625.615070 627 160 0.000000
1694355313983464846 258.650579 618.258239 623 160 0.000000
1694355314989280531 252.374286 642.264887 646 160 0.000000
1694355315995376873 257.788841 618.231021 622 160 0.000000
1694355317001651820 257.805944 617.127483 621 160 0.000000
1694355318006399906 257.671136 621.051236 624 160 0.000000
1694355319011672802 253.744219 626.695550 630 160 0.000000
1694355320018890324 258.876843 622.507053 627 160 0.000000
1694355321022454618 256.620102 622.780131 625 160 0.000000
1694355322029675400 257.772079 621.512280 626 160 0.000000
1694355323033300466 257.085156 620.749757 623 160 0.000000
1694355324042176876 260.806794 614.544989 620 160 0.000000
1694355325046668296 254.598893 624.196455 627 160 0.000000
1694355326049476647 255.964157 630.230168 632 160 0.000000
1694355327056761854 254.353541 629.414585 634 160 0.000000
1694355328062316792 251.250365 632.486472 636 160 0.000000
1694355329069306075 260.830580 623.641297 628 160 0.000000
1694355330074647793 256.984535 615.711064 619 160 0.000000
1694355331082882689 259.228690 617.911548 623 160 0.000000
1694355332089284745 256.929966 621.024075 625 160 0.000000
1694355333094613133 258.014450 610.745810 614 160 0.000000
1694355334098431008 256.988725 632.584848 635 160 0.000000
1694355335105135882 256.067796 623.817315 628 160 0.000000
1694355336108813878 253.332483 631.676789 634 160 0.000000
1694355337115757139 256.469639 623.669664 628 160 0.000000
1694355338121496391 256.023390 631.376315 635 160 0.000000
1694355339127498964 259.118473 615.306670 619 160 0.000000
1694355340128856544 262.705419 603.181093 604 160 0.000000
1694355341135945920 258.254097 626.558041 631 160 0.000000
1694355342142614198 253.966802 631.787098 636 160 0.000000
1694355343147957319 254.820555 617.699528 621 160 0.000000
1694355344153894053 255.121265 626.281919 630 160 0.000000
1694355345158957344 261.767240 613.891764 617 160 0.000000
1694355346163770822 256.152562 633.948496 637 160 0.000000
1694355347171968234 252.718047 626.861297 632 160 0.000000
1694355348177084482 255.673389 620.823787 624 160 0.000000
1694355349183752539 259.012590 614.899831 619 160 0.000000
1694355350186791257 255.616833 629.088334 631 160 0.000000
1694355351189223200 251.776894 632.461838 634 160 0.000000
1694355352197913429 257.258651 633.494770 639 160 0.000000
1694355353202761212 254.636012 618.004136 621 160 0.000000
1694355354202506592 254.811295 636.161962 636 160 0.000000
1694355355212351048 257.614287 612.965610 619 160 0.000000
1694355356217056511 254.922681 627.049514 630 160 0.000000
1694355357222443979 257.094430 628.613354 632 160 0.000000
1694355358229198628 258.251927 616.833429 621 160 0.000000
1694355359234023679 254.346962 629.960443 633 160 0.000000
1694355360235386869 255.667954 626.146541 627 160 0.000000
1694355361240969778 258.419630 618.546701 622 160 0.000000
1694355362249166472 258.986663 617.934967 623 160 0.000000
1694355363252407539 257.707645 619.990626 622 160 0.000000
1694355364258107404 261.905750 613.503077 617 160 0.000000
1694355365262348870 255.565251 623.356063 626 160 0.000000
1694355366269596239 255.727661 627.452597 632 160 0.000000
1694355367275616241 254.557151 628.218110 632 160 0.000000
1694355368283158561 251.512625 639.179152 644 160 0.000000
1694355369288504834 258.947450 610.734814 614 160 0.000000
1694355370295469005 255.280354 626.636027 631 160 0.000000
1694355371299119690 260.264395 618.741116 621 160 0.000000
1694355372302424760 254.316497 628.921418 631 160 0.000000
1694355373306793739 256.759107 621.285611 624 160 0.000000
1694355374313527567 255.593126 621.812740 626 160 0.000000
1694355375319168073 261.225172 625.472021 629 160 0.000000
1694355376326500294 259.737053 604.567246 609 160 0.000000
1694355377329677596 257.644506 622.023556 624 160 0.000000
1694355378335007594 259.033086 624.670507 628 160 0.000000
1694355379340891590 258.412893 606.431825 610 160 0.000000
1694355380349633542 256.053505 631.479664 637 160 0.000000
1694355381355081564 256.029686 620.618778 624 160 0.000000
1694355382361671485 254.073480 633.823139 638 160 0.000000
1694355383367247008 260.205418 616.562444 620 160 0.000000
1694355384371930975 261.571274 608.151339 611 160 0.000000
1694355385378574872 258.687340 623.855257 628 160 0.000000
1694355386384646421 259.334675 610.294497 614 160 0.000000
1694355387392195507 257.107534 626.272294 631 160 0.000000
1694355388396536625 258.145070 620.307063 623 160 0.000000
1694355389402553928 249.733987 648.100285 652 160 0.000000
1694355390411030135 260.826558 607.847739 613 160 0.000000
1694355391415925183 254.262563 625.935975 629 160 0.000000
