1694832575005982970 960.665032 445.811492 445 957 0.000000
1694832576003171598 199.077898 195.549763 195 1152 0.000000
1694832577010633084 1273.630825 1432.312839 1443 2597 0.000000
1694832578008687367 679.049240 1445.813121 1443 4040 0.000000
1694832579024973571 702.038977 1375.596633 1398 5440 0.000000
1694832580038937270 685.626812 1390.582334 1410 6848 0.000000
1694832581056476120 692.048819 1426.972536 1452 8298 0.000000
1694832582068567200 650.825987 1428.725294 1446 9744 0.000000
1694832583031550084 743.291372 1462.123608 1408 11154 0.000000
1694832584059720874 545.626139 1381.093454 1420 12607 0.000000
1694832585038520513 611.742520 1494.687821 1463 14035 0.000000
1694832586121508217 792.015061 1311.187675 1420 15455 0.000000
1694832587061723315 807.685691 1512.419884 1422 16877 0.000000
1694832588115127522 709.563091 1334.720329 1406 18283 0.000000
1694832589136982166 691.773831 1384.737063 1415 19700 0.000000
1694832590139588444 703.345442 1421.295588 1425 21123 0.000000
1694832591133127188 683.213761 1456.410217 1447 22570 0.000000
1694832592103197132 739.481539 1507.107837 1462 24032 0.000000
1694832593127725743 687.404132 1440.662549 1476 25508 0.000000
1694832594155842648 632.195953 1425.907897 1466 26974 0.000000
1694832595147594116 681.005743 1485.251134 1473 28447 0.000000
1694832596206395123 617.804672 1379.862665 1461 29909 0.000000
1694832597218750516 736.682179 1463.912781 1482 31391 0.000000
1694832598188825333 684.026868 1505.038508 1460 32850 0.000000
1694832599253815136 701.260143 1329.590259 1416 34267 0.000000
1694832600235987470 824.277223 1503.809397 1477 35745 0.000000
1694832601280883184 783.978183 1371.428721 1433 37179 0.000000
1694832602296270811 721.120505 1409.314009 1431 38609 0.000000
1694832603308870606 701.665398 1421.094508 1439 40046 0.000000
1694832604323953989 537.453730 1456.038021 1478 41525 0.000000
1694832605292010197 611.689238 1487.516924 1440 42966 0.000000
1694832606345776013 685.430211 1435.802886 1513 44478 0.000000
1694832607363911024 685.149201 1407.475425 1433 45910 0.000000
1694832608382744603 721.692970 2398.821307 2444 48411 0.000000
1694832609406303867 485.106475 1740.006911 1781 50138 0.000000
1694832610421911420 642.855146 1490.733330 1514 51657 0.000000
1694832611435009350 674.577864 1458.891525 1478 53129 0.000000
1694832612452375611 757.275062 1355.460690 1379 54523 0.000000
1694832613463646235 512.881685 1525.803282 1543 56051 0.000000
1694832614480402255 714.627340 1432.988790 1457 57508 0.000000
1694832615495822813 537.562723 1452.600112 1475 58982 0.000000
1694832616507194571 708.171378 1410.954967 1427 60408 0.000000
1694832617516733055 673.459753 1438.280803 1452 61862 0.000000
1694832618539712369 671.214916 2400.830866 2456 64328 0.000000
1694832619563818531 526.709686 1675.607533 1716 66073 0.000000
1694832620570410782 654.371817 1508.058410 1518 67554 0.000000
1694832621591747387 607.274868 1467.684673 1499 69051 0.000000
1694832622594610326 609.165270 1437.883413 1442 70492 0.000000
1694832623584525154 514.142714 1494.067947 1479 71970 0.000000
1694832624639008371 697.540813 2267.461419 2391 74411 0.000000
1694832625656566167 686.794153 1498.686362 1525 75892 0.000000
1694832626678034037 541.641360 1624.133144 1659 77559 0.000000
1694832627693821391 574.401707 1552.490462 1577 79127 0.000000
1694832628698246350 820.903009 1320.158288 1326 80453 0.000000
1694832629721209415 660.218722 1495.655232 1530 82016 0.000000
1694832630736371787 602.103065 1540.640278 1564 83556 0.000000
1694832631751163326 561.679335 1496.859098 1519 85063 0.000000
1694832632767636741 602.960434 1434.371018 1458 86522 0.000000
1694832633781882948 822.059104 1425.689333 1446 87973 0.000000
1694832634784802237 586.582453 1518.566842 1523 89491 0.000000
1694832635803698139 645.535781 1466.293107 1494 90987 0.000000
1694832636824917211 889.214156 1374.827430 1404 92397 0.000000
1694832637830686039 650.284961 1514.264461 1523 93914 0.000000
1694832638854791465 718.754733 1420.752228 1455 95365 0.000000
1694832639867598681 665.770359 1465.234274 1484 96850 0.000000
1694832640884647984 732.737619 1431.592447 1456 98318 0.000000
1694832641897887420 667.330015 1477.439525 1497 99803 0.000000
1694832642906877755 675.532952 1419.240511 1432 101233 0.000000
1694832643908550329 817.548284 1384.684061 1387 102628 0.000000
1694832644939261884 658.801259 1456.275339 1501 104128 0.000000
1694832645954913291 659.407518 1489.684513 1513 105639 0.000000
1694832646965942218 498.123976 1540.015299 1557 107194 0.000000
1694832647985396544 926.030298 1348.760762 1375 108570 0.000000
1694832648999554102 694.748791 1467.227669 1488 110066 0.000000
1694832650014880971 803.625930 1347.349365 1368 111428 0.000000
1694832651027315637 662.534516 1480.589316 1499 112927 0.000000
1694832652043613726 607.907261 1530.062914 1555 114490 0.000000
1694832653055488279 667.166907 1481.408931 1499 115981 0.000000
1694832654061103399 608.926003 1513.501483 1522 117506 0.000000
1694832655077147171 620.226686 1459.582801 1483 118983 0.000000
1694832656089794418 593.156680 1472.378291 1491 120471 0.000000
1694832657107466171 679.509425 1436.612716 1462 121934 0.000000
1694832658126146284 777.065362 1435.190366 1462 123401 0.000000
1694832659135189390 700.772029 1450.879652 1464 124860 0.000000
1694832660160056659 672.200417 1416.768835 1452 126315 0.000000
1694832661175484106 662.501122 1507.739408 1531 127846 0.000000
1694832662190626205 748.515601 1466.789718 1489 129342 0.000000
1694832663191134087 652.970621 1498.239094 1499 130830 0.000000
1694832664218492541 784.220874 1394.839289 1433 132267 0.000000
1694832665224120897 575.552191 1525.414487 1534 133801 0.000000
1694832666248656057 632.838295 1491.407897 1528 135332 0.000000
1694832667263714362 588.644663 1442.281853 1464 136791 0.000000
1694832668258088167 654.189656 1534.634034 1526 138316 0.000000
1694832669283185803 745.542229 1447.667095 1484 139801 0.000000
1694832670302024564 649.381381 1510.543228 1539 141340 0.000000
1694832671323910123 599.030000 1548.118569 1582 143210 0.000000
1694832672339678673 677.962944 2095.949919 2129 145324 0.000000
1694832673356744512 549.424249 1985.122185 2019 147076 0.000000
1694832674369920734 652.494405 1504.180583 1524 148593 0.000000
1694832675394345842 640.775202 1476.925939 1513 150108 0.000000
1694832676395575782 762.434479 1399.279025 1401 151509 0.000000
1694832677422851657 563.920987 1547.782689 1590 153108 0.000000
1694832678439679946 577.290287 1544.016960 1570 154668 0.000000
1694832679447787710 501.000562 1532.574286 1545 156211 0.000000
1694832680464795617 710.399772 1521.128740 1547 157759 0.000000
1694832681480884169 827.972534 1393.579320 1416 159179 0.000000
1694832682499127396 682.120442 1437.770377 1464 160642 0.000000
1694832683511559056 654.291297 1469.728905 1488 162130 0.000000
1694832684484793728 576.417434 1527.894402 1487 163613 0.000000
1694832685542557045 618.554577 1605.274291 1698 165607 0.000000
1694832686557153796 569.950583 2491.630195 2528 167851 0.000000
1694832687580862948 626.148017 1526.800750 1563 169427 0.000000
1694832688598180476 959.180780 1185.470673 1206 170657 0.000000
1694832689610178126 623.137044 1594.865386 1614 172255 0.000000
1694832690625801681 641.759398 1522.217514 1546 173772 0.000000
1694832691641546454 635.640718 1521.051391 1545 175316 0.000000
1694832692654757519 766.062967 1374.836967 1393 176719 0.000000
1694832693670277490 620.535082 1549.944793 1574 178324 0.000000
1694832694686300452 528.014320 1706.654418 1734 180020 0.000000
1694832695703568230 585.551316 1527.621289 1554 181581 0.000000
1694832696718177964 744.881273 1411.380176 1432 183029 0.000000
1694832697734236867 909.056426 1280.437628 1301 184320 0.000000
1694832698740809902 643.109138 1501.132941 1511 185846 0.000000
1694832699707889230 215.691930 415.684621 402 186214 0.000000
1694832700749667984 842.028552 1422.566925 1482 187696 0.000000
1694832701780062381 775.368432 1465.458266 1510 189206 0.000000
1694832702791527834 858.461785 1427.631543 1444 190652 0.000000
1694832703783482686 575.917764 1484.946651 1473 192124 0.000000
1694832704814064030 652.380572 1487.509934 1533 193661 0.000000
1694832705818611685 660.704340 1481.263724 1488 195145 0.000000
1694832706834087695 720.773490 1480.094041 1503 196647 0.000000
1694832707863627779 651.543176 1466.674262 1510 198159 0.000000
1694832708880760237 627.575697 1576.982460 1604 199768 0.000000
1694832709896839633 714.525228 1521.534744 1546 201307 0.000000
1694832710872343936 694.452020 1539.716487 1502 202810 0.000000
1694832711908425733 662.233462 1433.284526 1485 204295 0.000000
1694832712920310208 756.803304 1458.664533 1476 205770 0.000000
1694832713927120816 772.665021 1442.177890 1452 207229 0.000000
1694832714932371548 662.866611 1486.196238 1494 208726 0.000000
1694832715938114422 725.241446 1461.606203 1470 210204 0.000000
1694832716952527208 557.955503 1598.954594 1622 211817 0.000000
1694832717962465920 833.283996 1376.321154 1390 213201 0.000000
1694832718974958596 812.081975 1341.244243 1358 214572 0.000000
1694832719987354917 752.500155 1415.453653 1433 216028 0.000000
1694832721008604826 632.813072 1523.623078 1556 217567 0.000000
1694832722023233452 627.236324 1562.147908 1585 219158 0.000000
1694832723039176455 746.748791 1185.105900 1204 220477 0.000000
1694832724051349516 518.218420 906.959544 918 221390 0.000000
1694832725015428170 651.500833 1445.940063 1394 222646 0.000000
1694832726074271424 801.059113 1462.917184 1549 224199 0.000000
1694832727064797980 625.092864 1577.948593 1563 225758 0.000000
1694832728102895905 561.228884 1494.078715 1551 227309 0.000000
1694832729119354212 673.271179 1521.951244 1547 228858 0.000000
1694832730132088225 835.063199 1506.812257 1526 230385 0.000000
1694832731141977847 625.502316 1539.772250 1555 231939 0.000000
1694832732143548620 580.715967 1503.638021 1506 233446 0.000000
1694832733156598567 650.454690 1474.754612 1494 234938 0.000000
1694832734191427631 680.976701 1498.797098 1551 236488 0.000000
1694832735200721665 651.318314 1482.225320 1496 237984 0.000000
1694832736222268937 880.193601 1473.255360 1505 239490 0.000000
1694832737227502973 568.744602 1537.950152 1546 241036 0.000000
1694832738250275665 935.579525 1391.316145 1423 242464 0.000000
1694832739264021258 660.344261 1526.023921 1547 244009 0.000000
1694832740278445780 534.864237 1600.907552 1624 245650 0.000000
1694832741298221991 757.565940 1477.775323 1507 247156 0.000000
1694832742312284777 562.002936 1602.464871 1625 248766 0.000000
1694832743325288698 635.130088 1534.051280 1554 250319 0.000000
