1693786931775435637 2678.528662 0.000000
1693786931906091988 2809.022187 0.000000
1693786931906275351 2809.186360 0.000000
1693786931906478328 2805.668552 0.000000
1693786931906663606 2805.049221 0.000000
1693786931907042954 2485.953387 0.000000
1693786931907794011 2490.846716 0.000000
1693786931907967398 2815.712877 0.000000
1693786931908873260 2677.444687 0.000000
1693786931909561951 2812.727103 0.000000
1693786931909897514 2812.927166 0.000000
1693786931910237777 2515.092565 0.000000
1693786931910511460 2515.342750 0.000000
1693786931911074827 2515.886254 0.000000
1693786931911247267 2536.905481 0.000000
1693786931911858995 2572.494127 0.000000
1693786932119690294 2600.057830 0.000000
1693786932119710873 2606.534425 0.000000
1693786932119746820 2614.272958 0.000000
1693786932119766725 2638.019199 0.000000
1693786932119836010 2742.779764 0.000000
1693786932119862668 2784.566845 0.000000
1693786932119893517 2786.787834 0.000000
1693786932119913227 2789.655771 0.000000
1693786932119940546 2797.403602 0.000000
1693786932119969682 2823.263954 0.000000
1693786932119997385 2836.883006 0.000000
1693786932120024791 2848.267131 0.000000
1693786932120050250 2862.217513 0.000000
1693786932120077331 2860.751167 0.000000
1693786932120096992 2669.887806 0.000000
1693786932120134330 2877.676887 0.000000
1693786932120171857 2714.630425 0.000000
1693786932120201675 2905.635737 0.000000
1693786932120232699 2926.947076 0.000000
1693786932120259558 2938.509672 0.000000
1693786932120277623 2728.772193 0.000000
1693786932120305687 2735.404372 0.000000
1693786932120337240 2736.887260 0.000000
1693786932120356651 2736.292546 0.000000
1693786932120384347 2953.910238 0.000000
1693786932120419134 2784.977035 0.000000
1693786932120448646 2978.881228 0.000000
1693786932120475972 2793.049132 0.000000
1693786932120519354 2832.196880 0.000000
1693786932120604900 2911.429058 0.000000
1693786932120630554 2935.580402 0.000000
1693786932120695306 2919.332204 0.000000
1693786932120810815 3016.102911 0.000000
1693786932120868441 3024.069779 0.000000
1693786932149223281 2760.484445 0.000000
1693786932308520171 2613.238955 0.000000
1693786932308551424 2612.083939 0.000000
1693786932308579830 2527.866615 0.000000
1693786932308607308 2569.436074 0.000000
1693786932454673041 2555.518724 0.000000
1693786932612053031 2403.516310 0.000000
1693786932612081486 2453.139063 0.000000
1693786932612100882 2492.434945 0.000000
1693786932612129631 2736.268487 0.000000
1693786932612158644 2505.278944 0.000000
1693786932612178083 2505.126022 0.000000
1693786932612223956 2491.200020 0.000000
1693786932714828205 2055.065624 0.000000
1693786932725109955 2339.848568 0.000000
1693786932755437608 2030.074709 0.000000
1693786932787700288 2312.440047 0.000000
1693786932819887920 2253.391845 0.000000
1693786933131209825 1799.285122 0.000000
1693786933131237636 1804.127058 0.000000
1693786933183267404 1743.139253 0.000000
1693786933203635079 2005.127053 0.000000
1693786933203662443 2005.520126 0.000000
1693786933203690969 2338.198002 0.000000
1693786933203720553 2046.053313 0.000000
1693786933203746798 2006.019261 0.000000
1693786933203766675 2210.400659 0.000000
1693786933203814856 2310.382376 0.000000
1693786933203847122 2137.238920 0.000000
1693786933203875589 2269.179192 0.000000
1693786933203901084 2295.518995 0.000000
1693786933203930264 2341.914447 0.000000
1693786933203959151 2137.507923 0.000000
1693786933273227192 1783.281356 0.000000
1693786933273247894 1706.107344 0.000000
1693786933273278172 1864.366343 0.000000
1693786933273306546 1719.639768 0.000000
1693786933273334219 1833.586825 0.000000
1693786933273379031 1832.755783 0.000000
1693786933273407109 1864.374471 0.000000
1693786933353027007 1441.166404 0.000000
1693786933353048123 1446.003820 0.000000
1693786933353091296 1444.216388 0.000000
1693786933353112711 1443.548901 0.000000
1693786933420931979 1271.706571 0.000000
1693786933420971661 1300.798321 0.000000
1693786933421003839 1300.896505 0.000000
1693786933421031115 1300.580625 0.000000
1693786933421050660 1300.573327 0.000000
1693786933421079969 1300.943924 0.000000
1693786933421124191 1300.921106 0.000000
1693786933421160149 1301.447579 0.000000
1693786933421179919 1301.411546 0.000000
1693786933421215510 1301.244121 0.000000
1693786933421234441 1301.235524 0.000000
1693786933421262599 1300.741625 0.000000
1693786933421288452 1300.868015 0.000000
1693786933587015388 1309.632559 0.000000
1693786933601002470 1208.136228 0.000000
1693786933601083927 1292.531250 0.000000
1693786933650188130 1124.054077 0.000000
1693786933653858938 1099.162973 0.000000
1693786933791590940 972.110179 0.000000
1693786933791619723 987.004919 0.000000
1693786933791664996 941.965414 0.000000
1693786933791696213 1086.605150 0.000000
1693786933791765411 1179.932317 0.000000
1693786933791792809 1179.567239 0.000000
1693786933791841292 1010.930866 0.000000
1693786933791870078 1287.471098 0.000000
1693786933791897109 1004.195213 0.000000
1693786933791916922 922.679890 0.000000
1693786933791946679 1036.537036 0.000000
1693786933791978566 1034.726940 0.000000
1693786933792007779 1036.568959 0.000000
1693786933792035391 1077.205446 0.000000
1693786933792062378 1095.351064 0.000000
1693786933792090903 950.989645 0.000000
1693786933792119363 1179.939622 0.000000
1693786933792148952 951.077768 0.000000
1693786933792176793 1067.064779 0.000000
1693786934166799973 259.179901 0.000000
1693786934273014187 267.674365 0.000000
1693786935448529256 1539.256092 0.000000
1693786935448560730 1105.021003 0.000000
1693786935449214320 1037.013003 0.000000
1693786935449257911 493.357824 0.000000
1693786935449303748 377.621715 0.000000
1693786935449279336 1429.284568 0.000000
1693786935449347329 891.649468 0.000000
1693786935449437920 574.776230 0.000000
1693786935449447176 1319.455448 0.000000
1693786935449541030 615.733823 0.000000
1693786935449553704 1362.435993 0.000000
1693786935449614691 615.834056 0.000000
1693786935449823296 1799.702620 0.000000
1693786935449854539 1658.117649 0.000000
1693786935450110960 1037.552033 0.000000
1693786935450680265 2267.410944 0.000000
1693786935450733358 1553.107689 0.000000
1693786935451259863 2267.316688 0.000000
1693786935451341563 1552.416268 0.000000
1693786935451532056 1190.131786 0.000000
1693786935451715939 805.403484 0.000000
1693786935451795148 2178.487296 0.000000
1693786935451829022 1364.120614 0.000000
1693786935451869822 1798.009388 0.000000
1693786935451929601 1376.892933 0.000000
1693786935451970180 1982.137725 0.000000
1693786935451971433 1500.853328 0.000000
1693786935452017350 894.333858 0.000000
1693786935452397093 1191.587682 0.000000
1693786935452487654 2248.526652 0.000000
1693786935452509013 2248.692720 0.000000
1693786935452581497 894.829395 0.000000
1693786935452631268 2008.008987 0.000000
1693786935452761566 1267.560667 0.000000
1693786935453072073 1983.010224 0.000000
1693786935453558209 1661.465617 0.000000
1693786935453583403 1661.432861 0.000000
1693786935453607935 1094.092716 0.000000
1693786935453681466 1832.653178 0.000000
1693786935453797666 1661.983408 0.000000
1693786935453827365 1661.763491 0.000000
1693786935453918677 2324.457210 0.000000
1693786935454331863 588.773213 0.000000
1693786935454415112 1595.869120 0.000000
1693786935454483140 1445.440029 0.000000
1693786935454498496 1614.609461 0.000000
1693786935454543105 1107.657056 0.000000
1693786935454582647 1835.019698 0.000000
1693786935454720242 2324.088692 0.000000
1693786935454767828 1951.110034 0.000000
1693786935454805826 1984.668928 0.000000
1693786935455094272 1516.707787 0.000000
1693786935455105488 1263.119980 0.000000
1693786935455177506 1324.550440 0.000000
1693786935455216196 1516.542320 0.000000
1693786935455292548 1548.373158 0.000000
1693786935455369808 2027.774267 0.000000
1693786935455454770 1547.774578 0.000000
1693786935455493480 1547.457325 0.000000
1693786935455540735 1545.773135 0.000000
1693786935455656004 1556.613511 0.000000
1693786935455700993 1391.167020 0.000000
1693786935455741933 2102.627581 0.000000
1693786935455779060 2109.912060 0.000000
1693786935455817429 2102.765983 0.000000
1693786935455855307 1431.774035 0.000000
1693786935455933278 1596.939447 0.000000
1693786935456015891 1600.685671 0.000000
1693786935456349141 1855.615321 0.000000
1693786935456437832 993.165632 0.000000
1693786935456476833 1833.905649 0.000000
1693786935456633462 1434.160887 0.000000
1693786935456657864 1258.039920 0.000000
1693786935456754293 1835.673427 0.000000
1693786935456790558 1070.907070 0.000000
1693786935457241562 1418.447095 0.000000
1693786935457284171 1441.785831 0.000000
1693786935458312849 1743.551247 0.000000
1693786935458402191 1393.518429 0.000000
1693786935458447081 1381.598334 0.000000
1693786935458449111 1727.277139 0.000000
1693786935458499653 1697.195779 0.000000
1693786935458820780 2185.541307 0.000000
1693786935459132921 1667.153052 0.000000
1693786935459222249 1667.213158 0.000000
1693786935459244390 1241.035093 0.000000
1693786935459297729 1240.956372 0.000000
1693786935459697479 1627.665164 0.000000
1693786935459773205 926.902960 0.000000
1693786935459977435 2117.115825 0.000000
1693786935460026510 2117.098258 0.000000
1693786935460105579 1615.461894 0.000000
1693786935460125224 2100.754956 0.000000
1693786935460148508 2100.864707 0.000000
1693786935460489717 1601.271654 0.000000
1693786935460859322 2039.678382 0.000000
1693786935460909088 1575.476547 0.000000
1693786935460949256 1989.713009 0.000000
1693786935461021780 1819.663189 0.000000
1693786935461043691 1561.231813 0.000000
1693786935461063497 1547.804023 0.000000
1693786935461109845 1451.885471 0.000000
1693786935461195288 1808.796757 0.000000
1693786935461507419 2329.856266 0.000000
1693786935461556002 2308.587059 0.000000
1693786935461611672 1332.100765 0.000000
1693786935461805107 1613.950922 0.000000
1693786935461833302 1267.391663 0.000000
1693786935461912742 1231.828077 0.000000
1693786935462030471 1569.682390 0.000000
1693786935462139825 1564.542863 0.000000
1693786935462197159 1564.088752 0.000000
1693786935462238826 1051.539181 0.000000
1693786935462242825 1861.232596 0.000000
1693786935462289694 1812.099991 0.000000
1693786935462291543 1552.280685 0.000000
1693786935462359466 1439.074864 0.000000
1693786935462448122 1242.962431 0.000000
1693786935462561311 1398.066414 0.000000
1693786935462580966 1623.599183 0.000000
1693786935462753708 2077.348939 0.000000
1693786935462804105 1907.632757 0.000000
1693786935462789496 2111.677500 0.000000
1693786935462859930 1892.971228 0.000000
1693786935462901973 1661.566574 0.000000
1693786935463250173 2259.318295 0.000000
1693786935463252553 2259.404114 0.000000
1693786935463319599 2104.110255 0.000000
1693786935463331828 2259.454871 0.000000
1693786935463363311 2042.311511 0.000000
1693786935463382140 2259.689829 0.000000
1693786935463411663 1843.499491 0.000000
1693786935463436727 2104.325841 0.000000
1693786935463457725 1843.976317 0.000000
1693786935463490963 2229.470608 0.000000
1693786935463505056 1810.710525 0.000000
1693786935463592238 1732.246286 0.000000
1693786935463656217 1732.632256 0.000000
1693786935463710714 1702.378424 0.000000
1693786935463853977 1672.148639 0.000000
1693786935463906950 1651.964710 0.000000
1693786935463911681 1636.950623 0.000000
1693786935464432352 1632.337526 0.000000
1693786935464539727 1566.672277 0.000000
1693786935464548247 1624.110868 0.000000
1693786935464581274 1605.993894 0.000000
1693786935464636783 1579.601184 0.000000
1693786935464639294 1620.869092 0.000000
1693786935464691550 1551.764285 0.000000
1693786935464691966 1556.969016 0.000000
1693786935464732831 1578.506677 0.000000
1693786935464738073 1605.583754 0.000000
1693786935464785153 1458.941096 0.000000
1693786935464793678 1493.898537 0.000000
1693786935464890212 1451.065317 0.000000
1693786935464900100 1449.363863 0.000000
1693786935465216536 1443.510548 0.000000
1693786935465469966 1427.069982 0.000000
1693786935465500787 1402.554328 0.000000
1693786935465531659 1339.276761 0.000000
1693786935465564586 1397.137472 0.000000
1693786935465576574 1388.129745 0.000000
1693786935465614557 1426.259837 0.000000
1693786935465632263 1273.883413 0.000000
1693786935465659511 1265.469578 0.000000
1693786935465721496 1249.263329 0.000000
1693786935465720543 1283.062392 0.000000
1693786935465764300 1291.103441 0.000000
1693786935465794160 1293.089838 0.000000
1693786935466201728 1230.893100 0.000000
1693786935466271570 1225.363117 0.000000
1693786935466301715 1135.367023 0.000000
1693786935466323165 1071.029650 0.000000
1693786935466362592 1104.266874 0.000000
1693786935466374149 1040.946726 0.000000
1693786935466412458 1112.777150 0.000000
1693786935466457287 1006.352514 0.000000
1693786935466459081 1035.752607 0.000000
1693786935466534462 928.093207 0.000000
1693786935466792206 905.872882 0.000000
1693786935466928679 657.205818 0.000000
1693786935466937925 871.859131 0.000000
1693786935467072984 468.060322 0.000000
1693786935467107921 424.456634 0.000000
1693786935467122835 380.414896 0.000000
1693786935467227308 367.461406 0.000000
1693786935502591681 371.845620 0.000000
1693786935502688016 387.356674 0.000000
1693786935502901342 283.068994 0.000000
1693786935502960389 326.956722 0.000000
1693786935502999069 372.330858 0.000000
1693786935698324620 273.936165 0.000000
1693786935854594447 381.506913 0.000000
1693786937307083795 1608.753978 0.000000
1693786937307084091 1640.966204 0.000000
1693786937307157311 1644.537345 0.000000
1693786937307314261 1452.715203 0.000000
1693786937307620258 1202.859228 0.000000
1693786937307670725 1204.647032 0.000000
1693786937307845567 1503.739803 0.000000
1693786937307847501 1437.462145 0.000000
1693786937308272144 1118.523466 0.000000
1693786937308785689 1697.416313 0.000000
1693786937308960385 1682.297841 0.000000
1693786937309179560 1294.293105 0.000000
1693786937309178006 1627.537328 0.000000
1693786937309324301 1591.888342 0.000000
1693786937309381314 1860.816680 0.000000
1693786937309706425 1559.570741 0.000000
1693786937309734550 1035.603509 0.000000
1693786937309834368 1497.617146 0.000000
1693786937309890268 867.305048 0.000000
1693786937310112570 841.354176 0.000000
1693786937310564421 1844.359686 0.000000
1693786937310616026 1861.266707 0.000000
1693786937310891266 1861.348532 0.000000
1693786937311086184 1861.868176 0.000000
1693786937311133154 776.549213 0.000000
1693786937311201302 1045.659228 0.000000
1693786937312266084 1684.782792 0.000000
1693786937312897894 604.706028 0.000000
1693786937312930855 778.529353 0.000000
1693786937312956064 1684.657420 0.000000
1693786937313100169 1742.362979 0.000000
1693786937313425977 1761.472598 0.000000
1693786937313868682 1760.945783 0.000000
1693786937314066507 598.296674 0.000000
1693786937314262237 1564.291907 0.000000
1693786937314762621 1684.023220 0.000000
1693786937314795833 1651.782177 0.000000
1693786937314879949 1506.897392 0.000000
1693786937314885612 1296.572913 0.000000
1693786937314924568 1571.627937 0.000000
1693786937314958993 1221.042524 0.000000
1693786937314962371 1478.446675 0.000000
1693786937315007806 1567.185353 0.000000
1693786937316749057 1148.796368 0.000000
1693786937316764758 864.424322 0.000000
1693786937316795815 605.031475 0.000000
1693786937316800767 795.167430 0.000000
1693786937317072790 1852.377541 0.000000
1693786937317118812 1850.656914 0.000000
1693786937317344612 1867.487477 0.000000
1693786937317446900 1851.650485 0.000000
1693786937317537851 1863.203638 0.000000
1693786937317547474 1864.783457 0.000000
1693786937317627104 1775.930849 0.000000
1693786937317637157 1771.339074 0.000000
1693786937317699182 1771.152400 0.000000
1693786937317717058 1771.672580 0.000000
1693786937317745489 1136.619860 0.000000
1693786937318143921 1748.869163 0.000000
1693786937318182606 1673.497322 0.000000
1693786937318371270 1045.898405 0.000000
1693786937318518793 1678.638790 0.000000
1693786937318712048 1570.934534 0.000000
1693786937318714814 1598.006394 0.000000
1693786937318764309 1505.347292 0.000000
1693786937318828594 1659.017306 0.000000
1693786937319320934 1867.447845 0.000000
1693786937319325124 1865.524426 0.000000
1693786937319389183 1862.596124 0.000000
1693786937319399291 1865.813303 0.000000
1693786937319447804 1865.617758 0.000000
1693786937319528321 1865.042886 0.000000
1693786937319605045 1856.144433 0.000000
1693786937319698487 1775.480436 0.000000
1693786937319820772 1865.319680 0.000000
1693786937319838648 1497.546406 0.000000
1693786937319894027 1854.419841 0.000000
1693786937320022872 1768.101889 0.000000
1693786937320194030 1417.530488 0.000000
1693786937320240232 1062.998250 0.000000
1693786937320283709 1410.554883 0.000000
1693786937320291727 1397.883569 0.000000
1693786937320463236 1407.160843 0.000000
1693786937320489452 1397.978074 0.000000
1693786937320760372 1316.811454 0.000000
1693786937320924624 1855.289079 0.000000
1693786937320929410 1764.865451 0.000000
1693786937320968121 1225.097591 0.000000
1693786937320973257 1865.037824 0.000000
1693786937321015315 1671.838720 0.000000
1693786937321017626 1866.432338 0.000000
1693786937321088320 1865.592188 0.000000
1693786937321155496 1671.458300 0.000000
1693786937321189596 1868.115318 0.000000
1693786937321232265 1867.547933 0.000000
1693786937321336402 1857.677153 0.000000
1693786937321341750 1406.675340 0.000000
1693786937321374305 1866.565879 0.000000
1693786937321413552 1861.305708 0.000000
1693786937321444273 1048.800220 0.000000
1693786937321452863 1859.837182 0.000000
1693786937321496239 1665.743281 0.000000
1693786937321534879 1666.303213 0.000000
1693786937321535796 1234.125966 0.000000
1693786937321588945 1490.680908 0.000000
1693786937321649130 1310.435869 0.000000
1693786937321792954 1859.550996 0.000000
1693786937321951137 1866.578928 0.000000
1693786937322050854 1868.129721 0.000000
1693786937322191446 1867.468192 0.000000
1693786937322374707 1582.069024 0.000000
1693786937322412465 1585.278528 0.000000
1693786937322562705 1759.333634 0.000000
1693786937322605745 1762.854043 0.000000
1693786937322612972 1859.247371 0.000000
1693786937322695749 1862.567377 0.000000
1693786937322735321 1863.908697 0.000000
1693786937322739511 1861.541591 0.000000
1693786937322782486 1860.639228 0.000000
1693786937322782436 1858.873345 0.000000
1693786937323045808 1859.450007 0.000000
1693786937323178918 1860.615342 0.000000
1693786937323217718 1859.361165 0.000000
1693786937323258969 1859.765079 0.000000
1693786937323305688 1672.633784 0.000000
1693786937323583684 1881.133137 0.000000
1693786937323686694 1867.668227 0.000000
1693786937323708730 2013.898553 0.000000
1693786937323735693 1864.488807 0.000000
1693786937323749074 2055.210945 0.000000
1693786937323791348 1859.149107 0.000000
1693786937323903939 1870.291710 0.000000
1693786937323914599 1861.009113 0.000000
1693786937323942970 1860.687986 0.000000
1693786937323953204 1861.143551 0.000000
1693786937324047077 1856.816492 0.000000
1693786937324365077 1875.827927 0.000000
1693786937324463005 1770.718996 0.000000
1693786937324502041 1821.810176 0.000000
1693786937324660319 1837.809987 0.000000
1693786937324727104 1660.542178 0.000000
1693786937324742400 1859.945951 0.000000
1693786937324780288 1862.971768 0.000000
1693786937324818462 1863.705851 0.000000
1693786937324904377 1666.237280 0.000000
1693786937324950374 1670.350598 0.000000
1693786937324975146 1861.640938 0.000000
1693786937324990622 1667.657618 0.000000
1693786937325032374 1671.943262 0.000000
1693786937325075740 1672.554920 0.000000
1693786937325117618 1677.718311 0.000000
1693786937325176850 1679.370830 0.000000
1693786937325234234 1679.616270 0.000000
1693786937325290229 1681.337599 0.000000
1693786937325335038 1687.775057 0.000000
1693786937325373518 1758.480790 0.000000
1693786937325452010 1505.368301 0.000000
1693786937325475731 1758.147370 0.000000
1693786937325587024 1758.808588 0.000000
1693786937325645956 1761.159371 0.000000
1693786937325679520 1514.521743 0.000000
1693786937325723442 1511.784395 0.000000
1693786937325738662 1786.780271 0.000000
1693786937325765870 1576.391557 0.000000
1693786937325807713 1589.586043 0.000000
1693786937325834700 1762.638958 0.000000
1693786937325946265 1779.678381 0.000000
1693786937325970040 1138.700810 0.000000
1693786937326052908 1141.206368 0.000000
1693786937326090816 1161.818873 0.000000
1693786937326129722 1195.344049 0.000000
1693786937326174115 1226.178926 0.000000
1693786937326177342 1777.580111 0.000000
1693786937326212785 1314.479099 0.000000
1693786937326255219 1321.200243 0.000000
1693786937326329637 1336.932451 0.000000
1693786937326376626 1426.639882 0.000000
1693786937326459449 1495.368196 0.000000
1693786937326562102 1763.604043 0.000000
1693786937326575709 1501.434436 0.000000
1693786937326653786 1764.137408 0.000000
1693786937326692466 1501.335596 0.000000
1693786937326736393 1774.075890 0.000000
1693786937326812184 1501.368217 0.000000
1693786937327013427 1503.217763 0.000000
1693786937327175574 373.598778 0.000000
1693786937327181799 346.520619 0.000000
1693786937327274038 440.380263 0.000000
1693786937327315099 449.506862 0.000000
1693786937327396543 883.194297 0.000000
1693786937327431319 612.885323 0.000000
1693786937327441583 971.378645 0.000000
1693786937327560680 976.010464 0.000000
1693786937327641773 700.907339 0.000000
1693786937327670325 1052.160807 0.000000
1693786937327678885 715.818222 0.000000
1693786937327710423 1147.306206 0.000000
1693786937327720958 833.750580 0.000000
1693786937694894084 371.100327 0.000000
1693786937722111858 326.113861 0.000000
1693786937833112823 347.476341 0.000000
1693786938104431491 321.458067 0.000000
1693786938431459229 327.022871 0.000000
1693786938799504193 489.188632 0.000000
1693786939318922164 798.676953 0.000000
1693786939318943419 600.266957 0.000000
1693786939318994312 963.370548 0.000000
1693786939319077751 758.271729 0.000000
1693786939319628071 1654.353818 0.000000
1693786939319716091 1495.719421 0.000000
1693786939319722270 1566.650028 0.000000
1693786939319786314 1495.800856 0.000000
1693786939319789888 1992.512447 0.000000
1693786939319839864 1713.988444 0.000000
1693786939319922236 1186.169373 0.000000
1693786939320747134 2012.899172 0.000000
1693786939320804357 1653.396883 0.000000
1693786939320811559 1095.387086 0.000000
1693786939320881737 1468.679652 0.000000
1693786939320896447 584.167374 0.000000
1693786939320922467 1832.233775 0.000000
1693786939320961779 1725.479588 0.000000
1693786939320972744 1107.404599 0.000000
1693786939321007360 1377.368931 0.000000
1693786939321019408 1832.812652 0.000000
1693786939322197468 1654.196187 0.000000
1693786939322261843 1400.923149 0.000000
1693786939322318504 1400.876947 0.000000
1693786939322343092 1654.123819 0.000000
1693786939322363158 398.150687 0.000000
1693786939322401528 1634.649145 0.000000
1693786939322407396 2011.199634 0.000000
1693786939322452361 1637.856420 0.000000
1693786939323495833 1657.033571 0.000000
1693786939323549623 1183.306598 0.000000
1693786939323966849 2009.897520 0.000000
1693786939324031925 1641.354972 0.000000
1693786939324431414 2007.633229 0.000000
1693786939324463053 2012.194814 0.000000
1693786939324525994 1829.675755 0.000000
1693786939324606933 1924.832553 0.000000
1693786939324603114 1831.572047 0.000000
1693786939324665053 1478.732189 0.000000
1693786939324838521 1649.473481 0.000000
1693786939324843929 1655.743982 0.000000
1693786939325684674 1215.157269 0.000000
1693786939325735332 1651.217338 0.000000
1693786939325734230 1561.288026 0.000000
1693786939325859621 1101.832649 0.000000
1693786939325937242 1542.122647 0.000000
1693786939325955379 1998.392048 0.000000
1693786939325987885 2000.245694 0.000000
1693786939326505835 2001.512677 0.000000
1693786939326606278 2013.647508 0.000000
1693786939326746564 1999.033215 0.000000
1693786939326771553 1647.345853 0.000000
1693786939327311849 871.883378 0.000000
1693786939327392196 2013.961042 0.000000
1693786939327394286 1921.689376 0.000000
1693786939327439206 2003.071633 0.000000
1693786939327518445 504.095786 0.000000
1693786939327545453 1562.038772 0.000000
1693786939327573438 1385.705658 0.000000
1693786939328468199 1917.409721 0.000000
1693786939328565285 1327.204453 0.000000
1693786939328577067 1827.648812 0.000000
1693786939328669382 1815.547824 0.000000
1693786939329050173 1814.403603 0.000000
1693786939329078644 1815.326915 0.000000
1693786939329187723 1734.995417 0.000000
1693786939329659440 2008.119584 0.000000
1693786939329714328 2012.009824 0.000000
1693786939329781669 1671.793585 0.000000
1693786939329791808 2011.248478 0.000000
1693786939329822750 2009.328582 0.000000
1693786939329840757 1920.524677 0.000000
1693786939329873107 1918.957041 0.000000
1693786939329880820 1663.610344 0.000000
1693786939329920918 1314.567589 0.000000
1693786939329924682 1506.040068 0.000000
1693786939330039559 1290.895217 0.000000
1693786939330449442 1834.454231 0.000000
1693786939330544273 1741.081544 0.000000
1693786939330876165 1664.724846 0.000000
1693786939330909021 1652.122855 0.000000
1693786939330939357 505.060074 0.000000
1693786939330954743 1664.648033 0.000000
1693786939330990817 2009.398885 0.000000
1693786939331004273 1916.725770 0.000000
1693786939331045639 1738.156334 0.000000
1693786939331049668 2013.702426 0.000000
1693786939331091771 1738.420550 0.000000
1693786939331093240 2006.185265 0.000000
1693786939331130501 1818.047198 0.000000
1693786939331135333 2006.012729 0.000000
1693786939331192395 2005.012487 0.000000
1693786939331233762 2005.779276 0.000000
1693786939331543713 2013.904065 0.000000
1693786939331572655 2014.030914 0.000000
1693786939331599577 1130.123414 0.000000
1693786939331647078 2012.930966 0.000000
1693786939331754317 1921.516103 0.000000
1693786939331795162 1921.656690 0.000000
1693786939331806363 2010.571498 0.000000
1693786939331845620 1914.060757 0.000000
1693786939331871129 2006.280586 0.000000
1693786939332055423 2006.679690 0.000000
1693786939332367413 2007.332063 0.000000
1693786939332408364 2011.390653 0.000000
1693786939332463131 2008.773254 0.000000
1693786939332469350 1918.088726 0.000000
1693786939332507955 1919.983357 0.000000
1693786939332552880 2011.097371 0.000000
1693786939332555235 1645.479726 0.000000
1693786939332598005 1738.673943 0.000000
1693786939332597589 1646.951976 0.000000
1693786939332656811 1465.634008 0.000000
1693786939332686300 2006.030023 0.000000
1693786939332729160 2007.651079 0.000000
1693786939332729039 1502.241994 0.000000
1693786939332775302 1508.947495 0.000000
1693786939332831693 1832.296606 0.000000
1693786939332859087 1826.204797 0.000000
1693786939332983256 2010.417659 0.000000
1693786939333335465 2010.593458 0.000000
1693786939333354639 2011.399794 0.000000
1693786939333393390 2008.415908 0.000000
1693786939333473621 1918.963244 0.000000
1693786939333489187 2010.227422 0.000000
1693786939333524134 1822.615779 0.000000
1693786939333588934 2007.862832 0.000000
1693786939333646889 1823.763899 0.000000
1693786939333804025 2023.967367 0.000000
1693786939334052212 2008.369359 0.000000
1693786939334091704 2008.612054 0.000000
1693786939334138252 2012.483454 0.000000
1693786939334247561 2008.410456 0.000000
1693786939334264857 2008.971310 0.000000
1693786939334307275 2009.126941 0.000000
1693786939334311826 2013.383733 0.000000
1693786939334392539 2008.259890 0.000000
1693786939334444204 2011.745884 0.000000
1693786939334513194 2017.710342 0.000000
1693786939334507531 2007.491674 0.000000
1693786939334610320 2008.394954 0.000000
1693786939334625455 2008.293333 0.000000
1693786939334707957 2011.922841 0.000000
1693786939334905281 2010.854841 0.000000
1693786939335013413 2026.221249 0.000000
1693786939335015473 2011.707449 0.000000
1693786939335060512 2022.126711 0.000000
1693786939335065825 2007.384324 0.000000
1693786939335107391 2022.202953 0.000000
1693786939335160705 1928.389937 0.000000
1693786939335204908 1937.509368 0.000000
1693786939335288297 1936.932922 0.000000
1693786939335572699 1927.797248 0.000000
1693786939335765272 1916.607726 0.000000
1693786939335823126 1913.969539 0.000000
1693786939335902175 1834.034704 0.000000
1693786939335948072 1832.301092 0.000000
1693786939335992931 1909.334854 0.000000
1693786939336018486 1828.665140 0.000000
1693786939336040402 1828.601221 0.000000
1693786939336063561 1842.079487 0.000000
1693786939336413434 1827.238397 0.000000
1693786939336456239 1828.996149 0.000000
1693786939336512926 1815.885494 0.000000
1693786939336551992 1820.002992 0.000000
1693786939336577691 1820.783803 0.000000
1693786939336623167 1820.951823 0.000000
1693786939336708476 1643.853064 0.000000
1693786939336712811 1821.694827 0.000000
1693786939336752824 1650.211448 0.000000
1693786939336805431 1821.729697 0.000000
1693786939336872242 1662.234404 0.000000
1693786939336925946 1690.252143 0.000000
1693786939336933544 1826.658723 0.000000
1693786939336964376 1754.504095 0.000000
1693786939337002875 1754.205631 0.000000
1693786939337059257 1840.464556 0.000000
1693786939337071335 1473.507471 0.000000
1693786939337111197 1493.940434 0.000000
1693786939337405251 1494.039715 0.000000
1693786939337447094 1495.186462 0.000000
1693786939337484390 1496.480733 0.000000
1693786939337653093 1508.212266 0.000000
1693786939337879264 1643.637296 0.000000
1693786939337964372 1406.323951 0.000000
1693786939337994377 1513.967291 0.000000
1693786939338031488 1560.608856 0.000000
1693786939338145749 265.413752 0.000000
1693786939338210499 393.178416 0.000000
1693786939338274644 538.763735 0.000000
1693786939338463934 1046.654477 0.000000
1693786939338590714 1168.770813 0.000000
1693786939338755437 1217.021881 0.000000
1693786939338931507 1248.721836 0.000000
1693786939339422774 1283.148729 0.000000
1693786939339485605 1396.140605 0.000000
1693786939339832678 1399.686979 0.000000
1693786939353384860 255.771288 0.000000
1693786939846519331 350.266557 0.000000
1693786940511241588 375.329464 0.000000
1693786940575879351 345.585168 0.000000
1693786940717051024 303.163744 0.000000
1693786941021173649 1085.627455 0.000000
1693786941021208921 1247.614124 0.000000
1693786941021223735 986.749748 0.000000
1693786941021303691 1524.396891 0.000000
1693786941021318395 1701.684396 0.000000
1693786941021359536 873.387691 0.000000
1693786941021372371 873.352248 0.000000
1693786941021538683 1700.724678 0.000000
1693786941021945228 1591.244565 0.000000
1693786941021998187 1497.361391 0.000000
1693786941022307717 1431.015780 0.000000
1693786941022334940 708.045371 0.000000
1693786941022357693 1339.238108 0.000000
1693786941022560986 1249.930332 0.000000
1693786941022648414 1684.180851 0.000000
1693786941023102530 1591.623271 0.000000
1693786941023187964 1411.329489 0.000000
1693786941023188415 1683.762774 0.000000
1693786941023247853 1701.045570 0.000000
1693786941023256348 1341.917430 0.000000
1693786941023295239 1613.607457 0.000000
1693786941023306620 1002.506604 0.000000
1693786941023914078 1249.082921 0.000000
1693786941023992440 1249.140094 0.000000
1693786941024018521 1524.099269 0.000000
1693786941024046697 1254.758673 0.000000
1693786941024085051 1430.885482 0.000000
1693786941024092508 1165.815278 0.000000
1693786941024136475 1060.098254 0.000000
1693786941024137763 1075.070535 0.000000
1693786941024185479 1055.690146 0.000000
1693786941024898363 1705.055436 0.000000
1693786941024955440 876.983074 0.000000
1693786941024979226 876.962446 0.000000
1693786941025037321 877.239135 0.000000
1693786941025043144 736.308077 0.000000
1693786941025088199 1614.733706 0.000000
1693786941025096398 1345.183829 0.000000
1693786941025315373 1671.927310 0.000000
1693786941025649109 1687.056074 0.000000
1693786941025918225 621.987494 0.000000
1693786941025968397 539.502794 0.000000
1693786941025973609 451.957632 0.000000
1693786941026023871 976.427233 0.000000
1693786941026786264 1524.180262 0.000000
1693786941026930810 1427.162407 0.000000
1693786941026933121 1504.093941 0.000000
1693786941026991782 707.087945 0.000000
1693786941027036551 1703.002166 0.000000
1693786941027330916 1701.468854 0.000000
1693786941027571345 533.706206 0.000000
1693786941027597812 1432.255769 0.000000
1693786941027633199 1692.617010 0.000000
1693786941027666176 1321.728656 0.000000
1693786941028037885 1254.251854 0.000000
1693786941028091500 1610.667558 0.000000
1693786941028252790 932.618634 0.000000
1693786941028293209 897.438144 0.000000
1693786941028480826 1243.466422 0.000000
1693786941029001196 1522.229028 0.000000
1693786941029293832 799.849405 0.000000
1693786941029323631 1522.437583 0.000000
1693786941029428240 1507.742503 0.000000
1693786941029716179 1348.248603 0.000000
1693786941031542066 1706.696244 0.000000
1693786941031622774 1705.680441 0.000000
1693786941031685881 1707.150920 0.000000
1693786941032434978 1698.623777 0.000000
1693786941032585980 1697.673687 0.000000
1693786941033463085 1707.505545 0.000000
1693786941033896358 1707.286581 0.000000
1693786941034037275 1509.522609 0.000000
1693786941034178218 1081.864562 0.000000
1693786941035336242 997.287069 0.000000
1693786941036167079 1702.111995 0.000000
1693786941036826342 986.532248 0.000000
1693786941036819376 1607.551776 0.000000
1693786941037312197 1529.212798 0.000000
1693786941037583839 1529.128070 0.000000
1693786941037710920 1340.902314 0.000000
1693786941038118758 1702.955337 0.000000
1693786941038189728 1707.310356 0.000000
1693786941038235319 1702.660025 0.000000
1693786941038235886 1708.360418 0.000000
1693786941038386852 1701.675705 0.000000
1693786941039304942 1700.546088 0.000000
1693786941039632234 1185.114364 0.000000
1693786941039712395 1617.194810 0.000000
1693786941039894855 1618.620507 0.000000
1693786941040762373 1710.834644 0.000000
1693786941040828782 1530.457738 0.000000
1693786941040826938 1171.314590 0.000000
1693786941040876724 933.408356 0.000000
1693786941040916060 1621.303191 0.000000
1693786941041444920 1706.927571 0.000000
1693786941041470244 1709.620129 0.000000
1693786941041497407 1709.947681 0.000000
1693786941041658492 1708.994624 0.000000
1693786941041710729 1705.758708 0.000000
1693786941041761552 1709.027651 0.000000
1693786941042134184 1532.823261 0.000000
1693786941042141465 582.568039 0.000000
1693786941042185648 1534.243775 0.000000
1693786941042248369 1534.150202 0.000000
1693786941042316783 1525.247240 0.000000
1693786941042526807 1437.608309 0.000000
1693786941042593427 1439.217427 0.000000
1693786941042651667 1261.020037 0.000000
1693786941042671779 556.766128 0.000000
1693786941042699037 1170.756222 0.000000
1693786941042738058 1254.824275 0.000000
1693786941042781890 1519.314975 0.000000
1693786941042822850 1522.059149 0.000000
1693786941042968274 1079.974196 0.000000
1693786941043050675 1710.990557 0.000000
1693786941043156712 1705.748970 0.000000
1693786941043385023 1711.013405 0.000000
1693786941043796881 1711.330542 0.000000
1693786941043799051 1711.288875 0.000000
1693786941043844637 1711.970972 0.000000
1693786941043945146 1711.387625 0.000000
1693786941043950789 1175.376903 0.000000
1693786941044161239 1620.142888 0.000000
1693786941044420923 1618.566803 0.000000
1693786941044453794 999.532055 0.000000
1693786941044476707 1532.542258 0.000000
1693786941044502522 1350.090507 0.000000
1693786941044540386 1349.878694 0.000000
1693786941044586974 1435.994029 0.000000
1693786941044627152 1711.151156 0.000000
1693786941044640644 1522.642275 0.000000
1693786941044671726 1710.421533 0.000000
1693786941045465848 1714.417517 0.000000
1693786941045624803 1712.285404 0.000000
1693786941045632852 1277.312849 0.000000
1693786941045709069 1260.007943 0.000000
1693786941045724891 1712.132669 0.000000
1693786941045933461 1726.924605 0.000000
1693786941046050734 1725.075805 0.000000
1693786941046064491 1725.100116 0.000000
1693786941046098790 1722.122450 0.000000
1693786941046222468 1719.713075 0.000000
1693786941046269803 1718.721819 0.000000
1693786941046318502 1720.577952 0.000000
1693786941046410947 1717.831173 0.000000
1693786941046424343 1715.290408 0.000000
1693786941046460687 1716.635251 0.000000
1693786941046515515 1716.062589 0.000000
1693786941046756300 1710.760301 0.000000
1693786941046939742 1715.692278 0.000000
1693786941046996584 1713.469669 0.000000
1693786941047212491 1711.191168 0.000000
1693786941047669143 1622.634549 0.000000
1693786941047698060 1619.500359 0.000000
1693786941047720187 1627.729865 0.000000
1693786941047744323 1629.715755 0.000000
1693786941047781134 1624.561456 0.000000
1693786941047787413 1623.714071 0.000000
1693786941047819473 1632.721757 0.000000
1693786941047839925 1616.210572 0.000000
1693786941047866708 1621.501128 0.000000
1693786941047889446 1541.088732 0.000000
1693786941047909613 1541.508759 0.000000
1693786941048192100 1537.099874 0.000000
1693786941048502426 1531.365316 0.000000
1693786941048806168 1524.103143 0.000000
1693786941048835576 1458.334941 0.000000
1693786941048884410 1446.813566 0.000000
1693786941048917597 1438.160458 0.000000
1693786941048932246 1360.158614 0.000000
1693786941048989484 1352.535860 0.000000
1693786941049047108 1351.161077 0.000000
1693786941049355842 1293.259697 0.000000
1693786941049569779 1271.227459 0.000000
1693786941049597283 1277.977595 0.000000
1693786941049954018 1265.295346 0.000000
1693786941049993710 1258.546733 0.000000
1693786941050009302 1270.414013 0.000000
1693786941050085970 1175.188050 0.000000
1693786941050125707 1186.225272 0.000000
1693786941050131330 1129.988550 0.000000
1693786941050176596 1025.812319 0.000000
1693786941050189621 1020.232214 0.000000
1693786941050221751 1001.612189 0.000000
1693786941050286381 996.920171 0.000000
1693786941050295181 951.631819 0.000000
1693786941050628141 914.920923 0.000000
1693786941050632611 920.181204 0.000000
1693786941050683299 911.997102 0.000000
1693786941051008576 293.636469 0.000000
1693786941051019651 609.090361 0.000000
1693786941051140112 334.084763 0.000000
1693786941051160424 290.407503 0.000000
1693786941051177504 362.931626 0.000000
1693786941148129942 313.191193 0.000000
1693786941349782179 328.605277 0.000000
1693786941424210917 378.582335 0.000000
1693786941511954816 363.821612 0.000000
1693786941511992578 307.753867 0.000000
1693786941848652641 348.628140 0.000000
1693786942576666551 1001.325387 0.000000
1693786942576801996 1486.144737 0.000000
1693786942576886181 1197.754481 0.000000
1693786942576935857 1278.117711 0.000000
1693786942576948025 651.639471 0.000000
1693786942576985247 836.675784 0.000000
1693786942577000096 900.067054 0.000000
1693786942577044485 799.716190 0.000000
1693786942577091910 1526.067452 0.000000
1693786942577773144 1191.066218 0.000000
1693786942578539943 668.225239 0.000000
1693786942578653367 1097.172068 0.000000
1693786942578658829 808.184212 0.000000
1693786942578707042 1112.513438 0.000000
1693786942578863912 936.232350 0.000000
1693786942578900547 987.169485 0.000000
1693786942579774835 1556.464968 0.000000
1693786942579866268 1557.301313 0.000000
1693786942580026235 741.490396 0.000000
1693786942580127997 1468.431836 0.000000
1693786942580259117 1530.130813 0.000000
1693786942580283674 655.808177 0.000000
1693786942580526529 1532.020283 0.000000
1693786942580693347 1347.976554 0.000000
1693786942580936898 1382.305996 0.000000
1693786942581209227 1370.649191 0.000000
1693786942581230897 1290.005528 0.000000
1693786942581615742 1098.963866 0.000000
1693786942581730459 1112.735134 0.000000
1693786942581790975 1196.256475 0.000000
1693786942582121780 1021.782872 0.000000
1693786942582175169 1005.986084 0.000000
1693786942582226263 1024.404711 0.000000
1693786942582270931 577.130768 0.000000
1693786942582289460 754.118715 0.000000
1693786942582414034 740.095452 0.000000
1693786942583214556 1559.954420 0.000000
1693786942583311547 1560.119593 0.000000
1693786942583330035 1558.369117 0.000000
1693786942583382006 1557.460378 0.000000
1693786942583426224 1374.243817 0.000000
1693786942583450696 1535.538141 0.000000
1693786942583509553 1357.715863 0.000000
1693786942583585304 1559.589962 0.000000
1693786942583623543 1556.048804 0.000000
1693786942583687196 1288.533233 0.000000
1693786942584145893 1558.118965 0.000000
1693786942584750173 1464.869290 0.000000
1693786942584752835 1470.160372 0.000000
1693786942585245105 1010.395179 0.000000
1693786942585304864 1368.593751 0.000000
1693786942585311419 1535.315448 0.000000
1693786942585360358 663.590810 0.000000
1693786942585386007 1009.199919 0.000000
1693786942585516501 392.048472 0.000000
1693786942585554399 1535.265622 0.000000
1693786942585599970 1009.858741 0.000000
1693786942585611953 484.186638 0.000000
1693786942585769209 1261.870495 0.000000
1693786942586382535 1195.986899 0.000000
1693786942586391356 667.095553 0.000000
1693786942586858969 1373.728890 0.000000
1693786942586969175 484.122995 0.000000
1693786942587943687 1216.993145 0.000000
1693786942588365603 1012.555053 0.000000
1693786942589116816 1015.352035 0.000000
1693786942589128493 850.070200 0.000000
1693786942589413285 925.920359 0.000000
1693786942589587971 1560.156630 0.000000
1693786942589808981 1562.874848 0.000000
1693786942590002551 1539.868800 0.000000
1693786942590067071 1540.054196 0.000000
1693786942590159486 1358.733240 0.000000
1693786942590255108 1371.706471 0.000000
1693786942590455570 1369.878565 0.000000
1693786942590499632 671.251154 0.000000
1693786942590590318 1373.790829 0.000000
1693786942590649240 567.443941 0.000000
1693786942590658742 1395.615834 0.000000
1693786942591546056 1370.822971 0.000000
1693786942591620434 1200.241912 0.000000
1693786942591931713 1030.765857 0.000000
1693786942592004673 1360.193963 0.000000
1693786942592099488 1045.921585 0.000000
1693786942592569717 1041.773089 0.000000
1693786942593065681 1016.707242 0.000000
1693786942593085006 1192.793977 0.000000
1693786942593188035 1371.359615 0.000000
1693786942593372825 1361.622311 0.000000
1693786942593508962 567.613461 0.000000
1693786942593531996 1371.753621 0.000000
1693786942593585084 1370.476204 0.000000
1693786942594614759 1095.340879 0.000000
1693786942594633979 491.767441 0.000000
1693786942594740130 679.860560 0.000000
1693786942594817591 1106.771107 0.000000
1693786942595220889 1554.301847 0.000000
1693786942595261749 1552.938325 0.000000
1693786942595340462 1545.384058 0.000000
1693786942595421460 1550.964172 0.000000
1693786942596062651 1552.109582 0.000000
1693786942596125894 1562.224279 0.000000
1693786942596293398 1547.371050 0.000000
1693786942596465488 1464.539458 0.000000
1693786942596515946 1558.801377 0.000000
1693786942597332710 1555.618359 0.000000
1693786942597396383 1550.453014 0.000000
1693786942597444751 1368.435672 0.000000
1693786942597493514 1377.365349 0.000000
1693786942597597241 1556.148842 0.000000
1693786942597746463 1376.223813 0.000000
1693786942598317596 932.779052 0.000000
1693786942598294708 1368.698955 0.000000
1693786942598370304 1373.561676 0.000000
1693786942598393643 1017.120857 0.000000
1693786942598462974 931.091567 0.000000
1693786942598488368 1288.803643 0.000000
1693786942598824856 1553.353044 0.000000
1693786942599019845 1560.897082 0.000000
1693786942599166270 1211.889579 0.000000
1693786942599430735 1561.237334 0.000000
1693786942599622326 1561.381819 0.000000
1693786942599717242 1556.746011 0.000000
1693786942599735705 1374.415121 0.000000
1693786942599765875 1559.868029 0.000000
1693786942599814714 1560.506694 0.000000
1693786942599907309 1374.775825 0.000000
1693786942600094976 1554.367113 0.000000
1693786942600321543 1387.381852 0.000000
1693786942600413662 1197.096404 0.000000
1693786942600669091 1381.389013 0.000000
1693786942600786289 999.758468 0.000000
1693786942600860747 1557.013844 0.000000
1693786942601095563 934.185128 0.000000
1693786942601126320 1573.032213 0.000000
1693786942601220629 1578.028320 0.000000
1693786942601306168 1605.395547 0.000000
1693786942601364238 1691.160186 0.000000
1693786942602275382 1373.239051 0.000000
1693786942602784647 1390.392765 0.000000
1693786942602829957 1398.316011 0.000000
1693786942602872531 1402.917319 0.000000
1693786942602911562 1396.396976 0.000000
1693786942602924993 1231.969996 0.000000
1693786942602952668 1488.810943 0.000000
1693786942603013975 1456.630852 0.000000
1693786942602985649 1280.101406 0.000000
1693786942603080746 1560.231369 0.000000
1693786942603122388 1552.491606 0.000000
1693786942603121420 1280.048637 0.000000
1693786942603159805 1552.473458 0.000000
1693786942603200690 1559.401137 0.000000
1693786942603229842 1279.965054 0.000000
1693786942603278861 1560.599345 0.000000
1693786942603285286 1290.532379 0.000000
1693786942603316269 1558.726263 0.000000
1693786942603396751 1560.799345 0.000000
1693786942603421979 1305.658402 0.000000
1693786942603476231 1559.674584 0.000000
1693786942603517562 1379.273763 0.000000
1693786942603716850 1562.243615 0.000000
1693786942603753997 1565.515535 0.000000
1693786942603802104 1569.620528 0.000000
1693786942603847183 1576.806458 0.000000
1693786942604614518 1017.561368 0.000000
1693786942604651174 1036.193010 0.000000
1693786942604732483 1038.740496 0.000000
1693786942604811657 1205.711303 0.000000
1693786942604889829 846.024715 0.000000
1693786942604908222 1205.901601 0.000000
1693786942604942922 762.076305 0.000000
1693786942605166247 1118.328028 0.000000
1693786942605227710 1027.919331 0.000000
1693786942605339881 1125.586426 0.000000
1693786942605451525 347.661423 0.000000
1693786942605461729 240.447019 0.000000
1693786942605513660 1207.345660 0.000000
1693786942605555287 424.851202 0.000000
1693786942605593636 943.043833 0.000000
1693786942605633258 859.841593 0.000000
1693786942605651711 1200.959721 0.000000
1693786942605690631 770.267027 0.000000
1693786942605767260 1042.928146 0.000000
1693786942605786540 760.354856 0.000000
1693786942605810330 599.578326 0.000000
1693786942606059499 859.446324 0.000000
1693786942606142538 1117.724039 0.000000
1693786942606203950 686.958625 0.000000
1693786942606263539 1218.021366 0.000000
1693786942606308910 1218.013904 0.000000
1693786942606374217 1217.195155 0.000000
1693786942606417963 1216.176460 0.000000
1693786942747401779 357.845079 0.000000
1693786942747976867 300.917735 0.000000
1693786942748505121 300.672695 0.000000
1693786942748995827 191.908723 0.000000
1693786942969581629 369.483726 0.000000
1693786943028584495 281.179669 0.000000
1693786943264700882 332.449664 0.000000
1693786943696681111 328.240814 0.000000
1693786944036163834 942.926955 0.000000
1693786944036170444 1439.348126 0.000000
1693786944036223167 1459.235304 0.000000
1693786944036238793 388.831414 0.000000
1693786944036272246 1104.834847 0.000000
1693786944036424916 1069.848292 0.000000
1693786944036453824 714.536571 0.000000
1693786944036501961 1431.555786 0.000000
1693786944036512876 849.842660 0.000000
1693786944036640232 1369.208800 0.000000
1693786944036860409 1279.778399 0.000000
1693786944036950940 1433.924896 0.000000
1693786944037005006 1367.161654 0.000000
1693786944037056781 1431.594124 0.000000
1693786944037107183 1459.981601 0.000000
1693786944037491136 1190.597252 0.000000
1693786944037606049 1075.437568 0.000000
1693786944037655338 1187.196282 0.000000
1693786944037656160 1014.443019 0.000000
1693786944037754484 1165.596153 0.000000
1693786944037799444 1276.432577 0.000000
1693786944037968306 847.780740 0.000000
1693786944038091869 571.700726 0.000000
1693786944038270695 475.138476 0.000000
1693786944038483099 812.907829 0.000000
1693786944038601449 1185.785645 0.000000
1693786944038656217 1457.443316 0.000000
1693786944038928941 1456.803909 0.000000
1693786944038953323 576.268968 0.000000
1693786944039269303 484.238658 0.000000
1693786944039548502 1279.959756 0.000000
1693786944039595456 1170.171887 0.000000
1693786944039644440 363.773844 0.000000
1693786944039774112 1164.394574 0.000000
1693786944040081777 1101.378388 0.000000
1693786944040297935 1454.934837 0.000000
1693786944040336991 1460.558833 0.000000
1693786944040455311 1454.918604 0.000000
1693786944040768685 1455.379600 0.000000
1693786944040824776 1460.693125 0.000000
1693786944040825152 1460.294188 0.000000
1693786944040868583 1435.232764 0.000000
1693786944040911703 1461.041310 0.000000
1693786944040974459 1344.565264 0.000000
1693786944040980152 1459.186521 0.000000
1693786944041033170 1365.258994 0.000000
1693786944041093305 1277.805069 0.000000
1693786944041117151 1274.116409 0.000000
1693786944041280160 1189.836863 0.000000
1693786944041578980 1189.888739 0.000000
1693786944041950299 835.480554 0.000000
1693786944042390513 647.522895 0.000000
1693786944042514641 645.733208 0.000000
1693786944042921593 484.744224 0.000000
1693786944042989145 577.051362 0.000000
1693786944043038399 1440.082595 0.000000
1693786944043395194 1366.512138 0.000000
1693786944043851385 1454.731318 0.000000
1693786944043929552 1364.406294 0.000000
1693786944043975755 1112.188967 0.000000
1693786944044119354 1092.803091 0.000000
1693786944044209523 1081.381860 0.000000
1693786944044588585 1278.178672 0.000000
1693786944044827601 1454.175228 0.000000
1693786944045022173 1459.464673 0.000000
1693786944045103072 1257.907451 0.000000
1693786944045140002 1277.279832 0.000000
1693786944045151193 1293.072786 0.000000
1693786944045194920 1290.193233 0.000000
1693786944045205289 1275.560202 0.000000
1693786944045278745 1276.452422 0.000000
1693786944045590826 401.594746 0.000000
1693786944045644085 1276.833172 0.000000
1693786944045727233 1098.315096 0.000000
1693786944045731714 1098.279408 0.000000
1693786944045779289 1086.424434 0.000000
1693786944045798113 1005.512500 0.000000
1693786944046175606 995.915748 0.000000
1693786944046208282 996.237727 0.000000
1693786944046358281 826.835163 0.000000
1693786944046489015 729.000298 0.000000
1693786944046848216 723.794714 0.000000
1693786944047080130 723.983264 0.000000
1693786944047113162 1457.042182 0.000000
1693786944047210443 1456.751110 0.000000
1693786944047217204 1455.593592 0.000000
1693786944047262018 1455.159092 0.000000
1693786944047939424 1444.133957 0.000000
1693786944047986669 1277.245832 0.000000
1693786944048034866 1443.121182 0.000000
1693786944048062210 1272.621427 0.000000
1693786944048134483 1261.131655 0.000000
1693786944048219756 1274.873545 0.000000
1693786944048796728 1454.054257 0.000000
1693786944048917860 1444.264471 0.000000
1693786944048947389 1002.714653 0.000000
1693786944049170072 1083.041049 0.000000
1693786944049313074 992.352064 0.000000
1693786944049340739 1359.695578 0.000000
1693786944049758190 1270.340341 0.000000
1693786944049808396 1181.900037 0.000000
1693786944049810702 903.614775 0.000000
1693786944049853712 1007.254142 0.000000
1693786944050411093 1450.691446 0.000000
1693786944050528471 1450.112530 0.000000
1693786944050755930 1446.999238 0.000000
1693786944050790616 1450.972800 0.000000
1693786944050911858 1444.490953 0.000000
1693786944051045033 1452.217551 0.000000
1693786944051385440 1456.120930 0.000000
1693786944051413510 1264.466302 0.000000
1693786944051436559 1270.111669 0.000000
1693786944051841831 1448.521448 0.000000
1693786944051871465 1359.397449 0.000000
1693786944051893000 1451.082421 0.000000
1693786944052562287 1278.128185 0.000000
1693786944052575132 1363.606033 0.000000
1693786944052628772 1178.348496 0.000000
1693786944052676553 1276.182996 0.000000
1693786944052685378 1454.194154 0.000000
1693786944052718726 1455.319651 0.000000
1693786944052743073 1454.369997 0.000000
1693786944052761220 1455.161087 0.000000
1693786944052816168 1471.083197 0.000000
1693786944052869221 1475.918905 0.000000
1693786944052826878 1097.823458 0.000000
1693786944052913088 1469.400664 0.000000
1693786944052946436 1472.249540 0.000000
1693786944053201419 1469.051136 0.000000
1693786944053646223 1468.892843 0.000000
1693786944054316026 1453.643999 0.000000
1693786944054568955 1468.183147 0.000000
1693786944054703232 1464.042114 0.000000
1693786944054755699 1469.140799 0.000000
1693786944054816536 1449.045888 0.000000
1693786944055176433 1470.410352 0.000000
1693786944055305834 1460.669715 0.000000
1693786944055556472 1449.765748 0.000000
1693786944055860369 1454.493550 0.000000
1693786944055881342 1469.485732 0.000000
1693786944055966576 1462.428346 0.000000
1693786944056032554 1450.489877 0.000000
1693786944056695311 1470.923000 0.000000
1693786944056779041 1458.382090 0.000000
1693786944056808334 1457.070193 0.000000
1693786944056858365 1469.886028 0.000000
1693786944056895837 1362.706526 0.000000
1693786944056906176 1458.439644 0.000000
1693786944056945102 1378.176700 0.000000
1693786944056969032 1385.596143 0.000000
1693786944057173909 1363.779888 0.000000
1693786944057205122 1361.834824 0.000000
1693786944057226732 1300.794252 0.000000
1693786944057268088 1298.677869 0.000000
1693786944057321242 1281.701543 0.000000
1693786944057337289 1292.633214 0.000000
1693786944057370817 1274.029146 0.000000
1693786944057414759 1282.925159 0.000000
1693786944057799800 1268.275573 0.000000
1693786944057849916 1213.499679 0.000000
1693786944057897738 1202.482683 0.000000
1693786944057952936 1202.468058 0.000000
1693786944057960093 1195.903654 0.000000
1693786944057991576 1215.230298 0.000000
1693786944058006085 1208.967502 0.000000
1693786944058064080 1189.622836 0.000000
1693786944058111129 1181.263937 0.000000
1693786944058161130 1177.504188 0.000000
1693786944058250839 1180.671714 0.000000
1693786944058635429 1127.757365 0.000000
1693786944058637559 1030.997660 0.000000
1693786944058682418 1005.672368 0.000000
1693786944058706890 1006.172281 0.000000
1693786944058721148 1016.406034 0.000000
1693786944058760324 1019.158070 0.000000
1693786944058768107 851.439109 0.000000
1693786944058797736 1121.595828 0.000000
1693786944058836907 1015.508332 0.000000
1693786944058855526 1016.151382 0.000000
1693786944058886267 604.739795 0.000000
1693786944058925939 733.198328 0.000000
1693786944058990901 495.758660 0.000000
1693786944059066822 362.378023 0.000000
1693786944059146928 337.678882 0.000000
1693786944059992420 312.175721 0.000000
1693786944281227752 523.648165 0.000000
1693786944281298447 467.044509 0.000000
1693786944281406067 457.998046 0.000000
1693786944282220817 428.037011 0.000000
1693786944282288605 441.383927 0.000000
1693786944282664549 371.850947 0.000000
1693786944433076125 375.223903 0.000000
1693786944545791207 350.141376 0.000000
1693786944593564509 352.749818 0.000000
1693786944651843216 341.505283 0.000000
1693786945295203445 366.480907 0.000000
1693786945295266677 429.862904 0.000000
1693786945458196008 774.257864 0.000000
1693786945458491350 1059.633748 0.000000
1693786945458480720 912.685674 0.000000
1693786945458656344 1041.538132 0.000000
1693786945458742058 1332.427456 0.000000
1693786945458882690 503.520909 0.000000
1693786945458886675 1422.611256 0.000000
1693786945459204564 865.636381 0.000000
1693786945459245309 767.894407 0.000000
1693786945459376790 1421.879980 0.000000
1693786945459386663 1422.521768 0.000000
1693786945459478015 1330.036054 0.000000
1693786945459825949 996.039386 0.000000
1693786945460047805 1422.076718 0.000000
1693786945460074347 703.858548 0.000000
1693786945460229378 614.866170 0.000000
1693786945460282035 599.367796 0.000000
1693786945460996452 1421.720524 0.000000
1693786945461039898 1402.166861 0.000000
1693786945461121613 1236.993164 0.000000
1693786945461124745 784.886616 0.000000
1693786945461158749 1257.731307 0.000000
1693786945461196878 867.070387 0.000000
1693786945461239758 1021.288682 0.000000
1693786945461296424 973.121784 0.000000
1693786945461313725 1302.340534 0.000000
1693786945461449921 1314.536206 0.000000
1693786945461518681 787.815659 0.000000
1693786945461725222 1421.947166 0.000000
1693786945462514498 1423.582374 0.000000
1693786945462729974 1424.071281 0.000000
1693786945462818460 1422.733355 0.000000
1693786945463173821 1244.180667 0.000000
1693786945463173044 1404.918051 0.000000
1693786945463273343 1166.229858 0.000000
1693786945463377610 1229.859677 0.000000
1693786945463466136 1055.084160 0.000000
1693786945463533518 1406.160049 0.000000
1693786945463601401 1093.295170 0.000000
1693786945464063325 1143.407572 0.000000
1693786945464235395 1318.497119 0.000000
1693786945464318078 521.956175 0.000000
1693786945464415429 549.873521 0.000000
1693786945464482475 785.709179 0.000000
1693786945464593684 868.958107 0.000000
1693786945464637546 1313.681413 0.000000
1693786945464690950 828.964452 0.000000
1693786945464778980 962.833163 0.000000
1693786945464872507 1423.776210 0.000000
1693786945465273811 1422.880276 0.000000
1693786945465611396 1407.710351 0.000000
1693786945465919603 1425.461560 0.000000
1693786945466056191 352.965685 0.000000
1693786945466099030 1424.145605 0.000000
1693786945466152826 1425.116142 0.000000
1693786945466386549 1423.394978 0.000000
1693786945466407182 842.970345 0.000000
1693786945466451430 785.671752 0.000000
1693786945466482568 961.019830 0.000000
1693786945466494200 962.855350 0.000000
1693786945466600161 633.638009 0.000000
1693786945466608074 1046.274209 0.000000
1693786945466654046 1007.258643 0.000000
1693786945466691754 1138.028690 0.000000
1693786945466728615 1144.281330 0.000000
1693786945466792654 1423.751668 0.000000
1693786945466877461 1142.946725 0.000000
1693786945466891198 1422.679469 0.000000
1693786945466989422 1421.395082 0.000000
1693786945466997245 1184.328606 0.000000
1693786945467027851 1412.269951 0.000000
1693786945467041683 1226.255693 0.000000
1693786945467085831 1232.313925 0.000000
1693786945467189447 1332.450675 0.000000
1693786945467244545 1249.206994 0.000000
1693786945467288597 1323.794747 0.000000
1693786945467790069 1414.585397 0.000000
1693786945468355208 1411.656665 0.000000
1693786945468369537 1423.087068 0.000000
1693786945468903409 1423.102955 0.000000
1693786945469028399 1422.849701 0.000000
1693786945469077940 1423.869689 0.000000
1693786945469403331 1424.260322 0.000000
1693786945470108522 1331.948523 0.000000
1693786945470566156 1262.389292 0.000000
1693786945470572742 1422.629845 0.000000
1693786945470622748 1058.859377 0.000000
1693786945470641592 1420.828123 0.000000
1693786945470663673 1233.979580 0.000000
1693786945470698228 1423.484834 0.000000
1693786945470715614 1424.504159 0.000000
1693786945470755963 1058.901726 0.000000
1693786945470763721 1056.060877 0.000000
1693786945471666461 1426.019369 0.000000
1693786945471703853 991.411297 0.000000
1693786945471899237 881.128281 0.000000
1693786945472015377 979.423118 0.000000
1693786945472451156 1141.054971 0.000000
1693786945472531698 635.221313 0.000000
1693786945472582968 964.499404 0.000000
1693786945472679272 1237.167510 0.000000
1693786945472686188 438.230759 0.000000
1693786945472738740 1235.300392 0.000000
1693786945472776838 1054.838660 0.000000
1693786945472821623 908.086407 0.000000
1693786945472833390 1416.029717 0.000000
1693786945473056439 1069.459794 0.000000
1693786945473104701 990.632059 0.000000
1693786945473432308 1417.396757 0.000000
1693786945473472602 1425.481994 0.000000
1693786945473476185 1425.438082 0.000000
1693786945473535363 1416.211640 0.000000
1693786945473551275 1420.920197 0.000000
1693786945473601687 1146.478235 0.000000
1693786945473610252 1237.166081 0.000000
1693786945473678260 1235.947167 0.000000
1693786945473678576 1233.133873 0.000000
1693786945473752132 1144.482422 0.000000
1693786945474191534 1081.833140 0.000000
1693786945474212052 1235.210653 0.000000
1693786945474244447 1421.678798 0.000000
1693786945474293647 1423.498189 0.000000
1693786945474301886 1061.157518 0.000000
1693786945474336065 1084.038089 0.000000
1693786945474355631 1258.859506 0.000000
1693786945474373352 1097.644211 0.000000
1693786945474410263 792.518874 0.000000
1693786945474414683 1332.754878 0.000000
1693786945474466404 1437.353562 0.000000
1693786945474509414 966.435994 0.000000
1693786945474580855 1429.427010 0.000000
1693786945474639356 1426.416081 0.000000
1693786945474684987 1425.234257 0.000000
1693786945474779908 1435.182111 0.000000
1693786945474948204 1437.289057 0.000000
1693786945475184308 1434.412516 0.000000
1693786945475311835 1419.427406 0.000000
1693786945475351878 1420.531349 0.000000
1693786945475360598 1415.364400 0.000000
1693786945475394512 1422.574506 0.000000
1693786945475410409 1337.646793 0.000000
1693786945475455189 1277.671018 0.000000
1693786945475477325 1427.339970 0.000000
1693786945475499482 1246.714848 0.000000
1693786945475520771 1431.398320 0.000000
1693786945475558068 1423.662877 0.000000
1693786945475612735 1277.740574 0.000000
1693786945475870735 1273.354652 0.000000
1693786945476047607 1254.760256 0.000000
1693786945476076584 1254.317030 0.000000
1693786945476102965 1256.625084 0.000000
1693786945476151308 1247.141616 0.000000
1693786945476181764 1243.226975 0.000000
1693786945476231900 1239.907885 0.000000
1693786945476298505 1240.177517 0.000000
1693786945476376832 1235.973062 0.000000
1693786945476419872 1235.457092 0.000000
1693786945476545630 1234.867670 0.000000
1693786945476634131 1210.193874 0.000000
1693786945476749655 1149.570042 0.000000
1693786945476792735 1089.941991 0.000000
1693786945476808832 1163.838475 0.000000
1693786945476834457 1171.419264 0.000000
1693786945476850274 1194.624400 0.000000
1693786945476963863 1069.471527 0.000000
1693786945476965492 1067.224430 0.000000
1693786945477051361 1073.579472 0.000000
1693786945477096932 1079.331742 0.000000
1693786945477260277 1054.613317 0.000000
1693786945477757980 292.056409 0.000000
1693786945477798424 352.072187 0.000000
1693786945477815920 534.703632 0.000000
1693786945477838643 890.318564 0.000000
1693786945477856504 661.879104 0.000000
1693786945477876786 993.797538 0.000000
1693786945477914494 742.981344 0.000000
1693786945477897525 354.443002 0.000000
1693786945477956341 281.086483 0.000000
1693786945477992145 693.756857 0.000000
1693786945477993137 649.849778 0.000000
1693786945478035175 980.063577 0.000000
1693786945478035415 882.436990 0.000000
1693786945478075839 1054.639558 0.000000
1693786945478079297 972.519485 0.000000
1693786945478127179 1061.850850 0.000000
1693786945478138174 800.917018 0.000000
1693786945478207200 995.808264 0.000000
1693786945478176759 710.543633 0.000000
1693786945752003740 293.803402 0.000000
1693786945851806925 376.348874 0.000000
1693786945862490194 314.725191 0.000000
1693786945867896780 301.959628 0.000000
1693786946001233133 346.294266 0.000000
1693786946191324479 339.513900 0.000000
1693786946310773028 295.668566 0.000000
1693786946987127888 985.886050 0.000000
1693786946987151578 530.512041 0.000000
1693786946987214028 1056.784701 0.000000
1693786946987268575 967.839328 0.000000
1693786946987375579 1446.372886 0.000000
1693786946987576942 1189.666297 0.000000
1693786946987584605 1232.896305 0.000000
1693786946987626954 702.431489 0.000000
1693786946987635544 1173.420734 0.000000
1693786946987666521 746.065016 0.000000
1693786946987952867 818.682566 0.000000
1693786946987978241 732.146096 0.000000
1693786946988002848 931.343864 0.000000
1693786946988023285 724.585019 0.000000
1693786946988101357 1418.964874 0.000000
1693786946988154075 1416.644663 0.000000
1693786946988480399 1084.776942 0.000000
1693786946988513035 392.699988 0.000000
1693786946988542914 1537.069989 0.000000
1693786946988580401 588.963666 0.000000
1693786946988610842 1512.995345 0.000000
1693786946988739281 1254.136265 0.000000
1693786946989431977 565.238154 0.000000
1693786946989480244 725.961465 0.000000
1693786946989537843 722.001129 0.000000
1693786946989593723 647.609603 0.000000
1693786946989593864 1528.394430 0.000000
1693786946989646967 1351.953294 0.000000
1693786946989908962 1513.827998 0.000000
1693786946990304973 1512.309275 0.000000
1693786946990334166 1327.814352 0.000000
1693786946990379145 1350.485145 0.000000
1693786946990536807 994.610828 0.000000
1693786946990593143 974.748474 0.000000
1693786946990638464 1148.931708 0.000000
1693786946990669060 722.577930 0.000000
1693786946991125526 1526.704655 0.000000
1693786946991146124 1084.363751 0.000000
1693786946991202355 1515.149637 0.000000
1693786946991315814 888.318791 0.000000
1693786946991356759 832.873495 0.000000
1693786946991869231 1438.299914 0.000000
1693786946992176451 1426.725420 0.000000
1693786946992289058 621.656660 0.000000
1693786946992335265 1346.708776 0.000000
1693786946992408576 1349.828527 0.000000
1693786946992418434 1351.055125 0.000000
1693786946992915114 1330.575840 0.000000
1693786946992972067 1354.032696 0.000000
1693786946992989292 380.537523 0.000000
1693786946993034261 1099.940714 0.000000
1693786946993114217 1192.995105 0.000000
1693786946993749956 1193.565642 0.000000
1693786946993783614 743.160000 0.000000
1693786946993803721 1193.747144 0.000000
1693786946993852976 1174.766023 0.000000
1693786946993935152 900.196063 0.000000
1693786946993990701 727.851952 0.000000
1693786946994032924 624.877608 0.000000
1693786946994035590 736.968393 0.000000
1693786946994684841 354.777279 0.000000
1693786946995121907 1531.584285 0.000000
1693786946995424180 1423.592915 0.000000
1693786946995599543 1519.158332 0.000000
1693786946995624902 1532.888614 0.000000
1693786946995729626 1532.899815 0.000000
1693786946995779727 1352.495010 0.000000
1693786946996696500 1174.158551 0.000000
1693786946996759802 1443.303267 0.000000
1693786946996854618 1530.400296 0.000000
1693786946996854157 1442.558900 0.000000
1693786946996907977 1521.510432 0.000000
1693786946997630643 1169.757013 0.000000
1693786946997676023 1457.952822 0.000000
1693786946998383143 815.853225 0.000000
1693786946998609094 801.131724 0.000000
1693786946998637169 469.043243 0.000000
1693786946998675629 1170.369417 0.000000
1693786946998687030 1528.020436 0.000000
1693786946998767202 1523.402469 0.000000
1693786946998826299 1528.068016 0.000000
1693786946998868943 1520.719809 0.000000
1693786946999037485 1347.034634 0.000000
1693786946999165709 1533.243735 0.000000
1693786946999177726 1532.089190 0.000000
1693786946999216933 1521.135039 0.000000
1693786946999402399 1439.696502 0.000000
1693786946999529470 1342.681252 0.000000
1693786946999646347 1341.213248 0.000000
1693786946999716089 1342.463797 0.000000
1693786946999767453 910.751641 0.000000
1693786946999818562 1070.925002 0.000000
1693786947000274307 645.754117 0.000000
1693786947000370180 627.061152 0.000000
1693786947000689022 381.180534 0.000000
1693786947001142031 1073.939114 0.000000
1693786947001183572 1083.109344 0.000000
1693786947001209898 1004.909219 0.000000
1693786947001972056 546.630780 0.000000
1693786947002102194 1526.621992 0.000000
1693786947002125383 1526.770117 0.000000
1693786947002174111 1345.834081 0.000000
1693786947002340042 1533.433085 0.000000
1693786947002380662 1258.687216 0.000000
1693786947003008101 1342.789439 0.000000
1693786947003502245 1527.247452 0.000000
1693786947003588215 985.529461 0.000000
1693786947003699504 1085.573044 0.000000
1693786947003746804 1262.814861 0.000000
1693786947003789759 1072.606223 0.000000
1693786947004222340 1533.645589 0.000000
1693786947004415865 1156.354953 0.000000
1693786947004930282 1349.148866 0.000000
1693786947005029948 808.207702 0.000000
1693786947005312751 1440.704064 0.000000
1693786947005616162 1531.932850 0.000000
1693786947006019009 1532.538178 0.000000
1693786947006252898 1438.842660 0.000000
1693786947006469647 1344.251164 0.000000
1693786947006620227 1263.858775 0.000000
1693786947006718782 1157.773163 0.000000
1693786947007296130 1793.666964 0.000000
1693786947007333572 1628.226030 0.000000
1693786947007404507 1625.685445 0.000000
1693786947007413272 1558.874767 0.000000
1693786947007515610 1546.059389 0.000000
1693786947007538378 1540.807062 0.000000
1693786947007857941 1543.508967 0.000000
1693786947007876760 1543.389563 0.000000
1693786947007913075 1541.524125 0.000000
1693786947008116067 1540.322765 0.000000
1693786947008144914 1533.892538 0.000000
1693786947008247051 1537.479627 0.000000
1693786947008274916 1534.720720 0.000000
1693786947008374909 1533.186516 0.000000
1693786947008515581 1535.928905 0.000000
1693786947008909357 1536.454572 0.000000
1693786947009049829 1448.847442 0.000000
1693786947009067410 1448.778376 0.000000
1693786947009277333 1453.770964 0.000000
1693786947009308851 1442.189731 0.000000
1693786947009338986 1459.533062 0.000000
1693786947009403496 1362.343192 0.000000
1693786947009427192 1366.390561 0.000000
1693786947009500236 1365.741316 0.000000
1693786947009483472 1364.089248 0.000000
1693786947009549742 1371.381730 0.000000
1693786947009590276 1367.610684 0.000000
1693786947009597197 1352.164319 0.000000
1693786947009785455 1347.906717 0.000000
1693786947009794636 1350.628417 0.000000
1693786947009939007 1276.238245 0.000000
1693786947010026716 1272.431024 0.000000
1693786947010443626 1267.231610 0.000000
1693786947010516966 1268.263816 0.000000
1693786947010560688 1255.102412 0.000000
1693786947010571784 1266.199268 0.000000
1693786947010691302 1256.856557 0.000000
1693786947010795800 1254.736185 0.000000
1693786947011155381 1262.813033 0.000000
1693786947011226477 1198.401510 0.000000
1693786947011278984 1210.169448 0.000000
1693786947011279786 1183.305993 0.000000
1693786947011318957 1184.511481 0.000000
1693786947011451034 1180.229622 0.000000
1693786947011585672 1167.076267 0.000000
1693786947011629660 1167.875631 0.000000
1693786947011639352 1177.110271 0.000000
1693786947012019296 1173.577163 0.000000
1693786947012108834 1094.261648 0.000000
1693786947012123924 1097.024761 0.000000
1693786947012178747 1091.714198 0.000000
1693786947012286447 1082.534983 0.000000
1693786947012352817 1088.823810 0.000000
1693786947012374958 1082.919141 0.000000
1693786947012405680 1008.457477 0.000000
1693786947012417457 1011.852984 0.000000
1693786947012450258 1012.112228 0.000000
1693786947012493143 930.572624 0.000000
1693786947012506860 987.224844 0.000000
1693786947012534885 919.656189 0.000000
1693786947013104766 847.601518 0.000000
1693786947013267424 838.482978 0.000000
1693786947013469419 819.200987 0.000000
1693786947013688604 812.097735 0.000000
1693786947013749255 437.194423 0.000000
1693786947013760822 348.786865 0.000000
1693786947013815840 340.348342 0.000000
1693786947013822871 418.067212 0.000000
1693786947013883813 743.816196 0.000000
1693786947013949832 767.357664 0.000000
1693786947014007375 774.155942 0.000000
1693786947014164646 260.205449 0.000000
1693786947014203697 318.494670 0.000000
1693786947014244687 331.627257 0.000000
1693786947120852750 310.770754 0.000000
1693786947384006711 371.717577 0.000000
1693786947386112549 371.905885 0.000000
1693786947399006906 301.919466 0.000000
1693786947408446999 306.275202 0.000000
1693786947480859868 314.510924 0.000000
1693786948038551610 401.988934 0.000000
1693786948117811399 371.494308 0.000000
1693786948284333603 345.107332 0.000000
1693786948408987571 331.075674 0.000000
1693786948456102491 316.233204 0.000000
1693786948655976747 538.160437 0.000000
1693786948656179985 1074.550109 0.000000
1693786948656221306 1641.973862 0.000000
1693786948656250133 1669.032582 0.000000
1693786948656794409 1580.846455 0.000000
1693786948657258754 1457.630707 0.000000
1693786948657412261 1580.828543 0.000000
1693786948657478621 1490.530568 0.000000
1693786948657705934 1313.365904 0.000000
1693786948657783074 1644.090626 0.000000
1693786948658464694 792.259707 0.000000
1693786948658538692 949.275243 0.000000
1693786948658694539 1670.590110 0.000000
1693786948658765584 1397.020482 0.000000
1693786948658804705 1401.827674 0.000000
1693786948658878828 1649.448088 0.000000
1693786948659011311 1291.116246 0.000000
1693786948659066299 1670.452700 0.000000
1693786948659161390 1649.608781 0.000000
1693786948659233247 1199.305062 0.000000
1693786948659244654 1669.648289 0.000000
1693786948659303656 1379.904700 0.000000
1693786948659358138 758.339813 0.000000
1693786948659413151 501.645703 0.000000
1693786948660251415 1581.629050 0.000000
1693786948660337836 1579.727001 0.000000
1693786948660394849 1670.797978 0.000000
1693786948660451346 1670.801772 0.000000
1693786948660915510 1562.642788 0.000000
1693786948661157729 1558.150343 0.000000
1693786948661254118 1577.652971 0.000000
1693786948661318548 1379.852303 0.000000
1693786948661393507 1372.861993 0.000000
1693786948661630463 1489.972530 0.000000
1693786948661789067 1402.190071 0.000000
1693786948662129344 1401.361033 0.000000
1693786948662187679 1486.654843 0.000000
1693786948662294949 1297.098832 0.000000
1693786948662334576 1311.007313 0.000000
1693786948662720779 1120.839951 0.000000
1693786948662735058 1038.225618 0.000000
1693786948662886249 1655.478626 0.000000
1693786948662928072 969.741212 0.000000
1693786948663044096 1670.007309 0.000000
1693786948663330087 1578.229517 0.000000
1693786948663574124 1672.424597 0.000000
1693786948663643110 1476.558594 0.000000
1693786948663706126 1673.793411 0.000000
1693786948663771919 1582.682565 0.000000
1693786948664014454 1579.258311 0.000000
1693786948664278899 1488.680710 0.000000
1693786948664389987 1489.597161 0.000000
1693786948664991466 1401.185574 0.000000
1693786948665096641 1399.651747 0.000000
1693786948665104138 1126.753366 0.000000
1693786948665150055 973.260995 0.000000
1693786948665649487 1218.282854 0.000000
1693786948665764825 1672.647470 0.000000
1693786948665802818 1669.035098 0.000000
1693786948666034472 1654.396458 0.000000
1693786948666061655 1134.695218 0.000000
1693786948666411950 1659.071973 0.000000
1693786948666714779 1032.442572 0.000000
1693786948666788792 1576.841529 0.000000
1693786948667061551 1546.204190 0.000000
1693786948667297470 1326.482759 0.000000
1693786948667325605 956.609577 0.000000
1693786948667505423 1310.210871 0.000000
1693786948667943517 1388.247771 0.000000
1693786948667977411 1658.034891 0.000000
1693786948668034915 1674.095874 0.000000
1693786948668035872 1673.346019 0.000000
1693786948668143452 1578.549246 0.000000
1693786948668196651 1660.315320 0.000000
1693786948668243515 1221.372515 0.000000
1693786948668271971 1209.276982 0.000000
1693786948668483198 1488.981033 0.000000
1693786948668500072 1482.226252 0.000000
1693786948668547066 1489.083672 0.000000
1693786948668562337 1037.159709 0.000000
1693786948668589555 1037.283747 0.000000
1693786948668669511 1396.082740 0.000000
1693786948668682972 969.894754 0.000000
1693786948669257964 1670.577760 0.000000
1693786948669332197 1038.813871 0.000000
1693786948669494855 1657.362848 0.000000
1693786948669531882 857.900308 0.000000
1693786948669544681 1577.889601 0.000000
1693786948669628336 1489.038386 0.000000
1693786948669711875 1485.567083 0.000000
1693786948669792513 1578.056895 0.000000
1693786948669816769 1485.359936 0.000000
1693786948669848057 1480.838162 0.000000
1693786948669891714 1489.244436 0.000000
1693786948669926339 1656.100030 0.000000
1693786948670238846 1483.765241 0.000000
1693786948670276143 1486.971775 0.000000
1693786948670287665 1487.545635 0.000000
1693786948670493829 1577.807555 0.000000
1693786948670683405 1401.264552 0.000000
1693786948670773725 1211.753031 0.000000
1693786948670862692 1043.314599 0.000000
1693786948670948211 874.018750 0.000000
1693786948670999290 1046.363045 0.000000
1693786948671108584 1302.188159 0.000000
1693786948671148923 1489.378964 0.000000
1693786948671179499 1668.836645 0.000000
1693786948671241784 1293.533538 0.000000
1693786948671604868 1672.775483 0.000000
1693786948671636342 1671.814231 0.000000
1693786948672198459 1129.690597 0.000000
1693786948672297860 1490.222552 0.000000
1693786948672434298 1487.051686 0.000000
1693786948672882230 1224.014786 0.000000
1693786948672986407 1045.834511 0.000000
1693786948673079789 1490.163043 0.000000
1693786948673107188 1487.534890 0.000000
1693786948673131154 1486.701727 0.000000
1693786948673982544 1667.509494 0.000000
1693786948674003217 1274.985536 0.000000
1693786948674037036 1667.413436 0.000000
1693786948674562628 1487.003659 0.000000
1693786948674626121 1672.447183 0.000000
1693786948674631639 1397.050411 0.000000
1693786948674691348 1309.553687 0.000000
1693786948674838285 1671.826931 0.000000
1693786948674895433 1672.766567 0.000000
1693786948674980856 1671.389439 0.000000
1693786948675286121 1489.967393 0.000000
1693786948675790454 961.565555 0.000000
1693786948675834773 1665.272285 0.000000
1693786948675898516 1491.175588 0.000000
1693786948675982586 1313.840750 0.000000
1693786948676260112 1689.106013 0.000000
1693786948676468592 1680.837159 0.000000
1693786948676589899 1685.459406 0.000000
1693786948676667905 1682.880527 0.000000
1693786948676746388 1682.890661 0.000000
1693786948676766455 1684.354957 0.000000
1693786948676852545 1686.255122 0.000000
1693786948677210919 1678.520797 0.000000
1693786948677639089 1673.413918 0.000000
1693786948677678486 1671.423072 0.000000
1693786948677787665 1669.871774 0.000000
1693786948677800054 1666.345647 0.000000
1693786948677860996 1666.630971 0.000000
1693786948678282286 1666.999528 0.000000
1693786948678339875 1666.750920 0.000000
1693786948678356528 1667.197594 0.000000
1693786948678467537 1666.112024 0.000000
1693786948678806535 1666.386522 0.000000
1693786948679140357 1666.730607 0.000000
1693786948679173955 1600.752381 0.000000
1693786948679229830 1599.379227 0.000000
1693786948679242053 1582.997638 0.000000
1693786948679773484 1506.308723 0.000000
1693786948679812054 1493.423286 0.000000
1693786948679827109 1492.369641 0.000000
1693786948679969671 1511.616810 0.000000
1693786948680252138 1510.592272 0.000000
1693786948680447367 1492.819657 0.000000
1693786948680567461 1501.162262 0.000000
1693786948680923875 1492.254422 0.000000
1693786948681094517 1481.339053 0.000000
1693786948681169702 1412.968752 0.000000
1693786948681175455 1403.221506 0.000000
1693786948681313471 1399.050829 0.000000
1693786948681645333 1393.037969 0.000000
1693786948681737077 1335.697604 0.000000
1693786948681817023 1341.844596 0.000000
1693786948681919160 1333.330708 0.000000
1693786948682025062 1333.247169 0.000000
1693786948682072001 1222.118411 0.000000
1693786948682077088 1336.203861 0.000000
1693786948682115266 1222.380281 0.000000
1693786948682134100 1235.855303 0.000000
1693786948682204474 1203.049627 0.000000
1693786948682476587 1135.668813 0.000000
1693786948682490329 1145.496376 0.000000
1693786948682550935 889.215498 0.000000
1693786948682573317 1121.905750 0.000000
1693786948682615751 720.399920 0.000000
1693786948682623058 1070.071703 0.000000
1693786948682666233 718.209023 0.000000
1693786948682692178 614.515671 0.000000
1693786948682705053 781.478059 0.000000
1693786948682755260 702.239728 0.000000
1693786948682782378 792.282168 0.000000
1693786948683050677 598.853049 0.000000
1693786948683255038 454.140230 0.000000
1693786948683302443 534.644203 0.000000
1693786948683764177 355.506360 0.000000
1693786948683792618 227.685822 0.000000
1693786948683810785 453.369131 0.000000
1693786948683852437 274.860646 0.000000
1693786949025732622 349.830728 0.000000
1693786949057912984 313.280010 0.000000
1693786949143728888 327.656486 0.000000
1693786949268110066 400.630690 0.000000
1693786949299812647 346.515125 0.000000
1693786949638542845 403.790930 0.000000
1693786949875367744 383.818028 0.000000
1693786950010574939 355.479121 0.000000
1693786950148452595 332.836324 0.000000
1693786950383199276 372.617807 0.000000
1693786950383260273 551.929785 0.000000
1693786950383262022 1246.941215 0.000000
1693786950383303764 1195.979046 0.000000
1693786950383339076 1727.114251 0.000000
1693786950383406252 938.465755 0.000000
1693786950383769171 1638.364067 0.000000
1693786950383812377 1705.948329 0.000000
1693786950383815960 1638.180454 0.000000
1693786950383868167 1343.621946 0.000000
1693786950384055292 1520.376811 0.000000
1693786950384427347 1341.041800 0.000000
1693786950384503585 1117.086090 0.000000
1693786950384897731 1072.121426 0.000000
1693786950384923301 1117.617380 0.000000
1693786950384997408 985.523693 0.000000
1693786950385123998 1012.419999 0.000000
1693786950385144455 1197.016916 0.000000
1693786950385196371 739.675114 0.000000
1693786950385624312 572.152794 0.000000
1693786950385684582 634.491846 0.000000
1693786950385841807 1251.735712 0.000000
1693786950385872178 1007.209118 0.000000
1693786950385898855 1703.404968 0.000000
1693786950386192573 744.555572 0.000000
1693786950386292897 1637.360758 0.000000
1693786950386371885 1727.564519 0.000000
1693786950386434937 1707.190503 0.000000
1693786950386515710 1614.563741 0.000000
1693786950386929798 1728.232081 0.000000
1693786950387038115 1726.773007 0.000000
1693786950387066992 1706.139809 0.000000
1693786950387231956 1551.945952 0.000000
1693786950387549369 1457.128589 0.000000
1693786950387558330 1281.908279 0.000000
1693786950387629355 1298.638067 0.000000
1693786950387641137 1279.141002 0.000000
1693786950387684443 1372.517978 0.000000
1693786950387936509 1107.994467 0.000000
1693786950388390806 1371.391227 0.000000
1693786950388514589 1374.241131 0.000000
1693786950388562420 820.245772 0.000000
1693786950388589333 1638.299707 0.000000
1693786950388687526 458.060152 0.000000
1693786950388714394 486.292451 0.000000
1693786950388731689 732.369055 0.000000
1693786950389556272 553.949026 0.000000
1693786950389560146 1551.273256 0.000000
1693786950389609310 1730.444807 0.000000
1693786950390220507 1362.562907 0.000000
1693786950390276096 1705.490758 0.000000
1693786950390287041 1388.285574 0.000000
1693786950390346906 1713.491324 0.000000
1693786950390356949 1460.888509 0.000000
1693786950390385756 1550.031202 0.000000
1693786950390404169 1875.218234 0.000000
1693786950390424386 1545.292930 0.000000
1693786950390449329 1729.191963 0.000000
1693786950390469305 1387.445475 0.000000
1693786950390893893 1559.475820 0.000000
1693786950390957691 1101.384672 0.000000
1693786950391412504 1564.553978 0.000000
1693786950392035428 1078.872088 0.000000
1693786950392140142 1071.632568 0.000000
1693786950392195897 1638.654161 0.000000
1693786950392212315 1619.722440 0.000000
1693786950392252353 1295.636881 0.000000
1693786950392268676 1186.757661 0.000000
1693786950392930019 1460.491587 0.000000
1693786950392956381 1022.499048 0.000000
1693786950393001987 1283.348729 0.000000
1693786950393003395 405.114003 0.000000
1693786950393046625 1001.770638 0.000000
1693786950393051542 577.504642 0.000000
1693786950393103413 1725.595042 0.000000
1693786950393153690 1711.079203 0.000000
1693786950393226344 1713.449557 0.000000
1693786950394127149 1717.377513 0.000000
1693786950394652992 1545.469126 0.000000
1693786950394709839 1635.917766 0.000000
1693786950394719923 1710.906657 0.000000
1693786950394781411 1727.452443 0.000000
1693786950394785355 1373.260225 0.000000
1693786950394828726 1543.074987 0.000000
1693786950394850471 1713.752156 0.000000
1693786950395004800 1271.796419 0.000000
1693786950395286861 1197.797531 0.000000
1693786950396067222 1457.421446 0.000000
1693786950396132433 1452.914859 0.000000
1693786950396134232 1181.001277 0.000000
1693786950396219365 1642.782574 0.000000
1693786950396219275 1371.332496 0.000000
1693786950396270073 1371.075864 0.000000
1693786950396776131 1728.273448 0.000000
1693786950396801475 1728.314368 0.000000
1693786950396848599 1728.175625 0.000000
1693786950396976692 1714.281561 0.000000
1693786950397003344 1354.707651 0.000000
1693786950397794835 1638.136232 0.000000
1693786950397777981 1272.544227 0.000000
1693786950397883592 1547.929119 0.000000
1693786950397906650 1278.843531 0.000000
1693786950397928130 1192.780791 0.000000
1693786950397973145 1277.741356 0.000000
1693786950398017423 1728.220505 0.000000
1693786950398042095 1282.389844 0.000000
1693786950398063219 654.413639 0.000000
1693786950398102300 1353.914702 0.000000
1693786950398101985 928.389111 0.000000
1693786950398143291 1363.705811 0.000000
1693786950398180106 1721.706107 0.000000
1693786950398188055 1357.886555 0.000000
1693786950398233390 1718.403785 0.000000
1693786950398250776 1730.303830 0.000000
1693786950398931274 1093.650457 0.000000
1693786950399008999 1448.775465 0.000000
1693786950399110440 1727.959047 0.000000
1693786950399117953 1727.872956 0.000000
1693786950399265626 1721.461007 0.000000
1693786950399355395 1719.524993 0.000000
1693786950399440002 1720.941829 0.000000
1693786950399499986 1726.388860 0.000000
1693786950399615250 1728.808824 0.000000
1693786950399835251 1725.206134 0.000000
1693786950399984203 1538.793273 0.000000
1693786950400031232 1369.089575 0.000000
1693786950400035141 1276.751008 0.000000
1693786950400089603 1534.237492 0.000000
1693786950400104868 1007.496808 0.000000
1693786950400161300 1358.913985 0.000000
1693786950400168231 1727.179022 0.000000
1693786950400205728 1727.767516 0.000000
1693786950400207703 1542.399757 0.000000
1693786950400320290 1633.362699 0.000000
1693786950400324655 591.977562 0.000000
1693786950400458712 1539.241010 0.000000
1693786950400460897 1545.383041 0.000000
1693786950400514030 1725.615782 0.000000
1693786950400842625 1542.696938 0.000000
1693786950400954044 1541.843157 0.000000
1693786950401325954 1726.630341 0.000000
1693786950401430978 1723.787704 0.000000
1693786950401481501 1545.434687 0.000000
1693786950401525333 1456.889348 0.000000
1693786950401554024 1731.623691 0.000000
1693786950401588434 1730.721969 0.000000
1693786950401625962 1792.369702 0.000000
1693786950401641382 1730.002385 0.000000
1693786950401685400 1886.517918 0.000000
1693786950401739130 1728.656719 0.000000
1693786950401736870 1731.457063 0.000000
1693786950401785127 1725.191795 0.000000
1693786950402070075 1733.822490 0.000000
1693786950402076560 1732.527984 0.000000
1693786950402216129 1735.149662 0.000000
1693786950402453176 1738.876410 0.000000
1693786950402457857 1732.922597 0.000000
1693786950402500897 1720.363469 0.000000
1693786950402520788 1655.866287 0.000000
1693786950402545080 1743.238432 0.000000
1693786950402560556 1732.924898 0.000000
1693786950402592660 1647.433151 0.000000
1693786950402614401 1720.117221 0.000000
1693786950402636507 1650.592169 0.000000
1693786950402675348 1628.744501 0.000000
1693786950402676004 1655.242742 0.000000
1693786950403161463 1550.332104 0.000000
1693786950403219884 1550.349404 0.000000
1693786950403265751 1539.253744 0.000000
1693786950403276431 1565.691690 0.000000
1693786950403341377 1390.610327 0.000000
1693786950403372614 1450.243515 0.000000
1693786950403416928 1547.468387 0.000000
1693786950403422440 1535.339581 0.000000
1693786950403461000 1470.141848 0.000000
1693786950403476421 1375.714223 0.000000
1693786950403520854 1377.914952 0.000000
1693786950403573918 1384.009884 0.000000
1693786950403608077 1375.008382 0.000000
1693786950403623102 1362.289271 0.000000
1693786950403657287 1362.463021 0.000000
1693786950404099716 1279.494535 0.000000
1693786950404265246 1216.487349 0.000000
1693786950404316776 1184.159168 0.000000
1693786950404368386 1172.159331 0.000000
1693786950404657152 1186.408610 0.000000
1693786950404851409 931.634982 0.000000
1693786950404872543 923.303192 0.000000
1693786950404984203 834.100725 0.000000
1693786950405016453 666.202229 0.000000
1693786950405190298 493.051794 0.000000
1693786950405240098 658.245508 0.000000
1693786950405341414 389.931720 0.000000
1693786950405378004 332.343052 0.000000
1693786950405392057 352.808741 0.000000
1693786950405423705 391.206079 0.000000
1693786950650414027 266.598022 0.000000
1693786950779172773 378.708629 0.000000
1693786950784725709 380.406362 0.000000
1693786950784776046 381.356662 0.000000
1693786950790283251 376.301003 0.000000
1693786950898671704 391.860855 0.000000
1693786950912360389 341.744068 0.000000
1693786950947475492 349.196913 0.000000
1693786951168971787 392.982319 0.000000
1693786951557448511 289.121693 0.000000
1693786951976812385 1211.770562 0.000000
1693786951976864907 1111.417368 0.000000
1693786951976880599 533.834735 0.000000
1693786951977597476 1593.778530 0.000000
1693786951977647057 1078.966848 0.000000
1693786951977644827 630.593999 0.000000
1693786951977707066 1593.648793 0.000000
1693786951977740479 1413.437472 0.000000
1693786951977775029 1323.211646 0.000000
1693786951977787659 1415.651628 0.000000
1693786951977932476 1369.469488 0.000000
1693786951978974490 1326.251777 0.000000
1693786951979036739 1064.575779 0.000000
1693786951979100167 1328.681008 0.000000
1693786951979121772 854.651245 0.000000
1693786951979148860 1593.266663 0.000000
1693786951979195128 1500.316760 0.000000
1693786951979207587 845.796820 0.000000
1693786951979251303 1594.103541 0.000000
1693786951979266955 1294.908407 0.000000
1693786951979305304 784.570371 0.000000
1693786951979307639 966.756640 0.000000
1693786951979369017 1406.186397 0.000000
1693786951979477625 1042.106500 0.000000
1693786951979695161 965.024992 0.000000
1693786951979849886 1593.331414 0.000000
1693786951980054717 1323.437987 0.000000
1693786951980875431 1505.698013 0.000000
1693786951980973103 1593.286120 0.000000
1693786951980985267 1593.433397 0.000000
1693786951981022238 1577.751530 0.000000
1693786951981055781 1595.153969 0.000000
1693786951981113926 1495.853168 0.000000
1693786951981140443 1323.291922 0.000000
1693786951981175359 1410.141051 0.000000
1693786951981208185 1145.096873 0.000000
1693786951981217973 1203.172883 0.000000
1693786951981303397 1385.858243 0.000000
1693786951981530044 1591.101759 0.000000
1693786951981694952 1592.083117 0.000000
1693786951981786120 1080.460953 0.000000
1693786951981816220 1382.206514 0.000000
1693786951981953559 1310.941655 0.000000
1693786951981984110 1227.244555 0.000000
1693786951982162886 781.376577 0.000000
1693786951982179399 1222.767381 0.000000
1693786951982276570 548.975553 0.000000
1693786951982379139 1224.452084 0.000000
1693786951982476174 1124.548537 0.000000
1693786951982514659 1042.405660 0.000000
1693786951982540404 1217.504649 0.000000
1693786951982590761 1217.600482 0.000000
1693786951982597096 1594.004701 0.000000
1693786951982658874 1589.654207 0.000000
1693786951982682249 1495.439957 0.000000
1693786951982716539 524.463011 0.000000
1693786951982759418 1590.718417 0.000000
1693786951982759649 1043.542675 0.000000
1693786951982827026 1384.501206 0.000000
1693786951983009786 1486.985201 0.000000
1693786951983039244 1489.435996 0.000000
1693786951983063932 1232.363121 0.000000
1693786951983112033 1214.289617 0.000000
1693786951983209250 1219.633321 0.000000
1693786951983235360 1579.860065 0.000000
1693786951983337092 1580.741700 0.000000
1693786951983595137 1396.199973 0.000000
1693786951983612212 1388.032290 0.000000
1693786951983670572 1396.045108 0.000000
1693786951983671239 967.100795 0.000000
1693786951983713928 1396.120383 0.000000
1693786951983741703 951.757731 0.000000
1693786951983772149 1394.972112 0.000000
1693786951983789284 867.335173 0.000000
1693786951983816051 990.767679 0.000000
1693786951983833100 1212.314733 0.000000
1693786951984027793 947.633800 0.000000
1693786951984106541 1036.448835 0.000000
1693786951984396782 1586.421467 0.000000
1693786951984438714 1483.888513 0.000000
1693786951984557175 1392.816668 0.000000
1693786951984604795 1387.636755 0.000000
1693786951984645560 1246.046112 0.000000
1693786951984663687 1582.159659 0.000000
1693786951984770982 1223.470751 0.000000
1693786951984782910 1588.647424 0.000000
1693786951984925331 1587.014781 0.000000
1693786951984977833 1490.281798 0.000000
1693786951985456135 1590.624869 0.000000
1693786951985555547 1590.547368 0.000000
1693786951985583226 1489.597627 0.000000
1693786951985607252 1589.467802 0.000000
1693786951985962919 1585.922996 0.000000
1693786951986044900 1586.424177 0.000000
1693786951986159441 1587.924012 0.000000
1693786951986462316 1483.307642 0.000000
1693786951986663263 1482.119037 0.000000
1693786951986785673 1398.385827 0.000000
1693786951986792679 1311.806953 0.000000
1693786951986861464 1310.081123 0.000000
1693786951986864897 1131.813871 0.000000
1693786951986903256 1396.264378 0.000000
1693786951986923925 1205.860023 0.000000
1693786951987515380 863.315509 0.000000
1693786951987599220 593.827790 0.000000
1693786951988134911 1590.112237 0.000000
1693786951988311708 1393.659789 0.000000
1693786951988331609 1307.435019 0.000000
1693786951988363428 1586.869744 0.000000
1693786951988470953 1588.358041 0.000000
1693786951988486925 1586.958912 0.000000
1693786951988522658 703.792225 0.000000
1693786951988539492 602.071374 0.000000
1693786951988815855 1587.235405 0.000000
1693786951988853473 1487.039823 0.000000
1693786951988893456 1488.744248 0.000000
1693786951988920108 1588.711418 0.000000
1693786951989538266 1398.259443 0.000000
1693786951990104548 1218.428152 0.000000
1693786951990129451 1132.284596 0.000000
1693786951990177999 1399.354656 0.000000
1693786951990229854 1592.184161 0.000000
1693786951990242945 1214.397647 0.000000
1693786951990269707 1588.196755 0.000000
1693786951990305591 1600.015883 0.000000
1693786951990313103 1399.043472 0.000000
1693786951990354584 1589.892611 0.000000
1693786951990372200 1310.877296 0.000000
1693786951990487423 1607.180863 0.000000
1693786951990536683 1592.606132 0.000000
1693786951990626241 1604.430506 0.000000
1693786951990683956 1602.118884 0.000000
1693786951990699036 1603.765975 0.000000
1693786951990792558 1603.721798 0.000000
1693786951990852347 1601.289120 0.000000
1693786951990851736 1588.632945 0.000000
1693786951990897081 1593.916491 0.000000
1693786951990946772 1593.147551 0.000000
1693786951991057986 1590.847081 0.000000
1693786951991150411 1587.725465 0.000000
1693786951991526721 1607.020816 0.000000
1693786951991596493 1594.745293 0.000000
1693786951991645001 1586.300289 0.000000
1693786951991693564 1590.258426 0.000000
1693786951991724852 1586.868511 0.000000
1693786951991777354 1587.406572 0.000000
1693786951991848033 1487.553418 0.000000
1693786951991865018 1424.690803 0.000000
1693786951991889565 1502.700440 0.000000
1693786951991988154 1586.794640 0.000000
1693786951992026093 1517.962595 0.000000
1693786951992069133 1519.410964 0.000000
1693786951992105227 1415.744033 0.000000
1693786951992480309 1402.187515 0.000000
1693786951992491555 1405.075186 0.000000
1693786951992544027 1395.043218 0.000000
1693786951992553194 1323.468794 0.000000
1693786951992584832 1399.509136 0.000000
1693786951992613308 1394.240084 0.000000
1693786951992647729 1257.146322 0.000000
1693786951992683757 1314.522886 0.000000
1693786951992696507 1338.487507 0.000000
1693786951992793112 1249.673590 0.000000
1693786951992933904 1235.035196 0.000000
1693786951992952237 1242.432863 0.000000
1693786951993251889 1218.795467 0.000000
1693786951993370410 1228.147540 0.000000
1693786951993407190 1126.469574 0.000000
1693786951993434859 1218.501478 0.000000
1693786951993478812 1052.350638 0.000000
1693786951993496458 960.898187 0.000000
1693786951993534551 1059.166858 0.000000
1693786951993610769 969.406263 0.000000
1693786951993654861 1000.664219 0.000000
1693786951993713598 1032.384461 0.000000
1693786951994044372 968.070375 0.000000
1693786951994438805 954.835631 0.000000
1693786951994663427 956.297908 0.000000
1693786951994715689 952.825050 0.000000
1693786951994777172 949.944630 0.000000
1693786951995380505 885.079237 0.000000
1693786951995433248 873.744321 0.000000
1693786951995487324 826.510445 0.000000
1693786951995523237 830.109937 0.000000
1693786951995537134 870.483051 0.000000
1693786951995667844 786.047376 0.000000
1693786951995952596 714.391428 0.000000
1693786951996336133 687.362048 0.000000
1693786951996426308 611.451503 0.000000
1693786951996445532 532.396911 0.000000
1693786951996487129 442.078127 0.000000
1693786951996525458 428.019823 0.000000
1693786951996973766 338.843095 0.000000
1693786951997137998 206.885259 0.000000
1693786952043775523 220.689633 0.000000
1693786952317043790 339.334187 0.000000
1693786952317098056 338.118068 0.000000
1693786952470525260 315.327037 0.000000
1693786952595663665 417.221936 0.000000
1693786952595712168 375.206272 0.000000
1693786952595711612 366.529895 0.000000
