1695215151158985745 176.639758 0.000000
1695215151391856368 176.656597 0.000000
1695215151512583586 176.541630 0.000000
1695215151624232872 176.577282 0.000000
1695215151867022005 176.646042 0.000000
1695215152220323802 176.613883 0.000000
1695215152397050542 176.719427 0.000000
1695215152419946299 176.615171 0.000000
1695215152541606275 176.590679 0.000000
1695215152750983131 176.592478 0.000000
1695215152806991052 176.533370 0.000000
1695215152918799042 176.573232 0.000000
1695215152927777187 176.786819 0.000000
1695215152953650630 176.598592 0.000000
1695215152983660273 176.537967 0.000000
1695215153016266336 176.772992 0.000000
1695215153215543946 176.612379 0.000000
1695215153248712136 176.571604 0.000000
1695215153281577131 176.733285 0.000000
1695215153458006805 176.578806 0.000000
1695215153480569162 176.549393 0.000000
1695215153602444729 176.637006 0.000000
1695215153690869815 176.595775 0.000000
1695215154342807166 176.543438 0.000000
1695215154343002560 176.532468 0.000000
1695215154364837000 176.651981 0.000000
1695215154599074619 176.586223 0.000000
1695215154633314305 176.629389 0.000000
1695215154840344636 176.497567 0.000000
1695215154962175449 176.598091 0.000000
1695215155016869697 176.509649 0.000000
1695215155050060214 176.554053 0.000000
1695215155072793292 176.498068 0.000000
1695215155315471457 176.505085 0.000000
1695215155403368556 176.581945 0.000000
1695215155425910099 176.462205 0.000000
1695215155428475182 176.532801 0.000000
1695215155580404512 176.480931 0.000000
1695215155635620369 176.672754 0.000000
1695215155748298782 176.529752 0.000000
1695215155989331051 176.667131 0.000000
1695215156022416304 176.684030 0.000000
1695215156077687066 176.546090 0.000000
1695215156431852170 176.544240 0.000000
1695215156486609519 176.855900 0.000000
1695215156751776134 176.685965 0.000000
1695215156751781872 176.606054 0.000000
1695215156906856019 176.865763 0.000000
1695215157139327333 176.556824 0.000000
1695215157316107381 176.750329 0.000000
1695215157316142934 176.543172 0.000000
1695215157348704383 176.590653 0.000000
1695215157371719247 176.619405 0.000000
1695215157404795433 176.494640 0.000000
1695215157613903374 176.550144 0.000000
1695215157702262248 176.604516 0.000000
1695215158077765674 176.605272 0.000000
1695215158222821068 176.687419 0.000000
1695215158232666684 176.703240 0.000000
1695215158342823355 176.532262 0.000000
1695215158497788313 176.712832 0.000000
1695215158664559692 176.503756 0.000000
1695215158961767346 176.612093 0.000000
1695215159226772484 176.585120 0.000000
1695215159349288841 176.631026 0.000000
1695215159438997961 176.730413 0.000000
1695215159549306234 176.598115 0.000000
1695215159580331007 176.440199 0.000000
1695215159604551689 176.543453 0.000000
1695215159845312836 176.409988 0.000000
1695215159880881030 176.594096 0.000000
1695215159990985094 176.626937 0.000000
1695215160354266011 176.685656 0.000000
1695215160698110869 176.625493 0.000000
1695215161051566971 176.605953 0.000000
1695215161383699145 176.562567 0.000000
1695215161560586409 176.553595 0.000000
1695215161613865930 176.523804 0.000000
1695215161758540680 176.594800 0.000000
1695215161768912043 176.527647 0.000000
1695215161914064016 176.594220 0.000000
1695215162055948649 176.679795 0.000000
1695215162146155266 176.551075 0.000000
1695215162179520929 176.930744 0.000000
1695215162299355938 176.589414 0.000000
1695215162354609350 176.648072 0.000000
1695215162444408550 176.460676 0.000000
1695215162499475755 176.516139 0.000000
1695215162577447911 176.594862 0.000000
1695215162886194838 176.529217 0.000000
1695215162974213554 176.497210 0.000000
1695215163051763189 176.551532 0.000000
1695215163119175180 176.533785 0.000000
1695215163769601725 176.575076 0.000000
1695215163802334042 176.504914 0.000000
1695215163879853968 176.488129 0.000000
1695215163911830879 176.492695 0.000000
1695215164179345834 176.757486 0.000000
1695215164211428783 176.621599 0.000000
1695215164321938941 176.655774 0.000000
1695215164530784190 176.614434 0.000000
1695215165117248990 176.605922 0.000000
1695215165263599258 176.584533 0.000000
1695215165360394039 176.716175 0.000000
1695215165382559884 176.666468 0.000000
1695215165415425114 176.549477 0.000000
1695215165482254125 176.654355 0.000000
1695215165537257666 176.526834 0.000000
1695215165680286378 176.495430 0.000000
1695215165835842841 176.572916 0.000000
1695215165856428919 176.567919 0.000000
1695215165936933904 176.617134 0.000000
1695215166067501564 176.547903 0.000000
1695215166090232473 176.664950 0.000000
1695215166155946275 176.554373 0.000000
1695215166277660677 176.569992 0.000000
1695215166386674050 176.555942 0.000000
1695215166631146474 176.565428 0.000000
1695215166686589978 176.932893 0.000000
1695215166886119854 176.569347 0.000000
1695215166919116133 176.594807 0.000000
1695215166951729434 176.614728 0.000000
1695215166997816790 176.571733 0.000000
1695215167006042946 176.591775 0.000000
1695215167062755695 176.612357 0.000000
1695215167161251149 176.552438 0.000000
1695215167182599439 176.532116 0.000000
1695215167680511632 176.635993 0.000000
1695215167747536763 176.592782 0.000000
1695215168101008391 176.445990 0.000000
1695215168535693116 176.789679 0.000000
1695215168589181856 176.544223 0.000000
1695215168685055331 176.484129 0.000000
1695215168710103936 176.555716 0.000000
1695215168829575820 176.573547 0.000000
1695215168840696480 176.536983 0.000000
1695215169007582284 176.591429 0.000000
1695215169017488430 176.538220 0.000000
1695215169161547973 176.754794 0.000000
1695215169359852179 176.515693 0.000000
1695215169515221331 176.627994 0.000000
1695215169626566204 176.625904 0.000000
1695215169868846813 176.460047 0.000000
1695215170068260447 176.452646 0.000000
1695215170115302642 176.708868 0.000000
1695215170133585150 176.520990 0.000000
1695215170301391692 176.597688 0.000000
1695215170365931391 176.565433 0.000000
1695215170501710942 176.594575 0.000000
1695215170656821263 176.503975 0.000000
1695215170785110818 176.473880 0.000000
1695215170807775633 176.538365 0.000000
1695215170855303146 176.528908 0.000000
1695215171371138150 176.613982 0.000000
1695215171393066728 176.500928 0.000000
1695215171569664261 176.566356 0.000000
1695215171883056644 176.472347 0.000000
1695215171971568812 176.584919 0.000000
1695215171980817340 176.547567 0.000000
1695215172099787723 176.474491 0.000000
1695215172276550300 176.738109 0.000000
1695215172335490832 176.403977 0.000000
1695215172597716514 176.543156 0.000000
1695215172798935895 176.456636 0.000000
1695215174011935093 176.651418 0.000000
1695215174093296583 176.565112 0.000000
1695215174366729957 176.486650 0.000000
1695215174453660943 176.501484 0.000000
1695215174478466424 176.609540 0.000000
1695215174631751878 176.528256 0.000000
1695215174712077620 176.576859 0.000000
1695215174721397179 176.568234 0.000000
1695215174763545814 176.527891 0.000000
1695215174840362319 176.597121 0.000000
1695215174895465948 176.514835 0.000000
1695215174896654541 176.480024 0.000000
1695215175105752146 176.616336 0.000000
1695215175242505265 176.617775 0.000000
1695215175603833685 176.926527 0.000000
1695215175635867232 176.486815 0.000000
1695215175824654495 176.588922 0.000000
1695215175892944771 176.553114 0.000000
1695215175989305227 176.692398 0.000000
1695215176089922122 176.567448 0.000000
1695215176220756502 176.569868 0.000000
1695215176220756091 176.471640 0.000000
1695215176266536769 176.610192 0.000000
1695215176288650001 176.576042 0.000000
1695215176576520578 176.501289 0.000000
1695215176800913827 176.539923 0.000000
1695215177106583524 176.545767 0.000000
1695215177186681427 176.655286 0.000000
1695215177307749732 176.595081 0.000000
1695215177572941487 176.745782 0.000000
1695215177635407098 176.605551 0.000000
1695215177811958333 176.526813 0.000000
1695215177813699981 176.512370 0.000000
1695215178014681490 176.653022 0.000000
1695215178046675906 176.518975 0.000000
1695215178165641888 176.585735 0.000000
1695215178200688164 176.639204 0.000000
1695215178430709780 176.591028 0.000000
1695215178697004444 176.492518 0.000000
1695215178853674330 176.854224 0.000000
1695215179065825406 176.559684 0.000000
1695215179084247368 176.594836 0.000000
1695215179403943544 176.534330 0.000000
1695215179416327946 176.498302 0.000000
1695215179668119532 176.579916 0.000000
1695215179737655475 176.729644 0.000000
1695215179845797135 176.522627 0.000000
1695215180091169891 176.627617 0.000000
1695215180104628992 176.787128 0.000000
1695215180233487483 176.682324 0.000000
1695215180287671325 176.509903 0.000000
1695215180392201109 176.893119 0.000000
1695215180458153882 176.548308 0.000000
1695215180723224014 176.483833 0.000000
1695215180811530989 176.482600 0.000000
1695215180854953430 176.559448 0.000000
1695215181197399017 176.625828 0.000000
1695215181259822992 176.918172 0.000000
1695215181524947946 176.542583 0.000000
1695215181525085024 176.627491 0.000000
1695215181701988302 176.632919 0.000000
1695215181790106193 176.415505 0.000000
1695215181790230692 176.515026 0.000000
1695215181966854335 176.625807 0.000000
1695215182036633476 176.686253 0.000000
1695215182444172438 176.600389 0.000000
1695215182466890000 176.535628 0.000000
1695215182496964824 176.561704 0.000000
1695215182599898774 176.592129 0.000000
1695215182709164118 176.553208 0.000000
1695215182762387395 176.790515 0.000000
1695215182799607895 176.499354 0.000000
1695215183041895523 176.578823 0.000000
1695215183186340722 176.552116 0.000000
1695215183552928176 176.588877 0.000000
1695215183873509739 176.437881 0.000000
1695215183878735482 176.456299 0.000000
1695215183938621712 176.582768 0.000000
1695215183981657008 176.446236 0.000000
1695215184353623395 176.922076 0.000000
1695215184408695712 176.509838 0.000000
1695215184476699291 176.473533 0.000000
1695215184633152838 176.604313 0.000000
1695215184753828164 176.504952 0.000000
1695215185095074667 176.489340 0.000000
1695215185164684611 176.544944 0.000000
1695215185232429359 176.625046 0.000000
1695215185606292189 176.586435 0.000000
1695215185716516972 176.478765 0.000000
1695215186409081741 176.513316 0.000000
1695215186475424079 176.555630 0.000000
1695215186521127587 176.535798 0.000000
1695215186674110000 176.629986 0.000000
1695215187019860714 176.516788 0.000000
1695215187238381381 176.437675 0.000000
1695215187373142849 176.505968 0.000000
1695215187393103593 176.499724 0.000000
1695215187464489319 176.639865 0.000000
1695215187549723862 176.516965 0.000000
1695215187591801562 176.549851 0.000000
1695215187712895700 176.588811 0.000000
1695215187748666900 176.486834 0.000000
1695215188031419204 176.518953 0.000000
1695215188121727994 176.447600 0.000000
1695215188157893914 176.499628 0.000000
1695215188276665503 176.523465 0.000000
1695215188278701813 176.572663 0.000000
1695215188288596964 176.474685 0.000000
1695215188296333929 176.547134 0.000000
1695215188331227985 176.536404 0.000000
1695215188455205787 176.478073 0.000000
1695215188698363698 176.519645 0.000000
1695215188776187550 176.525128 0.000000
1695215189033410736 176.622589 0.000000
1695215189142999870 176.511286 0.000000
1695215189228485537 176.514688 0.000000
1695215189270171461 176.479592 0.000000
1695215189407902292 176.494742 0.000000
1695215189427085658 176.516297 0.000000
1695215189745358555 176.543436 0.000000
1695215189758584273 176.576553 0.000000
1695215190013163387 176.624037 0.000000
1695215190291328848 176.611735 0.000000
1695215190409981135 176.683481 0.000000
1695215190507163411 176.490893 0.000000
1695215190674955128 176.481998 0.000000
1695215190680270949 176.495845 0.000000
1695215190744991598 176.677181 0.000000
1695215190796737271 176.649412 0.000000
1695215190806421061 176.495549 0.000000
1695215190841053824 176.464747 0.000000
1695215190907727006 176.544468 0.000000
1695215191116791898 176.591567 0.000000
1695215191159982815 176.589281 0.000000
1695215191425015834 176.598303 0.000000
1695215191547272726 176.709416 0.000000
1695215191800736883 176.543280 0.000000
1695215191921076227 176.432191 0.000000
1695215191955379245 176.577735 0.000000
1695215191968458569 176.612110 0.000000
1695215191968461244 176.563844 0.000000
1695215192026492658 176.616399 0.000000
1695215192271245516 176.489675 0.000000
1695215192387732039 176.438165 0.000000
1695215192543982613 176.529568 0.000000
1695215192587178898 176.698060 0.000000
1695215192629839838 176.459415 0.000000
1695215192689482232 176.573355 0.000000
1695215192806337332 176.473628 0.000000
1695215192927571796 176.633916 0.000000
1695215192998464978 176.491964 0.000000
1695215193138249993 176.523847 0.000000
1695215193213506973 176.569741 0.000000
1695215193250687203 176.540107 0.000000
1695215193382653940 176.575506 0.000000
1695215193420013698 176.624724 0.000000
1695215193596522482 176.485049 0.000000
1695215193778147214 176.540655 0.000000
1695215193926596544 176.498681 0.000000
1695215193957963933 176.582447 0.000000
1695215194045620140 176.534248 0.000000
1695215194178572091 176.976822 0.000000
1695215194266852053 176.851481 0.000000
1695215194308200658 176.525869 0.000000
1695215194443509934 176.604888 0.000000
1695215194484599637 176.385027 0.000000
1695215194568423190 176.476364 0.000000
1695215194804759013 176.608216 0.000000
1695215195367908262 176.419663 0.000000
1695215195536477993 176.509748 0.000000
1695215195811994741 176.477577 0.000000
1695215195988457909 176.446976 0.000000
1695215196512702119 176.567336 0.000000
1695215196572796409 176.650409 0.000000
1695215196696963329 176.518487 0.000000
1695215196800377505 176.622459 0.000000
1695215196841887580 176.617552 0.000000
1695215196866119883 176.547845 0.000000
1695215196926097040 176.482227 0.000000
1695215197048219398 176.614244 0.000000
1695215197108437926 176.532866 0.000000
1695215197138643468 176.526460 0.000000
1695215197283736151 176.613297 0.000000
1695215197312991462 176.445312 0.000000
1695215197489719209 176.490382 0.000000
1695215197600800592 176.614791 0.000000
1695215197668415683 176.431439 0.000000
1695215197803455403 176.716768 0.000000
1695215197926693209 176.588624 0.000000
1695215198107532409 176.551809 0.000000
1695215198157191005 176.617397 0.000000
1695215198255886974 176.575104 0.000000
1695215198334209780 176.854674 0.000000
1695215198638565830 176.582526 0.000000
1695215198687935249 176.698831 0.000000
1695215198959890979 176.569816 0.000000
1695215199041782921 176.697408 0.000000
1695215199168628259 176.498901 0.000000
1695215199306935678 176.627520 0.000000
1695215199364115859 176.510148 0.000000
1695215199503831237 176.610601 0.000000
1695215199578556255 176.608315 0.000000
1695215199925787107 176.572568 0.000000
1695215199931882571 176.532534 0.000000
1695215199964085587 176.524075 0.000000
1695215200278275961 176.682442 0.000000
1695215200435732358 176.588049 0.000000
1695215200496845535 176.544974 0.000000
1695215200632650489 176.511089 0.000000
1695215200633185823 176.515791 0.000000
1695215200638640703 176.596152 0.000000
1695215200727027442 176.492241 0.000000
1695215200938650264 176.515093 0.000000
1695215201073797583 176.625095 0.000000
1695215201080460897 176.566498 0.000000
1695215201163360116 176.530444 0.000000
1695215201229181648 176.521994 0.000000
1695215201231187461 176.548436 0.000000
1695215201251756343 176.489499 0.000000
1695215201291933269 176.611467 0.000000
1695215201749782327 176.517640 0.000000
1695215201784077346 176.516898 0.000000
1695215201802324802 176.578301 0.000000
1695215201908998830 176.588971 0.000000
1695215201926364472 176.559046 0.000000
1695215202143089774 176.526400 0.000000
1695215202350743620 176.540804 0.000000
1695215202399559507 176.542853 0.000000
1695215202496272561 176.435118 0.000000
1695215202774324422 176.580874 0.000000
1695215203084432922 176.450082 0.000000
1695215203644690583 176.488266 0.000000
1695215203881349541 176.547925 0.000000
1695215203933031200 176.541665 0.000000
1695215204079220661 176.644785 0.000000
1695215204086504617 176.664411 0.000000
1695215204346129264 176.718411 0.000000
1695215204453465977 176.501251 0.000000
1695215204498923047 176.677139 0.000000
1695215204630027534 176.546778 0.000000
1695215204853408231 176.584746 0.000000
1695215204874971324 176.662917 0.000000
1695215204905293658 176.589902 0.000000
1695215205051693549 176.695809 0.000000
1695215205117601426 176.585151 0.000000
1695215205316800148 176.622895 0.000000
1695215205766301220 176.890827 0.000000
1695215205847397057 176.671331 0.000000
1695215206023991916 176.472265 0.000000
1695215206081574126 176.581152 0.000000
1695215206289104729 176.510251 0.000000
1695215206382490644 176.528794 0.000000
1695215206435369175 176.950646 0.000000
1695215206458409587 176.574261 0.000000
1695215206610159729 176.645000 0.000000
1695215206708668743 176.697939 0.000000
1695215206729297474 176.580971 0.000000
1695215206820703738 176.477897 0.000000
1695215207084157870 176.456157 0.000000
1695215207151331585 176.567775 0.000000
1695215207478371487 176.633132 0.000000
1695215207504511695 176.581678 0.000000
1695215207526123482 176.672530 0.000000
1695215207701577303 176.574065 0.000000
1695215207796178161 176.569038 0.000000
1695215207858222573 176.637944 0.000000
1695215207878189511 176.588454 0.000000
1695215207920283534 176.532173 0.000000
1695215207936822939 176.623210 0.000000
1695215208232987853 176.484201 0.000000
1695215208491778029 176.562829 0.000000
1695215208539632361 176.593164 0.000000
1695215208761730206 176.580881 0.000000
1695215208859523515 176.430862 0.000000
1695215208918785670 176.523758 0.000000
1695215208961857044 176.521223 0.000000
1695215209028144313 176.650671 0.000000
1695215209319701360 176.593514 0.000000
1695215209406599138 176.664420 0.000000
1695215209468726332 176.503857 0.000000
1695215209911868924 176.486581 0.000000
1695215209921059723 176.431373 0.000000
1695215210130399341 176.509335 0.000000
1695215210477324055 176.562596 0.000000
1695215210530253960 176.526851 0.000000
1695215210624490933 176.617231 0.000000
1695215210765735475 176.601513 0.000000
1695215210972124826 176.838434 0.000000
1695215210972126700 176.872453 0.000000
1695215211066191062 176.528143 0.000000
1695215211184408738 176.520839 0.000000
1695215211422957101 176.528123 0.000000
1695215211449327329 176.596753 0.000000
1695215211714470252 176.515323 0.000000
1695215211776343790 176.565911 0.000000
1695215211856234020 176.581211 0.000000
1695215212033029865 176.669551 0.000000
1695215212059562355 176.586795 0.000000
1695215212180303346 176.552500 0.000000
1695215212209705952 176.598928 0.000000
1695215212251430290 176.536056 0.000000
1695215212468738897 176.703727 0.000000
1695215212822275490 176.556775 0.000000
1695215212828615958 176.643360 0.000000
1695215212836456874 176.456331 0.000000
1695215213032021498 176.568738 0.000000
1695215213098952508 176.583507 0.000000
1695215213128734246 176.570085 0.000000
1695215213241395054 176.641492 0.000000
1695215213420043436 176.569299 0.000000
1695215213447366298 176.633608 0.000000
1695215213712675060 176.642734 0.000000
1695215213948678263 176.590688 0.000000
1695215214004256594 176.486130 0.000000
1695215214069095141 176.597810 0.000000
1695215214269156581 176.525286 0.000000
1695215214338725634 176.468439 0.000000
1695215214475422544 176.567489 0.000000
1695215214515445548 176.546230 0.000000
1695215214719683978 176.496980 0.000000
1695215214773760778 176.574871 0.000000
1695215214862187070 176.521929 0.000000
1695215214866906279 176.693838 0.000000
1695215214868912202 176.601088 0.000000
1695215214887628152 176.537304 0.000000
1695215215097571448 176.539274 0.000000
1695215215188042623 176.591722 0.000000
1695215215304279009 176.575770 0.000000
1695215215419307512 176.542097 0.000000
1695215215487521626 176.557763 0.000000
1695215215573839721 176.586685 0.000000
1695215215627718597 176.512052 0.000000
1695215215804249438 176.513600 0.000000
1695215215840831548 176.450373 0.000000
1695215215876305968 176.493293 0.000000
1695215215917908032 176.489880 0.000000
1695215216183025924 176.478261 0.000000
1695215216280370473 176.498343 0.000000
1695215216334219033 176.531886 0.000000
1695215216390475956 176.597825 0.000000
1695215216890123171 176.576119 0.000000
1695215216950187931 176.488065 0.000000
1695215217025378441 176.632810 0.000000
1695215217155201614 176.693993 0.000000
1695215217186134655 176.501995 0.000000
1695215217306203925 176.547727 0.000000
1695215217332026396 176.545677 0.000000
1695215217519289607 176.566317 0.000000
1695215217597085158 176.637286 0.000000
1695215217657254787 176.783721 0.000000
1695215217694049463 176.650868 0.000000
1695215217950527724 176.574125 0.000000
1695215217957397354 176.595860 0.000000
1695215218215552984 176.514394 0.000000
1695215218215595348 176.596761 0.000000
1695215218282157601 176.506873 0.000000
1695215218812177103 176.488359 0.000000
1695215218840912375 176.460651 0.000000
1695215218864531409 176.500268 0.000000
1695215218864589855 176.518675 0.000000
1695215218920984062 176.620973 0.000000
1695215219129428154 176.481503 0.000000
1695215219165595914 176.458004 0.000000
1695215219194162489 176.422310 0.000000
1695215219339142666 176.539258 0.000000
1695215219364197312 176.467386 0.000000
1695215219459606647 176.437150 0.000000
1695215219820843752 176.535568 0.000000
1695215219867329902 176.599458 0.000000
1695215219923875802 176.566642 0.000000
1695215220173987960 176.528257 0.000000
1695215220344928528 176.498949 0.000000
1695215220366226627 176.651874 0.000000
1695215220486162596 176.699275 0.000000
1695215220608161180 176.700141 0.000000
1695215220719468897 176.603993 0.000000
1695215220722309611 176.562702 0.000000
1695215220875105926 176.528828 0.000000
1695215220880919705 176.571382 0.000000
1695215221099628429 176.528171 0.000000
1695215221404123026 176.597551 0.000000
1695215221410883013 176.532019 0.000000
1695215221540497488 176.617990 0.000000
1695215221603495717 176.667571 0.000000
1695215221640762405 176.695127 0.000000
1695215221691693172 176.519891 0.000000
1695215221692455529 176.453746 0.000000
1695215221757934124 176.478291 0.000000
1695215221845809791 176.452396 0.000000
1695215222048178382 176.419208 0.000000
1695215222400353846 176.466174 0.000000
1695215222454606826 176.608769 0.000000
1695215222470837160 176.592591 0.000000
1695215222486120241 176.667397 0.000000
1695215222719620202 176.587881 0.000000
1695215222751966814 176.546685 0.000000
1695215223082817388 176.557765 0.000000
1695215223370211334 176.390176 0.000000
1695215223436360733 176.498261 0.000000
1695215223458110943 176.564646 0.000000
1695215223546827264 176.499394 0.000000
1695215223634632058 176.497004 0.000000
1695215223692076291 176.539503 0.000000
1695215223750103869 176.525816 0.000000
1695215223957069490 176.599257 0.000000
1695215223990859797 176.654299 0.000000
1695215224222115747 176.562893 0.000000
1695215224291105263 176.611335 0.000000
1695215224341866380 176.555576 0.000000
1695215224464926476 176.547651 0.000000
1695215224487263961 176.625848 0.000000
1695215224518533670 176.660353 0.000000
1695215224606755432 176.513493 0.000000
1695215225027935988 176.621578 0.000000
1695215225105887597 176.507723 0.000000
1695215225105928337 176.532034 0.000000
1695215225253605617 176.526782 0.000000
1695215225429942633 176.514840 0.000000
1695215225758974054 176.536671 0.000000
1695215225993379394 176.724688 0.000000
1695215226233565331 176.593156 0.000000
1695215226796180451 176.461801 0.000000
1695215226816443098 176.518759 0.000000
1695215226844860205 176.490459 0.000000
1695215227117420950 176.651829 0.000000
1695215227519596323 176.600144 0.000000
1695215227591503700 176.667806 0.000000
1695215227849280524 176.555539 0.000000
1695215227951255496 176.597822 0.000000
1695215227994193844 176.452815 0.000000
1695215228021741997 176.613008 0.000000
1695215228057040696 176.563253 0.000000
1695215228089929984 176.717676 0.000000
1695215228198341879 176.575896 0.000000
1695215228474872111 176.531539 0.000000
1695215228584099722 176.628995 0.000000
1695215229028880052 176.528793 0.000000
1695215229188621241 176.636247 0.000000
1695215229259327652 176.744112 0.000000
1695215229293910226 176.623503 0.000000
1695215229435963332 176.611089 0.000000
1695215229818034120 176.492863 0.000000
1695215229937661130 176.525910 0.000000
1695215230082544806 176.540865 0.000000
1695215230086570965 176.575701 0.000000
1695215230231488370 176.643809 0.000000
1695215230464647658 176.654359 0.000000
1695215231027158284 176.587799 0.000000
1695215231058991116 176.630900 0.000000
1695215231503405153 176.564996 0.000000
1695215231504221115 176.499033 0.000000
1695215231729785353 176.456915 0.000000
1695215231879048098 176.517015 0.000000
1695215231939326519 176.544408 0.000000
1695215231946109236 176.668362 0.000000
1695215232055590923 176.556286 0.000000
1695215232059084459 176.558025 0.000000
1695215232296357264 176.533753 0.000000
1695215232333960800 176.617032 0.000000
1695215232473133441 176.505944 0.000000
1695215232497472032 176.540610 0.000000
1695215232564130108 176.595598 0.000000
1695215232674231816 176.524176 0.000000
1695215232747984223 176.518924 0.000000
1695215232790746927 176.486078 0.000000
1695215232826529797 176.434542 0.000000
1695215232854715346 176.488303 0.000000
1695215232924705502 176.689315 0.000000
1695215233116250069 176.533723 0.000000
1695215233204587254 176.597602 0.000000
1695215233293178079 176.641393 0.000000
1695215233448485531 176.517306 0.000000
1695215233533928392 176.624530 0.000000
1695215233747878608 176.532461 0.000000
1695215233884797303 176.612200 0.000000
1695215234012898151 176.592440 0.000000
1695215234066379602 176.477482 0.000000
1695215234243358986 176.434858 0.000000
1695215234331372609 176.590494 0.000000
1695215234354088804 176.641424 0.000000
1695215234442510967 176.592560 0.000000
1695215234631036099 176.589703 0.000000
1695215234684717936 176.512659 0.000000
1695215234945322938 176.623237 0.000000
1695215235028883449 176.792425 0.000000
1695215235160991307 176.529126 0.000000
1695215235182793260 176.494569 0.000000
1695215235213402189 176.563909 0.000000
1695215235223180614 176.557358 0.000000
1695215235238044807 176.551239 0.000000
1695215235330390495 176.514729 0.000000
1695215235425793185 176.465926 0.000000
1695215235602404523 176.595276 0.000000
1695215235656247013 176.492542 0.000000
1695215235712911833 176.551364 0.000000
1695215235721356634 176.915025 0.000000
1695215235743665637 176.538744 0.000000
1695215235745358898 176.537857 0.000000
1695215236121965021 176.611674 0.000000
1695215236149929155 176.697082 0.000000
1695215236266386858 176.642065 0.000000
1695215236397973529 176.497419 0.000000
1695215236450413489 176.519011 0.000000
1695215236450448235 176.450375 0.000000
1695215236508128070 176.598939 0.000000
1695215236839846173 176.560244 0.000000
1695215236893766073 176.636853 0.000000
1695215236928387653 176.632477 0.000000
1695215237047244347 176.594720 0.000000
1695215237150054480 176.573189 0.000000
1695215237215283358 176.607906 0.000000
1695215237275042010 176.642666 0.000000
1695215237489038734 176.479817 0.000000
1695215237832950811 176.488408 0.000000
1695215237885284630 176.616149 0.000000
1695215237917844627 176.511020 0.000000
1695215237945374301 176.597766 0.000000
1695215238129509395 176.536780 0.000000
1695215238210238769 176.454919 0.000000
1695215238475252649 176.590143 0.000000
1695215238483033936 176.583124 0.000000
1695215238592196727 176.499763 0.000000
1695215238627679634 176.445778 0.000000
1695215238777022941 176.494301 0.000000
1695215238836467108 176.494692 0.000000
1695215238950201926 176.616790 0.000000
1695215238960966484 176.538418 0.000000
1695215239294899069 176.566148 0.000000
1695215239334316126 176.524146 0.000000
1695215239370331295 176.644876 0.000000
1695215239599550388 176.486463 0.000000
1695215239893714975 176.603365 0.000000
1695215239931499216 176.667804 0.000000
1695215240162604353 176.504965 0.000000
1695215240359865242 176.548988 0.000000
1695215240483174592 176.493985 0.000000
1695215240552093067 176.713381 0.000000
1695215240569688027 176.598724 0.000000
1695215240746328087 176.615749 0.000000
1695215240777405002 176.561102 0.000000
1695215240806189669 176.646961 0.000000
1695215240834769845 176.589994 0.000000
1695215240889858486 176.549745 0.000000
1695215241151825032 176.647276 0.000000
1695215241222886744 176.521538 0.000000
1695215241226013482 176.549620 0.000000
1695215241399565413 176.658503 0.000000
1695215241720338648 176.480543 0.000000
1695215241720376852 176.497739 0.000000
1695215241752945284 176.562495 0.000000
1695215241756068875 176.450730 0.000000
1695215241876356152 176.509271 0.000000
1695215241925942826 176.502730 0.000000
1695215241947274603 176.500375 0.000000
1695215241954879276 176.411161 0.000000
1695215242020859476 176.482308 0.000000
1695215242073447755 176.465154 0.000000
1695215242126636851 176.496922 0.000000
1695215242396267572 176.504825 0.000000
1695215242425757177 176.535156 0.000000
1695215242654337435 176.535586 0.000000
1695215242661189363 176.500540 0.000000
1695215242779330347 176.731527 0.000000
1695215242867547182 176.473447 0.000000
1695215242992949006 176.542498 0.000000
1695215243114282166 176.594107 0.000000
1695215243162996460 176.566193 0.000000
1695215243184596716 176.594223 0.000000
1695215243278276365 176.534725 0.000000
1695215243309580679 176.600107 0.000000
1695215243523331849 176.588068 0.000000
1695215244017511819 176.503223 0.000000
1695215244351638714 176.731482 0.000000
1695215244370969720 176.586029 0.000000
1695215244423740904 176.488411 0.000000
1695215244428312139 176.555687 0.000000
1695215244547479977 176.493443 0.000000
1695215244672636986 176.584601 0.000000
1695215244780292998 176.439383 0.000000
1695215244864363690 176.516226 0.000000
1695215244881718582 176.442048 0.000000
1695215244988858971 176.442290 0.000000
1695215245046556828 176.547804 0.000000
1695215245077291938 176.482734 0.000000
1695215245133630685 176.479210 0.000000
1695215245342164268 176.466716 0.000000
1695215245576555383 176.504314 0.000000
1695215245607167437 176.489584 0.000000
1695215245748816673 176.384480 0.000000
1695215245821762068 176.687865 0.000000
1695215245928528613 176.574181 0.000000
1695215245959173018 176.687184 0.000000
1695215246106269697 176.483511 0.000000
1695215246263468057 176.478278 0.000000
1695215246278555017 176.576877 0.000000
1695215246282079962 176.575002 0.000000
1695215246402334702 176.498434 0.000000
1695215246434546794 176.692913 0.000000
1695215246648712631 176.522352 0.000000
1695215247077142757 176.517439 0.000000
1695215247078215897 176.453816 0.000000
1695215247109007037 176.569064 0.000000
1695215247162136394 176.636220 0.000000
1695215247254573158 176.543014 0.000000
1695215247267278713 176.636661 0.000000
1695215247462231751 176.581224 0.000000
1695215247515485091 176.549609 0.000000
1695215247639032369 176.455119 0.000000
1695215247760363173 176.583688 0.000000
1695215247815618166 176.611317 0.000000
1695215248045879164 176.623145 0.000000
1695215248049174515 176.527247 0.000000
1695215248239565057 176.541104 0.000000
1695215248257788339 176.870199 0.000000
1695215248434423837 176.609929 0.000000
1695215248458638505 176.570302 0.000000
1695215248467589507 176.625535 0.000000
1695215248578925949 176.486903 0.000000
1695215248705346791 176.529963 0.000000
1695215248757099237 176.646940 0.000000
1695215248932494788 176.492651 0.000000
1695215248946429300 176.529873 0.000000
1695215249109066644 176.548646 0.000000
1695215249147168879 176.635225 0.000000
1695215249263213185 176.671648 0.000000
1695215249342482937 176.646794 0.000000
1695215249550969229 176.517414 0.000000
1695215249552590868 176.588138 0.000000
1695215249577038714 176.522069 0.000000
1695215249607390849 176.498024 0.000000
1695215249672056913 176.525387 0.000000
1695215249902579420 176.581573 0.000000
1695215249905857539 176.525873 0.000000
1695215250114645548 176.425951 0.000000
1695215250170801049 176.474243 0.000000
1695215250255909147 176.532970 0.000000
1695215250346540705 176.610334 0.000000
1695215250435736334 176.544386 0.000000
1695215250537898310 176.491077 0.000000
1695215250612277172 176.517574 0.000000
1695215250714461495 176.545905 0.000000
1695215250732934883 176.564498 0.000000
1695215250844291892 176.490962 0.000000
1695215250965147984 176.512357 0.000000
1695215250965261944 176.565240 0.000000
1695215250991201842 176.712061 0.000000
1695215251230160984 176.469015 0.000000
1695215251300893601 176.623817 0.000000
1695215251421255588 176.558288 0.000000
1695215251432654450 176.436756 0.000000
1695215251565944098 176.683214 0.000000
1695215251671750872 176.545003 0.000000
1695215251697057642 176.532850 0.000000
1695215251848207188 176.438805 0.000000
1695215251848735000 176.335009 0.000000
1695215252113952662 176.679596 0.000000
1695215252290375570 176.475836 0.000000
1695215252378995432 176.526560 0.000000
1695215252492611388 176.518957 0.000000
1695215252554254325 176.537971 0.000000
1695215252765613469 176.589731 0.000000
1695215252788119370 176.497282 0.000000
1695215252820558562 176.437834 0.000000
1695215252834607649 176.495512 0.000000
1695215252964250461 176.590584 0.000000
1695215252997165092 176.466846 0.000000
1695215253295817480 176.504839 0.000000
1695215253349582017 176.560844 0.000000
1695215253974993858 176.545108 0.000000
1695215254145657795 176.594117 0.000000
1695215254145711354 176.602637 0.000000
1695215254328400138 176.539134 0.000000
1695215254436748384 176.471908 0.000000
1695215254467029052 176.560900 0.000000
1695215254500779126 176.483359 0.000000
1695215254581868137 176.550966 0.000000
1695215254701678271 176.531787 0.000000
1695215254764047621 176.520501 0.000000
1695215254837687766 176.644955 0.000000
1695215254852305381 176.529351 0.000000
1695215255029083480 176.440835 0.000000
1695215255294118932 176.506447 0.000000
1695215255377542424 176.564001 0.000000
1695215255470783934 176.600436 0.000000
1695215255647516476 176.509324 0.000000
1695215255777354055 176.654402 0.000000
1695215255824208350 176.472965 0.000000
1695215256072849734 176.460653 0.000000
1695215256124344822 176.548796 0.000000
1695215256354555332 176.516602 0.000000
1695215256500011331 176.519418 0.000000
1695215256603275664 176.570873 0.000000
1695215256796402276 176.522254 0.000000
1695215256941883684 176.608600 0.000000
1695215257063238464 176.443782 0.000000
1695215257191619602 176.594111 0.000000
1695215257238736267 176.619791 0.000000
1695215257510243668 176.525106 0.000000
1695215258001970385 176.531826 0.000000
1695215258107775749 176.420547 0.000000
1695215258128512097 176.515824 0.000000
1695215258477432473 176.558940 0.000000
1695215258620414226 176.521838 0.000000
1695215258647610695 176.545102 0.000000
1695215258740687141 176.521753 0.000000
1695215258767026498 176.435438 0.000000
1695215258941365136 176.472970 0.000000
1695215259078306267 176.482561 0.000000
1695215259089370847 176.533235 0.000000
1695215259206352686 176.535740 0.000000
1695215259272781579 176.657188 0.000000
1695215259327461905 176.530473 0.000000
1695215259401105774 176.730168 0.000000
1695215259431912821 176.511970 0.000000
1695215259947511669 176.587350 0.000000
1695215259979988112 176.577217 0.000000
1695215260019892271 176.648702 0.000000
1695215260196943277 176.622266 0.000000
1695215260333328442 176.493501 0.000000
1695215260388867535 176.683282 0.000000
1695215260415174547 176.592537 0.000000
1695215260477562892 176.565950 0.000000
1695215260598447233 176.656917 0.000000
1695215260742359568 176.565966 0.000000
1695215260836105591 176.609281 0.000000
1695215261128613383 176.509324 0.000000
1695215261387922117 176.563280 0.000000
1695215261543111492 176.517438 0.000000
1695215261788506349 176.504904 0.000000
1695215261876951168 176.522896 0.000000
1695215261924001212 176.451189 0.000000
1695215262053705310 176.693511 0.000000
1695215262164555310 183.883265 0.000000
1695215262194156064 181.560610 0.000000
1695215262194230597 182.052764 0.000000
1695215262341618266 176.663307 0.000000
1695215262370809197 176.635026 0.000000
1695215262518157485 176.511955 0.000000
1695215262636918459 176.463571 0.000000
1695215262724770270 176.513768 0.000000
1695215263114339350 176.610694 0.000000
1695215263166708785 176.653414 0.000000
1695215263225468635 176.726145 0.000000
1695215263785471430 176.598601 0.000000
1695215264109227726 176.622356 0.000000
1695215264175262326 176.546770 0.000000
1695215264253253916 176.608378 0.000000
1695215264404368242 176.680647 0.000000
1695215264695226354 176.568887 0.000000
1695215264761331068 176.593149 0.000000
1695215264970453607 176.544320 0.000000
1695215264992820550 176.458430 0.000000
1695215265048506179 176.498904 0.000000
1695215265200125013 176.613997 0.000000
1695215265412471872 176.668779 0.000000
1695215265465303622 176.662740 0.000000
1695215265483824950 176.653027 0.000000
1695215265556778469 176.548464 0.000000
1695215265589233507 176.737543 0.000000
1695215265660436887 176.587601 0.000000
1695215265874472096 176.516515 0.000000
1695215265874522964 176.648471 0.000000
1695215266227926781 176.565874 0.000000
1695215266260982606 176.466709 0.000000
1695215266318408785 176.503003 0.000000
1695215266319193534 176.584839 0.000000
1695215266384922088 176.529716 0.000000
1695215266526281749 176.604349 0.000000
1695215266583655462 176.536978 0.000000
1695215266584120007 176.527099 0.000000
1695215266738453702 176.704983 0.000000
1695215266791398574 176.566155 0.000000
1695215266968273668 176.591114 0.000000
1695215267081696775 176.468639 0.000000
1695215267170110276 176.539614 0.000000
1695215267291259983 176.474313 0.000000
1695215267346467901 176.592051 0.000000
1695215267357083392 176.648767 0.000000
1695215267523328681 176.586166 0.000000
1695215267731347855 176.667210 0.000000
1695215267876867652 176.659779 0.000000
1695215267909824637 176.466849 0.000000
1695215268029355987 176.549667 0.000000
1695215268086345121 176.493887 0.000000
1695215268119862974 176.512867 0.000000
1695215268294588791 176.720679 0.000000
1695215268406864677 176.508280 0.000000
1695215268549121739 176.566631 0.000000
1695215268666014957 176.564842 0.000000
1695215268672008644 176.491422 0.000000
1695215268672074723 176.579506 0.000000
1695215268759386798 176.598315 0.000000
1695215268826714384 176.627888 0.000000
1695215268842568533 176.525776 0.000000
1695215268937376608 176.794606 0.000000
1695215269379043505 176.479518 0.000000
1695215269444399282 176.576507 0.000000
1695215269466398340 176.512682 0.000000
1695215269732415858 176.458681 0.000000
1695215270085983686 176.532246 0.000000
1695215270256471897 176.567463 0.000000
1695215270351229249 176.611530 0.000000
1695215270351277567 176.661251 0.000000
1695215270416731071 176.569006 0.000000
1695215270472891253 176.640097 0.000000
1695215270793106917 176.573237 0.000000
1695215271124030872 176.621096 0.000000
1695215271300628480 176.581489 0.000000
1695215271324002384 176.520269 0.000000
1695215271411910219 176.399242 0.000000
1695215271477635154 176.425167 0.000000
1695215272024818756 176.619414 0.000000
1695215272086100015 176.588411 0.000000
1695215272184369796 176.541046 0.000000
1695215272329516495 176.632474 0.000000
1695215272626278625 176.618075 0.000000
1695215272649391286 176.541297 0.000000
1695215272737771970 176.564575 0.000000
1695215272771915012 176.631632 0.000000
1695215272860251709 176.597423 0.000000
1695215272881995940 176.969285 0.000000
1695215273002901750 176.584345 0.000000
1695215273058643203 176.576463 0.000000
1695215273125264625 176.538962 0.000000
1695215273125336512 176.565093 0.000000
1695215273156474751 176.557143 0.000000
1695215273355122585 176.454861 0.000000
1695215273438904870 176.709854 0.000000
1695215273444530292 176.567603 0.000000
1695215273832061177 176.509148 0.000000
1695215273886254081 176.567774 0.000000
1695215273942355149 176.637345 0.000000
1695215274040273254 176.626430 0.000000
1695215274239818399 176.570835 0.000000
1695215274273895478 176.481228 0.000000
1695215274416464414 176.551711 0.000000
1695215274592228835 176.561313 0.000000
1695215274804170852 176.638253 0.000000
1695215274947082295 176.453603 0.000000
1695215275030111152 176.520634 0.000000
1695215275246163355 176.688876 0.000000
1695215275325293255 176.594055 0.000000
1695215275356953566 176.547477 0.000000
1695215275388395418 176.435115 0.000000
1695215275476821177 176.472978 0.000000
1695215275631965171 176.743507 0.000000
1695215275652597621 176.521797 0.000000
1695215275741725611 176.602675 0.000000
1695215276006863540 176.776633 0.000000
1695215276006972238 176.746148 0.000000
1695215276073786836 176.621558 0.000000
1695215276250363379 176.551961 0.000000
1695215276592355743 176.592962 0.000000
1695215276621261826 176.559749 0.000000
1695215276625429419 176.501303 0.000000
1695215276802244186 176.469029 0.000000
1695215276837064603 176.549054 0.000000
1695215276957248124 176.388643 0.000000
1695215277102120774 176.532730 0.000000
1695215277155607587 176.489456 0.000000
1695215277331504386 176.495856 0.000000
1695215277387553073 176.502963 0.000000
1695215277422319444 176.529403 0.000000
1695215277455421801 176.556341 0.000000
1695215277508061584 176.539057 0.000000
1695215277752670005 176.485542 0.000000
1695215277774103528 176.551410 0.000000
1695215277774177550 176.541958 0.000000
1695215278215134515 176.619107 0.000000
1695215278271962494 176.642247 0.000000
1695215278658022153 176.468838 0.000000
1695215278834727601 176.452986 0.000000
1695215278892761192 176.569948 0.000000
1695215279013193306 176.526016 0.000000
1695215279155608234 176.530426 0.000000
1695215279187359080 176.583118 0.000000
1695215279224357078 176.596900 0.000000
1695215279244118364 176.612732 0.000000
1695215279276535875 176.669740 0.000000
1695215279332288072 176.645403 0.000000
1695215279577784823 176.517476 0.000000
1695215279629795644 176.496982 0.000000
1695215279776598994 176.628795 0.000000
1695215280214278038 176.589768 0.000000
1695215280846675142 176.694326 0.000000
1695215280846681141 176.608000 0.000000
1695215280867345356 176.613369 0.000000
1695215280895405543 176.644250 0.000000
1695215281248654777 176.498502 0.000000
1695215281309323082 176.634172 0.000000
1695215281453214543 176.520954 0.000000
1695215281663002908 176.895720 0.000000
1695215281839774289 176.607325 0.000000
1695215282066837270 176.584171 0.000000
1695215282084053434 176.558551 0.000000
1695215282195344935 176.495390 0.000000
1695215282283807068 176.511697 0.000000
1695215282437435152 176.627426 0.000000
1695215282460247540 176.425186 0.000000
1695215282485107347 176.631215 0.000000
1695215282600799683 176.602599 0.000000
1695215283132823560 176.495855 0.000000
1695215283165678758 176.618390 0.000000
1695215283193036171 176.985990 0.000000
1695215283232738247 176.627623 0.000000
1695215283255407796 176.528236 0.000000
1695215283304313599 176.572800 0.000000
1695215283379185441 176.595216 0.000000
1695215283546092988 176.745171 0.000000
1695215283573421404 176.538385 0.000000
1695215283696259149 176.610161 0.000000
1695215283839810318 176.570093 0.000000
1695215283923136724 176.622079 0.000000
1695215284076658981 176.517681 0.000000
1695215284084338141 176.550993 0.000000
1695215284165077312 176.694081 0.000000
1695215284253285159 176.608517 0.000000
1695215284280376930 176.582125 0.000000
1695215284315122392 176.613408 0.000000
1695215285144948303 176.551224 0.000000
1695215285198967944 176.608327 0.000000
1695215285641051020 176.592529 0.000000
1695215285729506452 176.807655 0.000000
1695215285867708587 176.595462 0.000000
1695215285994527587 176.567081 0.000000
1695215286132835067 176.717775 0.000000
1695215286205648471 176.693040 0.000000
1695215286312937887 176.678785 0.000000
1695215286370479459 176.475763 0.000000
1695215286402850672 176.468020 0.000000
1695215286793558690 176.503052 0.000000
1695215287082409171 176.591999 0.000000
1695215287232681764 176.845312 0.000000
1695215287286573372 176.488694 0.000000
1695215287586076771 176.417127 0.000000
1695215287612672890 176.532385 0.000000
1695215287674046385 176.590611 0.000000
1695215288225974945 176.511837 0.000000
1695215288346981282 176.533432 0.000000
1695215288496233579 176.521850 0.000000
1695215288611036060 176.657952 0.000000
1695215288646782484 176.640260 0.000000
1695215288912045436 176.567366 0.000000
1695215288957715312 176.562996 0.000000
1695215289088575851 176.500986 0.000000
1695215289088805800 176.574042 0.000000
1695215289179342837 176.472190 0.000000
1695215289265474312 176.562896 0.000000
1695215289318695075 176.590761 0.000000
1695215289353853406 176.586305 0.000000
1695215289644993775 176.564940 0.000000
1695215289993658386 176.547748 0.000000
1695215290061050331 176.567360 0.000000
1695215290174954876 176.418615 0.000000
1695215290466825597 176.507146 0.000000
1695215290569120680 176.571078 0.000000
1695215290681384165 176.448259 0.000000
1695215290705160083 176.503412 0.000000
1695215291299224914 176.626153 0.000000
1695215291412398604 176.531939 0.000000
1695215291530668601 176.557502 0.000000
1695215291564689659 176.457841 0.000000
1695215291652894935 176.725108 0.000000
1695215291718130587 176.512172 0.000000
1695215291884092029 176.511441 0.000000
1695215292146422318 176.549078 0.000000
1695215292159891252 176.604282 0.000000
1695215292183342750 176.644626 0.000000
1695215292448447559 176.570788 0.000000
1695215292625356995 176.524532 0.000000
1695215292676516862 176.533382 0.000000
1695215292847847545 176.649206 0.000000
1695215292890356839 176.575896 0.000000
1695215292890448507 176.581960 0.000000
1695215293206822908 176.568168 0.000000
1695215293420831622 176.595817 0.000000
1695215293509093805 176.675427 0.000000
1695215293560184477 176.558931 0.000000
1695215293709700577 176.612596 0.000000
1695215293731934625 176.485135 0.000000
1695215293862902493 176.629455 0.000000
1695215294128041997 176.699864 0.000000
1695215294304952355 176.617132 0.000000
1695215294447121456 176.511216 0.000000
1695215294675529416 176.521740 0.000000
1695215294709078391 176.479961 0.000000
1695215295189692071 176.724205 0.000000
1695215295388783996 176.495774 0.000000
1695215295912786648 176.620529 0.000000
1695215296030800008 176.806586 0.000000
1695215296074035516 176.680002 0.000000
1695215296162179611 176.631297 0.000000
1695215296184243923 176.605980 0.000000
1695215296214545127 176.533565 0.000000
1695215296391008852 176.444267 0.000000
1695215296394382109 176.529569 0.000000
1695215296449223705 176.503161 0.000000
1695215296476811600 176.449622 0.000000
1695215296560959719 176.523308 0.000000
1695215296579790155 176.499017 0.000000
1695215297046151905 176.768122 0.000000
1695215297063369348 176.525538 0.000000
1695215297067762038 176.595140 0.000000
1695215297332752160 176.473136 0.000000
1695215297416711500 176.493558 0.000000
1695215297537237511 176.569154 0.000000
1695215297539540569 176.507261 0.000000
1695215297543813166 176.442074 0.000000
1695215297591897795 176.516898 0.000000
1695215297984743404 176.488978 0.000000
1695215298035381980 176.605584 0.000000
1695215298210990406 176.541540 0.000000
1695215298637684096 176.564673 0.000000
1695215298746390462 176.532168 0.000000
1695215299006452087 176.585568 0.000000
1695215299006743128 176.418846 0.000000
1695215299039337595 176.517965 0.000000
1695215299054585263 176.512834 0.000000
1695215299480942397 176.516209 0.000000
1695215299541864752 176.617664 0.000000
1695215299625047281 176.594909 0.000000
1695215299625086127 176.599801 0.000000
1695215299801682043 176.610149 0.000000
1695215299978573567 176.582621 0.000000
1695215299978577351 176.644725 0.000000
1695215299984565329 176.563236 0.000000
1695215300009951806 176.612866 0.000000
1695215300105063992 176.610991 0.000000
1695215300155148604 176.555788 0.000000
1695215300155193689 176.612509 0.000000
1695215300275125017 176.669297 0.000000
1695215300331943202 176.733266 0.000000
1695215300420157955 176.499682 0.000000
1695215300508608681 176.646353 0.000000
1695215300717070450 176.609978 0.000000
1695215300760346491 176.771690 0.000000
1695215300950714120 176.590359 0.000000
1695215300956023076 176.529386 0.000000
1695215301072131728 176.585252 0.000000
1695215301088413325 176.537581 0.000000
1695215301424440959 176.747313 0.000000
1695215301441941349 176.643984 0.000000
1695215301644240804 176.507059 0.000000
1695215301657957303 176.541921 0.000000
1695215301700098837 176.446213 0.000000
1695215302011333800 176.604752 0.000000
1695215302104912210 176.423436 0.000000
1695215303160632386 176.661744 0.000000
1695215303500513612 176.676208 0.000000
1695215303514377865 176.777036 0.000000
1695215303574673639 176.554780 0.000000
1695215303820814629 176.534758 0.000000
1695215303903140848 176.587301 0.000000
1695215303929951540 176.690712 0.000000
1695215304044668949 176.518146 0.000000
1695215304433507813 176.626763 0.000000
1695215304454283676 176.553442 0.000000
1695215304548310083 176.532066 0.000000
1695215304663525704 176.591651 0.000000
1695215304840019152 176.477831 0.000000
1695215304875176912 176.550465 0.000000
1695215304928592277 176.479605 0.000000
1695215304969600576 176.449320 0.000000
1695215305254925631 176.508062 0.000000
1695215305331991357 176.593651 0.000000
1695215305342278339 176.525738 0.000000
1695215305370482611 176.585482 0.000000
1695215305728565337 176.485515 0.000000
1695215305765055098 176.547363 0.000000
1695215305798485738 176.542571 0.000000
1695215306030082549 176.513449 0.000000
1695215306081986441 176.596753 0.000000
1695215306127684492 176.663543 0.000000
1695215306254599584 176.675401 0.000000
1695215306314222449 176.620062 0.000000
1695215306383483683 176.594819 0.000000
1695215306519829912 176.709715 0.000000
1695215306725339825 176.558213 0.000000
1695215306785184745 176.734288 0.000000
1695215306901889437 176.525236 0.000000
1695215306913931550 176.578040 0.000000
1695215306923406530 176.598938 0.000000
1695215307459636111 176.520120 0.000000
1695215307566388955 176.534077 0.000000
1695215307621066650 176.545744 0.000000
1695215307846047653 176.562402 0.000000
1695215307934590227 176.575298 0.000000
1695215308199611428 176.539450 0.000000
1695215308203152420 176.544947 0.000000
1695215308288144455 176.604120 0.000000
1695215308627003139 176.513053 0.000000
1695215308733243156 176.653579 0.000000
1695215309172202330 176.539148 0.000000
1695215309174639531 176.579803 0.000000
1695215309245812368 176.592758 0.000000
1695215309310646978 176.605593 0.000000
1695215309351249293 176.583938 0.000000
1695215309492393541 176.549669 0.000000
1695215309585021281 176.604651 0.000000
1695215309654733553 176.831448 0.000000
1695215309704501630 176.495893 0.000000
1695215309831345320 176.599002 0.000000
1695215309929257354 176.650913 0.000000
1695215310008455437 176.495603 0.000000
1695215310361594360 176.587761 0.000000
1695215310386324680 176.568196 0.000000
1695215310714830383 176.414313 0.000000
1695215310818056639 176.485053 0.000000
1695215310999165917 176.460050 0.000000
1695215311166779954 176.516030 0.000000
1695215311358464197 176.521608 0.000000
1695215311382892325 176.577991 0.000000
1695215311383079290 176.537399 0.000000
1695215311436876798 176.573037 0.000000
1695215311560035052 176.447581 0.000000
1695215311970992971 176.516260 0.000000
1695215312001653647 176.538928 0.000000
1695215312001689295 176.521332 0.000000
1695215312041064359 176.568487 0.000000
1695215312469821231 176.592002 0.000000
1695215312532148297 176.670188 0.000000
1695215312947834622 176.598336 0.000000
1695215313088333885 176.469576 0.000000
1695215313204929764 176.633251 0.000000
1695215313293261046 176.546641 0.000000
1695215313441731273 176.575949 0.000000
1695215313769791474 176.662409 0.000000
1695215313911821125 176.550645 0.000000
1695215313911911260 176.670418 0.000000
1695215314008505329 176.777081 0.000000
1695215314353575872 176.502142 0.000000
1695215314515623288 176.592422 0.000000
1695215314603933928 176.529070 0.000000
1695215314707176196 176.754925 0.000000
1695215314854972551 176.505896 0.000000
1695215314919249038 176.716691 0.000000
1695215315119922096 176.543478 0.000000
1695215315272560080 176.464916 0.000000
1695215315770711556 176.626256 0.000000
1695215315890921622 176.639957 0.000000
1695215315972903786 176.627984 0.000000
1695215315996941902 176.576675 0.000000
1695215316032825890 176.600155 0.000000
1695215316180195158 176.689773 0.000000
1695215316332610619 176.548339 0.000000
1695215316332671175 176.562416 0.000000
1695215316332868569 176.447104 0.000000
1695215316386330853 176.537599 0.000000
1695215316460100237 176.517303 0.000000
1695215316509199022 176.571529 0.000000
1695215316597594509 176.536803 0.000000
1695215316686114500 176.453363 0.000000
1695215316798676913 176.452327 0.000000
1695215316950884407 176.551532 0.000000
1695215317068969889 176.627419 0.000000
1695215317216586425 176.493788 0.000000
1695215317325844062 176.528895 0.000000
1695215317447269121 176.589585 0.000000
1695215317765257144 176.660495 0.000000
1695215317776071487 176.469374 0.000000
1695215317835334049 176.493472 0.000000
1695215317889112989 176.589290 0.000000
1695215317978857095 176.521296 0.000000
1695215318129384749 176.555180 0.000000
1695215318339460991 176.515703 0.000000
1695215318360787638 176.553210 0.000000
1695215318421976117 176.516259 0.000000
1695215318453538575 176.624001 0.000000
1695215318541926493 176.536823 0.000000
1695215318630742086 176.841120 0.000000
1695215318714148345 176.587800 0.000000
1695215319072637869 176.664188 0.000000
1695215319200537479 176.624821 0.000000
1695215319273455748 176.470288 0.000000
1695215319400138790 176.528433 0.000000
1695215319447582514 176.514655 0.000000
1695215319598246409 176.589766 0.000000
1695215319624151586 176.545432 0.000000
1695215319745919342 176.590042 0.000000
1695215319747590943 176.540997 0.000000
1695215319924074160 176.593384 0.000000
1695215320228645175 176.550023 0.000000
1695215320244265319 176.542611 0.000000
1695215320329256963 176.653163 0.000000
1695215320394856245 176.601958 0.000000
