1694832773113340728 273.133864 0.000000
1694832773115732527 197.605120 0.000000
1694832773120236506 173.124386 0.000000
1694832773210389574 234.665541 0.000000
1694832773213472225 294.869581 0.000000
1694832773850849465 144.889180 0.000000
1694832774213872780 145.399719 0.000000
1694832774699640675 162.276205 0.000000
1694832774733537037 144.642334 0.000000
1694832774798112446 150.556040 0.000000
1694832775186299764 144.619671 0.000000
1694832775186405295 144.592775 0.000000
1694832775192364315 144.604532 0.000000
1694832775193720049 144.481631 0.000000
1694832775202338150 144.839386 0.000000
1694832775203318493 145.870438 0.000000
1694832775204060472 145.783510 0.000000
1694832775204348760 145.366312 0.000000
1694832775491776086 144.421602 0.000000
1694832775935655117 144.513021 0.000000
1694832775936981220 144.584587 0.000000
1694832775942029016 155.017315 0.000000
1694832775942904565 153.096954 0.000000
1694832775954335650 155.645691 0.000000
1694832775956872683 156.644177 0.000000
1694832776014923921 212.681805 0.000000
1694832776015489201 213.116130 0.000000
1694832776016841571 210.615098 0.000000
1694832776040919588 232.832941 0.000000
1694832776045169344 232.731464 0.000000
1694832776046093341 233.000530 0.000000
1694832776093459426 289.229980 0.000000
1694832776113639661 156.765271 0.000000
1694832776663336973 156.760383 0.000000
1694832776733081522 220.718990 0.000000
1694832776752027275 233.044530 0.000000
1694832776753734375 232.662108 0.000000
1694832776754113985 232.889865 0.000000
1694832776754477371 232.821718 0.000000
1694832776755389031 232.801702 0.000000
1694832777411136733 149.510735 0.000000
1694832777483847967 218.678097 0.000000
1694832777492336818 233.293024 0.000000
1694832777493149410 232.780541 0.000000
1694832777502429905 232.861419 0.000000
1694832777512877940 233.029899 0.000000
1694832778180970957 144.432466 0.000000
1694832778183014355 144.475406 0.000000
1694832778188350894 144.760630 0.000000
1694832778192244471 144.721514 0.000000
1694832778195017312 144.756038 0.000000
1694832778198976562 144.666180 0.000000
1694832778273405565 221.610750 0.000000
1694832778284662973 234.487921 0.000000
1694832778287265117 233.055689 0.000000
1694832778290177106 144.676613 0.000000
1694832778475547701 144.746201 0.000000
1694832778983019937 144.432225 0.000000
1694832778983052102 144.978752 0.000000
1694832778985383435 144.662522 0.000000
1694832778985423952 153.875228 0.000000
1694832778992845295 155.145183 0.000000
1694832778994920272 144.398103 0.000000
1694832778995918787 152.740641 0.000000
1694832778999721473 144.456017 0.000000
1694832779000396660 144.460717 0.000000
1694832779063755691 212.547366 0.000000
1694832779064212902 206.508244 0.000000
1694832779122124403 289.194578 0.000000
1694832779137374364 144.527724 0.000000
1694832779140988431 145.067633 0.000000
1694832779711921579 144.781678 0.000000
1694832779712028327 144.507707 0.000000
1694832779713562763 145.091108 0.000000
1694832779716030031 144.542232 0.000000
1694832779731569185 155.239043 0.000000
1694832779731625798 145.717991 0.000000
1694832779731654341 147.859195 0.000000
1694832779731677301 152.805661 0.000000
1694832779731683991 149.248952 0.000000
1694832779732459376 151.604961 0.000000
1694832779816327991 233.215181 0.000000
1694832779818506505 232.643073 0.000000
1694832779821269288 232.644809 0.000000
1694832779821513733 232.732355 0.000000
1694832780414694065 144.729393 0.000000
1694832780426230782 151.133205 0.000000
1694832780431638522 150.520098 0.000000
1694832780432424192 150.431600 0.000000
1694832780434605791 150.944253 0.000000
1694832780434659614 151.762611 0.000000
1694832780437559147 150.504182 0.000000
1694832780505454231 233.560564 0.000000
1694832780506925910 233.563382 0.000000
1694832780515975867 232.986800 0.000000
1694832780518651511 233.285871 0.000000
1694832781176569752 144.813817 0.000000
1694832781177185087 144.811652 0.000000
1694832781281096248 253.281968 0.000000
1694832781281273035 245.504295 0.000000
1694832781281315722 246.105769 0.000000
1694832781466358830 144.441889 0.000000
1694832781873217763 157.698884 0.000000
1694832781887510949 150.414497 0.000000
1694832781887847714 150.551043 0.000000
1694832781887881304 150.552993 0.000000
1694832781888006152 150.693727 0.000000
1694832781888396043 150.751348 0.000000
1694832781889195407 150.948493 0.000000
1694832781889776085 150.852857 0.000000
1694832781889932852 151.134555 0.000000
1694832781889967789 151.230823 0.000000
1694832781890106484 151.442632 0.000000
1694832781890596289 151.292667 0.000000
1694832781890701516 151.579055 0.000000
1694832781890833425 151.772149 0.000000
1694832782035404607 144.569362 0.000000
1694832782581789369 145.864494 0.000000
1694832782588957127 144.691321 0.000000
1694832782591334309 144.764540 0.000000
1694832782593006058 144.672453 0.000000
1694832782595106879 144.583236 0.000000
1694832782595698808 144.624789 0.000000
1694832783295575426 151.188751 0.000000
1694832783295641690 151.924798 0.000000
1694832783299148332 145.310300 0.000000
1694832783305413489 150.885319 0.000000
1694832783307228451 150.877586 0.000000
1694832783307278941 151.110135 0.000000
1694832783358389741 221.560150 0.000000
1694832783366599789 233.292222 0.000000
1694832783366829043 220.784613 0.000000
1694832783367073125 233.808854 0.000000
1694832783369106305 233.415022 0.000000
1694832783369884174 233.115680 0.000000
1694832783373053883 233.538730 0.000000
1694832783375295878 233.087347 0.000000
1694832783382062890 234.056577 0.000000
1694832783545442108 172.384655 0.000000
1694832783589035959 144.829084 0.000000
1694832783589077710 151.763391 0.000000
1694832783750875922 161.788682 0.000000
1694832784089695997 144.903007 0.000000
1694832784099790500 144.640994 0.000000
1694832784100332423 144.713232 0.000000
1694832784101120259 144.724767 0.000000
1694832784190830166 232.749314 0.000000
1694832784234198762 144.500515 0.000000
1694832784321606525 220.484159 0.000000
1694832784850351507 150.948778 0.000000
1694832784852057038 151.071652 0.000000
1694832784858659774 150.955147 0.000000
1694832784859175551 150.542787 0.000000
1694832784859220686 150.524827 0.000000
1694832784935441364 232.914429 0.000000
1694832784936053022 233.136001 0.000000
1694832784936860180 232.981015 0.000000
1694832784937057822 232.964232 0.000000
1694832784938228449 232.967257 0.000000
1694832784939813135 232.636534 0.000000
1694832784940891235 233.097089 0.000000
1694832784941524133 233.087589 0.000000
1694832785538436840 144.610835 0.000000
1694832785551049201 150.571125 0.000000
1694832785633557718 235.450880 0.000000
1694832785635736448 233.223683 0.000000
1694832786281131863 149.145105 0.000000
1694832786292437675 144.392714 0.000000
1694832786297548284 151.233191 0.000000
1694832786302136763 150.580665 0.000000
1694832786367904493 232.844757 0.000000
1694832786374838254 233.093258 0.000000
1694832786376540497 232.724225 0.000000
1694832786377459460 232.874860 0.000000
1694832786379583228 232.774108 0.000000
1694832786381923483 233.119950 0.000000
1694832786382724163 233.116439 0.000000
1694832786383481638 232.901402 0.000000
1694832786383695814 233.016195 0.000000
1694832786384464912 233.228542 0.000000
1694832786385880229 233.854771 0.000000
1694832786580110688 144.491675 0.000000
1694832786731400172 144.905701 0.000000
1694832786986865317 150.852851 0.000000
1694832786989405138 151.441914 0.000000
1694832786991759402 150.889909 0.000000
1694832786993225454 151.413113 0.000000
1694832786995832258 144.601799 0.000000
1694832786997618449 145.179300 0.000000
1694832786998209590 150.850240 0.000000
1694832786998423388 150.813975 0.000000
1694832787003517240 150.409494 0.000000
1694832787004236724 150.346033 0.000000
1694832787005148123 150.781566 0.000000
1694832787005866059 150.915352 0.000000
1694832787074325454 233.340517 0.000000
1694832787087743322 233.370120 0.000000
1694832787134065851 144.658610 0.000000
1694832787373378606 232.696246 0.000000
1694832787679671168 144.572821 0.000000
1694832787690458264 150.740938 0.000000
1694832787691914056 151.673857 0.000000
1694832787692706194 150.712720 0.000000
1694832787697728196 151.093311 0.000000
1694832787704007738 150.388885 0.000000
1694832787707649429 150.631631 0.000000
1694832787708693533 150.677259 0.000000
1694832787770622354 232.930204 0.000000
1694832787771313302 233.592660 0.000000
1694832787776473425 221.027838 0.000000
1694832787779461215 220.686998 0.000000
1694832787787390666 232.901953 0.000000
1694832787848342710 150.609502 0.000000
1694832788392549734 150.827533 0.000000
1694832788396431994 150.862639 0.000000
1694832788399189338 151.375140 0.000000
1694832788403435655 150.735749 0.000000
1694832788405157847 150.543897 0.000000
1694832788406575510 150.400755 0.000000
1694832788484160664 232.987865 0.000000
1694832788486151520 233.067740 0.000000
1694832788533410888 274.559336 0.000000
1694832788543842969 144.648208 0.000000
1694832788672851277 144.840812 0.000000
1694832788681145711 144.761652 0.000000
1694832788825980779 144.829896 0.000000
1694832789202491112 150.793306 0.000000
1694832789216598458 151.050455 0.000000
1694832789217551805 144.728023 0.000000
1694832789222400724 151.413403 0.000000
1694832789224714135 150.688357 0.000000
1694832789281027879 233.035893 0.000000
1694832789285140981 232.769163 0.000000
1694832789294314616 233.405443 0.000000
1694832789362501247 144.944160 0.000000
1694832789367142173 144.735941 0.000000
1694832789482864714 144.933867 0.000000
1694832789499088583 144.724589 0.000000
1694832789502341444 144.760398 0.000000
1694832789931090599 151.281236 0.000000
1694832789936989520 150.767064 0.000000
1694832789999381362 232.889242 0.000000
1694832790012730965 144.565875 0.000000
1694832790616177011 150.588752 0.000000
1694832790623571797 150.631538 0.000000
1694832790625172746 144.706616 0.000000
1694832790625617706 144.646531 0.000000
1694832790626038034 144.576558 0.000000
1694832790629272036 151.178646 0.000000
1694832790629451900 144.294122 0.000000
1694832790631222714 145.196596 0.000000
1694832790631721289 150.636064 0.000000
1694832790633012151 150.426701 0.000000
1694832790636744263 150.689553 0.000000
1694832790702137245 233.331538 0.000000
1694832790702947871 233.300651 0.000000
1694832790708063685 233.110128 0.000000
1694832790770142890 144.519615 0.000000
1694832790909547327 144.647428 0.000000
1694832791325003219 150.466712 0.000000
1694832791326204985 150.714188 0.000000
1694832791334297589 150.651196 0.000000
1694832791335844061 150.902666 0.000000
1694832791393023397 221.112567 0.000000
1694832791414370367 233.025232 0.000000
1694832791479169873 144.863614 0.000000
1694832791610432193 144.912342 0.000000
1694832792098103786 145.112015 0.000000
1694832792108724997 151.037970 0.000000
1694832792112493838 150.745871 0.000000
1694832792177732034 233.025872 0.000000
1694832792190329572 233.499213 0.000000
1694832792192209655 233.250193 0.000000
1694832792266845144 144.689352 0.000000
1694832792893670241 151.276796 0.000000
1694832792893775691 151.218359 0.000000
1694832792893842957 151.082644 0.000000
1694832792900916712 151.078766 0.000000
1694832792900958204 151.249052 0.000000
1694832792906323394 151.334596 0.000000
1694832792910405549 150.599416 0.000000
1694832792910483921 150.830734 0.000000
1694832792955183336 220.595994 0.000000
1694832793038867153 145.191976 0.000000
1694832793045413240 144.493971 0.000000
1694832793309929538 144.684975 0.000000
1694832793311063646 144.948092 0.000000
1694832793311086013 144.935151 0.000000
1694832793314599430 144.699714 0.000000
1694832793319013633 145.007951 0.000000
1694832793324169250 144.685777 0.000000
1694832793332451435 144.960089 0.000000
1694832793333531257 144.642836 0.000000
1694832793392627550 220.901380 0.000000
1694832793392960986 221.177157 0.000000
1694832793421366524 233.105954 0.000000
1694832794005699928 144.871010 0.000000
1694832794021699404 145.114867 0.000000
1694832794022159284 150.945555 0.000000
1694832794022627282 150.616861 0.000000
1694832794027381351 151.350698 0.000000
1694832794031685903 150.572262 0.000000
1694832794032150995 150.581704 0.000000
1694832794032517082 150.462562 0.000000
1694832794033353708 150.409849 0.000000
1694832794097120339 233.271812 0.000000
1694832794099545124 233.628166 0.000000
1694832794105748117 232.819681 0.000000
1694832794105966300 232.815480 0.000000
1694832794157890775 144.536276 0.000000
1694832794296592311 144.520035 0.000000
1694832794752928101 145.066009 0.000000
1694832794754920991 144.955322 0.000000
1694832794756229014 144.836881 0.000000
1694832794757390285 144.826702 0.000000
1694832794757443158 145.075602 0.000000
1694832794758155485 144.591154 0.000000
1694832794758991374 144.498720 0.000000
1694832794761419207 145.037548 0.000000
1694832794762189528 145.340302 0.000000
1694832794762961494 145.235408 0.000000
1694832794764382139 144.443922 0.000000
1694832794767818106 144.577071 0.000000
1694832794851128021 233.610074 0.000000
1694832794854597897 232.834284 0.000000
1694832795051156997 144.643911 0.000000
1694832795341262869 144.849090 0.000000
1694832795459917162 151.108774 0.000000
1694832795465892350 151.766765 0.000000
1694832795469405041 150.580224 0.000000
1694832795479203543 150.291382 0.000000
1694832795543870432 234.161008 0.000000
1694832795546438039 233.905625 0.000000
1694832795548314970 233.728477 0.000000
1694832795552200373 234.972536 0.000000
1694832795555669006 232.967082 0.000000
1694832795743919879 144.707248 0.000000
1694832796319629500 144.529964 0.000000
1694832796320841760 145.144078 0.000000
1694832796321712731 144.564004 0.000000
1694832796322580745 144.692267 0.000000
1694832796325641168 145.173135 0.000000
1694832796327498132 145.588566 0.000000
1694832796328559060 144.508498 0.000000
1694832796331492227 144.516337 0.000000
1694832796332739293 144.665489 0.000000
1694832796337893397 144.714903 0.000000
1694832796338040118 144.804477 0.000000
1694832796482879020 144.834997 0.000000
1694832796622529008 144.639041 0.000000
1694832797036015786 151.514960 0.000000
1694832797041479510 150.744745 0.000000
1694832797041884277 150.915973 0.000000
1694832797170401167 277.961686 0.000000
1694832797187307426 144.740832 0.000000
1694832797331911744 144.580117 0.000000
1694832797722821735 144.714792 0.000000
1694832797722906322 151.041823 0.000000
1694832797732103569 150.687785 0.000000
1694832797738563967 144.597178 0.000000
1694832797740500652 150.701512 0.000000
1694832797742432180 150.937746 0.000000
1694832797743596994 150.469101 0.000000
1694832797805414484 220.655738 0.000000
1694832797805478853 233.633635 0.000000
1694832797808619097 232.837262 0.000000
1694832797816956706 233.126796 0.000000
1694832797873284071 150.459138 0.000000
1694832798414732256 150.605327 0.000000
1694832798419536014 151.148664 0.000000
1694832798421965024 150.639476 0.000000
1694832798424129674 150.793319 0.000000
1694832798424426244 150.933795 0.000000
1694832798425254005 150.870694 0.000000
1694832798429688214 150.387394 0.000000
1694832798432129477 150.922264 0.000000
1694832798433093480 150.641460 0.000000
1694832798434348339 150.781576 0.000000
1694832798709879735 144.773366 0.000000
1694832799103545173 145.215949 0.000000
1694832799111509799 150.596905 0.000000
1694832799112192923 150.990816 0.000000
1694832799113591155 150.488679 0.000000
1694832799113909681 144.443713 0.000000
1694832799116344931 150.906746 0.000000
1694832799116409686 150.771497 0.000000
1694832799190119626 233.206296 0.000000
1694832799193850214 232.993897 0.000000
1694832799196542421 234.156731 0.000000
1694832799200765198 233.373379 0.000000
1694832799201289312 233.760444 0.000000
1694832799201364812 233.884393 0.000000
1694832799201782709 233.460622 0.000000
1694832799202690456 233.093974 0.000000
1694832799206588262 233.474585 0.000000
1694832799207240264 233.507636 0.000000
1694832799404952569 144.642489 0.000000
1694832799641279141 144.696762 0.000000
1694832799796160381 145.268901 0.000000
1694832799807549748 144.724430 0.000000
1694832799807630952 144.725834 0.000000
1694832799810793804 144.519243 0.000000
1694832799823985758 150.993391 0.000000
1694832799826952844 150.648258 0.000000
1694832799831088900 151.332671 0.000000
1694832799831244121 150.808917 0.000000
1694832799832582674 150.636587 0.000000
1694832799834378592 151.139301 0.000000
1694832799885922618 233.653530 0.000000
1694832799889329783 233.030656 0.000000
1694832799891900022 232.674757 0.000000
1694832799902307254 234.356384 0.000000
1694832799968546302 144.555091 0.000000
1694832800543675495 144.595054 0.000000
1694832800548614628 144.909403 0.000000
1694832800553264424 145.028456 0.000000
1694832800557312409 145.139039 0.000000
1694832800558006278 144.547482 0.000000
1694832800559689794 144.629232 0.000000
1694832800559873742 144.649103 0.000000
1694832800642807917 221.608807 0.000000
1694832800645394017 233.877208 0.000000
1694832800646508484 232.701618 0.000000
1694832800688751025 145.069646 0.000000
1694832800844707299 144.660972 0.000000
1694832801276514343 144.643815 0.000000
1694832801278494890 144.720457 0.000000
1694832801284344260 144.675659 0.000000
1694832801286642331 144.494648 0.000000
1694832801294056942 145.526863 0.000000
1694832801528736979 150.577681 0.000000
1694832801673444391 144.702517 0.000000
1694832802027929691 144.875492 0.000000
1694832802054969637 144.916202 0.000000
1694832802058928555 151.007475 0.000000
1694832802121605560 233.196625 0.000000
1694832802122166535 233.192581 0.000000
1694832802125145689 233.345802 0.000000
1694832802126148181 234.271129 0.000000
1694832802135091142 234.610764 0.000000
1694832802318136150 144.869137 0.000000
1694832802733225525 144.713023 0.000000
1694832802741899676 150.618874 0.000000
1694832802741971107 150.708653 0.000000
1694832802751345291 150.837925 0.000000
1694832802752864460 144.834942 0.000000
1694832802760059706 151.437564 0.000000
1694832802760143531 150.622038 0.000000
1694832802761464814 150.848880 0.000000
1694832802762661823 151.007273 0.000000
1694832802827955570 233.589397 0.000000
1694832802907210439 147.145516 0.000000
1694832803021798657 144.735585 0.000000
1694832803584091467 144.775642 0.000000
1694832803584954204 144.782744 0.000000
1694832803589518370 145.498328 0.000000
1694832803589571819 145.101856 0.000000
1694832803590389275 144.724529 0.000000
1694832803590961356 144.665711 0.000000
1694832803591598598 145.049484 0.000000
1694832803595129476 144.697330 0.000000
1694832803600730514 145.431442 0.000000
1694832803601563000 144.657096 0.000000
1694832803602656202 145.128247 0.000000
1694832803877131992 144.674857 0.000000
1694832804296184844 150.930281 0.000000
1694832804296299897 150.944294 0.000000
1694832804297352510 144.545571 0.000000
1694832804297475020 150.814958 0.000000
1694832804299550949 150.749867 0.000000
1694832804310986432 150.607210 0.000000
1694832804429106347 278.535174 0.000000
1694832804999192321 150.499363 0.000000
1694832805001610054 151.158436 0.000000
1694832805010699060 151.211164 0.000000
1694832805088372829 233.206955 0.000000
1694832805091590539 232.649896 0.000000
1694832805276368124 144.831960 0.000000
1694832805283041550 144.595469 0.000000
1694832805729797446 144.912913 0.000000
1694832805730310399 145.386931 0.000000
1694832805730568825 145.191551 0.000000
1694832805736371842 144.858681 0.000000
1694832805738723196 145.697197 0.000000
1694832805741170899 144.667707 0.000000
1694832805742557560 145.213121 0.000000
1694832805743138531 144.729812 0.000000
1694832805745327888 145.018163 0.000000
1694832805745389547 145.189466 0.000000
1694832805827545366 234.315207 0.000000
1694832805829708297 234.341488 0.000000
1694832805829886942 234.221318 0.000000
1694832805834967570 232.970309 0.000000
1694832805835112823 232.876256 0.000000
1694832805836728711 233.017323 0.000000
1694832806571490791 144.882540 0.000000
1694832806571857654 144.811294 0.000000
1694832806576265682 144.797679 0.000000
1694832806576319482 145.429398 0.000000
1694832806576629333 144.575096 0.000000
1694832806581766221 144.454239 0.000000
1694832806582766928 144.545731 0.000000
1694832806586373773 144.551420 0.000000
1694832806596285356 144.733243 0.000000
1694832806602721687 150.962572 0.000000
1694832807286648263 150.829651 0.000000
1694832807296442584 151.194896 0.000000
1694832807298982742 150.373575 0.000000
1694832807302055234 150.584345 0.000000
1694832807302753127 150.704410 0.000000
1694832807362779823 221.030406 0.000000
1694832807990915229 144.943465 0.000000
1694832807993392355 144.633309 0.000000
1694832807999688430 150.759894 0.000000
1694832808071137603 232.976080 0.000000
1694832808074211177 232.884021 0.000000
1694832808076980844 233.071217 0.000000
1694832808078364442 233.879818 0.000000
1694832808227577112 150.590950 0.000000
1694832808673921005 145.309519 0.000000
1694832808686006711 150.586684 0.000000
1694832808687988405 144.718033 0.000000
1694832808688672205 150.683119 0.000000
1694832808692208666 151.761547 0.000000
1694832808695557971 144.863694 0.000000
1694832808696851856 144.786895 0.000000
1694832808702021424 153.138720 0.000000
1694832808702083398 152.642716 0.000000
1694832808707159500 151.844430 0.000000
1694832809391666670 150.892127 0.000000
1694832809393046373 151.100136 0.000000
1694832809394445728 150.734425 0.000000
1694832809395653467 150.506114 0.000000
1694832809396160000 150.730883 0.000000
1694832809397406078 150.451382 0.000000
1694832809403636499 150.604579 0.000000
1694832809471509204 232.833367 0.000000
1694832809472300825 220.619249 0.000000
1694832809482904157 233.134469 0.000000
1694832810082124980 145.071418 0.000000
1694832810093166827 150.929168 0.000000
1694832810093242633 150.711457 0.000000
1694832810105738387 151.095670 0.000000
1694832810107629921 150.545474 0.000000
1694832810109578388 150.781685 0.000000
1694832810179508296 232.757039 0.000000
1694832810180128163 233.138762 0.000000
1694832810186185116 233.245761 0.000000
1694832810237828527 144.581207 0.000000
1694832810264136275 144.567045 0.000000
1694832810373227522 144.787954 0.000000
1694832810815475094 144.701808 0.000000
1694832810818990806 144.867709 0.000000
1694832810823989201 144.548521 0.000000
1694832810830129724 145.465921 0.000000
1694832810830724698 145.840316 0.000000
1694832810830948859 144.812661 0.000000
1694832810830999938 144.704008 0.000000
1694832810831906677 144.822168 0.000000
1694832810839209698 150.710243 0.000000
1694832811111346177 144.553267 0.000000
1694832811524412612 150.681514 0.000000
1694832811525774780 150.618347 0.000000
1694832811534266326 150.767309 0.000000
1694832811535912380 150.487915 0.000000
1694832811604675362 233.042303 0.000000
1694832811652449664 144.648457 0.000000
1694832811812556224 144.836309 0.000000
1694832812212375922 145.033611 0.000000
1694832812231556658 144.624951 0.000000
1694832812234128330 150.849338 0.000000
1694832812238551442 150.703854 0.000000
1694832812300313587 220.664141 0.000000
1694832812300760386 220.554987 0.000000
1694832812302802094 233.605265 0.000000
1694832812306350117 233.833215 0.000000
1694832812314507670 232.819543 0.000000
1694832812319246898 233.701269 0.000000
1694832812324091120 233.284595 0.000000
1694832812518304851 144.703384 0.000000
1694832813075924465 151.540825 0.000000
1694832813076149648 151.442406 0.000000
1694832813078777866 150.793867 0.000000
1694832813079274977 150.631901 0.000000
1694832813079930998 151.223065 0.000000
1694832813146565734 220.804245 0.000000
1694832813156569381 233.535100 0.000000
1694832813486082736 144.702915 0.000000
1694832813505116535 144.706930 0.000000
1694832813518123603 150.549012 0.000000
1694832813577986223 233.076241 0.000000
1694832814292327436 144.880266 0.000000
1694832814292562157 144.960007 0.000000
1694832814297436138 151.112131 0.000000
1694832814305417501 151.246112 0.000000
1694832814309436288 150.719042 0.000000
1694832814309741949 150.719838 0.000000
1694832814319799400 151.418442 0.000000
1694832814321488910 152.338818 0.000000
1694832814322028234 151.931290 0.000000
1694832814370612523 220.706500 0.000000
1694832814379047943 233.563639 0.000000
1694832814383014242 233.471524 0.000000
1694832814389205267 221.086203 0.000000
1694832814539853082 150.642217 0.000000
1694832815037020867 144.652902 0.000000
1694832815043384017 144.699059 0.000000
1694832815049627623 144.632394 0.000000
1694832815049906462 144.882947 0.000000
1694832815050177016 145.019409 0.000000
1694832815050706833 145.322459 0.000000
1694832815056525020 144.658615 0.000000
1694832815142402651 233.290030 0.000000
1694832815143003759 232.827875 0.000000
1694832815143863022 233.026021 0.000000
1694832815143976206 233.140547 0.000000
1694832815145246485 232.756038 0.000000
1694832815295720715 150.468923 0.000000
1694832815752353984 144.761558 0.000000
1694832815754213794 144.669067 0.000000
1694832815754268937 150.724006 0.000000
1694832815755476391 150.859576 0.000000
1694832815759647407 150.698922 0.000000
1694832815759786696 150.640231 0.000000
1694832815766197677 144.604954 0.000000
1694832815824973704 232.790211 0.000000
1694832815844634898 233.056461 0.000000
1694832816656220546 147.793373 0.000000
1694832816663321831 144.942413 0.000000
1694832816665105570 145.115560 0.000000
1694832816671068369 150.739310 0.000000
1694832816671481955 144.509526 0.000000
1694832816679276033 151.543817 0.000000
1694832816747423580 234.758477 0.000000
1694832816747570221 234.589554 0.000000
1694832816757510401 233.545180 0.000000
1694832817349316614 145.213986 0.000000
1694832817359110193 150.794240 0.000000
1694832817360900271 150.808091 0.000000
1694832817363044739 150.492653 0.000000
1694832817363889057 150.788802 0.000000
1694832817364192408 151.013901 0.000000
1694832817366734992 144.847525 0.000000
1694832817366762942 144.725325 0.000000
1694832817367522669 144.674668 0.000000
1694832817372286574 150.780007 0.000000
1694832817441279236 233.348399 0.000000
1694832817447246379 233.196610 0.000000
1694832817449474221 233.288685 0.000000
1694832817511359377 144.619144 0.000000
1694832818063504872 144.708882 0.000000
1694832818063886359 144.887558 0.000000
1694832818070610743 150.645534 0.000000
1694832818074259950 150.934906 0.000000
1694832818075774889 150.691636 0.000000
1694832818141810162 233.095549 0.000000
1694832818148870287 233.810904 0.000000
1694832818157360554 233.174277 0.000000
1694832818344928846 144.794584 0.000000
1694832818356632897 144.753068 0.000000
1694832818788947776 144.874166 0.000000
1694832818793725303 144.514438 0.000000
1694832818793931302 144.448861 0.000000
1694832818795003074 144.946233 0.000000
1694832818796209951 145.648571 0.000000
1694832818797989596 144.677222 0.000000
1694832818800036962 144.862018 0.000000
1694832818800113074 144.348694 0.000000
1694832819484340906 144.986233 0.000000
1694832819496040426 150.607202 0.000000
1694832819497582217 144.680222 0.000000
1694832819497630309 150.493122 0.000000
1694832819501436822 150.769575 0.000000
1694832819503114624 150.600567 0.000000
1694832819576356518 233.512596 0.000000
1694832819645328545 289.358781 0.000000
1694832820245290664 150.707730 0.000000
1694832820254984820 151.634490 0.000000
1694832820255005869 144.980815 0.000000
1694832820255056081 144.948315 0.000000
1694832820255158980 150.713824 0.000000
1694832820257276384 144.658952 0.000000
1694832820257471739 150.736477 0.000000
1694832820259821549 150.438268 0.000000
1694832820334445701 233.595557 0.000000
1694832820337178432 233.890998 0.000000
1694832820342906624 233.071407 0.000000
1694832820399670358 144.680322 0.000000
1694832820405695195 150.531719 0.000000
1694832820534264050 144.564346 0.000000
1694832820541286518 150.617239 0.000000
1694832820544374780 144.699656 0.000000
1694832820945554575 144.682145 0.000000
1694832820958625440 144.573647 0.000000
1694832820962402895 151.296162 0.000000
1694832821035506045 233.384896 0.000000
1694832821036546775 220.931592 0.000000
1694832821037923733 233.444263 0.000000
1694832821038496971 233.685600 0.000000
1694832821038631634 232.701932 0.000000
1694832821041805370 233.401224 0.000000
1694832821043624341 232.855263 0.000000
1694832821044162402 233.295839 0.000000
1694832821045453480 233.458026 0.000000
1694832821045678849 233.207293 0.000000
1694832821677199209 144.536355 0.000000
1694832821692608698 144.857211 0.000000
1694832821699541367 150.581349 0.000000
1694832821699570555 145.845876 0.000000
1694832821704594679 150.671222 0.000000
1694832821704875247 150.701563 0.000000
1694832821784956440 232.842271 0.000000
1694832822398840152 144.531908 0.000000
1694832822406309409 150.539961 0.000000
1694832822406456932 150.615621 0.000000
1694832822473527570 233.073265 0.000000
1694832822473682403 233.005919 0.000000
1694832822476808044 233.802981 0.000000
1694832822478472500 233.078398 0.000000
1694832822542868408 289.037979 0.000000
1694832823099177655 150.694670 0.000000
1694832823100320077 151.113649 0.000000
1694832823104326595 150.691668 0.000000
1694832823104905897 150.586603 0.000000
1694832823105180521 150.560558 0.000000
1694832823172306302 233.517162 0.000000
1694832823180199093 233.024807 0.000000
1694832823887085528 144.654686 0.000000
1694832823888313248 144.564116 0.000000
1694832823891541496 145.097206 0.000000
1694832823897878574 144.684581 0.000000
1694832823905114643 150.911178 0.000000
1694832823906826274 144.837456 0.000000
1694832823908988332 151.157225 0.000000
1694832823910258717 150.889441 0.000000
1694832823913775947 150.853914 0.000000
1694832823971561685 221.005571 0.000000
1694832824726259051 144.745536 0.000000
1694832824824358898 233.635097 0.000000
1694832824824586251 232.979979 0.000000
1694832825138259433 144.732484 0.000000
1694832825513299365 144.851790 0.000000
1694832825521083865 150.645781 0.000000
1694832825528227544 144.837002 0.000000
1694832825528635132 150.863894 0.000000
1694832825529788470 144.588278 0.000000
1694832825530782687 144.433138 0.000000
1694832825533824065 144.398126 0.000000
1694832825536592925 150.842995 0.000000
1694832825538311251 150.535269 0.000000
1694832825540423173 150.557210 0.000000
1694832825540723626 150.504954 0.000000
1694832825600204311 221.429818 0.000000
1694832825605320434 232.936229 0.000000
1694832825606186479 232.746673 0.000000
1694832825608742338 232.829696 0.000000
1694832825609406477 233.535263 0.000000
1694832825614862185 232.910168 0.000000
1694832825681205054 144.606907 0.000000
1694832825684976330 144.548000 0.000000
1694832826267241825 145.039577 0.000000
1694832826357861639 233.060781 0.000000
1694832826361622821 233.709931 0.000000
1694832826362935629 232.976120 0.000000
1694832826369202960 232.866494 0.000000
1694832826371136412 232.913719 0.000000
1694832826561789922 144.731936 0.000000
1694832826562457314 144.686952 0.000000
1694832826568122149 144.583350 0.000000
1694832827161281935 144.833902 0.000000
1694832827168621410 144.857492 0.000000
1694832827179238035 151.002268 0.000000
1694832827182651079 151.021949 0.000000
1694832827187520829 144.558892 0.000000
1694832827252640967 233.643619 0.000000
1694832827255195758 233.531725 0.000000
1694832827256033607 233.300597 0.000000
1694832827262804133 233.404785 0.000000
1694832827263266544 233.526322 0.000000
1694832827272304458 232.832357 0.000000
1694832827413445051 150.635811 0.000000
1694832827980373191 144.757423 0.000000
1694832827987674898 150.669403 0.000000
1694832827989073751 144.576292 0.000000
1694832827990316155 150.548717 0.000000
1694832827990341810 144.874039 0.000000
1694832827991450448 150.511370 0.000000
1694832827997880899 144.684590 0.000000
1694832828002677208 152.308359 0.000000
1694832828080362789 233.038681 0.000000
1694832828082925524 233.065499 0.000000
1694832828083493630 233.313390 0.000000
1694832828083595361 233.273984 0.000000
1694832828140852312 150.531085 0.000000
1694832828346971005 150.765450 0.000000
1694832828680570674 144.999325 0.000000
1694832828687848269 150.894866 0.000000
1694832828693111996 150.519026 0.000000
1694832828695767977 150.513163 0.000000
1694832828697378223 150.715509 0.000000
1694832828698819835 150.685459 0.000000
1694832828775021770 233.953136 0.000000
1694832828777265634 232.978955 0.000000
1694832828778680855 232.844342 0.000000
1694832828778698035 233.071971 0.000000
1694832829370762625 144.695643 0.000000
1694832829382994777 150.742345 0.000000
1694832829383814168 144.826772 0.000000
1694832829386612385 144.810279 0.000000
1694832829389289897 150.647579 0.000000
1694832829463160786 232.805615 0.000000
1694832829468999840 232.608407 0.000000
1694832829473936336 232.849733 0.000000
1694832829531220785 144.606029 0.000000
1694832830112053564 145.063737 0.000000
1694832830117529042 145.178183 0.000000
1694832830121070694 144.906365 0.000000
1694832830122276919 145.082550 0.000000
1694832830124145946 144.521861 0.000000
1694832830126789384 144.528697 0.000000
1694832830127661898 150.584191 0.000000
1694832830268726699 144.575882 0.000000
1694832830974122522 144.714514 0.000000
1694832830979820389 145.411871 0.000000
1694832830988272926 144.685351 0.000000
1694832830990124311 144.799542 0.000000
1694832830992576038 150.576742 0.000000
1694832830993148550 150.539210 0.000000
1694832830993221494 144.496992 0.000000
1694832830997549169 150.486758 0.000000
1694832830997896262 150.597445 0.000000
1694832831048676823 220.538021 0.000000
1694832831082879692 233.235787 0.000000
1694832831671372759 150.773678 0.000000
1694832831675002134 151.267989 0.000000
1694832831679317119 150.666856 0.000000
1694832831680905308 150.529626 0.000000
1694832831684742211 150.665031 0.000000
1694832831686817733 150.602044 0.000000
1694832831689611114 151.443125 0.000000
1694832831689934321 150.962653 0.000000
1694832831689963844 144.814259 0.000000
1694832832449935247 144.614112 0.000000
1694832832454223029 145.093050 0.000000
1694832832457673183 145.037982 0.000000
1694832832460135675 144.647816 0.000000
1694832832467025809 144.529951 0.000000
1694832832470676464 144.624151 0.000000
1694832832557685714 232.870343 0.000000
1694832832557746651 233.015400 0.000000
1694832832600531788 150.591318 0.000000
1694832833232711715 145.166219 0.000000
1694832833243412723 150.893931 0.000000
1694832833247551282 151.062879 0.000000
1694832833249787292 150.850921 0.000000
1694832833250033354 151.211474 0.000000
1694832833253592201 150.681120 0.000000
1694832833256228732 150.442310 0.000000
1694832833256433554 144.762657 0.000000
1694832833262581331 150.784796 0.000000
1694832833263992132 150.603119 0.000000
1694832833322374897 233.459289 0.000000
1694832833327768771 233.283099 0.000000
1694832833340100240 233.151529 0.000000
1694832833400947737 144.713983 0.000000
1694832833521260488 144.574770 0.000000
1694832833978835693 144.791934 0.000000
1694832833981077427 145.193764 0.000000
1694832833985170385 144.734061 0.000000
1694832833987103270 144.644472 0.000000
1694832833989395506 145.432955 0.000000
1694832833994924840 145.189575 0.000000
1694832833995379748 145.151400 0.000000
1694832833995562759 145.314455 0.000000
1694832834067611208 220.529359 0.000000
1694832834079182499 233.367756 0.000000
1694832834082739220 233.197058 0.000000
1694832834272062851 147.801231 0.000000
1694832834279588071 144.586986 0.000000
1694832834279721266 144.597942 0.000000
1694832834819618855 144.655335 0.000000
1694832834819725989 144.847196 0.000000
1694832834820693930 145.558560 0.000000
1694832834824739624 144.671508 0.000000
1694832834898236809 221.176974 0.000000
1694832834902775519 232.565474 0.000000
1694832834906089105 233.409572 0.000000
1694832834908964156 232.970971 0.000000
1694832834909980785 233.234615 0.000000
1694832834911620669 232.706722 0.000000
1694832834913198027 233.004325 0.000000
1694832834913730496 233.359981 0.000000
1694832835062120762 150.496870 0.000000
1694832835110117698 144.746136 0.000000
1694832835624719378 144.581147 0.000000
1694832835625931356 144.656873 0.000000
1694832835626039212 144.486366 0.000000
1694832835628723921 144.825605 0.000000
1694832835629188260 144.943941 0.000000
1694832835630174344 144.932434 0.000000
1694832835632371188 144.854512 0.000000
1694832835636840131 151.016818 0.000000
1694832835642299155 151.364251 0.000000
1694832835924390703 144.495556 0.000000
1694832836316879176 146.787050 0.000000
1694832836322328174 150.963803 0.000000
1694832836326270591 151.615554 0.000000
1694832836333143194 150.616540 0.000000
1694832836339119096 150.808176 0.000000
1694832836404666527 220.878841 0.000000
1694832836415721456 233.429006 0.000000
1694832836415928267 233.708095 0.000000
1694832836418478217 232.885607 0.000000
1694832837070567819 145.089967 0.000000
1694832837071527937 144.826173 0.000000
1694832837072697833 144.971722 0.000000
1694832837077172770 151.302199 0.000000
1694832837078619163 150.964700 0.000000
1694832837080294790 151.253807 0.000000
1694832837084840011 150.997400 0.000000
1694832837088513629 150.507095 0.000000
1694832837088788588 150.473110 0.000000
1694832837091713344 150.652468 0.000000
1694832837153487234 221.509836 0.000000
1694832837154559878 222.343590 0.000000
1694832837199128205 150.622338 0.000000
1694832837364904293 144.478830 0.000000
1694832837369094458 144.521705 0.000000
1694832837375028467 144.858879 0.000000
1694832837494018090 144.684523 0.000000
1694832837494433496 145.083802 0.000000
1694832837502834954 150.711064 0.000000
1694832837504587355 151.198597 0.000000
1694832837505761656 150.848679 0.000000
1694832837515011030 144.497938 0.000000
1694832837516689047 144.791035 0.000000
1694832837522081909 151.333861 0.000000
1694832837585302718 233.995958 0.000000
1694832837595011241 233.930381 0.000000
1694832837604013712 144.876670 0.000000
1694832837605294315 144.911591 0.000000
1694832837665508001 150.490481 0.000000
1694832838216674000 144.603725 0.000000
1694832838216796806 144.569364 0.000000
1694832838223486052 144.954309 0.000000
1694832838224445984 144.530658 0.000000
1694832838226567949 144.531851 0.000000
1694832838226877990 144.758784 0.000000
1694832838229619285 144.736452 0.000000
1694832838230701803 145.190634 0.000000
1694832838234471124 144.705787 0.000000
1694832838234538851 144.705662 0.000000
1694832838235088800 144.828376 0.000000
1694832838235652366 145.172101 0.000000
1694832838235821379 144.675967 0.000000
1694832838236262610 145.182545 0.000000
1694832838237469491 146.500971 0.000000
1694832838238302884 146.654583 0.000000
1694832838238318019 147.386746 0.000000
1694832838367343605 150.543175 0.000000
1694832838515277152 144.560838 0.000000
1694832838517922178 144.652698 0.000000
1694832839101543464 145.309158 0.000000
1694832839110327116 150.722682 0.000000
1694832839116686895 151.164079 0.000000
1694832839117864198 151.027993 0.000000
1694832839125027307 150.503698 0.000000
1694832839125622792 150.841850 0.000000
1694832839127561320 150.758881 0.000000
1694832839196277953 233.354351 0.000000
1694832839252094306 150.540889 0.000000
1694832839392253833 144.749326 0.000000
1694832839396073657 144.566561 0.000000
1694832839954467295 144.590717 0.000000
1694832839963637470 144.765132 0.000000
1694832839970310123 144.934858 0.000000
1694832839972234689 144.996586 0.000000
1694832839974449449 144.879714 0.000000
1694832839977295492 144.737814 0.000000
1694832840061459659 233.810681 0.000000
1694832840065407906 233.179583 0.000000
1694832840120712739 288.864650 0.000000
1694832840675572116 144.734590 0.000000
1694832840678548508 151.092244 0.000000
1694832840680341443 151.191114 0.000000
1694832840680643059 151.243898 0.000000
1694832840681684491 150.742567 0.000000
1694832840682487449 151.113650 0.000000
1694832840801254495 150.655554 0.000000
1694832840820127334 144.548477 0.000000
1694832840825120070 144.473141 0.000000
1694832840948639454 144.769236 0.000000
1694832840952057387 150.796166 0.000000
1694832841579781391 144.679484 0.000000
1694832841579888059 144.642944 0.000000
1694832841579943959 144.743459 0.000000
1694832841580777964 145.079986 0.000000
1694832841584090146 150.560612 0.000000
1694832841590383798 144.600401 0.000000
1694832841592153869 150.948710 0.000000
1694832841599205373 150.489918 0.000000
1694832841672561394 233.078445 0.000000
1694832841681173507 233.465108 0.000000
1694832842441911413 144.733890 0.000000
1694832842441988342 144.895381 0.000000
1694832842448512584 145.062939 0.000000
1694832842452714160 145.098002 0.000000
1694832842453756469 145.261087 0.000000
1694832842455715776 145.125210 0.000000
1694832842455754431 145.081749 0.000000
1694832842456026027 144.699550 0.000000
1694832842457269524 146.017354 0.000000
1694832842457553660 144.625668 0.000000
1694832842746442594 144.576785 0.000000
1694832843219602073 144.775520 0.000000
1694832843220469320 145.088874 0.000000
1694832843224519058 144.699133 0.000000
1694832843231542025 145.302506 0.000000
1694832843236323143 144.870968 0.000000
1694832843237579560 145.064022 0.000000
1694832843238220651 144.922843 0.000000
1694832843317530841 233.140744 0.000000
1694832843327225471 233.199726 0.000000
1694832844024922826 150.703009 0.000000
1694832844025725072 144.797627 0.000000
1694832844029090864 150.957792 0.000000
1694832844032666910 144.807876 0.000000
1694832844034024131 150.793224 0.000000
1694832844034492039 150.409466 0.000000
1694832844035368497 150.674945 0.000000
1694832844035768302 144.683105 0.000000
1694832844036618705 145.146122 0.000000
1694832844040157148 151.201884 0.000000
1694832844043500834 152.108352 0.000000
1694832844160866968 273.249225 0.000000
1694832844160881321 274.909445 0.000000
1694832844160932560 274.211683 0.000000
1694832844778198872 144.963295 0.000000
1694832844779585081 144.673146 0.000000
1694832844779887790 144.730675 0.000000
1694832844793941992 145.022223 0.000000
1694832844795199502 150.768776 0.000000
1694832844796027151 151.241926 0.000000
1694832844797467611 151.023439 0.000000
1694832844801502850 150.532516 0.000000
1694832844802139686 150.768044 0.000000
1694832844805284314 150.614593 0.000000
1694832844875276265 233.140120 0.000000
1694832844883190965 233.077629 0.000000
1694832844942123061 144.599499 0.000000
1694832845026033067 150.749095 0.000000
1694832845643569339 144.978795 0.000000
1694832845644514006 145.466690 0.000000
1694832845650440783 144.446563 0.000000
1694832845650864128 144.508507 0.000000
1694832845653566292 145.009045 0.000000
1694832845653670319 144.984850 0.000000
1694832845655877672 144.522880 0.000000
1694832845656501162 144.719312 0.000000
1694832845656605159 144.576003 0.000000
1694832845658860683 144.604360 0.000000
1694832845733885868 221.093728 0.000000
1694832845941979656 144.635417 0.000000
1694832845945501591 144.695306 0.000000
1694832846339712894 144.945924 0.000000
1694832846349135003 151.052238 0.000000
1694832846350023895 150.923623 0.000000
1694832846352698540 144.525856 0.000000
1694832846354490863 151.159492 0.000000
1694832846354998398 144.680244 0.000000
1694832846357357950 144.506254 0.000000
1694832846360212007 150.696816 0.000000
1694832846363468410 150.957151 0.000000
1694832846444180553 232.997870 0.000000
1694832847162246455 144.742827 0.000000
1694832847163901369 144.956064 0.000000
1694832847169667884 145.173490 0.000000
1694832847174795959 150.682055 0.000000
1694832847246571114 233.330149 0.000000
1694832847454700557 144.816932 0.000000
1694832848001906005 144.483084 0.000000
1694832848002923752 144.520301 0.000000
1694832848006108588 144.766850 0.000000
1694832848009339992 145.054423 0.000000
1694832848014345713 144.879491 0.000000
1694832848017271276 144.796984 0.000000
1694832848090867350 221.256963 0.000000
1694832848101891822 232.628397 0.000000
1694832848706728408 144.702463 0.000000
1694832848710235297 145.469537 0.000000
1694832848715571456 150.944784 0.000000
1694832848717029817 150.570007 0.000000
1694832848781960801 232.911478 0.000000
1694832848787808515 220.694950 0.000000
1694832848788916301 232.967053 0.000000
1694832848793900802 234.834384 0.000000
1694832848944894465 150.984924 0.000000
1694832849509901898 144.529564 0.000000
1694832849517422271 150.539344 0.000000
1694832849520583547 150.821841 0.000000
1694832849578385001 220.732790 0.000000
1694832849578695342 220.884749 0.000000
1694832849594659556 220.778185 0.000000
1694832849597472432 233.596444 0.000000
1694832849598794313 233.054750 0.000000
1694832849603148085 232.929233 0.000000
1694832849603358937 233.083107 0.000000
1694832849798992298 144.660357 0.000000
1694832850364741879 144.810691 0.000000
1694832850371788671 145.022749 0.000000
1694832850375593123 144.906810 0.000000
1694832850378390478 145.004468 0.000000
1694832850379807308 144.830913 0.000000
1694832850379895949 144.787002 0.000000
1694832850379898405 144.564028 0.000000
1694832850381264005 144.886844 0.000000
1694832850381673448 144.741305 0.000000
1694832850469225122 233.144836 0.000000
1694832851058915272 144.643515 0.000000
1694832851074964343 151.265815 0.000000
1694832851080638504 144.617351 0.000000
1694832851085849456 150.681076 0.000000
1694832851088134525 151.053126 0.000000
1694832851091342514 151.335759 0.000000
1694832851149701579 233.171185 0.000000
1694832851155491628 232.975819 0.000000
1694832851208776167 271.248616 0.000000
1694832851208864177 271.824556 0.000000
1694832851208906580 275.073861 0.000000
1694832851235877775 144.530018 0.000000
1694832851876543917 145.199575 0.000000
1694832851883741393 150.999873 0.000000
1694832851884405493 151.529379 0.000000
1694832851896846899 144.976757 0.000000
1694832851897117193 150.750427 0.000000
1694832851900344833 150.633441 0.000000
1694832851900828062 150.619408 0.000000
1694832851901345896 150.751500 0.000000
1694832851959922321 220.706464 0.000000
1694832851960164058 232.878094 0.000000
1694832852110473519 150.543284 0.000000
1694832852164295747 144.732291 0.000000
1694832852775505238 144.567022 0.000000
1694832852779762392 150.468275 0.000000
1694832852780274323 144.775773 0.000000
1694832852782198737 145.125927 0.000000
1694832852785101387 144.799277 0.000000
1694832852786342508 150.725468 0.000000
1694832852786436356 144.955641 0.000000
1694832852788382041 144.589679 0.000000
1694832852792137524 145.948930 0.000000
1694832852795666787 144.563960 0.000000
1694832852798764064 144.390186 0.000000
1694832852800094984 144.955365 0.000000
1694832852927564387 145.360667 0.000000
1694832852931016684 144.668659 0.000000
1694832853186776373 144.786746 0.000000
1694832853564308349 144.476856 0.000000
1694832853567288403 150.799253 0.000000
1694832853569400580 150.734177 0.000000
1694832853578425356 150.566286 0.000000
1694832853590427526 150.457588 0.000000
1694832853593118514 150.932824 0.000000
1694832853595521657 150.802992 0.000000
1694832853648032606 221.792200 0.000000
1694832853657291421 233.101929 0.000000
1694832853714399129 147.105202 0.000000
1694832854075872302 144.655371 0.000000
1694832854078762828 144.672174 0.000000
1694832854083221100 144.773258 0.000000
1694832854083481426 144.779694 0.000000
1694832854090823614 144.851430 0.000000
1694832854098151394 145.421798 0.000000
1694832854175378287 233.713389 0.000000
1694832854179468107 233.636064 0.000000
1694832854182906683 233.395174 0.000000
1694832854186609523 233.773119 0.000000
1694832854868042152 150.700056 0.000000
1694832854868606154 150.637234 0.000000
1694832854871228156 144.862120 0.000000
1694832854872787592 151.526453 0.000000
1694832854874314207 144.961486 0.000000
1694832854874769301 150.571808 0.000000
1694832854877085672 150.965634 0.000000
1694832854878425223 151.241125 0.000000
1694832854879113874 151.201061 0.000000
1694832854879973959 151.096768 0.000000
1694832854880610269 150.583259 0.000000
1694832854883910859 151.913938 0.000000
1694832855667506430 145.157572 0.000000
1694832855678720146 150.704886 0.000000
1694832855680249737 150.714353 0.000000
1694832855680893459 144.599374 0.000000
1694832855680965301 144.900243 0.000000
1694832855741145964 233.211274 0.000000
1694832855748627602 233.059902 0.000000
1694832855821009186 289.129174 0.000000
1694832855822837778 288.834719 0.000000
1694832856050877651 253.543378 0.000000
1694832856069587182 144.906275 0.000000
1694832856497380063 151.521057 0.000000
1694832856568253464 145.038829 0.000000
1694832856576509106 234.194062 0.000000
1694832856646377942 289.102925 0.000000
1694832856727266828 150.752049 0.000000
1694832857277702199 144.617207 0.000000
1694832857279230728 150.657804 0.000000
1694832857280977691 151.071250 0.000000
1694832857301782299 150.770170 0.000000
1694832857308917666 151.293222 0.000000
1694832857364320072 220.844994 0.000000
1694832857364515080 232.800641 0.000000
1694832857568729903 144.638707 0.000000
1694832858134961589 144.827624 0.000000
1694832858139101160 144.510186 0.000000
1694832858143451561 144.530734 0.000000
1694832858144047943 144.955266 0.000000
1694832858153525858 150.692352 0.000000
1694832858224552554 233.445277 0.000000
1694832858226400607 232.894225 0.000000
1694832858227909565 220.713135 0.000000
1694832858229284162 233.018068 0.000000
1694832858230172272 232.804792 0.000000
1694832858233750748 232.720296 0.000000
1694832858237480020 232.622759 0.000000
1694832858800998775 151.087887 0.000000
1694832858806917158 150.798414 0.000000
1694832858807000537 150.637836 0.000000
1694832858807338157 150.838196 0.000000
1694832858884082880 221.284243 0.000000
1694832858891348776 233.495268 0.000000
1694832858893875721 233.296254 0.000000
1694832858896443592 144.463451 0.000000
1694832859206265488 144.850211 0.000000
1694832859501889683 150.932378 0.000000
1694832859503920872 144.813240 0.000000
1694832859504996638 144.708135 0.000000
1694832859505104338 144.704267 0.000000
1694832859510192099 145.155510 0.000000
1694832859513798635 150.650969 0.000000
1694832859516017434 151.212781 0.000000
1694832859587293515 233.166173 0.000000
1694832859588217895 233.142624 0.000000
1694832859796525976 144.629276 0.000000
1694832860366707020 145.030728 0.000000
1694832860368586410 145.093033 0.000000
1694832860369050008 145.494651 0.000000
1694832860369308840 145.374658 0.000000
1694832860372785068 144.667354 0.000000
1694832860375082085 144.649833 0.000000
1694832860378507505 145.100988 0.000000
1694832860383470867 150.565334 0.000000
1694832860384177074 150.617741 0.000000
1694832860386765112 150.650191 0.000000
1694832860652749342 145.241890 0.000000
1694832860659974137 144.473233 0.000000
1694832861163076783 144.668479 0.000000
1694832861164312817 145.393707 0.000000
1694832861164665613 144.950897 0.000000
1694832861167824137 145.606085 0.000000
1694832861169670120 145.040023 0.000000
1694832861169783724 144.861038 0.000000
1694832861265840742 233.279028 0.000000
1694832861268369107 233.112787 0.000000
1694832861269556978 233.725456 0.000000
1694832861860926489 144.569947 0.000000
1694832861863658622 144.823575 0.000000
1694832861871414492 151.679748 0.000000
1694832861876746025 150.590450 0.000000
1694832861879504339 151.052966 0.000000
1694832861883293033 150.944177 0.000000
1694832861887602464 150.567296 0.000000
1694832861890115788 150.693611 0.000000
1694832861890548865 151.070342 0.000000
1694832861893854166 150.910340 0.000000
1694832861894415391 150.690097 0.000000
1694832861951290744 233.327626 0.000000
1694832861952612388 233.040748 0.000000
1694832861952717883 233.118855 0.000000
1694832862009016841 145.352781 0.000000
1694832862173255691 144.646252 0.000000
1694832862601351580 144.991673 0.000000
1694832862775077806 144.884405 0.000000
1694832862776542728 145.504968 0.000000
1694832862778590765 144.761875 0.000000
1694832862780597311 144.515542 0.000000
1694832862782414286 150.732244 0.000000
1694832862786133214 145.396852 0.000000
1694832862788810279 150.885486 0.000000
1694832862789353578 150.561943 0.000000
1694832862789431604 145.019470 0.000000
1694832862790076263 144.710571 0.000000
1694832862791055119 152.020985 0.000000
1694832862792139345 145.843236 0.000000
1694832862792878529 145.091166 0.000000
1694832862794158495 144.497270 0.000000
1694832862794171089 150.624072 0.000000
1694832862798832168 150.528725 0.000000
1694832862873848073 232.932965 0.000000
1694832862876264146 233.049381 0.000000
1694832863066303253 144.747229 0.000000
1694832863075117705 144.597256 0.000000
1694832863721707491 144.622645 0.000000
1694832863722294907 144.517391 0.000000
1694832863725507623 150.522789 0.000000
1694832863730525175 150.731685 0.000000
1694832863798307975 233.319672 0.000000
1694832863798536732 233.237766 0.000000
1694832863798620962 232.940280 0.000000
1694832863801488981 234.691241 0.000000
1694832863803192833 233.159058 0.000000
1694832863804123006 233.573828 0.000000
1694832863804217576 233.620476 0.000000
1694832863805782330 233.285401 0.000000
1694832863807074590 232.860619 0.000000
1694832863810233225 232.992230 0.000000
1694832864615687944 144.623767 0.000000
1694832864624453015 144.769436 0.000000
1694832864627189969 150.579169 0.000000
1694832864627592776 150.330512 0.000000
1694832864631936340 144.933997 0.000000
1694832864632609325 151.383855 0.000000
1694832864635898158 144.639178 0.000000
1694832864640065684 150.512269 0.000000
1694832864716661285 233.218455 0.000000
1694832864716946078 233.518262 0.000000
1694832864777377207 289.038351 0.000000
1694832865361093892 144.643095 0.000000
1694832865366830120 145.283980 0.000000
1694832865368991481 145.354033 0.000000
1694832865369063158 145.961501 0.000000
1694832865378846331 144.901440 0.000000
1694832865392415152 150.576988 0.000000
1694832865466035465 232.867511 0.000000
1694832865468329208 232.976645 0.000000
1694832865469705744 233.046703 0.000000
1694832865472521452 233.352539 0.000000
1694832865473887393 233.349727 0.000000
1694832865476921924 233.249830 0.000000
1694832865616659342 150.621461 0.000000
1694832865664136841 144.754314 0.000000
1694832865675535410 144.659944 0.000000
1694832866253773727 144.477870 0.000000
1694832866255707458 144.650015 0.000000
1694832866265943134 145.258835 0.000000
1694832866270811284 145.040618 0.000000
1694832866271623232 144.653568 0.000000
1694832866349135639 233.089520 0.000000
1694832866350612613 233.060933 0.000000
1694832866352584603 233.194319 0.000000
1694832866357192162 232.632187 0.000000
1694832866357769670 232.739632 0.000000
1694832866406229828 150.516817 0.000000
1694832866550787172 144.656330 0.000000
1694832867052502463 144.806413 0.000000
1694832867054238640 145.257065 0.000000
1694832867065668397 144.818049 0.000000
1694832867066946975 144.495144 0.000000
1694832867068891782 144.699739 0.000000
1694832867070443615 150.518494 0.000000
1694832867078035043 150.871731 0.000000
1694832867123517456 220.576984 0.000000
1694832867134536608 233.027469 0.000000
1694832867197582882 145.077552 0.000000
1694832867285104352 150.562131 0.000000
1694832867341574389 144.779710 0.000000
1694832867342264864 144.676831 0.000000
1694832867352777174 144.624785 0.000000
1694832867734070173 144.767552 0.000000
1694832867739042800 144.703784 0.000000
1694832867746158907 150.711152 0.000000
1694832867749690885 144.990349 0.000000
1694832867754254111 150.807942 0.000000
1694832867755021591 150.640869 0.000000
1694832867757649195 150.892855 0.000000
1694832867757718166 151.015750 0.000000
1694832867822611594 233.008299 0.000000
1694832867831559114 233.255198 0.000000
1694832867833853976 232.980489 0.000000
1694832867833962538 233.138412 0.000000
1694832867883862654 144.814696 0.000000
1694832867904792025 150.532702 0.000000
1694832868451436033 150.473052 0.000000
1694832868453083249 144.845366 0.000000
1694832868458017016 145.403975 0.000000
1694832868460218545 151.177028 0.000000
1694832868465792240 150.746604 0.000000
1694832868537977419 232.991287 0.000000
1694832868541932215 232.841569 0.000000
1694832868548288394 233.575085 0.000000
1694832868616484347 145.755713 0.000000
1694832869149272460 151.185286 0.000000
1694832869149426298 144.687868 0.000000
1694832869150187788 151.361300 0.000000
1694832869156987319 150.835418 0.000000
1694832869163771920 150.585111 0.000000
1694832869164206746 150.721528 0.000000
1694832869164488581 150.760318 0.000000
1694832869165639442 150.852633 0.000000
1694832869226629263 233.587873 0.000000
1694832869226971720 233.195721 0.000000
1694832869235006237 233.214800 0.000000
1694832869300708916 151.279701 0.000000
1694832870025478913 144.701887 0.000000
1694832870026173293 144.867707 0.000000
1694832870026976240 145.061121 0.000000
1694832870043273725 145.171644 0.000000
1694832870104445088 221.444540 0.000000
1694832870123058308 233.158749 0.000000
1694832870125726111 232.954378 0.000000
1694832870130359525 233.723332 0.000000
1694832870132789926 234.379538 0.000000
1694832870329646106 144.773632 0.000000
1694832870758462968 144.719261 0.000000
1694832870759613413 144.811685 0.000000
1694832870770132458 145.197367 0.000000
1694832870770198907 144.602063 0.000000
1694832870772221731 145.639505 0.000000
1694832870774138277 150.661913 0.000000
1694832870775250734 145.013444 0.000000
1694832870777778882 150.988036 0.000000
1694832870839303320 220.736688 0.000000
1694832870846149560 233.042377 0.000000
1694832870856190768 233.375862 0.000000
1694832870922575070 144.790926 0.000000
1694832871061363594 144.843829 0.000000
1694832871203751664 144.686844 0.000000
1694832871590950792 144.910148 0.000000
1694832871596650926 144.653331 0.000000
1694832871644072642 144.504185 0.000000
1694832871644176197 144.541376 0.000000
1694832871668803892 222.628119 0.000000
1694832871670149286 233.259009 0.000000
1694832871670524493 233.550412 0.000000
1694832871670965639 232.735767 0.000000
1694832871678598677 233.821521 0.000000
1694832871939728877 144.717586 0.000000
1694832872456888127 150.719149 0.000000
1694832872461842421 150.630553 0.000000
1694832872464285627 145.075095 0.000000
1694832872468697205 145.027820 0.000000
1694832872479241231 150.678609 0.000000
1694832872548925417 233.306306 0.000000
1694832872552150055 233.023493 0.000000
1694832872750360641 144.552750 0.000000
1694832872754417444 144.571674 0.000000
1694832873262135914 144.728874 0.000000
1694832873282059119 144.815615 0.000000
1694832873364018661 232.879155 0.000000
1694832873550095191 144.627337 0.000000
1694832874073573541 144.506621 0.000000
1694832874075848426 144.715396 0.000000
1694832874078555335 144.862614 0.000000
1694832874080706196 144.945476 0.000000
1694832874080810073 145.004960 0.000000
1694832874087537570 144.546218 0.000000
1694832874089000477 144.956863 0.000000
1694832874091336183 144.781420 0.000000
1694832874220842039 144.988100 0.000000
1694832874225301037 144.589548 0.000000
1694832874225515065 144.698151 0.000000
1694832874780582070 144.781891 0.000000
1694832874787965724 150.849013 0.000000
1694832874788672066 150.503309 0.000000
1694832874788914515 150.766310 0.000000
1694832874789864960 145.066843 0.000000
1694832874791648993 150.706536 0.000000
1694832874794226050 150.493481 0.000000
1694832874795204851 151.087632 0.000000
1694832874798067763 150.387233 0.000000
1694832874865523515 233.169248 0.000000
1694832874876403504 233.118064 0.000000
1694832874939664793 144.457992 0.000000
1694832875562239904 144.946838 0.000000
1694832875568740333 144.586585 0.000000
1694832875589743791 150.729795 0.000000
1694832875650963346 233.588205 0.000000
1694832875654512088 232.797787 0.000000
1694832875659418938 233.387162 0.000000
1694832875659672908 233.714172 0.000000
1694832875662466499 232.918076 0.000000
1694832875672581769 232.653211 0.000000
1694832875672601600 233.079818 0.000000
1694832876354045236 144.518992 0.000000
1694832876357519174 144.750705 0.000000
1694832876357909627 150.436591 0.000000
1694832876362918889 144.919828 0.000000
1694832876366577326 150.604326 0.000000
1694832876367431677 150.710218 0.000000
1694832876427750860 232.737179 0.000000
1694832876430912556 233.533199 0.000000
1694832876433383456 233.049415 0.000000
1694832876435148626 233.282803 0.000000
1694832876436367079 233.270334 0.000000
1694832876441917118 233.335651 0.000000
1694832876581447526 150.529316 0.000000
1694832876583896119 150.507105 0.000000
1694832876634524018 144.637503 0.000000
1694832877049220152 144.581812 0.000000
1694832877057456759 144.883123 0.000000
1694832877058479923 144.982188 0.000000
1694832877058775059 144.984860 0.000000
1694832877074282130 151.953452 0.000000
1694832877134843050 232.610559 0.000000
1694832877135812218 232.793073 0.000000
1694832877140741259 233.235978 0.000000
1694832877142855314 233.112210 0.000000
1694832877358000672 144.672432 0.000000
1694832877835726442 150.755185 0.000000
1694832877838448441 150.488260 0.000000
1694832877840057878 150.924920 0.000000
1694832877841746104 150.906913 0.000000
1694832877842173001 151.253995 0.000000
1694832877843194526 150.863457 0.000000
1694832877847488195 146.303660 0.000000
1694832877848549593 145.809922 0.000000
1694832877848621039 150.801868 0.000000
1694832877850035102 151.002280 0.000000
1694832877850985822 151.827783 0.000000
1694832877851010595 151.204209 0.000000
1694832877853099432 151.043686 0.000000
1694832877921291394 233.172032 0.000000
1694832877922254929 233.284233 0.000000
1694832877922757889 233.235444 0.000000
1694832877923459666 233.029085 0.000000
1694832877924987353 232.699844 0.000000
1694832877926685245 233.416125 0.000000
1694832877992190651 144.697510 0.000000
1694832878773064043 152.880801 0.000000
1694832878791869960 166.074194 0.000000
1694832878791932315 165.764293 0.000000
1694832878851273457 240.963161 0.000000
1694832878851413407 238.342554 0.000000
1694832878851963682 237.054238 0.000000
1694832879644721538 144.737653 0.000000
1694832879647318186 144.871144 0.000000
1694832879648352150 144.998039 0.000000
1694832879655470011 150.445942 0.000000
1694832879658843670 150.519633 0.000000
1694832879660203261 150.771890 0.000000
1694832879660206764 150.479640 0.000000
1694832879662390091 145.186970 0.000000
1694832879663540375 151.914962 0.000000
1694832879664438624 151.339630 0.000000
1694832879664502623 151.139876 0.000000
1694832879675164773 150.692621 0.000000
1694832879733554392 233.373545 0.000000
1694832879810118164 145.611372 0.000000
1694832880251920125 144.891521 0.000000
1694832880431366974 144.589400 0.000000
1694832880435097498 145.391305 0.000000
1694832880439435459 145.409091 0.000000
1694832880439510889 145.049044 0.000000
1694832880447749214 145.026823 0.000000
1694832880448884825 144.568055 0.000000
1694832880449113827 144.549327 0.000000
1694832880538276051 233.226564 0.000000
1694832880538303801 233.147159 0.000000
1694832880688930999 150.623570 0.000000
1694832881145688100 150.778249 0.000000
1694832881152446745 144.694462 0.000000
1694832881155601615 150.577576 0.000000
1694832881156291018 151.033215 0.000000
1694832881157744468 150.492078 0.000000
1694832881226827193 220.608166 0.000000
1694832881294522027 289.143038 0.000000
1694832881297260319 144.808512 0.000000
1694832881421761110 144.679484 0.000000
1694832881441905553 144.639921 0.000000
1694832881874458463 144.866883 0.000000
1694832881881934686 144.605420 0.000000
1694832881883469364 145.540990 0.000000
1694832881884643850 145.022510 0.000000
1694832881886505158 145.084560 0.000000
1694832881886516624 145.507353 0.000000
1694832881887343351 145.208463 0.000000
1694832881887455933 145.346739 0.000000
1694832881888655011 144.867771 0.000000
1694832881888934115 144.591878 0.000000
1694832881893918870 151.313994 0.000000
1694832881908070595 150.613735 0.000000
1694832882033719493 144.780170 0.000000
1694832882038240019 150.891636 0.000000
1694832882058583525 150.507898 0.000000
1694832882866700656 150.508925 0.000000
1694832882870172664 150.659786 0.000000
1694832882871886459 150.762490 0.000000
1694832882874991849 145.178231 0.000000
1694832882880869836 151.971752 0.000000
1694832882884416773 151.278194 0.000000
1694832882952818100 233.169356 0.000000
1694832883103481083 150.657641 0.000000
1694832883160791003 144.632866 0.000000
1694832883642578085 144.698766 0.000000
1694832883661946629 151.043462 0.000000
1694832883662519831 144.737024 0.000000
1694832883667565353 151.401218 0.000000
1694832883669070648 144.887408 0.000000
1694832883671907379 150.627269 0.000000
1694832883675510421 150.912597 0.000000
1694832883728541569 220.990481 0.000000
1694832883729319844 221.529244 0.000000
1694832883729398517 221.918489 0.000000
1694832883737394002 233.462977 0.000000
1694832884072876049 144.743163 0.000000
1694832884073440697 145.108277 0.000000
1694832884075547280 144.872017 0.000000
1694832884076257366 144.866755 0.000000
1694832884078430549 144.864736 0.000000
1694832884080363363 145.589481 0.000000
1694832884082601517 145.278202 0.000000
1694832884085009621 145.447420 0.000000
1694832884085860444 145.232545 0.000000
1694832884087428700 150.907772 0.000000
1694832884091258490 150.608099 0.000000
1694832884093743447 150.910532 0.000000
1694832884096630059 150.995870 0.000000
1694832884096827763 150.606275 0.000000
1694832884178658328 234.049358 0.000000
1694832884932066359 144.852730 0.000000
1694832884932447736 144.537862 0.000000
1694832884933219761 144.671217 0.000000
1694832884934571879 145.099488 0.000000
1694832884941389967 144.702880 0.000000
1694832884945143023 144.557743 0.000000
1694832884949428964 144.495117 0.000000
1694832884949650078 144.427399 0.000000
1694832884950600317 144.711440 0.000000
1694832885036677575 232.825980 0.000000
1694832885037069015 232.678748 0.000000
1694832885707535660 145.230980 0.000000
1694832885707670970 145.001502 0.000000
1694832885715119137 144.525354 0.000000
1694832885715127216 145.028534 0.000000
1694832885717992067 144.910209 0.000000
1694832885720173143 144.509943 0.000000
1694832885720644679 144.661952 0.000000
1694832885809945246 233.669097 0.000000
1694832885865204474 144.554477 0.000000
1694832886001021244 145.145370 0.000000
1694832886557745534 145.014134 0.000000
1694832886558855525 145.144487 0.000000
1694832886563630287 144.555403 0.000000
1694832886565083436 145.751429 0.000000
1694832886568300641 144.392649 0.000000
1694832886568395898 144.549615 0.000000
1694832886572059731 144.788270 0.000000
1694832886573914679 145.042470 0.000000
1694832886575197947 150.475107 0.000000
1694832886719710411 144.507567 0.000000
1694832886852640018 144.564364 0.000000
1694832886860327081 144.611082 0.000000
1694832887459532722 144.832015 0.000000
1694832887479109328 150.854396 0.000000
1694832887480181335 151.755737 0.000000
1694832887482752163 150.839081 0.000000
1694832887551016517 233.770201 0.000000
1694832887556577362 235.599866 0.000000
1694832887565693868 233.552195 0.000000
1694832887566381853 233.211598 0.000000
1694832887778886335 144.643060 0.000000
1694832888159720686 145.959956 0.000000
1694832888165017145 145.768229 0.000000
1694832888170532173 144.520435 0.000000
1694832888244559356 144.946965 0.000000
1694832888245548140 233.279274 0.000000
1694832888249109470 233.510171 0.000000
1694832888249446469 233.100107 0.000000
1694832888251745264 233.190432 0.000000
1694832888254872781 233.020763 0.000000
1694832888255012496 233.161490 0.000000
1694832888258737892 233.572826 0.000000
1694832888259250574 232.939960 0.000000
1694832888395060115 150.492891 0.000000
1694832888977421300 144.887528 0.000000
1694832889047448949 144.754629 0.000000
1694832889051390492 145.508717 0.000000
1694832889060887098 144.736872 0.000000
1694832889063441732 145.107538 0.000000
1694832889067360403 145.476717 0.000000
1694832889069384064 144.662619 0.000000
1694832889076454022 150.766842 0.000000
1694832889133314516 233.125621 0.000000
1694832889148445510 233.088971 0.000000
1694832889205577981 144.687376 0.000000
1694832889212197036 144.831211 0.000000
1694832889860212962 145.019422 0.000000
1694832889864420254 151.212306 0.000000
1694832889871493920 144.411705 0.000000
1694832889873374794 144.757183 0.000000
1694832889886628269 150.585138 0.000000
1694832889932009593 220.699774 0.000000
1694832889951013958 233.668506 0.000000
1694832890026119918 288.779567 0.000000
1694832890646215944 144.664395 0.000000
1694832890647799662 144.750912 0.000000
1694832890653368294 144.763395 0.000000
1694832890654297851 150.570814 0.000000
1694832890655267285 150.907883 0.000000
1694832890658314390 144.816655 0.000000
1694832890667568415 145.155152 0.000000
1694832890668185550 145.665609 0.000000
1694832890671599618 151.277688 0.000000
1694832890673336136 150.680534 0.000000
1694832890673591584 150.838291 0.000000
1694832890673672903 150.498155 0.000000
1694832890675976163 150.889580 0.000000
1694832890676239395 150.556791 0.000000
1694832890735634963 232.900564 0.000000
1694832890744367361 233.810760 0.000000
1694832890821092931 144.845568 0.000000
1694832891405030198 144.935189 0.000000
1694832891405955985 145.417260 0.000000
1694832891411271885 144.832291 0.000000
1694832891481131882 220.954722 0.000000
1694832891481957131 220.733553 0.000000
1694832891482723949 221.573196 0.000000
1694832892144938521 146.324043 0.000000
1694832892151752839 150.373679 0.000000
1694832892152108331 144.468077 0.000000
1694832892152754553 144.677194 0.000000
1694832892152823729 144.669912 0.000000
1694832892155620667 144.731900 0.000000
1694832892159879088 144.650702 0.000000
1694832892160013841 144.576690 0.000000
1694832892160534331 150.814458 0.000000
1694832892160826676 150.530046 0.000000
1694832892223578771 220.806972 0.000000
1694832892224252347 220.876951 0.000000
1694832892232343619 220.865573 0.000000
1694832892232994503 234.492381 0.000000
1694832892235077626 220.836877 0.000000
1694832892306110033 150.483843 0.000000
1694832892383813666 150.813715 0.000000
1694832892385918264 150.835446 0.000000
1694832892435356720 144.822651 0.000000
1694832892848096075 150.910401 0.000000
1694832892848510769 145.202114 0.000000
1694832892850616566 151.392467 0.000000
1694832892850758631 145.466665 0.000000
1694832892852056674 144.947843 0.000000
1694832892856933217 150.650487 0.000000
1694832893143605272 144.723766 0.000000
1694832893538479275 144.888919 0.000000
1694832893542561356 150.608813 0.000000
1694832893546368848 144.667429 0.000000
1694832893547981478 150.706194 0.000000
1694832893550012650 144.796976 0.000000
1694832893553924265 144.978673 0.000000
1694832893554648229 151.521085 0.000000
1694832893558541210 150.476791 0.000000
1694832893636264969 233.256872 0.000000
1694832894356663039 144.686678 0.000000
1694832894360598343 150.793675 0.000000
1694832894363137151 144.570317 0.000000
1694832894363474022 144.821972 0.000000
1694832894364068416 150.800147 0.000000
1694832894365081266 144.727838 0.000000
1694832894375016411 150.720541 0.000000
1694832894375161588 150.668856 0.000000
1694832894449690654 233.576698 0.000000
1694832894449900572 233.320151 0.000000
1694832894450986251 233.046287 0.000000
1694832894601639416 150.647573 0.000000
1694832894646540992 150.661334 0.000000
1694832895226824252 150.876297 0.000000
1694832895226882743 151.305876 0.000000
1694832895228391170 145.148485 0.000000
1694832895228623089 150.608831 0.000000
1694832895228749649 150.823249 0.000000
1694832895296393841 221.485704 0.000000
1694832895835946338 144.746837 0.000000
1694832895844381179 150.576235 0.000000
1694832895850038727 144.430612 0.000000
1694832895852215549 145.068169 0.000000
1694832895855071614 150.542341 0.000000
1694832895859620966 150.835583 0.000000
1694832895859622084 150.722089 0.000000
1694832895860473288 150.453254 0.000000
1694832895932565357 233.451676 0.000000
1694832895941063114 233.153889 0.000000
1694832896145299282 144.679890 0.000000
1694832896568466036 144.791360 0.000000
1694832896620137141 145.158819 0.000000
1694832896621032312 144.693045 0.000000
1694832896638164123 144.659356 0.000000
1694832896638906494 144.890599 0.000000
1694832896640427786 150.659146 0.000000
1694832896641448183 144.810007 0.000000
1694832896642819897 144.583676 0.000000
1694832896645667047 144.804925 0.000000
1694832897368176233 144.637956 0.000000
1694832897370921110 145.015634 0.000000
1694832897375296864 144.708299 0.000000
1694832897379695867 144.698948 0.000000
1694832897380570059 144.854970 0.000000
1694832897383749701 145.778362 0.000000
1694832897383853202 145.049002 0.000000
1694832897468573340 233.039794 0.000000
1694832897471180161 234.378265 0.000000
1694832897512761126 144.579436 0.000000
1694832897654306733 145.289987 0.000000
1694832897671568652 144.769236 0.000000
1694832898212235009 144.631706 0.000000
1694832898213125971 144.724917 0.000000
1694832898222370724 150.622103 0.000000
1694832898229108850 150.876144 0.000000
1694832898229216040 150.702630 0.000000
1694832898230130255 150.912809 0.000000
1694832898233113115 150.686382 0.000000
1694832898233166775 150.612496 0.000000
1694832898234552497 150.445001 0.000000
1694832898303301396 233.661517 0.000000
1694832898307635463 233.200751 0.000000
1694832898367014968 144.638937 0.000000
1694832898503374030 144.845331 0.000000
1694832899011058990 144.909951 0.000000
1694832899011545145 145.330515 0.000000
1694832899018523380 144.722176 0.000000
1694832899019450661 146.148507 0.000000
1694832899020370334 145.974377 0.000000
1694832899020460433 145.542227 0.000000
1694832899023801782 144.798848 0.000000
1694832899024621357 144.869211 0.000000
1694832899025622294 144.588749 0.000000
1694832899110321938 232.877643 0.000000
1694832899260777627 150.449701 0.000000
1694832899428687679 144.629530 0.000000
1694832899859489328 150.909565 0.000000
1694832899859580760 150.940331 0.000000
1694832899864057584 151.642183 0.000000
1694832899864482392 151.833608 0.000000
1694832899881785395 144.641993 0.000000
1694832899885393890 151.037707 0.000000
1694832899889783100 150.749101 0.000000
1694832899943483818 233.051753 0.000000
1694832900004200387 144.616665 0.000000
1694832900029934683 144.535841 0.000000
1694832900683097403 144.659834 0.000000
1694832900686563992 144.784548 0.000000
1694832900688279045 150.890760 0.000000
1694832900690327893 144.620276 0.000000
1694832900962356929 144.554317 0.000000
1694832900975712009 144.504221 0.000000
1694832901478383013 144.685772 0.000000
1694832901480881211 144.857059 0.000000
1694832901481614657 144.742459 0.000000
1694832901489291951 144.652164 0.000000
1694832901492142283 150.914338 0.000000
1694832901496623907 150.993743 0.000000
1694832901498287094 144.524492 0.000000
1694832901505547669 150.535798 0.000000
1694832901507349624 150.571987 0.000000
1694832901510009643 150.797782 0.000000
1694832901577452309 233.001046 0.000000
1694832901626535891 144.915797 0.000000
1694832902259031584 144.652724 0.000000
1694832902280697377 150.570874 0.000000
1694832902284824953 151.127433 0.000000
1694832902348639593 232.676415 0.000000
1694832902352053946 233.335152 0.000000
1694832902358898098 232.881175 0.000000
1694832902675254319 144.753443 0.000000
1694832903044055659 144.701072 0.000000
1694832903155371922 144.852808 0.000000
1694832903167192188 144.946717 0.000000
1694832903169759928 150.724891 0.000000
1694832903170304089 151.172686 0.000000
1694832903177574256 145.028992 0.000000
1694832903243564774 233.153902 0.000000
1694832903247241618 233.398295 0.000000
1694832903463949710 144.764879 0.000000
1694832904065064937 151.124906 0.000000
1694832904080388327 150.599619 0.000000
1694832904360885682 144.569247 0.000000
1694832904855506328 144.567098 0.000000
1694832904863068520 144.681734 0.000000
1694832904863186068 144.566952 0.000000
1694832904942189585 220.922618 0.000000
1694832904943667511 220.663761 0.000000
1694832904943895576 220.604453 0.000000
1694832904954509503 233.085116 0.000000
1694832905564206023 144.530151 0.000000
1694832905565750168 144.480681 0.000000
1694832905569524137 144.985840 0.000000
1694832905572336415 150.541737 0.000000
1694832905573196775 150.874130 0.000000
1694832905573421468 150.608347 0.000000
1694832905574559960 150.865144 0.000000
1694832905577107913 151.364430 0.000000
1694832905578372528 144.673193 0.000000
1694832905585879392 151.009429 0.000000
1694832905586112143 150.967938 0.000000
1694832905587218169 144.670944 0.000000
1694832905589751985 150.524186 0.000000
1694832905676058109 232.911379 0.000000
1694832905723830461 150.627972 0.000000
1694832905862121030 144.474405 0.000000
1694832905868480811 144.645138 0.000000
1694832906368425252 144.695633 0.000000
1694832906383498652 144.738309 0.000000
1694832906385049151 150.587899 0.000000
1694832906392383734 150.667443 0.000000
1694832906395181588 150.634024 0.000000
1694832906397748060 150.867357 0.000000
1694832906437403565 220.818999 0.000000
1694832906452393946 220.631829 0.000000
1694832906468897190 233.145994 0.000000
1694832906470458756 233.115572 0.000000
1694832906539896161 144.709791 0.000000
1694832906656876159 144.791341 0.000000
1694832907250817425 144.748991 0.000000
1694832907262029517 150.831132 0.000000
1694832907268612326 144.552755 0.000000
1694832907275570393 144.733841 0.000000
1694832907341924294 233.417648 0.000000
1694832907342473666 233.377158 0.000000
1694832907348713523 233.158705 0.000000
1694832907349960858 232.786971 0.000000
1694832907419742644 288.858346 0.000000
1694832907552231231 144.551603 0.000000
1694832908149499910 144.487718 0.000000
1694832908152224376 144.578945 0.000000
1694832908152508575 144.572365 0.000000
1694832908157846409 144.736775 0.000000
1694832908160467447 144.924300 0.000000
1694832908160501999 144.790182 0.000000
1694832908161831225 144.620611 0.000000
1694832908165296778 145.003427 0.000000
1694832908257797329 236.769664 0.000000
1694832908454593604 144.532697 0.000000
1694832909062301969 144.448704 0.000000
1694832909064509289 144.471709 0.000000
1694832909065089370 144.886401 0.000000
1694832909065544495 144.635257 0.000000
1694832909068184139 144.696780 0.000000
1694832909068257766 144.441827 0.000000
1694832909079770998 144.612945 0.000000
1694832909168446790 232.974110 0.000000
1694832909210712383 145.619824 0.000000
1694832909361249903 151.897539 0.000000
1694832909829284080 144.402219 0.000000
1694832909847419177 146.564077 0.000000
1694832909847507842 147.496137 0.000000
1694832909848388387 145.133769 0.000000
1694832909848874190 145.739501 0.000000
1694832909849667481 144.804897 0.000000
1694832909851031168 144.940447 0.000000
1694832909851628950 151.672609 0.000000
1694832909853536514 151.421176 0.000000
1694832909854106316 150.542780 0.000000
1694832909921723203 232.683093 0.000000
1694832909925742345 232.962795 0.000000
1694832909926159156 232.901214 0.000000
1694832910281703776 144.646583 0.000000
1694832910394225878 161.957055 0.000000
1694832910648873344 144.614849 0.000000
1694832910650875525 145.064960 0.000000
1694832910652417048 144.730692 0.000000
1694832910652457876 144.613050 0.000000
1694832910652863370 145.040376 0.000000
1694832910656589436 144.854685 0.000000
1694832910657950265 144.921468 0.000000
1694832910658833581 145.657024 0.000000
1694832910659479028 145.965446 0.000000
1694832910670790407 144.693859 0.000000
1694832910671612802 145.062264 0.000000
1694832910671929414 144.926317 0.000000
1694832910673596676 145.249448 0.000000
1694832910941130373 150.161819 0.000000
1694832911551634159 144.656318 0.000000
1694832911552867799 144.755433 0.000000
1694832911553897754 144.736713 0.000000
1694832911555139140 144.412187 0.000000
1694832911555699737 144.902461 0.000000
1694832911555774952 144.948602 0.000000
1694832911556998448 144.618417 0.000000
1694832911557107903 144.369558 0.000000
1694832911557559813 144.663393 0.000000
1694832911564497457 150.830846 0.000000
1694832911572812483 144.598247 0.000000
1694832911574321627 145.394986 0.000000
1694832911645732314 232.883982 0.000000
1694832911662038416 233.894431 0.000000
1694832911662219949 233.943353 0.000000
1694832911662601323 233.936984 0.000000
1694832911748920525 150.358451 0.000000
1694832912373197564 144.529175 0.000000
1694832912373778300 144.564268 0.000000
1694832912376820573 150.414651 0.000000
1694832912377137171 150.647180 0.000000
1694832912378326362 150.622041 0.000000
1694832912386234098 150.731967 0.000000
1694832912389575546 150.851746 0.000000
1694832912397779581 150.701466 0.000000
1694832912400637163 150.726849 0.000000
1694832912402321948 150.838385 0.000000
1694832912522041541 148.842044 0.000000
1694832912548821789 146.498264 0.000000
1694832913281436155 144.596185 0.000000
1694832913291537619 150.991242 0.000000
1694832913293486685 144.767176 0.000000
1694832913300009415 150.559548 0.000000
1694832913300114223 144.569909 0.000000
1694832913304965923 144.492438 0.000000
1694832913305631596 150.768615 0.000000
1694832913307081456 151.497324 0.000000
1694832913368631260 233.605182 0.000000
1694832913444703472 144.688710 0.000000
1694832914142625190 144.820746 0.000000
1694832914151044167 144.572147 0.000000
1694832914152349572 144.679652 0.000000
1694832914152656531 144.579179 0.000000
1694832914233577384 232.907032 0.000000
1694832914234715079 233.130441 0.000000
1694832914234788108 233.178794 0.000000
1694832914239237798 232.956302 0.000000
1694832914240059038 233.114058 0.000000
1694832914243499762 232.874416 0.000000
1694832914424001805 180.492841 0.000000
1694832914440268979 144.698240 0.000000
1694832914725899927 145.090567 0.000000
1694832914949948014 144.621688 0.000000
1694832914952574154 144.565118 0.000000
1694832914955662168 145.131459 0.000000
1694832914959537834 144.596901 0.000000
1694832914965754070 144.892111 0.000000
1694832914966643763 144.968008 0.000000
1694832914968702249 144.881551 0.000000
1694832915110258660 144.479287 0.000000
1694832915111498884 144.849758 0.000000
1694832915767732126 151.411811 0.000000
1694832915769019078 151.303454 0.000000
1694832915769307313 150.630124 0.000000
1694832915773330146 144.790954 0.000000
1694832915777304220 145.663171 0.000000
1694832915777378528 145.159987 0.000000
1694832915779743080 144.553441 0.000000
1694832915781574292 150.533555 0.000000
1694832915783634477 151.459297 0.000000
1694832915785759627 150.645254 0.000000
1694832915842831455 233.329421 0.000000
1694832915843927212 232.957917 0.000000
1694832915923270532 288.776086 0.000000
1694832915924418677 144.670294 0.000000
1694832916043006343 144.715674 0.000000
1694832916595655882 144.897384 0.000000
1694832916596868476 144.812000 0.000000
1694832916598627180 144.772348 0.000000
1694832916602102048 144.797491 0.000000
1694832916604162573 145.562459 0.000000
1694832916605248187 144.694842 0.000000
1694832916608699797 144.558785 0.000000
1694832916611476818 144.577022 0.000000
1694832916614067060 144.571405 0.000000
1694832916614425083 144.970903 0.000000
1694832916701505419 232.968888 0.000000
1694832916701585380 232.907014 0.000000
1694832917405755004 144.512340 0.000000
1694832917409732275 144.490720 0.000000
1694832917410751034 144.556969 0.000000
1694832917411068372 144.602074 0.000000
1694832917411987097 145.004449 0.000000
1694832917419361972 144.880110 0.000000
1694832917421088391 144.740666 0.000000
1694832917421311064 144.591249 0.000000
1694832917424382660 145.363354 0.000000
1694832917710792341 144.743292 0.000000
1694832918218933749 144.975641 0.000000
1694832918227008191 144.669689 0.000000
1694832918228747459 144.570294 0.000000
1694832918230096260 145.028814 0.000000
1694832918231205023 144.930496 0.000000
1694832918237554339 144.746117 0.000000
1694832918239691863 144.978346 0.000000
1694832918239785957 144.902175 0.000000
1694832918240536261 145.050163 0.000000
1694832918241261477 144.777515 0.000000
1694832918357750878 144.558476 0.000000
1694832918383153314 289.088611 0.000000
1694832918635939798 145.130496 0.000000
1694832918992810848 144.747752 0.000000
1694832919033837261 144.884238 0.000000
1694832919036856605 144.836326 0.000000
1694832919036880731 144.926346 0.000000
1694832919039006438 145.076190 0.000000
1694832919040561393 144.915903 0.000000
1694832919041320669 144.818842 0.000000
1694832919043604844 144.680876 0.000000
1694832919049919068 150.843618 0.000000
1694832919139642282 232.928203 0.000000
1694832919181546476 144.657811 0.000000
1694832919838845726 144.654648 0.000000
1694832919845767002 150.542997 0.000000
1694832919850147425 144.599936 0.000000
1694832919852154536 145.069743 0.000000
1694832919854501458 151.175874 0.000000
1694832919857848283 150.768301 0.000000
1694832919930439303 233.573041 0.000000
1694832920631808021 144.881671 0.000000
1694832920633034137 144.898204 0.000000
1694832920634778632 145.445586 0.000000
1694832920634980957 144.642079 0.000000
1694832920635303612 144.808835 0.000000
1694832920638395992 144.714817 0.000000
1694832920641308137 145.703956 0.000000
1694832920641417211 145.229399 0.000000
1694832920644683244 144.917579 0.000000
1694832920646092054 144.591736 0.000000
1694832920647120680 144.905856 0.000000
1694832920735191371 233.396219 0.000000
1694832920735917615 233.107202 0.000000
1694832920779543952 144.757021 0.000000
1694832920789258456 150.853454 0.000000
1694832920885738447 150.542075 0.000000
1694832920931041001 144.575574 0.000000
1694832921044698577 145.031097 0.000000
1694832921543667000 144.725395 0.000000
1694832921553766279 144.790542 0.000000
1694832921567594397 144.836459 0.000000
1694832921575665199 151.258970 0.000000
1694832921639797693 221.204619 0.000000
1694832921640944675 233.374701 0.000000
1694832921839578035 145.182142 0.000000
1694832921842236496 144.559941 0.000000
1694832922401349821 144.539808 0.000000
1694832922404278795 144.752227 0.000000
1694832922408211903 144.969528 0.000000
1694832922409523723 144.836634 0.000000
1694832922411461228 144.902371 0.000000
1694832922412879956 144.507423 0.000000
1694832922415867050 144.839851 0.000000
1694832922516397792 233.358186 0.000000
1694832922716690678 144.641018 0.000000
1694832923210853891 144.617076 0.000000
1694832923219271450 151.382669 0.000000
1694832923220492178 144.770743 0.000000
1694832923221764516 144.596554 0.000000
1694832923222461421 151.193030 0.000000
1694832923224350132 150.686351 0.000000
1694832923228315049 151.012023 0.000000
1694832923228423852 150.481680 0.000000
1694832923229877206 150.409999 0.000000
1694832923230415663 150.778651 0.000000
1694832923230593321 150.964759 0.000000
1694832923299888672 233.034612 0.000000
1694832923305327686 233.219553 0.000000
1694832923367388769 144.917431 0.000000
1694832924121192713 144.822758 0.000000
1694832924134868691 145.603053 0.000000
1694832924135391863 144.823335 0.000000
1694832924137164018 145.035709 0.000000
1694832924141958012 144.855801 0.000000
1694832924149440142 150.793925 0.000000
1694832924149600981 150.813516 0.000000
1694832924150041795 150.657518 0.000000
1694832924151028624 150.663286 0.000000
1694832924211103264 232.914111 0.000000
1694832924219479106 233.573940 0.000000
1694832924219668482 233.463724 0.000000
1694832924222445282 233.107976 0.000000
1694832924373123237 150.668609 0.000000
1694832925110175805 150.934881 0.000000
1694832925112089328 144.643076 0.000000
1694832925112508067 150.647729 0.000000
1694832925112554851 150.645735 0.000000
1694832925113509385 144.578691 0.000000
1694832925113613316 144.657755 0.000000
1694832925113826347 144.428928 0.000000
1694832925114832947 144.702930 0.000000
1694832925115782399 144.678893 0.000000
1694832925117556654 144.709675 0.000000
1694832925120395207 144.773379 0.000000
1694832925121211054 150.561069 0.000000
1694832925121740275 150.806529 0.000000
1694832925122732532 150.593339 0.000000
1694832925190789076 232.814938 0.000000
1694832925257063613 144.549989 0.000000
1694832925405887903 144.658396 0.000000
1694832925956306719 150.988076 0.000000
1694832925957947348 150.626079 0.000000
1694832925966916739 150.794445 0.000000
1694832925970533468 145.361541 0.000000
1694832925971066757 150.653082 0.000000
1694832925973435534 150.634739 0.000000
1694832926037832817 233.565512 0.000000
1694832926042576354 233.803872 0.000000
1694832926118351518 144.907454 0.000000
1694832926238357331 144.613620 0.000000
1694832926263087903 144.727160 0.000000
1694832926741848427 144.808518 0.000000
1694832926745657172 144.572219 0.000000
1694832926750576137 144.717943 0.000000
1694832926757442460 145.200836 0.000000
1694832926761601754 144.892444 0.000000
1694832926766657162 150.649167 0.000000
1694832926831781675 221.787400 0.000000
1694832927041910791 145.090810 0.000000
1694832927645820315 145.018455 0.000000
1694832927646458253 144.679162 0.000000
1694832927649714338 144.940374 0.000000
1694832927654453074 144.746698 0.000000
1694832927656579482 144.998965 0.000000
1694832927658222221 150.571395 0.000000
1694832927727776622 232.929731 0.000000
1694832927728360795 233.469611 0.000000
1694832927736860876 233.103996 0.000000
1694832927741057347 233.137359 0.000000
1694832927742118438 232.827835 0.000000
1694832927927544720 144.556972 0.000000
1694832928414759140 144.763812 0.000000
1694832928415907068 145.036687 0.000000
1694832928416044533 144.652213 0.000000
1694832928421695044 144.983673 0.000000
1694832928423332987 150.785095 0.000000
1694832928423342599 150.738282 0.000000
1694832928423702982 150.490650 0.000000
1694832928424193126 144.560159 0.000000
1694832928425605384 144.758681 0.000000
1694832928425710424 150.706707 0.000000
1694832928425796078 150.302804 0.000000
1694832928425797902 144.745164 0.000000
1694832928426081777 150.453799 0.000000
1694832928427607554 150.431097 0.000000
1694832928428150687 150.775919 0.000000
1694832928431683119 150.565009 0.000000
1694832928496104691 221.206516 0.000000
1694832928507466129 233.146458 0.000000
1694832928567011907 151.097110 0.000000
1694832928701884324 144.778806 0.000000
1694832928826001146 144.874527 0.000000
1694832929123175566 144.527868 0.000000
1694832929123284745 144.470625 0.000000
1694832929125524397 145.025620 0.000000
1694832929129040647 144.738362 0.000000
1694832929135126514 144.516129 0.000000
1694832929138203037 144.823630 0.000000
1694832929138383120 144.855584 0.000000
1694832929143161083 145.324099 0.000000
1694832929419791072 144.695006 0.000000
1694832929424336825 144.845592 0.000000
1694832929565717591 144.955547 0.000000
1694832929577068644 144.757877 0.000000
1694832929933118888 144.963762 0.000000
1694832929935097062 144.780595 0.000000
1694832929940620849 145.351398 0.000000
1694832929941697341 144.989511 0.000000
1694832929943513438 144.975428 0.000000
1694832929944886069 144.837593 0.000000
1694832929946872482 144.432857 0.000000
1694832929947794325 144.540016 0.000000
1694832930036459181 233.249756 0.000000
1694832930782991453 144.511954 0.000000
1694832930783983659 145.477959 0.000000
1694832930785025346 144.883468 0.000000
1694832930785231315 144.796355 0.000000
1694832930794539880 150.938720 0.000000
1694832930801826048 151.127584 0.000000
1694832930824158244 145.565147 0.000000
1694832930860615326 233.010334 0.000000
1694832930864377617 232.776595 0.000000
1694832930868147907 234.221909 0.000000
1694832930868433606 234.552624 0.000000
1694832930868438839 234.456280 0.000000
1694832930868677047 234.040348 0.000000
1694832930869809124 233.501696 0.000000
1694832930882415180 234.272087 0.000000
1694832930882636299 233.969653 0.000000
1694832931029335523 150.657972 0.000000
1694832931032933292 150.510459 0.000000
1694832931844040791 151.437082 0.000000
1694832931847190464 150.983172 0.000000
1694832931847256297 150.540453 0.000000
1694832931853922649 150.589728 0.000000
1694832931858469103 150.596162 0.000000
1694832931991721782 144.523670 0.000000
1694832932643544788 145.015370 0.000000
1694832932650299385 150.561998 0.000000
1694832932661432446 151.226993 0.000000
1694832932663803598 150.430025 0.000000
1694832933032451028 144.688867 0.000000
1694832933645668232 150.953006 0.000000
1694832933650255401 144.906715 0.000000
1694832933661369603 150.710215 0.000000
1694832933713870336 220.798891 0.000000
1694832933714828323 220.728573 0.000000
1694832933736793962 232.770952 0.000000
1694832933774636244 144.662637 0.000000
1694832933949284782 144.573345 0.000000
1694832934476221243 150.854162 0.000000
1694832934477476331 150.706489 0.000000
1694832934483362489 145.420822 0.000000
1694832934486978545 145.014106 0.000000
1694832934487131085 144.401523 0.000000
1694832934487922795 145.063773 0.000000
1694832934489580680 144.697501 0.000000
1694832934492194481 150.701164 0.000000
1694832934492324940 150.893831 0.000000
1694832934574291691 233.042275 0.000000
1694832934577162675 233.263830 0.000000
1694832934628088853 144.718140 0.000000
1694832934771851145 144.621385 0.000000
1694832934858678196 144.565841 0.000000
1694832934977498938 145.090054 0.000000
1694832934978808818 144.611742 0.000000
1694832934978907437 150.778377 0.000000
1694832934980257470 150.761934 0.000000
1694832934985850547 150.964329 0.000000
1694832934985959766 145.076778 0.000000
1694832935056582757 233.562966 0.000000
1694832935057266236 234.039368 0.000000
1694832935059047642 233.285049 0.000000
1694832935059582776 233.202443 0.000000
1694832935273935783 144.628400 0.000000
1694832935751157577 145.578127 0.000000
1694832935759530516 144.800345 0.000000
1694832935760814797 150.548206 0.000000
1694832935763563111 150.737251 0.000000
1694832935767976656 150.660447 0.000000
1694832935769604445 150.578592 0.000000
1694832935770228425 150.844631 0.000000
1694832935770566501 150.704094 0.000000
1694832935848570105 232.939931 0.000000
1694832936524967874 150.870249 0.000000
1694832936525528773 150.741464 0.000000
1694832936526984427 145.262924 0.000000
1694832936533866540 151.137857 0.000000
1694832936593992694 220.838688 0.000000
1694832936597562147 232.831446 0.000000
1694832936597771153 232.945823 0.000000
1694832936601918780 233.592576 0.000000
1694832936608217352 221.087075 0.000000
1694832936610337926 233.106366 0.000000
1694832936611048694 233.271605 0.000000
1694832936614861056 233.233611 0.000000
1694832936615164577 233.122809 0.000000
1694832936654313044 272.569520 0.000000
1694832936832916173 235.348598 0.000000
1694832937431050096 144.744350 0.000000
1694832937432241761 145.295776 0.000000
1694832937433382222 145.234343 0.000000
1694832937435252480 144.788457 0.000000
1694832937438964333 145.072167 0.000000
1694832937441912186 146.029953 0.000000
1694832937444974776 144.857578 0.000000
1694832937445332377 144.825784 0.000000
1694832937451668561 144.539223 0.000000
1694832937453986404 144.782388 0.000000
1694832937538933337 233.372284 0.000000
1694832937583194876 150.947898 0.000000
1694832938406588502 145.185867 0.000000
1694832938406739533 145.310657 0.000000
1694832938414766584 150.554167 0.000000
1694832938417223315 144.916767 0.000000
1694832938418084552 144.795811 0.000000
1694832938421728182 150.805888 0.000000
1694832938427592650 150.418311 0.000000
1694832938484406106 221.146840 0.000000
1694832938484514007 220.995022 0.000000
1694832938509269035 232.834992 0.000000
1694832938566532512 144.798210 0.000000
1694832938702761970 144.780125 0.000000
1694832939180569247 144.961891 0.000000
1694832939276665071 144.750248 0.000000
1694832939277816272 144.638268 0.000000
1694832939279227488 145.186462 0.000000
1694832939285629986 144.703350 0.000000
1694832939286195626 145.045585 0.000000
1694832939375919814 233.106832 0.000000
1694832939424213504 144.980344 0.000000
1694832939974400618 144.779667 0.000000
1694832939975014615 150.739741 0.000000
1694832939976169169 144.691271 0.000000
1694832939977539174 151.084178 0.000000
1694832939979164171 150.559268 0.000000
1694832939979690831 150.718944 0.000000
1694832940035115407 220.545991 0.000000
1694832940059992663 233.038476 0.000000
1694832940124309753 144.615073 0.000000
1694832940870982410 144.649028 0.000000
1694832940871566764 144.638698 0.000000
1694832940878854435 150.892080 0.000000
1694832940879946744 150.586585 0.000000
1694832940883452890 144.655878 0.000000
1694832940886819962 144.782382 0.000000
1694832940888470920 150.768342 0.000000
1694832940889369629 144.640306 0.000000
1694832940890673209 150.817728 0.000000
1694832940893541983 150.864466 0.000000
1694832940899439227 150.595446 0.000000
1694832940899950185 150.712978 0.000000
1694832940901300775 150.727963 0.000000
1694832940952217243 220.614225 0.000000
1694832940958144867 233.062242 0.000000
1694832941179215537 144.600990 0.000000
1694832941179666786 144.516283 0.000000
1694832941769103882 144.704304 0.000000
1694832941784313955 145.248249 0.000000
1694832941785227143 144.519595 0.000000
1694832941787584413 144.745736 0.000000
1694832941860274375 233.372622 0.000000
1694832941865905556 233.286727 0.000000
1694832941866756394 233.920931 0.000000
1694832941870409501 233.194036 0.000000
1694832942021107087 150.691843 0.000000
