1693776550172025865 294.736701 0.000000
1693776551095172899 294.693119 0.000000
1693776551471040232 294.744247 0.000000
1693776551837384158 294.729720 0.000000
1693776552184359334 294.891545 0.000000
1693776552234511604 294.665729 0.000000
1693776552311831427 294.641093 0.000000
1693776552649851944 294.782913 0.000000
1693776554208235897 294.803481 0.000000
1693776554591464831 294.817949 0.000000
1693776555265692780 294.787328 0.000000
1693776555401477838 294.675687 0.000000
1693776556356176838 294.578065 0.000000
1693776556478461634 294.720919 0.000000
1693776556672183998 294.842591 0.000000
1693776557076091816 294.835018 0.000000
1693776557273816646 294.624568 0.000000
1693776557610321701 294.830399 0.000000
1693776557635918804 294.781129 0.000000
1693776558292740245 295.011284 0.000000
1693776558393927449 294.643414 0.000000
1693776559164362706 294.685592 0.000000
1693776559547447825 294.681633 0.000000
1693776559672685506 294.817328 0.000000
1693776559689336595 294.614742 0.000000
1693776559764911255 294.599557 0.000000
1693776560190251154 294.709040 0.000000
1693776560283330548 294.742899 0.000000
1693776560762656853 294.738230 0.000000
1693776561120168340 294.726547 0.000000
1693776561280822806 295.152934 0.000000
1693776561344967596 295.119369 0.000000
1693776561552810483 294.870000 0.000000
1693776562767728975 294.689239 0.000000
1693776563425459093 294.766935 0.000000
1693776563625552727 294.752842 0.000000
1693776566169553576 294.702066 0.000000
1693776566586804374 294.844902 0.000000
1693776566906234653 294.781329 0.000000
1693776567230238428 294.773331 0.000000
1693776568004019292 294.948779 0.000000
1693776568031317013 294.763988 0.000000
1693776568121661621 294.652769 0.000000
1693776569199640436 294.846465 0.000000
1693776569387952105 294.871705 0.000000
1693776570442479726 294.657395 0.000000
1693776570466367223 294.830378 0.000000
1693776570624005017 294.729578 0.000000
1693776570735700662 294.680894 0.000000
1693776573305301661 294.975707 0.000000
1693776573477024587 294.827181 0.000000
1693776574107987943 294.741096 0.000000
1693776574229577383 294.782753 0.000000
1693776575210600295 294.771667 0.000000
1693776575980026495 294.619385 0.000000
1693776576339918615 294.711932 0.000000
1693776576910936472 294.656098 0.000000
1693776577442444019 294.612015 0.000000
1693776577689135961 294.678158 0.000000
1693776579463917986 294.772379 0.000000
1693776579575187944 294.736439 0.000000
1693776579869925337 294.712624 0.000000
1693776580044688740 294.788967 0.000000
1693776580045946793 294.794550 0.000000
1693776580427784588 294.686027 0.000000
1693776580830677103 294.830453 0.000000
1693776581966200232 294.734089 0.000000
1693776582047714542 294.700854 0.000000
1693776582580979903 294.787899 0.000000
1693776583647025473 294.824922 0.000000
1693776584390762839 294.816421 0.000000
1693776584463341190 294.793186 0.000000
1693776584869397359 294.702375 0.000000
1693776585908882853 294.769311 0.000000
1693776586292006069 294.808520 0.000000
1693776586753323735 294.861225 0.000000
1693776587033375624 294.690076 0.000000
1693776587505706405 295.529681 0.000000
1693776587868259438 294.871189 0.000000
1693776587883227599 294.760254 0.000000
1693776588065968015 294.802633 0.000000
1693776588275160338 294.689360 0.000000
1693776589237663993 294.653297 0.000000
1693776589515947601 294.686191 0.000000
1693776590148994687 294.762260 0.000000
1693776590658074425 294.683626 0.000000
1693776591401468909 294.707763 0.000000
1693776591447131324 294.736985 0.000000
1693776591697903220 294.747561 0.000000
1693776592360273829 294.739176 0.000000
1693776593282378728 294.939317 0.000000
1693776593480163508 294.774840 0.000000
1693776593862604057 294.654915 0.000000
1693776595088961495 294.703148 0.000000
1693776595277037661 294.671007 0.000000
1693776595673418800 294.704581 0.000000
1693776595786257549 294.557904 0.000000
1693776597493183426 294.824220 0.000000
1693776597574806204 294.838898 0.000000
1693776598930472757 294.683833 0.000000
1693776601206175052 294.791883 0.000000
1693776601979281416 294.742312 0.000000
1693776602086465659 294.770643 0.000000
1693776603127946695 294.744819 0.000000
1693776603901024893 294.656393 0.000000
1693776603926631178 294.767818 0.000000
1693776604148811308 294.869634 0.000000
1693776604851847143 294.798343 0.000000
1693776604885657654 294.725866 0.000000
1693776606561122463 294.848511 0.000000
1693776607773372995 294.733146 0.000000
1693776609323465343 294.721469 0.000000
1693776610036988901 294.789473 0.000000
1693776610054379351 294.593598 0.000000
1693776610228179908 294.682269 0.000000
1693776610862294499 294.745215 0.000000
1693776611783311922 294.968514 0.000000
1693776614015636887 294.902721 0.000000
1693776614693335299 294.682729 0.000000
1693776615139048182 294.762074 0.000000
1693776615665955969 294.764070 0.000000
1693776616048924612 294.754633 0.000000
1693776616975712126 294.737688 0.000000
1693776617024750101 294.769501 0.000000
1693776617584728942 294.556621 0.000000
1693776618114998724 294.745807 0.000000
1693776618539759392 294.735297 0.000000
1693776618552720667 294.719030 0.000000
1693776619083023225 294.821971 0.000000
1693776619496836566 294.799962 0.000000
1693776619499525314 294.795853 0.000000
1693776619647123304 294.767748 0.000000
1693776619731201751 294.671065 0.000000
1693776621070528627 294.682203 0.000000
1693776621098816072 294.797933 0.000000
1693776621587344523 294.962365 0.000000
1693776621914593603 294.862378 0.000000
1693776622412465176 294.754581 0.000000
1693776622883391899 294.698331 0.000000
1693776624996356048 294.633099 0.000000
1693776625888536807 294.852806 0.000000
1693776626066305997 294.793137 0.000000
1693776626155349594 294.681135 0.000000
1693776628040892537 294.817368 0.000000
1693776630374518537 294.976468 0.000000
1693776630586316756 294.863174 0.000000
1693776630899196643 294.867871 0.000000
1693776632264285027 294.797877 0.000000
1693776632870477424 294.915902 0.000000
1693776633324440917 294.737803 0.000000
1693776633687007857 294.794786 0.000000
1693776634314113700 294.882472 0.000000
1693776634327142597 294.698886 0.000000
1693776635032938822 294.699879 0.000000
1693776635328426867 294.791654 0.000000
1693776635395514938 294.733489 0.000000
1693776635550111252 294.644522 0.000000
1693776637281491236 294.821327 0.000000
1693776637536548875 294.777236 0.000000
1693776637671754121 294.788676 0.000000
1693776637793217980 294.900907 0.000000
1693776638261199002 294.592736 0.000000
1693776638357714061 294.743658 0.000000
1693776638361508618 294.773692 0.000000
1693776639148799946 294.825788 0.000000
1693776639561035353 294.683121 0.000000
1693776639953534410 294.833215 0.000000
1693776640411935198 294.559056 0.000000
1693776640508138442 294.745754 0.000000
1693776640777192564 294.580060 0.000000
1693776640795641448 294.867780 0.000000
1693776641180101563 294.862178 0.000000
1693776641649457059 294.578116 0.000000
1693776641944172354 294.707001 0.000000
1693776642003353697 294.623743 0.000000
1693776643299664491 294.835827 0.000000
1693776643388147298 294.731442 0.000000
1693776644579020150 294.721225 0.000000
1693776645274922064 294.665083 0.000000
1693776645276431728 294.763678 0.000000
1693776646700344859 294.755214 0.000000
1693776647426005098 294.807972 0.000000
1693776647749067662 294.692602 0.000000
1693776647925634547 294.745914 0.000000
1693776648576095078 295.288269 0.000000
1693776649988236112 294.609353 0.000000
1693776650872232857 294.695826 0.000000
1693776652734577248 294.572344 0.000000
1693776653641764425 294.663008 0.000000
1693776654414860079 295.150508 0.000000
1693776655735212286 294.882148 0.000000
1693776655945891525 294.795478 0.000000
1693776657150082948 294.574984 0.000000
1693776657295051347 294.704351 0.000000
1693776657558851767 294.698335 0.000000
1693776660191134436 294.688804 0.000000
1693776660542926038 294.871162 0.000000
1693776661126371477 294.788235 0.000000
1693776662871202982 294.563502 0.000000
1693776663901335667 294.724668 0.000000
1693776664139107375 294.715808 0.000000
1693776664397750705 294.739562 0.000000
1693776665052363316 294.624243 0.000000
1693776667966242665 294.640678 0.000000
1693776670701714192 294.627160 0.000000
1693776671797155892 294.726136 0.000000
1693776672385839304 294.913016 0.000000
1693776672528998436 294.678474 0.000000
1693776673707940928 294.814425 0.000000
1693776674714492534 294.811314 0.000000
1693776676775731501 294.595977 0.000000
1693776677129725270 294.934472 0.000000
1693776678836909131 294.719205 0.000000
1693776678897583623 294.964914 0.000000
1693776679339138203 294.768276 0.000000
1693776679394268324 294.587243 0.000000
1693776679601744929 294.615604 0.000000
1693776679750282626 294.661005 0.000000
1693776680192446366 294.606112 0.000000
1693776680664185823 295.114880 0.000000
1693776680694624150 294.619767 0.000000
1693776681575876186 294.745932 0.000000
1693776682222702176 294.646937 0.000000
1693776682814805554 294.651382 0.000000
1693776683021721744 294.695386 0.000000
1693776683903464731 294.742774 0.000000
1693776684316278921 294.650239 0.000000
1693776684787811385 294.779295 0.000000
1693776685437211668 294.840813 0.000000
1693776685523820367 294.735968 0.000000
1693776688087376748 294.735367 0.000000
1693776688942821722 294.990296 0.000000
1693776689649947863 294.906485 0.000000
1693776691476899559 294.962410 0.000000
1693776691683674936 294.780958 0.000000
1693776691918795834 294.582642 0.000000
1693776692626305548 294.616921 0.000000
1693776692920743512 294.669469 0.000000
1693776693304918399 294.740293 0.000000
1693776693451134858 294.613718 0.000000
1693776693658545398 294.720873 0.000000
1693776694631204979 294.784918 0.000000
1693776695514007307 294.829486 0.000000
1693776695514897880 294.563743 0.000000
1693776695986203918 294.708249 0.000000
1693776696428044984 294.807671 0.000000
1693776696605157299 294.862349 0.000000
1693776697871238032 294.710885 0.000000
1693776698520137895 294.628904 0.000000
1693776698961606429 294.551403 0.000000
1693776699433409388 294.871074 0.000000
1693776699433941160 294.608061 0.000000
1693776699933755506 294.857345 0.000000
1693776700760400241 294.656909 0.000000
1693776701290651300 294.632624 0.000000
1693776701320221410 294.658939 0.000000
1693776701496517110 294.704921 0.000000
1693776701879600866 294.649453 0.000000
1693776702704909908 294.871660 0.000000
1693776704265010052 294.691802 0.000000
1693776704325815319 294.686563 0.000000
1693776704679430817 294.677673 0.000000
1693776705444392011 294.862128 0.000000
1693776707243242105 294.769217 0.000000
1693776707565757666 294.680023 0.000000
1693776707685044466 294.833235 0.000000
1693776708480287553 294.735733 0.000000
1693776708686384656 294.686444 0.000000
1693776709129057498 294.818365 0.000000
1693776709659251645 294.699644 0.000000
1693776709983480794 294.695248 0.000000
1693776710571551876 294.679136 0.000000
1693776710602163435 294.695199 0.000000
1693776711633010920 294.692416 0.000000
1693776711838892296 295.030033 0.000000
1693776712605916085 294.926740 0.000000
1693776713107027106 294.706616 0.000000
1693776714521187165 294.834904 0.000000
1693776714756642841 294.644631 0.000000
1693776718734385912 294.666507 0.000000
1693776718734426601 294.752086 0.000000
1693776719382710926 294.611529 0.000000
