1693787099730624831 297.841483 0.000000
1693787100315442367 256.695878 0.000000
1693787100477007060 256.570452 0.000000
1693787100788561986 256.596197 0.000000
1693787101044938291 256.344139 0.000000
1693787101094626828 256.610584 0.000000
1693787101206934262 256.599174 0.000000
1693787101497317714 256.564854 0.000000
1693787101534930864 256.496780 0.000000
1693787101601893243 256.593861 0.000000
1693787101633562720 256.854910 0.000000
1693787101672382571 256.601083 0.000000
1693787102195935282 256.911135 0.000000
1693787102219399205 256.482437 0.000000
1693787102266131848 257.159504 0.000000
1693787102293109686 256.543729 0.000000
1693787102384179329 256.468842 0.000000
1693787102434169202 256.480387 0.000000
1693787102464668759 256.617120 0.000000
1693787102490908794 256.687673 0.000000
1693787102502859215 257.403952 0.000000
1693787102513172641 256.428042 0.000000
1693787102726747155 256.438358 0.000000
1693787102787028015 256.602988 0.000000
1693787102789519980 256.738950 0.000000
1693787102842015536 256.788695 0.000000
1693787102870610857 256.525246 0.000000
1693787102934427509 257.315988 0.000000
1693787102956749678 256.455758 0.000000
1693787102987435253 256.797315 0.000000
1693787103087687257 256.479359 0.000000
1693787103239344748 256.581307 0.000000
1693787103244485336 256.498437 0.000000
1693787103407170058 256.656832 0.000000
1693787103441230430 256.599151 0.000000
1693787103561760997 256.829305 0.000000
1693787103585051211 256.727042 0.000000
1693787103697783385 256.529474 0.000000
1693787103757950189 256.568853 0.000000
1693787103784429421 256.897193 0.000000
1693787103806489756 256.458627 0.000000
1693787103911423380 256.724114 0.000000
1693787103954262413 256.455529 0.000000
1693787103984645792 256.423094 0.000000
1693787103993284276 256.542872 0.000000
1693787104059226077 256.553171 0.000000
1693787104082143387 256.494765 0.000000
1693787104084710021 256.649800 0.000000
1693787104094902842 256.598665 0.000000
1693787104191767932 256.911922 0.000000
1693787104259638236 256.619248 0.000000
1693787104280703182 256.657396 0.000000
1693787104301884353 256.499652 0.000000
1693787104333957094 256.584830 0.000000
1693787104544188470 256.578415 0.000000
1693787104558487882 256.579086 0.000000
1693787104575898205 256.534510 0.000000
1693787104636529056 256.566352 0.000000
1693787104649374784 256.672073 0.000000
1693787104658175015 257.043033 0.000000
1693787104709511286 256.550186 0.000000
1693787104756074486 256.461113 0.000000
1693787104762795684 256.616564 0.000000
1693787104921111356 256.520118 0.000000
1693787104924982040 256.540728 0.000000
1693787104934352842 256.520255 0.000000
1693787104952135573 257.283723 0.000000
1693787105039562619 256.480402 0.000000
1693787105064780839 256.513594 0.000000
1693787105073102783 256.595731 0.000000
1693787105109872800 256.464695 0.000000
1693787105208602332 256.451393 0.000000
1693787105301895884 256.540804 0.000000
1693787105338222574 256.478502 0.000000
1693787105382091331 256.665267 0.000000
1693787105431497842 256.502738 0.000000
1693787105450030790 256.697843 0.000000
1693787105452784188 256.725417 0.000000
1693787105554149961 256.486420 0.000000
1693787105558473783 256.503421 0.000000
1693787105578523439 256.640755 0.000000
1693787105597505017 256.556313 0.000000
1693787105654371184 256.562122 0.000000
1693787105684801339 256.599012 0.000000
1693787105705620701 256.459070 0.000000
1693787105721909904 256.479876 0.000000
1693787105777249165 256.471537 0.000000
1693787105991117812 256.469021 0.000000
1693787106010487980 256.581417 0.000000
1693787106043324024 256.673768 0.000000
1693787106101005310 256.652668 0.000000
1693787106161517023 256.748867 0.000000
1693787106187792340 256.780125 0.000000
1693787106191771990 257.717959 0.000000
1693787106250781667 256.499863 0.000000
1693787106274289269 256.520144 0.000000
1693787106328777146 256.547860 0.000000
1693787106357482814 256.449550 0.000000
1693787106366230961 256.473481 0.000000
1693787106378777886 256.548235 0.000000
1693787106386289573 256.662521 0.000000
1693787106412641324 256.561741 0.000000
1693787106436444001 256.479790 0.000000
1693787106466990883 256.435458 0.000000
1693787106475195720 256.816029 0.000000
1693787106496423660 256.494770 0.000000
1693787106530814516 256.498489 0.000000
1693787106557138937 256.779448 0.000000
1693787106588838319 256.526143 0.000000
1693787106642752705 256.436961 0.000000
1693787106660698370 256.451580 0.000000
1693787106669044255 256.378770 0.000000
1693787106704685296 256.466964 0.000000
1693787106705532661 256.425679 0.000000
1693787106712135816 256.423892 0.000000
1693787106788990467 256.613095 0.000000
1693787106821565648 257.330132 0.000000
1693787106824362418 257.213279 0.000000
1693787106862037974 256.562753 0.000000
1693787106868811942 256.846529 0.000000
1693787106899104928 256.562884 0.000000
1693787106899411257 256.641452 0.000000
1693787106938766946 256.647501 0.000000
1693787106940264104 256.524891 0.000000
1693787106962940568 256.626958 0.000000
1693787106999180025 256.614328 0.000000
1693787107010797084 256.615471 0.000000
1693787107013878448 256.742251 0.000000
1693787107019377290 256.530424 0.000000
1693787107037484616 256.728891 0.000000
1693787107118790930 256.729477 0.000000
1693787107195492740 256.702148 0.000000
1693787107203256427 258.032154 0.000000
1693787107234143536 256.502827 0.000000
1693787107255782862 256.578871 0.000000
1693787107265054405 256.832815 0.000000
1693787107442121460 256.692150 0.000000
1693787107466286957 256.524465 0.000000
1693787107487466340 256.762249 0.000000
1693787107533766149 256.432972 0.000000
1693787107562022787 256.484842 0.000000
1693787107589961085 256.573762 0.000000
1693787107681830602 256.524459 0.000000
1693787107752848471 256.459062 0.000000
1693787107763930314 256.910754 0.000000
1693787107821052286 256.630938 0.000000
1693787107853430155 256.491010 0.000000
1693787107860815455 256.598266 0.000000
1693787107887872352 256.613912 0.000000
1693787107899043914 256.557927 0.000000
1693787107906475876 256.584875 0.000000
1693787107938337996 256.488015 0.000000
1693787107967435271 256.501405 0.000000
1693787107990128906 256.539565 0.000000
1693787108078643906 256.466644 0.000000
1693787108085939197 256.734115 0.000000
1693787108144938734 257.043996 0.000000
1693787108159191032 256.462505 0.000000
1693787108174183429 256.478362 0.000000
1693787108180062688 256.598629 0.000000
1693787108187966869 256.631700 0.000000
1693787108237750814 256.543057 0.000000
1693787108247350221 256.437503 0.000000
1693787108281117912 256.515734 0.000000
1693787108298248304 256.454005 0.000000
1693787108358831218 256.580755 0.000000
1693787108376551989 256.551252 0.000000
1693787108420226333 256.732720 0.000000
1693787108464983385 256.524689 0.000000
1693787108503787965 256.417369 0.000000
1693787108525574222 256.504308 0.000000
1693787108613533853 256.580480 0.000000
1693787108636264474 256.618929 0.000000
1693787108644836328 256.895625 0.000000
1693787108741197993 256.493889 0.000000
1693787108776891147 256.886588 0.000000
1693787108850413475 256.591436 0.000000
1693787108892740185 256.450086 0.000000
1693787108898822473 256.553026 0.000000
1693787108901304514 256.446472 0.000000
1693787108908324099 256.484444 0.000000
1693787108916467904 256.549025 0.000000
1693787108997755289 256.528278 0.000000
1693787109036269609 256.610319 0.000000
1693787109065982704 256.510397 0.000000
1693787109081244834 257.187098 0.000000
1693787109117969194 256.471897 0.000000
1693787109125816290 256.683084 0.000000
1693787109131083511 256.457093 0.000000
1693787109149291557 256.591526 0.000000
1693787109158323740 256.575824 0.000000
1693787109169784163 256.470453 0.000000
1693787109212066798 256.580946 0.000000
1693787109222200352 256.391334 0.000000
1693787109309187999 256.461723 0.000000
1693787109330808394 256.511778 0.000000
1693787109334990928 256.570789 0.000000
1693787109339209227 256.502578 0.000000
1693787109350710902 256.486907 0.000000
1693787109390113071 256.680031 0.000000
1693787109398222710 256.443120 0.000000
1693787109413155037 256.516817 0.000000
1693787109413697706 256.607929 0.000000
1693787109424721874 257.239791 0.000000
1693787109459273429 256.543138 0.000000
1693787109482478719 256.665113 0.000000
1693787109494783115 256.417611 0.000000
1693787109498426782 256.592954 0.000000
1693787109513158802 256.476623 0.000000
1693787109553190908 256.548045 0.000000
1693787109595466003 256.681510 0.000000
1693787109646100243 256.637628 0.000000
1693787109666912914 256.517647 0.000000
1693787109715769216 256.726325 0.000000
1693787109740625241 256.702656 0.000000
1693787109754507624 256.592107 0.000000
1693787109754962598 256.517254 0.000000
1693787109830215587 256.514602 0.000000
1693787109843388521 256.582785 0.000000
1693787109856970697 256.594818 0.000000
1693787109887266530 256.539129 0.000000
1693787109916722980 256.488796 0.000000
1693787109916764909 256.448157 0.000000
1693787109985019227 256.470208 0.000000
1693787109994935464 256.597991 0.000000
1693787110033459457 256.519352 0.000000
1693787110044954011 256.576922 0.000000
1693787110046564061 256.440053 0.000000
1693787110050251786 256.562112 0.000000
1693787110068348373 256.454671 0.000000
1693787110088378759 256.457659 0.000000
1693787110137457271 256.703026 0.000000
1693787110173463609 256.497792 0.000000
1693787110180658060 256.471994 0.000000
1693787110199732201 256.501270 0.000000
1693787110260104670 256.544290 0.000000
1693787110292051002 256.564717 0.000000
1693787110299904655 256.677025 0.000000
1693787110329790712 256.452140 0.000000
1693787110335848573 256.719122 0.000000
1693787110347290158 256.509083 0.000000
1693787110354031385 256.476500 0.000000
1693787110363343861 256.436175 0.000000
1693787110382481363 256.442950 0.000000
1693787110383755856 256.568743 0.000000
1693787110393955850 256.474498 0.000000
1693787110406390475 256.351346 0.000000
1693787110424656588 256.619243 0.000000
1693787110433596739 256.519797 0.000000
1693787110482016818 256.560217 0.000000
1693787110489258495 256.662295 0.000000
1693787110515486452 256.785628 0.000000
1693787110516650839 256.521562 0.000000
1693787110530777068 256.793937 0.000000
1693787110543897184 256.485378 0.000000
1693787110554045945 256.509615 0.000000
1693787110572685750 256.491502 0.000000
1693787110581155679 256.658156 0.000000
1693787110587575238 256.520908 0.000000
1693787110604074598 256.745444 0.000000
1693787110610371829 256.524855 0.000000
1693787110611696802 256.501721 0.000000
1693787110617172910 256.543039 0.000000
1693787110620565591 256.408168 0.000000
1693787110678888229 256.864858 0.000000
1693787110697313913 256.704871 0.000000
1693787110742821492 256.549027 0.000000
1693787110745191768 256.515062 0.000000
1693787110773319459 256.637648 0.000000
1693787110783248120 256.436757 0.000000
1693787110807151408 256.692145 0.000000
1693787110821567367 256.423248 0.000000
1693787110825435375 256.522410 0.000000
1693787110849096189 256.511729 0.000000
1693787110880920491 256.548601 0.000000
1693787110901118476 256.561002 0.000000
1693787110920291249 256.457138 0.000000
1693787110933901764 256.492635 0.000000
1693787110938358390 256.752567 0.000000
1693787110946485696 256.611341 0.000000
1693787110975619431 256.502387 0.000000
1693787110979583394 256.813106 0.000000
1693787111001690652 256.472338 0.000000
1693787111019949097 256.633859 0.000000
1693787111029886539 256.509319 0.000000
1693787111042701533 256.668450 0.000000
1693787111063591737 256.413070 0.000000
1693787111067501278 256.676303 0.000000
1693787111069803480 256.585035 0.000000
1693787111099263632 256.515063 0.000000
1693787111107610532 256.757691 0.000000
1693787111129608695 256.509185 0.000000
1693787111135591388 256.405129 0.000000
1693787111149020370 256.617840 0.000000
1693787111151964280 256.614524 0.000000
1693787111176856746 256.549457 0.000000
1693787111229269395 256.605260 0.000000
1693787111232143925 256.507821 0.000000
1693787111306263630 256.584619 0.000000
1693787111318970322 256.809648 0.000000
1693787111321892815 256.869302 0.000000
1693787111341611504 256.453855 0.000000
1693787111399471661 256.507565 0.000000
1693787111427880443 256.477017 0.000000
1693787111434994293 256.496246 0.000000
1693787111487231864 256.415731 0.000000
1693787111527045375 256.627566 0.000000
1693787111532007177 256.492535 0.000000
1693787111562693379 256.413762 0.000000
1693787111585141945 256.561573 0.000000
1693787111598059751 256.423373 0.000000
1693787111599253266 256.669432 0.000000
1693787111626623935 256.496334 0.000000
1693787111684829983 256.924556 0.000000
1693787111708518889 256.465198 0.000000
1693787111732189997 256.506502 0.000000
1693787111748900716 256.431678 0.000000
1693787111749511729 256.407968 0.000000
1693787111761098688 257.189840 0.000000
1693787111764575807 256.662697 0.000000
1693787111802602135 256.664185 0.000000
1693787111847779050 256.539865 0.000000
1693787111872237671 256.820664 0.000000
1693787111877802076 256.588258 0.000000
1693787111897550050 256.522867 0.000000
1693787111908263309 257.370077 0.000000
1693787111922933905 256.439306 0.000000
1693787111943133757 256.508321 0.000000
1693787111956174372 256.455037 0.000000
1693787111961894876 256.671718 0.000000
1693787111974783708 256.501883 0.000000
1693787111979217676 256.428155 0.000000
1693787111980222045 256.493061 0.000000
1693787112021089506 256.549578 0.000000
1693787112056500508 256.508703 0.000000
1693787112061370792 256.486170 0.000000
1693787112068103885 256.502202 0.000000
1693787112144477490 256.485393 0.000000
1693787112154203946 256.633910 0.000000
1693787112160924766 256.413351 0.000000
1693787112212823837 256.624618 0.000000
1693787112261851514 256.597912 0.000000
1693787112277593759 256.480341 0.000000
1693787112283113885 256.567174 0.000000
1693787112313082291 256.558107 0.000000
1693787112315467241 256.513855 0.000000
1693787112326073004 256.640521 0.000000
1693787112364120774 256.502533 0.000000
1693787112383572844 256.431118 0.000000
1693787112412304311 256.911237 0.000000
1693787112477726392 256.610274 0.000000
1693787112477902487 256.687414 0.000000
1693787112521700694 256.511670 0.000000
1693787112533871839 256.750336 0.000000
1693787112534667828 257.047448 0.000000
1693787112535040847 256.612029 0.000000
1693787112537223927 256.609488 0.000000
1693787112572039076 256.539625 0.000000
1693787112590115897 256.481519 0.000000
1693787112625475975 256.714582 0.000000
1693787112657817532 256.440264 0.000000
1693787112709845018 256.521733 0.000000
1693787112727703943 256.475503 0.000000
1693787112728601562 256.469927 0.000000
1693787112778186614 256.462460 0.000000
1693787112781186777 256.730188 0.000000
1693787112791196693 256.506372 0.000000
1693787112797453817 256.685981 0.000000
1693787112845121764 256.546064 0.000000
1693787112859367661 256.466805 0.000000
1693787112861250119 256.530303 0.000000
1693787112871989646 257.711658 0.000000
1693787112877250535 256.372114 0.000000
1693787112878806860 256.423010 0.000000
1693787112912935200 256.628402 0.000000
1693787112924844554 256.842515 0.000000
1693787112954825789 256.617302 0.000000
1693787112962361487 256.489690 0.000000
1693787113006221282 256.355821 0.000000
1693787113007276147 256.409363 0.000000
1693787113020580314 256.444714 0.000000
1693787113037659622 256.521593 0.000000
1693787113040059166 256.670384 0.000000
1693787113051306719 256.764664 0.000000
1693787113063687339 256.532305 0.000000
1693787113077078688 256.454923 0.000000
1693787113081808165 256.442674 0.000000
1693787113129339964 256.830201 0.000000
1693787113180877995 256.589185 0.000000
1693787113223487545 256.547666 0.000000
1693787113239079532 256.519202 0.000000
1693787113247558080 256.625649 0.000000
1693787113248703950 256.798502 0.000000
1693787113250329346 256.597690 0.000000
1693787113271867815 256.522239 0.000000
1693787113275442837 256.664043 0.000000
1693787113275976596 256.571335 0.000000
1693787113283641264 256.741191 0.000000
1693787113307097249 256.554178 0.000000
1693787113331996193 256.737771 0.000000
1693787113380268915 256.444824 0.000000
1693787113385853949 256.497386 0.000000
1693787113408647431 256.573644 0.000000
1693787113412747407 256.485990 0.000000
1693787113442622138 256.553477 0.000000
1693787113450788524 256.682652 0.000000
1693787113483386905 256.407205 0.000000
1693787113503390854 257.173596 0.000000
1693787113519045792 256.440271 0.000000
1693787113528389643 256.494520 0.000000
1693787113532039495 256.577227 0.000000
1693787113609558593 256.578731 0.000000
1693787113636134114 256.699623 0.000000
1693787113668109022 256.526444 0.000000
1693787113686809391 256.502167 0.000000
1693787113718002387 256.475274 0.000000
1693787113719342870 256.619100 0.000000
1693787113723834767 256.451695 0.000000
1693787113744560884 256.513148 0.000000
1693787113745603373 256.381275 0.000000
1693787113751619195 256.636651 0.000000
1693787113775516142 256.460956 0.000000
1693787113788509427 256.444899 0.000000
1693787113815881589 256.525336 0.000000
1693787113877310273 256.564423 0.000000
1693787113900658798 256.561511 0.000000
1693787113905896934 256.668194 0.000000
1693787113937617209 256.627915 0.000000
1693787113947151066 256.490034 0.000000
1693787113960868683 256.483815 0.000000
1693787114010949931 256.596436 0.000000
1693787114016132623 256.544396 0.000000
1693787114020778519 256.431593 0.000000
1693787114029020708 256.543313 0.000000
1693787114053406444 256.627323 0.000000
1693787114086741575 256.366266 0.000000
1693787114102006004 256.514280 0.000000
1693787114123743908 256.409456 0.000000
1693787114125059944 256.698961 0.000000
1693787114136138684 256.617300 0.000000
1693787114156016209 256.659499 0.000000
1693787114179598894 256.571690 0.000000
1693787114180036935 256.456250 0.000000
1693787114190184557 256.634360 0.000000
1693787114195649636 256.482722 0.000000
1693787114203812154 256.639011 0.000000
1693787114212292317 256.465001 0.000000
1693787114217606083 256.717474 0.000000
1693787114217960761 256.480371 0.000000
1693787114218345716 256.450312 0.000000
1693787114265478767 256.636225 0.000000
1693787114277177927 256.458842 0.000000
1693787114296755150 256.675400 0.000000
1693787114296890441 256.534601 0.000000
1693787114318852734 256.728114 0.000000
1693787114336417309 256.722503 0.000000
1693787114361276871 256.552044 0.000000
1693787114384910636 256.446944 0.000000
1693787114412846165 256.802106 0.000000
1693787114422950696 256.512306 0.000000
1693787114468951555 256.496865 0.000000
1693787114479805236 256.671082 0.000000
1693787114491383765 256.489878 0.000000
1693787114492513446 256.465893 0.000000
1693787114513907955 257.013454 0.000000
1693787114537045724 256.644970 0.000000
1693787114549598430 257.075808 0.000000
1693787114575474981 256.610485 0.000000
1693787114584115908 256.888117 0.000000
1693787114617762906 256.461683 0.000000
1693787114621169276 256.526034 0.000000
1693787114658603149 256.690953 0.000000
1693787114678282713 256.506287 0.000000
1693787114679446103 256.467547 0.000000
1693787114701289667 256.764063 0.000000
1693787114714650614 256.515498 0.000000
1693787114733246484 256.628807 0.000000
1693787114746814188 256.926446 0.000000
1693787114762469341 256.570947 0.000000
1693787114783573218 256.442508 0.000000
1693787114788676976 256.672269 0.000000
1693787114828105460 256.404200 0.000000
1693787114840016058 256.797791 0.000000
1693787114842330063 256.590506 0.000000
1693787114844137771 256.698423 0.000000
1693787114855111938 256.389537 0.000000
1693787114897739619 256.527155 0.000000
1693787114901916170 256.418306 0.000000
1693787114902480966 256.542822 0.000000
1693787114905433639 256.541419 0.000000
1693787114909841706 256.457363 0.000000
1693787114913309238 256.730805 0.000000
1693787114935909721 256.440980 0.000000
1693787114976847145 256.491377 0.000000
1693787115010842690 256.454612 0.000000
1693787115025981126 256.547466 0.000000
1693787115031597911 256.529769 0.000000
1693787115034755153 256.619312 0.000000
1693787115071540441 257.453218 0.000000
1693787115072722041 256.724851 0.000000
1693787115085634219 257.121977 0.000000
1693787115096520050 256.481635 0.000000
1693787115099241644 256.492019 0.000000
1693787115106610579 256.504769 0.000000
1693787115109145318 256.370841 0.000000
1693787115110045745 256.408036 0.000000
1693787115119478576 256.507535 0.000000
1693787115122422268 256.441285 0.000000
1693787115128256458 256.487875 0.000000
1693787115155785420 256.615450 0.000000
1693787115179679416 256.710086 0.000000
1693787115223400734 256.631589 0.000000
1693787115230257606 256.738515 0.000000
1693787115266647287 256.681254 0.000000
1693787115332950570 256.494374 0.000000
1693787115335788000 256.678879 0.000000
1693787115352508679 256.599151 0.000000
1693787115376114852 256.612129 0.000000
1693787115397578572 256.415782 0.000000
1693787115399523221 256.535426 0.000000
1693787115415850291 256.517434 0.000000
1693787115416025760 256.466184 0.000000
1693787115423679808 256.523843 0.000000
1693787115449349390 257.467857 0.000000
1693787115488639376 256.493072 0.000000
1693787115492409518 256.466972 0.000000
1693787115496738046 256.705485 0.000000
1693787115523250743 256.521525 0.000000
1693787115539388047 256.561138 0.000000
1693787115547210634 256.544060 0.000000
1693787115576783889 256.718536 0.000000
1693787115578866986 257.158556 0.000000
1693787115580097176 256.514922 0.000000
1693787115581677126 256.604596 0.000000
1693787115581996021 256.724627 0.000000
1693787115594273312 256.605307 0.000000
1693787115595306924 256.527066 0.000000
1693787115600079360 256.537194 0.000000
1693787115601512468 256.527967 0.000000
1693787115608969583 256.444444 0.000000
1693787115653956280 256.524397 0.000000
1693787115675850937 256.505565 0.000000
1693787115714731305 256.971330 0.000000
1693787115724939533 256.474746 0.000000
1693787115728600516 256.563880 0.000000
1693787115735133076 256.521979 0.000000
1693787115745618995 256.647280 0.000000
1693787115766450934 256.420607 0.000000
1693787115769574766 256.545589 0.000000
1693787115793458672 256.491282 0.000000
1693787115806328741 256.450718 0.000000
1693787115846286603 256.690907 0.000000
1693787115865556999 256.525667 0.000000
1693787115880193265 256.765546 0.000000
1693787115887199700 256.601469 0.000000
1693787115905772154 256.502463 0.000000
1693787115944744327 257.063721 0.000000
1693787115949986197 256.507459 0.000000
1693787115953196184 256.548871 0.000000
1693787115993813493 256.495472 0.000000
1693787115996898108 256.636336 0.000000
1693787116003909850 256.598385 0.000000
1693787116004957610 256.737306 0.000000
1693787116007597272 256.444906 0.000000
1693787116008041528 256.437712 0.000000
1693787116013282782 256.665633 0.000000
1693787116028918512 256.398587 0.000000
1693787116065782187 256.674646 0.000000
1693787116097527931 256.527000 0.000000
1693787116099303322 256.472077 0.000000
1693787116103534703 257.229061 0.000000
1693787116135214614 256.594548 0.000000
1693787116142927790 256.699094 0.000000
1693787116143838877 256.615130 0.000000
1693787116204958060 256.554244 0.000000
1693787116212816875 256.614464 0.000000
1693787116217334037 256.814160 0.000000
1693787116222064610 257.030847 0.000000
1693787116246728321 256.763218 0.000000
1693787116250088902 256.903357 0.000000
1693787116259745279 256.490365 0.000000
1693787116270979111 256.552660 0.000000
1693787116274021953 256.702413 0.000000
1693787116277915357 256.523657 0.000000
1693787116281818363 256.583322 0.000000
1693787116282170858 256.837567 0.000000
1693787116288095229 256.811633 0.000000
1693787116293819021 256.598632 0.000000
1693787116315067900 256.466720 0.000000
1693787116322994489 257.679775 0.000000
1693787116344355724 256.487939 0.000000
1693787116363251768 256.590999 0.000000
1693787116380837380 257.106089 0.000000
1693787116391403160 256.477888 0.000000
1693787116401189440 256.531675 0.000000
1693787116452057171 256.849954 0.000000
1693787116516300676 256.538532 0.000000
1693787116519754909 256.734495 0.000000
1693787116530666049 256.613795 0.000000
1693787116538753965 257.101700 0.000000
1693787116538912073 256.730836 0.000000
1693787116550427601 256.585031 0.000000
1693787116551651619 256.586189 0.000000
1693787116554984350 256.544685 0.000000
1693787116558014045 256.493389 0.000000
1693787116579679279 256.414023 0.000000
1693787116581702269 256.430097 0.000000
1693787116596225259 256.431488 0.000000
1693787116599093086 256.633755 0.000000
1693787116605838428 256.860449 0.000000
1693787116657680137 256.473463 0.000000
1693787116675721527 256.588389 0.000000
1693787116690026791 256.381606 0.000000
1693787116728789474 256.491215 0.000000
1693787116733937129 256.499461 0.000000
1693787116738449986 256.778667 0.000000
1693787116741022964 256.609031 0.000000
1693787116746731297 256.553858 0.000000
1693787116752061675 256.514837 0.000000
1693787116752598692 256.617747 0.000000
1693787116756006154 256.693758 0.000000
1693787116763555258 256.531081 0.000000
1693787116768510801 256.579365 0.000000
1693787116775935450 256.568522 0.000000
1693787116794132942 256.567996 0.000000
1693787116806879692 256.434429 0.000000
1693787116830003845 256.423718 0.000000
1693787116834515623 256.511271 0.000000
1693787116862589753 256.702596 0.000000
1693787116864584161 256.939406 0.000000
1693787116870664589 256.629124 0.000000
1693787116888950161 257.172310 0.000000
1693787116889968413 257.131619 0.000000
1693787116945972085 257.063104 0.000000
1693787116951903486 256.751523 0.000000
1693787116956882704 256.838453 0.000000
1693787116972106720 256.631739 0.000000
1693787116987545075 256.401358 0.000000
1693787116987722980 256.453369 0.000000
1693787117011610786 256.692786 0.000000
1693787117014467655 256.746296 0.000000
1693787117015454809 257.126402 0.000000
1693787117033806887 257.343342 0.000000
1693787117084747186 256.459973 0.000000
1693787117086131580 256.380408 0.000000
1693787117086504408 256.465698 0.000000
1693787117093449505 256.598071 0.000000
1693787117108521467 256.571058 0.000000
1693787117140110030 256.572674 0.000000
1693787117140747239 256.531713 0.000000
1693787117154705006 256.451063 0.000000
1693787117172516569 256.886197 0.000000
1693787117173034315 256.547528 0.000000
1693787117184091913 256.497453 0.000000
1693787117195831269 256.469079 0.000000
1693787117199297328 256.482058 0.000000
1693787117202170270 256.445114 0.000000
1693787117228936761 256.807358 0.000000
1693787117242237421 256.548144 0.000000
1693787117270864246 256.379322 0.000000
1693787117271878020 256.400594 0.000000
1693787117278390913 256.511219 0.000000
1693787117279905601 256.456752 0.000000
1693787117281913398 256.439113 0.000000
1693787117290527849 256.630927 0.000000
1693787117292611893 256.512100 0.000000
1693787117307593033 256.677561 0.000000
1693787117310296350 256.673050 0.000000
1693787117315327865 256.670139 0.000000
1693787117320440443 257.166089 0.000000
1693787117322675033 256.863133 0.000000
1693787117331933533 256.748066 0.000000
1693787117333280997 256.867358 0.000000
1693787117342832916 256.426710 0.000000
1693787117362824447 256.830562 0.000000
1693787117365028531 256.486140 0.000000
1693787117372605234 256.765170 0.000000
1693787117373505271 256.663338 0.000000
1693787117374083893 256.516376 0.000000
1693787117386961749 256.496504 0.000000
1693787117407504353 257.123726 0.000000
1693787117418011678 256.555201 0.000000
1693787117445027961 256.770142 0.000000
1693787117470396230 256.559902 0.000000
1693787117478870935 256.721949 0.000000
1693787117481327958 256.535660 0.000000
1693787117484808756 256.503585 0.000000
1693787117492758679 256.426266 0.000000
1693787117496652443 256.884132 0.000000
1693787117524311117 256.463063 0.000000
1693787117530902892 256.551973 0.000000
1693787117549501548 256.866962 0.000000
1693787117562287793 256.592445 0.000000
1693787117566889188 256.567139 0.000000
1693787117589708260 256.407658 0.000000
1693787117602494819 256.768083 0.000000
1693787117610174669 256.472185 0.000000
1693787117616507478 256.674233 0.000000
1693787117626562779 256.458348 0.000000
1693787117630637220 256.532336 0.000000
1693787117641157409 256.623580 0.000000
1693787117653706358 256.547523 0.000000
1693787117677202948 256.451242 0.000000
1693787117696866438 256.888911 0.000000
1693787117712414947 256.565736 0.000000
1693787117717310314 256.478006 0.000000
1693787117740995980 256.499265 0.000000
1693787117741532515 256.708077 0.000000
1693787117761302694 256.852253 0.000000
1693787117764949710 256.731120 0.000000
1693787117783871824 256.545925 0.000000
1693787117787602744 256.569690 0.000000
1693787117803920523 256.494239 0.000000
1693787117804531950 256.476653 0.000000
1693787117812487207 256.538216 0.000000
1693787117819926410 256.706977 0.000000
1693787117829618275 256.907351 0.000000
1693787117847689269 256.476619 0.000000
1693787117866666375 256.477736 0.000000
1693787117872929182 256.397850 0.000000
1693787117892443011 256.475550 0.000000
1693787117897102782 256.489395 0.000000
1693787117910536986 256.963416 0.000000
1693787117917031190 256.413609 0.000000
1693787117921095605 256.500969 0.000000
1693787117930757716 256.473445 0.000000
1693787117954435964 256.710503 0.000000
1693787117969808114 256.602415 0.000000
1693787117988354474 256.445004 0.000000
1693787117989587150 256.323051 0.000000
1693787117989710964 256.431661 0.000000
1693787117997623013 256.599570 0.000000
1693787118001657360 256.463809 0.000000
1693787118003463615 256.446784 0.000000
1693787118008826328 256.499616 0.000000
1693787118011234057 256.633317 0.000000
1693787118012696764 256.557822 0.000000
1693787118015737226 256.638299 0.000000
1693787118040512504 256.616008 0.000000
1693787118059487166 256.709926 0.000000
1693787118060422911 256.487087 0.000000
1693787118065179109 256.518541 0.000000
1693787118086152457 256.580279 0.000000
1693787118087043623 256.548100 0.000000
1693787118123400011 256.714512 0.000000
1693787118127891413 256.745630 0.000000
1693787118173324213 256.451882 0.000000
1693787118183636162 256.561822 0.000000
1693787118187832116 256.535841 0.000000
1693787118188791199 256.806523 0.000000
1693787118197992474 256.839395 0.000000
1693787118244809707 256.607392 0.000000
1693787118247510137 256.772983 0.000000
1693787118250629418 256.647085 0.000000
1693787118254889696 256.557108 0.000000
1693787118260303068 256.852649 0.000000
1693787118262053192 256.510747 0.000000
1693787118271861211 257.342069 0.000000
1693787118284895473 256.546897 0.000000
1693787118316942303 256.503852 0.000000
1693787118348697675 257.042074 0.000000
1693787118366129273 256.521282 0.000000
1693787118378811673 256.474834 0.000000
1693787118408428519 256.635934 0.000000
1693787118415104249 256.461507 0.000000
1693787118424845103 256.588254 0.000000
1693787118455044736 256.649610 0.000000
1693787118458761163 256.499646 0.000000
1693787118469268897 256.655387 0.000000
1693787118508310266 256.500007 0.000000
1693787118516713835 256.394903 0.000000
1693787118547819684 256.758575 0.000000
1693787118564905255 256.376748 0.000000
1693787118572350162 256.804551 0.000000
1693787118583603138 256.377548 0.000000
1693787118591495075 256.518997 0.000000
1693787118607152641 256.548430 0.000000
1693787118626755214 256.785735 0.000000
1693787118633026602 256.559555 0.000000
1693787118654757364 256.456005 0.000000
1693787118685005486 256.735917 0.000000
1693787118685746452 256.415898 0.000000
1693787118692492328 256.488923 0.000000
1693787118722383605 256.470037 0.000000
1693787118735985873 256.481549 0.000000
1693787118739483691 256.600155 0.000000
1693787118741889289 256.528087 0.000000
1693787118754933763 256.527336 0.000000
1693787118762296788 256.556655 0.000000
1693787118765398629 257.063129 0.000000
1693787118777417208 256.812681 0.000000
1693787118780459938 256.999759 0.000000
1693787118824519582 256.546838 0.000000
1693787118825900955 256.516398 0.000000
1693787118860020473 256.527953 0.000000
1693787118870572261 256.525256 0.000000
1693787118872046986 256.744923 0.000000
1693787118889509170 256.464240 0.000000
1693787118905969165 256.535921 0.000000
1693787118912560508 256.653941 0.000000
1693787118916031608 256.442479 0.000000
1693787118916597832 256.963913 0.000000
1693787118921676451 256.827365 0.000000
1693787118934144754 256.456215 0.000000
1693787118940802088 256.416595 0.000000
1693787118942203990 256.718546 0.000000
1693787118944146711 256.540823 0.000000
1693787118956309661 256.612409 0.000000
1693787118965276948 256.544421 0.000000
1693787118971191155 256.422161 0.000000
1693787118983840724 256.515403 0.000000
1693787118995959166 256.458922 0.000000
1693787118998033658 256.991246 0.000000
1693787119001716862 256.781528 0.000000
1693787119021223644 256.484436 0.000000
1693787119025413242 256.512441 0.000000
1693787119045165661 256.771940 0.000000
1693787119045963555 256.505682 0.000000
1693787119101585107 256.592112 0.000000
1693787119136873914 256.805565 0.000000
1693787119139015819 258.133047 0.000000
1693787119142053975 256.550545 0.000000
1693787119164507776 256.518395 0.000000
1693787119195048433 256.987338 0.000000
1693787119201559038 256.500493 0.000000
1693787119212789752 256.568850 0.000000
1693787119221729882 256.433839 0.000000
1693787119262678537 256.676659 0.000000
1693787119283001329 256.540680 0.000000
1693787119288771163 256.525321 0.000000
1693787119290260222 256.526705 0.000000
1693787119293727637 256.457283 0.000000
1693787119302437689 256.443631 0.000000
1693787119303344374 256.477111 0.000000
1693787119306159450 256.529742 0.000000
1693787119334036859 256.507985 0.000000
1693787119346515646 256.557265 0.000000
1693787119351508074 256.453527 0.000000
1693787119357149931 256.634861 0.000000
1693787119367882871 256.553191 0.000000
1693787119374507141 256.462560 0.000000
1693787119397824709 256.464610 0.000000
1693787119414001729 256.451319 0.000000
1693787119439305332 256.555479 0.000000
1693787119447368926 256.420750 0.000000
1693787119449559663 256.662312 0.000000
1693787119473437005 256.628124 0.000000
1693787119481169025 256.726099 0.000000
1693787119488604504 256.665087 0.000000
1693787119490830790 256.625519 0.000000
1693787119498954422 256.779809 0.000000
1693787119507054554 256.502639 0.000000
1693787119562799023 256.601249 0.000000
1693787119568144138 256.599720 0.000000
1693787119574997847 256.517888 0.000000
1693787119581585417 256.652779 0.000000
1693787119588634480 256.407299 0.000000
1693787119589626641 256.518624 0.000000
1693787119590563469 256.616886 0.000000
1693787119596693744 256.435818 0.000000
1693787119598950504 256.440469 0.000000
1693787119599665891 256.408643 0.000000
1693787119604776455 256.430500 0.000000
1693787119653679067 256.533009 0.000000
1693787119669159410 256.664250 0.000000
1693787119673734000 256.579498 0.000000
1693787119699548334 257.321141 0.000000
1693787119709286256 256.566207 0.000000
1693787119744815794 256.514301 0.000000
1693787119745911441 256.541159 0.000000
1693787119746022540 256.537264 0.000000
1693787119759880288 256.530378 0.000000
1693787119778221351 256.953607 0.000000
1693787119785481114 257.008571 0.000000
1693787119793043825 256.648012 0.000000
1693787119820225734 256.636269 0.000000
1693787119824678105 256.469992 0.000000
1693787119832158018 256.673717 0.000000
1693787119852038720 256.734465 0.000000
1693787119854248036 256.593042 0.000000
1693787119857995936 256.423569 0.000000
1693787119863068130 256.672204 0.000000
1693787119880632327 256.453494 0.000000
1693787119900068449 256.524139 0.000000
1693787119920732603 256.543574 0.000000
1693787119920909491 256.529957 0.000000
1693787119924373166 257.056974 0.000000
1693787119949405393 256.435171 0.000000
1693787119971443646 256.426817 0.000000
1693787119981991449 256.493442 0.000000
1693787119990884574 256.626803 0.000000
1693787119999221819 256.910809 0.000000
1693787120001406693 256.564914 0.000000
1693787120002330380 256.369984 0.000000
1693787120010296269 256.539727 0.000000
1693787120016291594 256.387295 0.000000
1693787120053615632 256.872259 0.000000
1693787120072685094 258.414020 0.000000
1693787120079462987 256.603519 0.000000
1693787120079701262 256.514281 0.000000
1693787120087418332 256.699713 0.000000
1693787120101387190 256.456626 0.000000
1693787120120643021 256.723904 0.000000
1693787120126715305 256.648684 0.000000
1693787120135346769 256.359244 0.000000
1693787120144204092 256.417305 0.000000
1693787120177254008 256.507946 0.000000
1693787120178651087 256.410705 0.000000
1693787120225772767 256.539951 0.000000
1693787120247286849 256.621314 0.000000
1693787120247350602 256.449744 0.000000
1693787120255768425 256.846654 0.000000
1693787120260877340 256.585566 0.000000
1693787120290229519 256.648243 0.000000
1693787120342962413 256.682577 0.000000
1693787120349188952 256.681490 0.000000
1693787120349692354 257.006502 0.000000
1693787120354442117 256.462274 0.000000
1693787120360094413 256.620047 0.000000
1693787120366445973 256.543094 0.000000
1693787120404395823 256.503425 0.000000
1693787120407926356 256.585577 0.000000
1693787120411959320 256.758324 0.000000
1693787120418263640 256.788314 0.000000
1693787120420602904 256.501240 0.000000
1693787120427758326 256.713284 0.000000
1693787120437427748 256.442930 0.000000
1693787120449704764 256.429543 0.000000
1693787120475133184 256.445282 0.000000
1693787120476016592 256.597695 0.000000
1693787120491180092 256.836581 0.000000
1693787120521014744 256.495005 0.000000
1693787120524352915 256.399722 0.000000
1693787120538723137 256.543098 0.000000
1693787120542561027 256.938549 0.000000
1693787120547497866 256.530388 0.000000
1693787120577940274 257.413505 0.000000
1693787120578191660 257.385164 0.000000
1693787120616695335 256.620649 0.000000
1693787120622953047 256.483188 0.000000
1693787120627641903 256.449840 0.000000
1693787120630625527 256.881942 0.000000
1693787120632771110 256.533039 0.000000
1693787120636754438 256.607874 0.000000
1693787120653466460 258.149870 0.000000
1693787120666049800 256.397072 0.000000
1693787120689270723 256.878946 0.000000
1693787120690755953 256.793912 0.000000
1693787120710816108 256.645461 0.000000
1693787120727530435 256.682422 0.000000
1693787120732664770 256.623745 0.000000
1693787120753690604 256.558158 0.000000
1693787120775452193 256.766493 0.000000
1693787120795060035 256.396737 0.000000
1693787120797150980 256.580966 0.000000
1693787120807648447 256.519247 0.000000
1693787120824172179 256.456882 0.000000
1693787120834468978 256.504207 0.000000
1693787120836117123 256.500042 0.000000
1693787120843322431 256.748140 0.000000
1693787120853182853 256.805258 0.000000
1693787120878123648 256.584791 0.000000
1693787120879654488 256.678788 0.000000
1693787120884694677 256.517503 0.000000
1693787120891039541 256.510539 0.000000
1693787120895441828 256.549871 0.000000
1693787120897023810 256.679640 0.000000
1693787120901404665 256.482071 0.000000
1693787120903473940 256.601564 0.000000
1693787120905402407 256.967121 0.000000
1693787120909614222 256.469150 0.000000
1693787120911382275 256.507034 0.000000
1693787120938578593 256.662305 0.000000
1693787120943919534 257.274110 0.000000
1693787120960409335 256.586364 0.000000
1693787120977792367 257.072355 0.000000
1693787120982564283 256.470378 0.000000
1693787120985274064 256.472292 0.000000
1693787120986732827 256.707240 0.000000
1693787121010509294 256.794563 0.000000
1693787121022128438 256.663007 0.000000
1693787121044420554 256.419442 0.000000
1693787121058138160 256.828227 0.000000
1693787121067416436 256.411180 0.000000
1693787121068641073 256.855615 0.000000
1693787121079354569 256.729187 0.000000
1693787121079837342 256.688211 0.000000
1693787121105354564 256.493507 0.000000
1693787121106260865 256.467286 0.000000
1693787121107710166 256.543036 0.000000
1693787121126745955 256.763210 0.000000
1693787121152513269 256.584164 0.000000
1693787121153325692 257.082314 0.000000
1693787121153478367 256.439842 0.000000
1693787121163211493 256.662356 0.000000
1693787121197491556 256.807769 0.000000
1693787121220593266 256.521898 0.000000
1693787121231552272 256.555948 0.000000
1693787121241006844 256.359631 0.000000
1693787121241956957 256.652232 0.000000
1693787121247233490 256.666076 0.000000
1693787121270440524 256.732976 0.000000
1693787121297019182 256.365574 0.000000
1693787121298141495 256.424681 0.000000
1693787121301862228 256.523923 0.000000
1693787121308163756 257.037273 0.000000
1693787121337893133 256.448037 0.000000
1693787121349991048 256.522320 0.000000
1693787121359566221 256.473426 0.000000
1693787121382947708 257.557336 0.000000
1693787121384351763 256.439351 0.000000
1693787121392671422 256.433281 0.000000
1693787121417362048 256.526499 0.000000
1693787121443788558 256.565545 0.000000
1693787121448538973 257.101794 0.000000
1693787121457453320 256.522100 0.000000
1693787121469833273 256.501867 0.000000
1693787121488231467 256.479345 0.000000
1693787121492066971 256.672044 0.000000
1693787121500362010 256.516807 0.000000
1693787121530130926 257.096629 0.000000
1693787121550420958 256.766288 0.000000
1693787121554617316 256.455574 0.000000
1693787121557014828 256.586775 0.000000
1693787121561024692 256.503907 0.000000
1693787121607892079 256.545604 0.000000
1693787121642223923 256.479118 0.000000
1693787121649595728 256.595946 0.000000
1693787121667907240 256.636070 0.000000
1693787121671708119 256.483476 0.000000
1693787121674661117 257.268277 0.000000
1693787121676711834 256.962845 0.000000
1693787121689210892 256.473511 0.000000
1693787121694435085 256.459007 0.000000
1693787121704107230 256.455218 0.000000
1693787121712530545 256.415121 0.000000
1693787121714730779 256.589586 0.000000
1693787121723945845 256.732090 0.000000
1693787121730906667 256.549277 0.000000
1693787121735976091 256.451353 0.000000
1693787121739211722 256.751917 0.000000
1693787121756706881 256.329603 0.000000
1693787121770534832 256.407597 0.000000
1693787121775387377 256.521819 0.000000
1693787121806926593 256.589506 0.000000
1693787121806968982 256.532473 0.000000
1693787121809000900 256.580131 0.000000
1693787121825370236 256.480311 0.000000
1693787121837853245 256.487007 0.000000
1693787121880898313 256.830352 0.000000
1693787121891112019 256.855431 0.000000
1693787121942673559 256.860733 0.000000
1693787121946229402 256.993998 0.000000
1693787121950984553 256.566473 0.000000
1693787121956841831 256.916011 0.000000
1693787121980495612 256.528815 0.000000
1693787121984638331 256.461899 0.000000
1693787121985029518 256.603678 0.000000
1693787121995814975 256.578866 0.000000
1693787122001507975 256.791627 0.000000
1693787122020446093 256.409241 0.000000
1693787122025531713 256.605267 0.000000
1693787122034418878 256.403206 0.000000
1693787122047536994 256.391483 0.000000
1693787122050243489 256.509754 0.000000
1693787122062392828 257.079728 0.000000
1693787122072317971 256.939390 0.000000
1693787122076178937 256.611830 0.000000
1693787122076800905 256.486397 0.000000
1693787122087527448 256.770873 0.000000
1693787122117696490 256.534528 0.000000
1693787122120517691 256.468339 0.000000
1693787122133582673 256.518280 0.000000
1693787122134240365 257.004502 0.000000
1693787122147137020 256.670073 0.000000
1693787122149285254 256.523693 0.000000
1693787122152706633 256.575924 0.000000
1693787122164935077 256.412549 0.000000
1693787122166964444 256.639233 0.000000
1693787122196565757 256.438825 0.000000
1693787122201078351 256.470046 0.000000
1693787122208918663 256.371481 0.000000
1693787122220759942 256.559947 0.000000
1693787122229237995 256.542236 0.000000
1693787122232064469 256.501350 0.000000
1693787122239859440 256.563947 0.000000
1693787122241261300 256.625214 0.000000
1693787122245758982 256.769350 0.000000
1693787122248931441 256.756640 0.000000
1693787122254181460 256.444413 0.000000
1693787122257992853 256.498335 0.000000
1693787122268142865 256.812335 0.000000
1693787122277158169 256.592368 0.000000
1693787122277737183 256.453895 0.000000
1693787122289234839 256.527043 0.000000
1693787122294010343 256.414111 0.000000
1693787122311902716 256.690732 0.000000
1693787122317279740 256.544158 0.000000
1693787122324772932 256.617379 0.000000
1693787122338757962 256.496283 0.000000
1693787122361595221 256.527271 0.000000
1693787122370679349 256.492301 0.000000
1693787122404578681 256.504132 0.000000
1693787122410314952 256.524509 0.000000
1693787122422855041 256.531055 0.000000
1693787122436478689 256.428537 0.000000
1693787122448264386 256.662656 0.000000
1693787122449569505 256.607981 0.000000
1693787122458550906 256.690566 0.000000
1693787122465372155 256.529567 0.000000
1693787122467741283 256.639924 0.000000
1693787122471595320 256.534107 0.000000
1693787122494848659 256.539604 0.000000
1693787122502407946 256.633107 0.000000
1693787122505735216 256.782234 0.000000
1693787122517583414 256.662592 0.000000
1693787122531232627 256.527509 0.000000
1693787122559399129 256.387044 0.000000
1693787122584562406 256.610049 0.000000
1693787122599439088 256.500203 0.000000
1693787122617259152 256.451103 0.000000
1693787122631526638 256.564061 0.000000
1693787122638390150 256.751869 0.000000
1693787122644262253 256.632180 0.000000
1693787122652015318 256.626874 0.000000
1693787122652600762 256.515627 0.000000
1693787122653526793 256.694515 0.000000
1693787122691418833 256.943392 0.000000
1693787122693751933 256.717922 0.000000
1693787122694212548 256.749152 0.000000
1693787122694628019 256.429959 0.000000
1693787122713027661 256.468635 0.000000
1693787122729748940 256.494660 0.000000
1693787122739121375 256.740853 0.000000
1693787122748959531 256.641767 0.000000
1693787122751419656 256.546120 0.000000
1693787122754791275 257.002939 0.000000
1693787122755501938 256.809683 0.000000
1693787122767663963 256.602221 0.000000
1693787122778467448 256.470749 0.000000
1693787122782939058 256.432059 0.000000
1693787122785131403 256.519882 0.000000
1693787122802113170 256.563070 0.000000
1693787122805047046 256.340862 0.000000
1693787122809791477 256.448756 0.000000
1693787122872986834 257.017679 0.000000
1693787122879999288 256.601002 0.000000
1693787122888384810 256.838726 0.000000
1693787122917255939 256.840801 0.000000
1693787122932065725 256.567142 0.000000
1693787122936220264 256.434516 0.000000
1693787122950296133 257.181569 0.000000
1693787122964147301 256.611162 0.000000
1693787122964584182 256.857085 0.000000
1693787122979175528 256.648514 0.000000
1693787122979787660 256.501453 0.000000
1693787122985989931 256.452711 0.000000
1693787122988138819 256.535014 0.000000
1693787122988586021 256.790554 0.000000
1693787122995361803 256.474774 0.000000
1693787122997437087 256.476001 0.000000
1693787123005645181 256.670013 0.000000
1693787123020758719 256.615838 0.000000
1693787123024322096 256.640026 0.000000
1693787123039549533 256.594478 0.000000
1693787123040862817 256.429337 0.000000
1693787123044173945 256.606074 0.000000
1693787123047516631 256.710055 0.000000
1693787123047760509 256.634735 0.000000
1693787123079242143 256.478336 0.000000
1693787123084338884 256.733597 0.000000
1693787123096758488 256.730385 0.000000
1693787123103538220 256.442212 0.000000
1693787123113662873 256.534688 0.000000
1693787123129636295 256.625540 0.000000
1693787123131135842 256.552956 0.000000
1693787123132679408 256.487247 0.000000
1693787123133018437 256.714833 0.000000
1693787123135318875 256.458811 0.000000
1693787123151109441 256.590322 0.000000
1693787123168147487 256.900921 0.000000
1693787123172348678 257.881431 0.000000
1693787123177699857 256.825883 0.000000
1693787123181133796 256.504851 0.000000
1693787123193042514 256.817218 0.000000
1693787123195529036 257.408024 0.000000
1693787123206518037 256.474663 0.000000
1693787123219740276 256.503015 0.000000
1693787123249828815 258.702834 0.000000
1693787123251445656 257.719267 0.000000
1693787123252617155 256.625911 0.000000
1693787123255045560 257.018150 0.000000
1693787123261736481 256.590743 0.000000
1693787123265871287 257.022755 0.000000
1693787123268284603 256.494374 0.000000
1693787123269653397 256.529130 0.000000
1693787123269773246 256.489889 0.000000
1693787123285654137 256.463818 0.000000
1693787123294642052 256.603499 0.000000
1693787123306857049 256.559165 0.000000
1693787123307784229 256.529190 0.000000
1693787123312010368 256.486433 0.000000
1693787123326094117 256.934674 0.000000
1693787123331523007 256.460119 0.000000
1693787123349913260 256.590551 0.000000
1693787123353273888 256.493898 0.000000
1693787123380167980 256.620664 0.000000
1693787123383557019 256.431558 0.000000
1693787123384867471 256.436189 0.000000
1693787123387818910 256.595582 0.000000
1693787123408690611 256.420648 0.000000
1693787123431082353 256.465209 0.000000
1693787123447934697 256.448643 0.000000
1693787123461395234 256.393429 0.000000
1693787123473739583 256.940795 0.000000
1693787123484009244 256.711685 0.000000
1693787123486614798 256.415967 0.000000
1693787123496618710 256.768022 0.000000
1693787123505264488 256.522760 0.000000
1693787123505419755 256.607000 0.000000
1693787123510302247 256.434690 0.000000
1693787123517802497 256.447218 0.000000
1693787123526122567 256.451013 0.000000
1693787123531085171 256.770773 0.000000
1693787123539906771 256.428882 0.000000
1693787123551047228 256.379607 0.000000
1693787123581404740 256.545434 0.000000
1693787123603088151 256.624614 0.000000
1693787123612660524 256.484041 0.000000
1693787123621985621 258.153981 0.000000
1693787123622840233 257.574436 0.000000
1693787123644690779 256.570920 0.000000
1693787123685427842 256.481291 0.000000
1693787123712984955 256.446170 0.000000
1693787123721102332 256.564939 0.000000
1693787123742440810 256.480216 0.000000
1693787123753132155 256.469482 0.000000
1693787123753949593 256.491848 0.000000
1693787123765672263 256.743755 0.000000
1693787123783224336 256.458318 0.000000
1693787123786044575 256.706393 0.000000
1693787123787610773 256.509570 0.000000
1693787123806177500 256.689559 0.000000
1693787123807904954 256.837384 0.000000
1693787123838360093 256.668755 0.000000
1693787123846314565 256.808185 0.000000
1693787123846461808 256.716005 0.000000
1693787123851415747 256.444198 0.000000
1693787123853238072 256.565740 0.000000
1693787123870316575 256.552693 0.000000
1693787123872105043 256.706161 0.000000
1693787123872418855 256.520585 0.000000
1693787123878484674 256.485420 0.000000
1693787123900586374 256.494405 0.000000
1693787123904021450 256.498679 0.000000
1693787123925506570 256.477655 0.000000
1693787123925718693 256.313647 0.000000
1693787123929437295 256.546154 0.000000
1693787123944115490 256.676027 0.000000
1693787123962191383 256.706413 0.000000
1693787123977317200 256.820905 0.000000
1693787123977721754 256.600456 0.000000
1693787123979342859 257.091481 0.000000
1693787124003988127 256.389711 0.000000
1693787124016028698 256.439989 0.000000
1693787124016984517 256.491959 0.000000
1693787124022953575 257.251072 0.000000
1693787124025942447 256.428323 0.000000
1693787124037525637 256.739695 0.000000
1693787124039805710 256.560543 0.000000
1693787124052484921 256.747314 0.000000
1693787124062177964 257.038366 0.000000
1693787124068664323 256.454466 0.000000
1693787124079019853 256.549663 0.000000
1693787124110534865 257.220225 0.000000
1693787124111165860 256.623716 0.000000
1693787124121543683 257.013027 0.000000
1693787124127739184 256.603666 0.000000
1693787124138521336 256.534077 0.000000
1693787124142893742 256.392755 0.000000
1693787124144030125 256.630930 0.000000
1693787124162596406 256.738838 0.000000
1693787124181686645 256.370391 0.000000
1693787124181949038 256.425483 0.000000
1693787124222304091 256.497567 0.000000
1693787124227368753 256.820489 0.000000
1693787124230886982 256.628419 0.000000
1693787124231419939 256.654875 0.000000
1693787124240328549 256.567089 0.000000
1693787124240399289 256.543544 0.000000
1693787124254931373 256.592508 0.000000
1693787124260627737 256.564723 0.000000
1693787124282389832 256.427428 0.000000
1693787124289360207 256.492790 0.000000
1693787124291830426 256.439581 0.000000
1693787124335579339 256.551683 0.000000
1693787124349162508 256.629108 0.000000
1693787124358200951 256.533425 0.000000
1693787124369166157 256.625770 0.000000
1693787124378185967 256.611392 0.000000
1693787124382435520 256.480712 0.000000
1693787124386649105 256.484020 0.000000
1693787124400948026 256.524364 0.000000
1693787124414165723 256.888563 0.000000
1693787124423568880 256.521959 0.000000
1693787124433776171 256.464755 0.000000
1693787124437048268 256.455151 0.000000
1693787124448475018 256.562776 0.000000
1693787124449799799 256.562518 0.000000
1693787124449911234 256.484481 0.000000
1693787124460434861 256.723438 0.000000
1693787124464928122 256.535866 0.000000
1693787124474648298 256.548299 0.000000
1693787124474795245 256.495577 0.000000
1693787124514587838 256.518045 0.000000
1693787124533623282 256.611958 0.000000
1693787124536921266 256.488460 0.000000
1693787124541187265 256.513407 0.000000
1693787124589246273 256.498669 0.000000
1693787124602299933 256.796302 0.000000
1693787124605037930 256.642067 0.000000
1693787124607935499 256.555503 0.000000
1693787124610530780 256.555973 0.000000
1693787124616188954 256.505981 0.000000
1693787124629977892 256.762508 0.000000
1693787124640579702 257.246261 0.000000
1693787124643015375 256.450618 0.000000
1693787124646726199 256.436094 0.000000
1693787124662395301 256.878444 0.000000
1693787124683668276 256.715238 0.000000
1693787124690364429 256.651214 0.000000
1693787124690455658 256.662762 0.000000
1693787124708830691 256.535929 0.000000
1693787124708831729 256.546772 0.000000
1693787124722163823 256.501140 0.000000
1693787124724258791 256.406396 0.000000
1693787124724321655 256.624765 0.000000
1693787124731267944 256.447244 0.000000
1693787124733290304 256.545488 0.000000
1693787124737702036 256.470518 0.000000
1693787124741016225 256.655960 0.000000
1693787124752539361 256.450686 0.000000
1693787124771196451 256.584023 0.000000
1693787124778176037 256.662627 0.000000
1693787124820234663 256.718145 0.000000
1693787124825065318 256.674818 0.000000
1693787124831202287 256.849567 0.000000
1693787124849480245 256.570659 0.000000
1693787124860585700 256.635834 0.000000
1693787124870301305 256.529697 0.000000
1693787124877419209 256.562979 0.000000
1693787124882063184 256.473816 0.000000
1693787124893817200 256.494704 0.000000
1693787124902783932 256.445082 0.000000
1693787124921953554 256.418439 0.000000
1693787124945163674 256.522694 0.000000
1693787124950336208 256.448878 0.000000
1693787124962655365 256.617239 0.000000
1693787124964698101 256.594526 0.000000
1693787124970987375 256.597611 0.000000
1693787124978756677 256.574833 0.000000
1693787124991375178 256.581322 0.000000
1693787124993201402 256.775931 0.000000
1693787124993425120 256.616857 0.000000
1693787125000512646 256.625006 0.000000
1693787125001275202 256.809616 0.000000
1693787125027899257 256.450044 0.000000
1693787125077766197 256.455401 0.000000
1693787125088606539 256.388720 0.000000
1693787125105931594 256.439015 0.000000
1693787125116585897 256.673594 0.000000
1693787125118190545 256.425970 0.000000
1693787125123419206 256.595818 0.000000
1693787125127772970 256.683079 0.000000
1693787125134063453 256.619786 0.000000
1693787125139882397 256.753367 0.000000
1693787125148481587 257.008966 0.000000
1693787125167067333 256.719619 0.000000
1693787125180529961 256.389855 0.000000
1693787125180860969 256.464964 0.000000
1693787125195237824 257.032879 0.000000
1693787125202796614 256.448999 0.000000
1693787125218189730 256.414413 0.000000
1693787125218677998 256.670038 0.000000
1693787125226058038 256.498438 0.000000
1693787125226178218 256.341538 0.000000
1693787125234092968 256.446839 0.000000
1693787125235371076 256.600825 0.000000
1693787125241191242 256.415548 0.000000
1693787125246380085 256.499670 0.000000
1693787125258783825 256.769519 0.000000
1693787125264109375 256.593480 0.000000
1693787125267972864 256.446280 0.000000
1693787125281156653 256.564934 0.000000
1693787125290056899 256.444717 0.000000
1693787125311450383 256.439829 0.000000
1693787125312477043 256.422120 0.000000
1693787125313917671 256.632202 0.000000
1693787125320689189 256.806256 0.000000
1693787125330444454 257.407523 0.000000
1693787125356108054 256.586198 0.000000
1693787125360961580 256.582785 0.000000
1693787125367357607 256.337004 0.000000
1693787125368160208 256.782840 0.000000
1693787125374228602 256.441899 0.000000
1693787125387875279 256.636851 0.000000
1693787125394794749 256.336431 0.000000
1693787125396275139 256.377416 0.000000
1693787125436284321 256.740552 0.000000
1693787125445874926 256.504939 0.000000
1693787125454579325 256.500653 0.000000
1693787125462051595 256.559599 0.000000
1693787125496411418 256.716176 0.000000
1693787125497997558 256.784576 0.000000
1693787125507020334 256.498554 0.000000
1693787125513499627 256.861640 0.000000
1693787125534360743 256.533716 0.000000
1693787125541801173 256.471932 0.000000
1693787125544038089 256.651235 0.000000
1693787125548573959 256.585562 0.000000
1693787125568950516 257.383790 0.000000
1693787125586879754 256.412120 0.000000
1693787125597292883 256.435184 0.000000
1693787125611283206 256.911215 0.000000
1693787125625111110 256.568493 0.000000
1693787125629771289 256.706118 0.000000
1693787125667002381 256.404920 0.000000
1693787125667760872 256.463482 0.000000
1693787125678804165 256.492856 0.000000
1693787125688456302 256.568773 0.000000
1693787125691354366 256.813593 0.000000
1693787125711756600 256.654993 0.000000
1693787125715996185 256.542552 0.000000
1693787125727011994 256.714136 0.000000
1693787125738728229 256.531310 0.000000
1693787125740690944 256.429972 0.000000
1693787125741859569 256.470388 0.000000
1693787125763570243 256.530393 0.000000
1693787125766112489 256.712623 0.000000
1693787125783775692 256.564814 0.000000
1693787125798373667 256.563766 0.000000
1693787125810914881 256.484060 0.000000
1693787125825639393 256.672192 0.000000
1693787125838774835 256.497697 0.000000
1693787125843361872 256.402453 0.000000
1693787125862075870 256.629626 0.000000
1693787125865419727 256.625801 0.000000
1693787125872880962 257.094026 0.000000
1693787125883508038 256.427935 0.000000
1693787125884409695 256.509975 0.000000
1693787125885159457 256.414422 0.000000
1693787125896165077 256.534418 0.000000
1693787125941414726 257.328723 0.000000
1693787125946320487 256.541028 0.000000
1693787125959232693 256.596788 0.000000
1693787125961520266 256.531641 0.000000
1693787125980488875 256.396108 0.000000
1693787125985640295 256.557225 0.000000
1693787125986855285 256.526581 0.000000
1693787125995409145 256.525252 0.000000
1693787126001887448 257.043617 0.000000
1693787126022746778 256.612405 0.000000
1693787126022935651 256.699059 0.000000
1693787126027691758 256.544020 0.000000
1693787126029094600 256.485489 0.000000
1693787126035972787 256.483965 0.000000
1693787126048078815 256.745644 0.000000
1693787126049210085 256.838687 0.000000
1693787126054422757 256.481078 0.000000
1693787126067611712 256.672514 0.000000
1693787126070696512 256.748025 0.000000
1693787126080132070 256.927223 0.000000
1693787126084146591 256.673266 0.000000
1693787126091481992 256.380278 0.000000
1693787126093153108 256.489410 0.000000
1693787126094091270 256.416753 0.000000
1693787126099791417 256.446754 0.000000
1693787126106313644 256.445232 0.000000
1693787126112747543 256.689077 0.000000
1693787126123142188 256.516287 0.000000
1693787126153046232 256.754621 0.000000
1693787126157386592 256.577538 0.000000
1693787126171261705 256.421740 0.000000
1693787126175143068 256.423416 0.000000
1693787126181656303 256.468529 0.000000
1693787126188212404 256.381902 0.000000
1693787126192159382 256.635282 0.000000
1693787126204440152 256.569835 0.000000
1693787126208099496 256.735531 0.000000
1693787126210297956 256.328058 0.000000
1693787126242385763 256.511815 0.000000
1693787126258451780 256.538496 0.000000
1693787126270365610 256.541780 0.000000
1693787126272970398 256.506542 0.000000
1693787126277232469 256.451354 0.000000
1693787126286150222 256.546493 0.000000
1693787126289976154 256.756931 0.000000
1693787126304669243 256.570116 0.000000
1693787126310091402 256.532388 0.000000
1693787126313691949 256.410113 0.000000
1693787126349685672 256.518502 0.000000
1693787126356062838 256.535880 0.000000
1693787126362993355 256.658848 0.000000
1693787126405555549 256.537399 0.000000
1693787126406795241 256.643211 0.000000
1693787126409508958 256.529526 0.000000
1693787126425744497 256.483769 0.000000
1693787126445306129 257.076819 0.000000
1693787126453102854 256.508998 0.000000
1693787126460903209 256.438163 0.000000
1693787126462320916 256.597735 0.000000
1693787126477215685 256.579543 0.000000
1693787126477684742 256.683029 0.000000
1693787126482442960 256.560097 0.000000
1693787126482913594 256.561904 0.000000
1693787126484003510 256.556980 0.000000
1693787126491488900 256.430175 0.000000
1693787126518898199 256.461726 0.000000
1693787126523434145 256.575568 0.000000
1693787126526981512 256.588258 0.000000
1693787126537309530 256.618937 0.000000
1693787126553646487 256.601692 0.000000
1693787126571144034 256.713098 0.000000
1693787126598689299 256.524364 0.000000
1693787126599794173 256.480943 0.000000
1693787126606699347 256.538006 0.000000
1693787126612938755 256.598036 0.000000
1693787126645430006 256.526704 0.000000
1693787126645639050 256.468113 0.000000
1693787126649625427 256.363754 0.000000
1693787126676265620 256.540867 0.000000
1693787126712932126 256.498940 0.000000
1693787126717559540 256.630787 0.000000
1693787126727905083 256.564177 0.000000
1693787126734941076 256.464798 0.000000
1693787126737458309 256.469621 0.000000
1693787126741324318 256.479584 0.000000
1693787126748146866 256.643639 0.000000
1693787126770081633 256.452306 0.000000
1693787126771987422 256.519858 0.000000
1693787126774274394 256.605561 0.000000
1693787126775325184 256.413346 0.000000
1693787126780111220 256.802233 0.000000
1693787126784026254 256.584283 0.000000
1693787126785055571 256.596137 0.000000
1693787126791711961 256.493753 0.000000
1693787126804074697 256.735606 0.000000
1693787126817560429 256.554169 0.000000
1693787126821443434 256.513333 0.000000
1693787126832085381 256.666741 0.000000
1693787126837571981 256.479490 0.000000
1693787126839233301 256.507499 0.000000
1693787126840849225 256.434685 0.000000
1693787126855721253 256.420169 0.000000
1693787126861302110 256.543559 0.000000
1693787126867567088 256.467993 0.000000
1693787126890670061 256.551507 0.000000
1693787126895370895 256.490125 0.000000
1693787126906253910 256.610936 0.000000
1693787126909111092 256.485792 0.000000
1693787126923029044 256.740652 0.000000
1693787126930645650 256.534823 0.000000
1693787126950578554 257.058003 0.000000
1693787126967127280 256.414438 0.000000
1693787126969334195 256.386433 0.000000
1693787126974309339 256.440299 0.000000
1693787126979898588 256.470132 0.000000
1693787126990560678 256.542721 0.000000
1693787126996730374 257.091175 0.000000
1693787127007077335 256.448748 0.000000
1693787127007102288 256.498793 0.000000
1693787127010446713 256.497045 0.000000
1693787127031771425 256.433782 0.000000
1693787127042173704 256.501802 0.000000
1693787127048292878 256.518704 0.000000
1693787127051713197 256.619815 0.000000
1693787127053202808 256.586058 0.000000
1693787127055887913 256.680498 0.000000
1693787127056312336 256.456080 0.000000
1693787127060153042 256.577703 0.000000
1693787127075777506 256.568342 0.000000
1693787127088978068 256.519869 0.000000
1693787127097759823 256.573799 0.000000
1693787127101969484 256.678413 0.000000
1693787127108027885 256.364240 0.000000
1693787127171400838 256.518531 0.000000
1693787127175779887 256.440571 0.000000
1693787127180987082 256.527888 0.000000
1693787127181578274 256.657379 0.000000
1693787127190164930 256.467862 0.000000
1693787127203213105 256.459716 0.000000
1693787127205168657 256.490841 0.000000
1693787127237745779 256.740693 0.000000
1693787127241149124 256.533563 0.000000
1693787127253382536 256.618829 0.000000
1693787127266091383 256.505630 0.000000
1693787127267002460 256.533400 0.000000
1693787127268983619 256.741446 0.000000
1693787127271264076 256.521702 0.000000
1693787127280448930 256.632483 0.000000
1693787127285062807 256.494853 0.000000
1693787127287155902 256.370067 0.000000
1693787127316869459 256.683309 0.000000
1693787127325275098 256.478462 0.000000
1693787127329162081 256.444998 0.000000
1693787127352216005 256.644256 0.000000
1693787127373335353 256.627440 0.000000
1693787127375234893 256.877887 0.000000
1693787127395195335 256.510577 0.000000
1693787127404094048 256.429563 0.000000
1693787127419957799 256.709666 0.000000
1693787127437474911 256.452512 0.000000
1693787127449453297 256.441642 0.000000
1693787127452866387 256.507830 0.000000
1693787127455767107 256.515754 0.000000
1693787127456852944 256.629301 0.000000
1693787127460997869 256.593725 0.000000
1693787127461580363 256.668518 0.000000
1693787127482030332 256.502569 0.000000
1693787127482098190 256.544341 0.000000
1693787127485510484 256.771740 0.000000
1693787127494314772 256.544200 0.000000
1693787127496655779 256.646072 0.000000
1693787127504171099 256.615146 0.000000
1693787127510020790 256.435447 0.000000
1693787127512976991 256.757166 0.000000
1693787127514033440 256.596108 0.000000
1693787127517672247 256.499270 0.000000
1693787127519400713 256.475199 0.000000
1693787127523442938 256.415546 0.000000
1693787127530125820 256.722440 0.000000
1693787127549416357 256.636219 0.000000
1693787127556352343 256.638991 0.000000
1693787127558617454 256.676202 0.000000
1693787127583922381 256.602867 0.000000
1693787127602642831 256.429754 0.000000
1693787127605377551 256.780321 0.000000
1693787127608261729 256.629273 0.000000
1693787127630035978 256.668319 0.000000
1693787127631847920 256.589903 0.000000
1693787127643263957 256.505031 0.000000
1693787127651814019 256.595134 0.000000
1693787127653009915 256.504653 0.000000
1693787127659963642 256.579908 0.000000
1693787127679538612 256.675466 0.000000
1693787127688322663 256.602433 0.000000
1693787127696131221 256.561987 0.000000
1693787127702077567 256.808957 0.000000
1693787127713867774 256.537435 0.000000
1693787127735528553 256.769116 0.000000
1693787127747257984 256.727462 0.000000
1693787127750657232 256.750921 0.000000
1693787127767228738 256.408117 0.000000
1693787127769429312 256.429177 0.000000
1693787127773419400 256.662772 0.000000
1693787127787279422 256.650538 0.000000
1693787127802867539 256.501272 0.000000
1693787127817682296 256.788104 0.000000
1693787127824348549 256.503736 0.000000
1693787127840423977 256.481695 0.000000
1693787127844809056 256.418778 0.000000
1693787127869460243 256.470001 0.000000
1693787127884551117 256.532213 0.000000
1693787127889133774 256.738910 0.000000
1693787127900372569 256.519563 0.000000
1693787127908864208 256.461132 0.000000
1693787127920182697 256.487353 0.000000
1693787127936342347 256.781684 0.000000
1693787127947240567 256.645151 0.000000
1693787127952663383 256.516124 0.000000
1693787127970420033 256.527591 0.000000
1693787127982672918 256.635904 0.000000
1693787127984791221 256.525649 0.000000
1693787127986260379 256.474703 0.000000
1693787127987312114 256.624162 0.000000
1693787128007363745 256.682147 0.000000
1693787128009272526 256.563616 0.000000
1693787128010035232 256.643692 0.000000
1693787128027904477 256.571699 0.000000
1693787128030136223 256.739640 0.000000
1693787128032744283 256.395500 0.000000
1693787128043682506 256.388148 0.000000
1693787128047085823 256.698861 0.000000
1693787128066149252 256.769928 0.000000
1693787128072925085 256.560470 0.000000
1693787128079148560 256.700860 0.000000
1693787128093517766 256.522139 0.000000
1693787128119493514 256.434872 0.000000
1693787128124235940 256.465099 0.000000
1693787128128958612 256.492192 0.000000
1693787128136905868 256.753715 0.000000
1693787128147453543 256.520114 0.000000
1693787128168439634 256.465327 0.000000
1693787128176519795 256.488164 0.000000
1693787128194698147 256.670179 0.000000
1693787128196564610 256.639863 0.000000
1693787128199459573 256.484646 0.000000
1693787128204213807 256.946046 0.000000
1693787128207422390 256.573664 0.000000
1693787128209188012 256.501646 0.000000
1693787128229779972 256.592127 0.000000
1693787128234272732 256.459593 0.000000
1693787128243777180 256.450567 0.000000
1693787128260317001 256.633469 0.000000
1693787128266623540 256.464931 0.000000
1693787128277619252 256.617972 0.000000
1693787128319885236 256.791987 0.000000
1693787128333387366 256.452682 0.000000
1693787128340330709 256.503240 0.000000
1693787128343409491 256.508487 0.000000
1693787128343685669 256.525707 0.000000
1693787128368165514 256.912543 0.000000
1693787128368234615 256.825686 0.000000
1693787128372648852 256.468775 0.000000
1693787128379738240 256.615006 0.000000
1693787128387026557 256.644935 0.000000
1693787128390850789 256.860687 0.000000
1693787128390997673 256.994965 0.000000
1693787128395009816 256.443982 0.000000
1693787128397761987 256.639327 0.000000
1693787128409495047 256.491215 0.000000
1693787128415822224 256.528449 0.000000
1693787128435636447 256.968449 0.000000
1693787128453035118 256.445796 0.000000
1693787128455975893 256.491221 0.000000
1693787128457317868 256.581151 0.000000
1693787128467415880 256.507841 0.000000
1693787128482315259 256.486757 0.000000
1693787128482645423 256.562724 0.000000
1693787128502920039 256.757457 0.000000
1693787128506830732 256.505669 0.000000
1693787128515685893 256.481945 0.000000
1693787128519109508 256.685153 0.000000
1693787128538170967 256.773304 0.000000
1693787128541686501 256.479710 0.000000
1693787128570212150 256.590332 0.000000
1693787128571495416 256.503753 0.000000
1693787128586357717 256.672509 0.000000
1693787128596844358 256.484968 0.000000
1693787128610396881 256.629855 0.000000
1693787128612210223 257.115579 0.000000
1693787128626056153 256.471298 0.000000
1693787128631340715 256.380644 0.000000
1693787128635393725 256.589441 0.000000
1693787128646526782 256.444407 0.000000
1693787128664413766 256.590233 0.000000
1693787128676003456 256.510657 0.000000
1693787128678717312 257.169372 0.000000
1693787128690545258 256.484260 0.000000
1693787128701512128 256.488581 0.000000
1693787128704144539 256.467406 0.000000
1693787128714006771 256.670499 0.000000
1693787128725713835 256.552500 0.000000
1693787128727120993 256.782741 0.000000
1693787128732661574 256.387870 0.000000
1693787128739038752 256.370255 0.000000
1693787128741602705 256.553893 0.000000
1693787128759529255 256.580791 0.000000
1693787128776132198 256.470939 0.000000
1693787128794254389 256.532944 0.000000
1693787128827093355 256.602594 0.000000
1693787128830589874 256.704028 0.000000
1693787128831205598 256.605167 0.000000
1693787128832935648 256.516584 0.000000
1693787128833760254 256.680412 0.000000
1693787128840580725 256.497772 0.000000
1693787128842723025 256.443055 0.000000
1693787128867149582 256.735616 0.000000
1693787128878584271 256.480943 0.000000
1693787128885577741 256.463473 0.000000
1693787128889084554 256.713730 0.000000
1693787128906418790 256.580610 0.000000
1693787128909999345 256.789427 0.000000
1693787128930756023 256.644409 0.000000
1693787128932750764 256.437697 0.000000
1693787128956911541 256.658361 0.000000
1693787128958202203 256.671547 0.000000
1693787128970541950 256.507029 0.000000
1693787128984027479 256.491472 0.000000
1693787128987742495 256.534391 0.000000
1693787128989091540 256.405022 0.000000
1693787128989884750 256.438239 0.000000
