1694224248265579281 77.667013 208.602015 208 16 0.000000
1694224249217463335 76.826546 208.008527 198 16 0.000000
1694224250230957237 74.080046 216.084180 219 16 0.000000
1694224251244802983 77.609809 206.145730 209 16 0.000000
1694224252258316652 78.084478 203.253333 206 16 0.000000
1694224253271417135 77.230550 206.297403 209 16 0.000000
1694224254277609673 81.107018 197.775266 199 16 0.000000
1694224255224514220 76.819830 209.102354 198 16 0.000000
1694224256237825876 76.519332 208.228139 211 16 0.000000
1694224257250580686 75.761525 214.267084 217 16 0.000000
1694224258264098456 78.728199 203.252492 206 16 0.000000
1694224259276955148 74.747860 214.245504 217 16 0.000000
1694224260290145896 75.122582 212.200878 215 16 0.000000
1694224261231125428 74.173455 216.795350 204 16 0.000000
1694224262245258619 76.914703 206.087380 209 16 0.000000
1694224263259029883 78.295856 206.160904 209 16 0.000000
1694224264273794308 77.268531 206.944578 210 16 0.000000
1694224265288047157 76.194024 210.006806 213 16 0.000000
1694224266301512072 75.757121 211.156796 214 16 0.000000
1694224267242986393 74.926676 213.494935 201 16 0.000000
1694224268257274900 75.113002 210.985336 214 16 0.000000
1694224269270454731 79.049304 203.320261 206 16 0.000000
1694224270284507467 76.514346 209.062112 212 16 0.000000
1694224271298544272 76.899372 208.079228 211 16 0.000000
1694224272312716441 77.283838 206.079417 209 16 0.000000
1694224273254478055 74.931920 215.553487 203 16 0.000000
1694224274268352165 75.482404 209.098938 212 16 0.000000
1694224275282693061 77.562390 209.002714 212 16 0.000000
1694224276297042944 75.151367 209.986709 213 16 0.000000
1694224277310928053 77.175045 210.082980 213 16 0.000000
1694224278325172900 76.189139 209.022507 212 16 0.000000
1694224279266764532 75.664543 212.406305 200 16 0.000000
1694224280281313185 76.175924 208.959916 212 16 0.000000
1694224281295213455 77.644270 206.134671 209 16 0.000000
1694224282309102317 78.312368 205.150690 208 16 0.000000
1694224283322935866 76.160651 210.093659 213 16 0.000000
1694224284337307205 79.162648 201.109784 204 16 0.000000
1694224285278431433 78.425091 204.011323 192 16 0.000000
1694224286292064955 77.568354 207.175470 210 16 0.000000
1694224287305580988 77.277570 204.239485 207 16 0.000000
1694224288319121989 79.459010 202.261187 205 16 0.000000
1694224289333721761 78.684432 205.006944 208 16 0.000000
1694224290347170084 77.253220 206.226600 209 16 0.000000
1694224291360877131 77.971036 205.187484 208 16 0.000000
1694224292302411160 80.499272 199.674143 188 16 0.000000
1694224293316613550 76.158838 210.017253 213 16 0.000000
1694224294331368270 77.382824 203.990183 207 16 0.000000
1694224295344885013 76.116774 210.159329 213 16 0.000000
1694224296358822810 78.277935 207.113298 210 16 0.000000
1694224297373136197 78.849840 200.135384 203 16 0.000000
1694224298314461093 78.743926 206.092500 194 16 0.000000
1694224299328968535 75.487015 210.939801 214 16 0.000000
1694224300343803786 76.563308 208.900891 212 16 0.000000
1694224301357866027 76.503598 210.046291 213 16 0.000000
1694224302371885258 77.259098 207.096664 210 16 0.000000
1694224303386359472 77.966917 196.160728 199 16 0.000000
1694224304328919231 76.341850 216.431901 204 16 0.000000
1694224305342629521 77.948721 206.173304 209 16 0.000000
1694224306357070904 76.865963 209.967775 213 16 0.000000
1694224307371324529 77.251802 207.048798 210 16 0.000000
1694224308385585611 76.174210 210.005091 213 16 0.000000
1694224309399684360 75.986459 202.149954 205 16 0.000000
1694224310342182794 75.964330 218.567980 206 16 0.000000
1694224311356271264 77.663441 204.124219 207 16 0.000000
1694224312370138489 77.956538 205.155065 208 16 0.000000
1694224313383364906 78.251274 207.258716 210 16 0.000000
1694224314398309453 78.404991 203.952023 207 16 0.000000
1694224315411357463 76.864802 206.308107 209 16 0.000000
1694224316352838450 77.608705 207.120476 195 16 0.000000
1694224317367745613 77.423741 201.988912 205 16 0.000000
1694224318381504394 79.335437 206.163449 209 16 0.000000
1694224319395488954 75.829858 209.076162 212 16 0.000000
1694224320409098412 77.159903 209.153532 212 16 0.000000
1694224321423208224 77.382479 202.147708 205 16 0.000000
1694224322364893223 79.472251 207.075645 195 16 0.000000
1694224323379198889 75.499448 209.995868 213 16 0.000000
1694224324392351116 76.788361 210.234945 213 16 0.000000
1694224325408000471 76.544027 208.733405 212 16 0.000000
1694224326421104806 79.135434 202.348400 205 16 0.000000
1694224327435539142 75.212280 207.997699 211 16 0.000000
1694224328378144727 80.824474 202.629817 191 16 0.000000
1694224329392393956 74.444378 212.965400 216 16 0.000000
1694224330406421134 77.577751 208.081217 211 16 0.000000
1694224331421350244 74.499153 211.837455 215 16 0.000000
1694224332435078060 78.344058 204.196825 207 16 0.000000
1694224333448715299 77.061793 201.255425 204 16 0.000000
1694224334391178762 76.290666 218.576121 206 16 0.000000
1694224335405786444 76.955992 205.990938 209 16 0.000000
1694224336419905664 78.654545 206.090179 209 16 0.000000
1694224337434084212 76.221762 208.050152 211 16 0.000000
1694224338448799017 77.661747 205.969202 209 16 0.000000
1694224339462165751 76.809955 209.203631 212 16 0.000000
1694224340404259366 77.253072 206.985794 195 16 0.000000
1694224341418849617 76.938396 207.965724 211 16 0.000000
1694224342433609119 76.543431 207.931054 211 16 0.000000
1694224343447967130 78.102223 203.084114 206 16 0.000000
1694224344462708706 77.970480 207.934714 211 16 0.000000
1694224345405068571 76.138333 210.110816 198 16 0.000000
1694224346420012944 75.123750 213.804785 217 16 0.000000
1694224347434321021 75.503445 210.981299 214 16 0.000000
1694224348449199510 76.966509 205.935983 209 16 0.000000
1694224349462903847 76.464555 211.106921 214 16 0.000000
1694224350476458861 79.108900 201.271756 204 16 0.000000
1694224351487912568 78.690189 192.791821 195 16 0.000000
1694224352431417842 79.192599 215.155127 203 16 0.000000
1694224353446406352 76.950155 206.898897 210 16 0.000000
1694224354460075886 79.040297 203.222033 206 16 0.000000
1694224355473858844 76.543821 209.117752 212 16 0.000000
1694224356488392825 76.898244 206.991592 210 16 0.000000
1694224357500774230 79.363041 194.590688 197 16 0.000000
1694224358443401479 77.863082 213.233809 201 16 0.000000
1694224359458256967 77.664213 205.940657 209 16 0.000000
1694224360472572429 74.757542 212.951502 216 16 0.000000
1694224361486271104 77.910815 207.162151 210 16 0.000000
1694224362500381723 75.489923 211.022342 214 16 0.000000
1694224363513187901 81.139168 188.584919 191 16 0.000000
1694224364455935554 74.075435 226.996097 214 16 0.000000
1694224365470205132 76.170998 209.017412 212 16 0.000000
1694224366483933376 76.493469 210.115483 213 16 0.000000
1694224367498137386 76.220092 207.058933 210 16 0.000000
1694224368512296085 77.252652 205.096093 208 16 0.000000
1694224369524263781 77.127889 199.611085 202 16 0.000000
1694224370467390529 75.109358 226.904866 214 16 0.000000
1694224371482053261 76.217880 207.950872 211 16 0.000000
1694224372496640037 78.765490 203.038326 206 16 0.000000
1694224373511463382 78.409207 204.961782 208 16 0.000000
1694224374525817946 76.505506 208.999898 212 16 0.000000
1694224375466970567 77.271489 207.192763 195 16 0.000000
1694224376481582708 77.220980 207.961228 211 16 0.000000
1694224377495239663 76.592004 205.197638 208 16 0.000000
1694224378509540275 78.285157 207.039201 210 16 0.000000
1694224379523075161 77.604624 206.208985 209 16 0.000000
1694224380538449081 79.169029 201.896065 205 16 0.000000
1694224381550263417 77.060678 199.641371 202 16 0.000000
1694224382493363722 76.264348 219.488845 207 16 0.000000
1694224383507720995 76.571965 208.013496 211 16 0.000000
1694224384522231465 76.171387 210.939173 214 16 0.000000
1694224385535906254 76.524097 207.167030 210 16 0.000000
1694224386550532619 79.085738 204.015992 207 16 0.000000
1694224387562211974 74.580528 199.667974 202 16 0.000000
1694224388506409085 77.697586 219.233922 207 16 0.000000
1694224389520914232 78.690965 204.040362 207 16 0.000000
1694224390534554094 76.500478 210.133797 213 16 0.000000
1694224391549519962 76.208117 209.859285 213 16 0.000000
1694224392563563173 78.029393 204.133313 207 16 0.000000
1694224393575221613 79.135059 191.764320 194 16 0.000000
1694224394519005902 75.816399 223.568038 211 16 0.000000
1694224395532745090 77.278771 205.180982 208 16 0.000000
1694224396546587432 78.041678 203.187412 206 16 0.000000
1694224397561046164 79.054499 205.035437 208 16 0.000000
1694224398574461668 74.758757 211.167095 214 16 0.000000
1694224399588272771 76.672151 204.180052 207 16 0.000000
1694224400530816342 77.020875 215.374622 203 16 0.000000
1694224401544983905 76.913789 207.066407 210 16 0.000000
1694224402559004080 77.217772 209.068819 212 16 0.000000
1694224403573358815 76.953741 205.056455 208 16 0.000000
1694224404587057450 78.605334 206.175679 209 16 0.000000
1694224405601080075 76.980706 204.137463 207 16 0.000000
1694224406542516528 76.019425 213.503517 201 16 0.000000
1694224407556960748 76.520045 209.967197 213 16 0.000000
1694224408570153637 76.120499 209.239525 212 16 0.000000
1694224409583629654 78.716859 203.260852 206 16 0.000000
1694224410598476570 75.834153 210.869243 214 16 0.000000
1694224411612744220 76.135633 210.989673 214 16 0.000000
1694224412554302225 76.513824 208.165613 196 16 0.000000
1694224413568597603 75.826166 209.998001 213 16 0.000000
1694224414582807958 76.506197 210.015604 213 16 0.000000
1694224415597537777 78.814853 203.009669 206 16 0.000000
1694224416612315051 77.982691 205.956559 209 16 0.000000
