1693776550335102105 144.591486 0.000000
1693776550552664619 144.674158 0.000000
1693776550843410199 144.648664 0.000000
1693776550987899041 144.767465 0.000000
1693776551712319362 144.669397 0.000000
1693776552220319281 144.773744 0.000000
1693776552291801568 144.602036 0.000000
1693776552364429330 144.788318 0.000000
1693776552365095727 144.777473 0.000000
1693776552798583374 144.677691 0.000000
1693776553088794949 144.564895 0.000000
1693776553234361022 144.873576 0.000000
1693776553306704654 144.765786 0.000000
1693776553958605891 144.683465 0.000000
1693776554684457195 144.530209 0.000000
1693776554755991116 144.535946 0.000000
1693776555262801990 144.692020 0.000000
1693776555770331000 144.670449 0.000000
1693776557073868559 144.528816 0.000000
1693776558015981477 144.633374 0.000000
1693776558451879209 145.112019 0.000000
1693776559103773696 144.459194 0.000000
1693776559466240653 144.917377 0.000000
1693776559538227566 144.684402 0.000000
1693776559682909637 144.655901 0.000000
1693776560118980597 144.586729 0.000000
1693776560190476646 144.730353 0.000000
1693776562146858327 144.673823 0.000000
1693776562364444691 144.783141 0.000000
1693776562871589565 144.544807 0.000000
1693776563306200568 144.753041 0.000000
1693776563813673585 144.647987 0.000000
1693776563886476373 144.636996 0.000000
1693776564321615900 144.566453 0.000000
1693776565626362752 144.642188 0.000000
1693776566060417516 144.637453 0.000000
1693776566568102328 144.816048 0.000000
1693776566713083388 144.907585 0.000000
1693776566785752741 144.581848 0.000000
1693776566929900006 144.594944 0.000000
1693776566929960211 144.583930 0.000000
1693776567074827347 144.913900 0.000000
1693776567654398714 144.651065 0.000000
1693776567944955075 144.417863 0.000000
1693776568597323421 144.607875 0.000000
1693776568958280849 144.834315 0.000000
1693776569973491874 144.897331 0.000000
1693776571133125514 144.571791 0.000000
1693776572293235470 144.516728 0.000000
1693776572437923645 144.429309 0.000000
1693776572872393197 144.828646 0.000000
1693776574104295595 144.503767 0.000000
1693776574542200873 145.877691 0.000000
1693776575989053555 144.492662 0.000000
1693776576713264751 144.606821 0.000000
1693776576786289063 144.481371 0.000000
1693776576857678670 144.650268 0.000000
1693776577220847993 144.625305 0.000000
1693776577293769927 144.637688 0.000000
1693776577582959519 144.773693 0.000000
1693776578018030918 144.743214 0.000000
1693776578018286371 144.546937 0.000000
1693776578235607189 144.943694 0.000000
1693776578380808040 144.852141 0.000000
1693776578598265992 144.671737 0.000000
1693776579395822665 144.505125 0.000000
1693776580916476536 144.712634 0.000000
1693776581496726010 144.669191 0.000000
1693776582147802332 144.787266 0.000000
1693776583380219054 144.576712 0.000000
1693776584104651172 144.729917 0.000000
1693776584105045027 144.938230 0.000000
1693776584249712666 144.648944 0.000000
1693776584902694896 144.696742 0.000000
1693776585119300935 144.696329 0.000000
1693776585481676099 144.722876 0.000000
1693776586496917365 144.726469 0.000000
1693776586641994889 144.594669 0.000000
1693776587583603581 144.728289 0.000000
1693776588525235287 144.928999 0.000000
1693776590408917926 144.699471 0.000000
1693776590555346056 145.292814 0.000000
1693776591351018460 144.645352 0.000000
1693776591496284306 144.906728 0.000000
1693776591786773436 144.818824 0.000000
1693776591858163443 144.592519 0.000000
1693776592221403946 144.815682 0.000000
1693776592945316784 144.914401 0.000000
1693776593091470928 145.066619 0.000000
1693776593308602126 144.584519 0.000000
1693776594613503602 145.471204 0.000000
1693776594975154545 144.752831 0.000000
1693776595266733274 144.532369 0.000000
1693776595339080248 144.570944 0.000000
1693776595990660305 144.584138 0.000000
1693776596568791324 144.591331 0.000000
1693776597003546924 144.717884 0.000000
1693776597148645237 144.912461 0.000000
1693776597440471296 144.706949 0.000000
1693776598091414503 145.050266 0.000000
1693776600045752620 144.689369 0.000000
1693776600264190477 144.578802 0.000000
1693776600337911907 144.602537 0.000000
1693776600409246506 144.639702 0.000000
1693776602219874909 144.517547 0.000000
1693776602364342512 144.629210 0.000000
1693776603741618412 144.707410 0.000000
1693776603814474533 144.620241 0.000000
1693776605119067578 144.583613 0.000000
1693776605553289981 144.653992 0.000000
1693776605988822756 144.484548 0.000000
1693776607074893203 144.440536 0.000000
1693776607292871277 144.815350 0.000000
1693776607293465231 144.683098 0.000000
1693776608089927118 144.840008 0.000000
1693776609176331315 144.748951 0.000000
1693776609682590261 144.516176 0.000000
1693776610117853346 145.217490 0.000000
1693776611059765813 144.517499 0.000000
1693776611349179255 144.791916 0.000000
1693776611639054284 144.636816 0.000000
1693776611711927360 144.652949 0.000000
1693776612654498040 145.214778 0.000000
1693776612943696651 144.389367 0.000000
1693776613160737797 144.522220 0.000000
1693776613522781917 144.742221 0.000000
1693776614030911768 144.450418 0.000000
1693776614610926605 144.679395 0.000000
1693776615117660003 144.609012 0.000000
1693776615117777411 144.579774 0.000000
1693776615261627836 144.535446 0.000000
1693776615479394660 144.740061 0.000000
1693776615552408964 144.547840 0.000000
1693776615914284688 144.683956 0.000000
1693776616276944628 144.767155 0.000000
1693776616493449547 144.744446 0.000000
1693776617002287461 144.774205 0.000000
1693776617653753613 144.577789 0.000000
1693776617798088063 144.676804 0.000000
1693776618304966658 144.870238 0.000000
1693776618668396771 144.923393 0.000000
1693776619319242578 144.513434 0.000000
1693776619464197067 144.843977 0.000000
1693776620188473895 144.454663 0.000000
1693776620840636719 145.029733 0.000000
1693776621347632703 144.739595 0.000000
1693776621637991399 144.750886 0.000000
1693776622216071329 144.765820 0.000000
1693776622360905644 144.940447 0.000000
1693776623230817200 144.675075 0.000000
1693776623594728400 144.506925 0.000000
1693776624245296187 144.763931 0.000000
1693776624390115101 144.793104 0.000000
1693776624607593139 144.633113 0.000000
1693776625116150783 144.750481 0.000000
1693776626129459307 144.804115 0.000000
1693776626202229052 144.539157 0.000000
1693776626782239339 144.789300 0.000000
1693776627507434356 144.630836 0.000000
1693776627796575083 144.764047 0.000000
1693776628377967659 144.576596 0.000000
1693776628521961668 144.650082 0.000000
1693776630117524999 144.522105 0.000000
1693776630696916314 144.858931 0.000000
1693776630841725020 144.626458 0.000000
1693776631130847391 144.482924 0.000000
1693776631347534614 144.791306 0.000000
1693776631710469231 144.768662 0.000000
1693776631854746342 144.628958 0.000000
1693776632798693343 144.679500 0.000000
1693776633521370021 144.620814 0.000000
1693776633738765207 144.759762 0.000000
1693776634392831155 144.899106 0.000000
1693776635044420894 144.758268 0.000000
1693776635117440515 144.840263 0.000000
1693776635190029271 144.838820 0.000000
1693776635479383902 144.706498 0.000000
1693776635623675351 144.749528 0.000000
1693776637000276634 144.693347 0.000000
1693776637001783906 144.740886 0.000000
1693776637290724262 144.654547 0.000000
1693776637291537199 144.624688 0.000000
1693776637508079861 144.794813 0.000000
1693776638451515545 144.604265 0.000000
1693776638596252750 144.600803 0.000000
1693776638956382380 144.806169 0.000000
1693776639536542199 144.536232 0.000000
1693776639753694455 145.205025 0.000000
1693776640116812083 144.575387 0.000000
1693776640984681619 144.471843 0.000000
1693776641926272855 144.617501 0.000000
1693776641927657274 144.801618 0.000000
1693776643085669139 144.646589 0.000000
1693776643230332805 144.674997 0.000000
1693776645041215110 144.860007 0.000000
1693776645259306803 144.763430 0.000000
1693776645549455101 144.942080 0.000000
1693776645693054840 144.675366 0.000000
1693776645839007541 144.574401 0.000000
1693776647504851921 144.518146 0.000000
1693776647938361313 144.444114 0.000000
1693776648300641637 144.823576 0.000000
1693776649315149230 144.608315 0.000000
1693776649461307404 144.891042 0.000000
1693776650113459508 144.586911 0.000000
1693776651707822088 144.596849 0.000000
1693776651924128070 144.835819 0.000000
1693776652142527286 145.163379 0.000000
1693776652142569234 144.798051 0.000000
1693776652359748999 144.698765 0.000000
1693776652575929284 144.686351 0.000000
1693776653011067399 144.561917 0.000000
1693776653953892831 144.750881 0.000000
1693776654678461141 145.000501 0.000000
1693776655691126336 144.576998 0.000000
1693776656053880891 144.499813 0.000000
1693776656415669899 144.588920 0.000000
1693776658878118852 144.809146 0.000000
1693776659165788601 144.616037 0.000000
1693776659384943567 144.894369 0.000000
1693776659818307157 144.646178 0.000000
1693776660254178764 144.573655 0.000000
1693776660470692824 144.391637 0.000000
1693776660906299325 144.709149 0.000000
1693776661122067183 144.706596 0.000000
1693776662137179039 144.839176 0.000000
1693776663948567572 144.635349 0.000000
1693776664237418503 144.580030 0.000000
1693776664309510206 144.581466 0.000000
1693776664383737484 144.650848 0.000000
1693776664672019610 144.819069 0.000000
1693776664889391537 144.805633 0.000000
1693776665542449124 144.623826 0.000000
1693776666989723606 144.569515 0.000000
1693776667134761113 144.512242 0.000000
1693776668002178949 144.698159 0.000000
1693776668655184781 144.521810 0.000000
1693776669162234669 144.868194 0.000000
1693776669162650956 144.669758 0.000000
1693776669669557817 144.883283 0.000000
1693776671335611543 144.777377 0.000000
1693776671407720415 144.690806 0.000000
1693776671481264679 144.731701 0.000000
1693776671553354175 144.621054 0.000000
1693776672061972956 144.712578 0.000000
1693776672205031393 144.811632 0.000000
1693776672424019947 144.574031 0.000000
1693776672494854907 144.872423 0.000000
1693776673001494863 144.745950 0.000000
1693776673436248490 144.564344 0.000000
1693776673872505581 144.792087 0.000000
1693776674597123963 144.997273 0.000000
1693776676478891787 144.554110 0.000000
1693776677638842824 144.559152 0.000000
1693776677855660424 144.988517 0.000000
1693776678580973408 144.722505 0.000000
1693776679594005095 144.673301 0.000000
1693776680102215878 144.545259 0.000000
1693776680465182525 144.897998 0.000000
1693776680755598600 144.700675 0.000000
1693776680971634510 144.766016 0.000000
1693776680971937002 144.633753 0.000000
1693776682275718734 144.700734 0.000000
1693776682420815428 144.690892 0.000000
1693776682782917793 144.645988 0.000000
1693776682784962776 144.800588 0.000000
1693776682855654006 144.636159 0.000000
1693776683146038844 144.527552 0.000000
1693776683435433241 144.494486 0.000000
1693776683579596534 144.760639 0.000000
1693776683581092457 144.510379 0.000000
1693776684088117748 144.907755 0.000000
1693776684232532348 144.726439 0.000000
1693776685029482905 144.636186 0.000000
1693776685393156357 144.627886 0.000000
1693776685827565211 144.496226 0.000000
1693776685971081884 144.577202 0.000000
1693776686333139255 144.634565 0.000000
1693776686550376083 144.790869 0.000000
1693776686552553589 144.967424 0.000000
1693776686986844862 144.620528 0.000000
1693776687638269483 145.159440 0.000000
1693776688579782222 144.537941 0.000000
1693776689087508671 144.509716 0.000000
1693776689738633471 144.890821 0.000000
1693776689809975287 144.697367 0.000000
1693776690172117851 144.762337 0.000000
1693776690244921711 144.876292 0.000000
1693776692129769215 144.619340 0.000000
1693776693940096870 144.566623 0.000000
1693776694086284662 144.660084 0.000000
1693776694665568828 144.726254 0.000000
1693776694738323780 144.582701 0.000000
1693776694811328276 144.554871 0.000000
1693776694955351357 144.600522 0.000000
1693776694955429613 144.666883 0.000000
1693776696549104432 144.538033 0.000000
1693776696839064462 144.489685 0.000000
1693776696839486006 144.630442 0.000000
1693776697057454057 144.527102 0.000000
1693776697998049061 144.586194 0.000000
1693776698649159091 144.575754 0.000000
1693776698867280934 144.485519 0.000000
1693776702054145914 144.703024 0.000000
1693776702199487161 144.693693 0.000000
1693776703213890607 144.878356 0.000000
1693776703577366041 144.698219 0.000000
1693776703650099668 144.800241 0.000000
1693776705026919373 144.568037 0.000000
1693776705605735267 144.890861 0.000000
1693776706112476469 144.585086 0.000000
1693776706764916961 144.894515 0.000000
1693776706765278332 145.081847 0.000000
1693776707200456349 144.554677 0.000000
1693776707489614543 144.520486 0.000000
1693776708432492442 144.698870 0.000000
1693776708866621990 144.497959 0.000000
1693776710098891691 144.673892 0.000000
1693776710460786190 144.706827 0.000000
1693776710822561711 144.570192 0.000000
1693776711472793086 144.648869 0.000000
1693776711908338240 144.665597 0.000000
1693776712706314343 145.033884 0.000000
1693776712921425681 144.612510 0.000000
1693776712921527603 144.517149 0.000000
1693776713501482682 145.112054 0.000000
1693776714515737688 145.147131 0.000000
1693776715602213381 144.705254 0.000000
1693776715892304231 144.548657 0.000000
1693776716110998310 144.752449 0.000000
1693776716327336971 144.867878 0.000000
1693776716905589151 144.625460 0.000000
1693776716906391363 144.701596 0.000000
1693776717341165292 144.605994 0.000000
1693776718500636355 144.589236 0.000000
1693776718863494520 144.495115 0.000000
1693776718934640720 144.866385 0.000000
