1694224653225442991 72.506426 0.000000
1694224653297741625 72.288073 0.000000
1694224653370212232 72.458474 0.000000
1694224653442189624 72.433257 0.000000
1694224653514887962 72.278269 0.000000
1694224653587625865 72.597892 0.000000
1694224653731687644 72.263993 0.000000
1694224653876596595 72.265181 0.000000
1694224654092967374 72.299951 0.000000
1694224654093074182 72.280284 0.000000
1694224654093906761 72.319031 0.000000
1694224654165225796 72.348954 0.000000
1694224654237863448 72.305560 0.000000
1694224654238077446 72.262485 0.000000
1694224654454702124 72.382268 0.000000
1694224654455763665 72.419613 0.000000
1694224654600688480 72.336360 0.000000
1694224654671761541 72.333966 0.000000
1694224654817696535 72.300104 0.000000
1694224654961498709 72.248600 0.000000
1694224655034073357 72.283410 0.000000
1694224655034324018 72.414616 0.000000
1694224655106189279 72.425847 0.000000
1694224655106396825 72.266732 0.000000
1694224655178652593 72.293417 0.000000
1694224655322943468 72.385132 0.000000
1694224655322987871 72.461865 0.000000
1694224655323657601 72.321963 0.000000
1694224655395341496 72.346744 0.000000
1694224655540268054 72.223397 0.000000
1694224655540760662 72.337813 0.000000
1694224655901832447 72.361711 0.000000
1694224655901920776 72.334109 0.000000
1694224655902452268 72.383843 0.000000
1694224656046871887 72.413761 0.000000
1694224656047246059 72.495285 0.000000
1694224656554687897 72.405502 0.000000
1694224656626093105 72.347877 0.000000
1694224656626416056 72.256579 0.000000
1694224656698531361 72.371471 0.000000
1694224656915758285 72.485783 0.000000
1694224656915798213 72.269404 0.000000
1694224657061284000 72.377920 0.000000
1694224657277784301 72.197732 0.000000
1694224657349698866 72.363623 0.000000
1694224657349833094 72.250320 0.000000
1694224657422877886 72.303060 0.000000
1694224657639809650 72.387528 0.000000
1694224657639953109 72.510394 0.000000
1694224657929389493 72.374191 0.000000
1694224658073945432 72.403439 0.000000
1694224658217808476 72.326171 0.000000
1694224658218468822 72.277181 0.000000
1694224658218593680 72.227373 0.000000
1694224658362442457 72.382274 0.000000
1694224658362704489 72.543385 0.000000
1694224658435318326 72.292701 0.000000
1694224658506931647 72.303194 0.000000
1694224658652666322 72.453580 0.000000
1694224658724123189 72.445367 0.000000
1694224658796841155 72.495708 0.000000
1694224658796952496 72.735327 0.000000
1694224658797424680 72.411685 0.000000
1694224659159011393 72.284210 0.000000
1694224659159117926 72.409533 0.000000
1694224659303742503 72.343266 0.000000
1694224659375476997 72.320259 0.000000
1694224659448063398 72.351896 0.000000
1694224659593120851 72.349176 0.000000
1694224659737286440 72.350091 0.000000
1694224659737365173 72.391497 0.000000
1694224659737886628 72.289746 0.000000
1694224659882339733 72.599045 0.000000
1694224659954127818 72.337372 0.000000
1694224659954229404 72.271454 0.000000
1694224660026560726 72.503648 0.000000
1694224660098927704 72.409389 0.000000
1694224660244312219 72.476403 0.000000
1694224660244529555 72.631546 0.000000
1694224660533767792 72.621653 0.000000
1694224660534091615 72.475527 0.000000
1694224660751536226 72.579900 0.000000
1694224660896013971 72.441749 0.000000
1694224660967446666 72.286720 0.000000
1694224660967830300 72.212576 0.000000
1694224661039747029 72.286816 0.000000
1694224661040089836 72.250458 0.000000
1694224661040682464 72.397566 0.000000
1694224661185420348 72.570363 0.000000
1694224661330132419 72.455450 0.000000
1694224661547084804 72.405821 0.000000
1694224661837014489 72.826804 0.000000
1694224661908818922 72.390998 0.000000
1694224662343651997 72.288908 0.000000
1694224662777348328 72.396564 0.000000
1694224662922606462 72.876550 0.000000
1694224662994376608 72.396462 0.000000
1694224663067503342 72.316794 0.000000
1694224663140029487 72.494266 0.000000
1694224663211654300 72.320317 0.000000
1694224663428890202 72.460467 0.000000
1694224663429067855 72.315240 0.000000
1694224663718944892 72.591458 0.000000
1694224663791259405 72.238411 0.000000
1694224663935291625 72.397029 0.000000
1694224663935556621 72.294599 0.000000
1694224663935966640 72.246666 0.000000
1694224664008323301 72.468896 0.000000
1694224664442419041 72.290961 0.000000
1694224664442645307 72.346725 0.000000
1694224664586976206 72.496296 0.000000
1694224664587388946 72.407439 0.000000
1694224664659689388 72.486933 0.000000
1694224664732261696 72.413510 0.000000
1694224664803858792 72.312933 0.000000
1694224664804313024 72.259905 0.000000
1694224664804483256 72.301103 0.000000
1694224664949341801 72.335712 0.000000
1694224665165993596 72.368659 0.000000
1694224665166424150 72.288544 0.000000
1694224665382695552 72.365196 0.000000
1694224665383037552 72.341745 0.000000
1694224665383503061 72.248965 0.000000
1694224665599881387 72.420189 0.000000
1694224665673031626 72.773130 0.000000
1694224665744702255 72.504893 0.000000
1694224665889716230 72.314846 0.000000
1694224666034818344 72.287979 0.000000
1694224666468523534 72.358757 0.000000
1694224666541117737 72.311314 0.000000
1694224666613784356 72.315455 0.000000
1694224666830402663 72.293693 0.000000
1694224666975649006 72.289728 0.000000
1694224667192536790 72.251500 0.000000
1694224667192798745 72.220788 0.000000
1694224667264556824 72.456123 0.000000
1694224667264662189 72.316405 0.000000
1694224667409608402 72.240205 0.000000
1694224667410072818 72.374447 0.000000
1694224667698781389 72.503919 0.000000
1694224667698849672 72.211228 0.000000
1694224667988260967 72.287432 0.000000
1694224668277465290 72.458943 0.000000
1694224668349813012 72.325783 0.000000
1694224668494618270 72.425509 0.000000
1694224668639572000 72.449366 0.000000
1694224668784838498 72.380372 0.000000
1694224668857254558 72.443418 0.000000
1694224669001419936 72.400400 0.000000
1694224669074150423 72.300767 0.000000
1694224669219099515 72.792447 0.000000
1694224669653659402 72.316032 0.000000
1694224669725445252 72.217654 0.000000
1694224669726189713 72.468237 0.000000
1694224669798540240 72.348823 0.000000
1694224669870877652 72.531768 0.000000
1694224669870904522 72.253725 0.000000
1694224669942268310 72.273228 0.000000
1694224670087373475 72.539176 0.000000
1694224670232674389 72.333973 0.000000
1694224670449710762 72.323173 0.000000
1694224670594767066 72.433891 0.000000
1694224670739302757 72.309088 0.000000
1694224670739579016 72.305741 0.000000
1694224670739677789 72.316888 0.000000
1694224670956570609 72.355643 0.000000
1694224671028334854 72.446315 0.000000
1694224671101057581 72.291940 0.000000
1694224671318457161 72.248691 0.000000
1694224671390492691 72.381820 0.000000
1694224671390537285 72.481467 0.000000
1694224671390880197 72.437470 0.000000
1694224671535130640 72.413655 0.000000
1694224671607967230 72.334310 0.000000
1694224671680261219 72.656118 0.000000
1694224671824558492 72.377376 0.000000
1694224671825477099 72.539463 0.000000
1694224671897179197 72.292873 0.000000
1694224672041834500 72.405087 0.000000
1694224672042368386 72.326765 0.000000
1694224672114183673 72.392595 0.000000
1694224672258907519 72.321757 0.000000
1694224672259043789 72.392269 0.000000
1694224672331164316 72.465138 0.000000
1694224672476096857 72.350501 0.000000
1694224672476735508 72.525719 0.000000
1694224672548594457 72.565797 0.000000
1694224672765632481 72.382312 0.000000
1694224673055243461 72.253056 0.000000
1694224673128115758 72.311546 0.000000
1694224673417230106 72.415599 0.000000
1694224673562135870 72.241153 0.000000
1694224673706457151 72.415300 0.000000
1694224673996480404 72.444372 0.000000
1694224673996820690 72.408602 0.000000
1694224674213951345 72.474706 0.000000
1694224674214259797 72.562600 0.000000
1694224674286122656 72.333242 0.000000
1694224674430494237 72.278296 0.000000
1694224674502675404 72.299546 0.000000
1694224674503439714 72.238632 0.000000
1694224674575359169 72.252697 0.000000
1694224674647412730 72.396805 0.000000
1694224674647961617 72.395988 0.000000
1694224674792116693 72.362841 0.000000
1694224674936794232 72.395219 0.000000
1694224675081532535 72.372228 0.000000
1694224675154810789 72.268595 0.000000
1694224675299392290 72.251488 0.000000
1694224675371199331 72.317038 0.000000
1694224675443500728 72.347206 0.000000
1694224675515860752 72.497149 0.000000
1694224675660490710 72.340468 0.000000
1694224676239859251 72.584933 0.000000
1694224676385211569 72.626042 0.000000
1694224676601347843 72.323973 0.000000
1694224676602391057 72.412532 0.000000
1694224676674385386 72.320377 0.000000
1694224676674880353 72.461121 0.000000
1694224676819301723 72.308093 0.000000
1694224676964362071 72.288638 0.000000
1694224677035971349 72.400950 0.000000
1694224677036324811 72.369547 0.000000
1694224677036723338 72.336572 0.000000
1694224677036767105 72.273658 0.000000
1694224677180472554 72.276211 0.000000
1694224677614806514 72.322600 0.000000
1694224677615155345 72.332467 0.000000
1694224677831333599 72.236357 0.000000
1694224677832417430 72.399200 0.000000
1694224678410201235 72.236072 0.000000
1694224678410262184 72.337626 0.000000
1694224678844540017 72.736526 0.000000
1694224678844734266 72.721831 0.000000
1694224678989425294 72.417922 0.000000
1694224679133846560 72.578512 0.000000
1694224679206324413 72.371023 0.000000
1694224679206507679 72.291405 0.000000
1694224679278762485 72.567025 0.000000
1694224679351308203 72.481690 0.000000
1694224679423434510 72.389407 0.000000
1694224679424024166 72.377858 0.000000
1694224679496491446 72.553405 0.000000
1694224679568292460 72.549194 0.000000
1694224679640805505 72.605183 0.000000
1694224680002761382 72.399902 0.000000
1694224680002789448 72.458423 0.000000
1694224680147413904 72.383304 0.000000
1694224680147733132 72.383475 0.000000
1694224680220108106 72.437545 0.000000
1694224680510076696 72.663058 0.000000
1694224680510150683 72.630939 0.000000
1694224680654815341 72.492767 0.000000
1694224680798717979 72.465364 0.000000
1694224680943598216 72.321145 0.000000
1694224681015952386 72.344022 0.000000
1694224681016501413 72.287184 0.000000
1694224681160657249 72.482138 0.000000
1694224681305689944 72.555183 0.000000
1694224681595273475 72.424650 0.000000
1694224681595624251 72.503713 0.000000
1694224681957290390 72.336031 0.000000
1694224682102584599 72.585012 0.000000
1694224682102826155 72.732682 0.000000
1694224682175075567 72.217049 0.000000
1694224682247576276 72.328487 0.000000
1694224682319953337 72.373020 0.000000
1694224682464104653 72.452374 0.000000
1694224682537052805 72.390741 0.000000
1694224682899286544 72.502895 0.000000
1694224683044394421 72.467306 0.000000
1694224683333492706 72.406257 0.000000
1694224683478816824 72.337989 0.000000
1694224683551099529 72.267584 0.000000
1694224683839936933 72.381459 0.000000
1694224683912187338 72.382611 0.000000
1694224684274953024 72.451506 0.000000
1694224684636996686 72.418981 0.000000
1694224684708734043 72.429018 0.000000
1694224684781983605 72.573846 0.000000
1694224684782141959 72.721953 0.000000
1694224685071597097 72.443605 0.000000
1694224685215644512 72.303298 0.000000
1694224685216303598 72.306109 0.000000
1694224685287997331 72.384718 0.000000
1694224685650491554 72.557700 0.000000
1694224685723019040 72.376342 0.000000
1694224685867314471 72.281376 0.000000
1694224685867620643 72.370649 0.000000
1694224685939571956 72.282331 0.000000
1694224685939863429 72.265125 0.000000
1694224686229697467 72.345844 0.000000
1694224686374251389 72.397566 0.000000
1694224686664772344 72.557568 0.000000
1694224686664848857 72.518984 0.000000
1694224686736967205 72.420771 0.000000
1694224686808509875 72.414421 0.000000
1694224686882238565 72.393376 0.000000
1694224686954637645 72.390109 0.000000
1694224686954674521 72.375891 0.000000
1694224687171821824 72.284206 0.000000
1694224687316224274 72.292923 0.000000
1694224687387636880 72.491716 0.000000
1694224687460951499 72.388942 0.000000
1694224687605539471 72.332478 0.000000
1694224688256820764 72.223779 0.000000
1694224688401533610 72.311852 0.000000
1694224688690745857 72.463190 0.000000
1694224688691461812 72.691540 0.000000
1694224688763409302 72.375666 0.000000
1694224688763928015 72.335778 0.000000
1694224688981081501 72.390891 0.000000
1694224689125857249 72.269105 0.000000
1694224689197514508 72.266600 0.000000
1694224689631908934 72.403164 0.000000
1694224689849406464 72.288181 0.000000
1694224689921845918 72.791115 0.000000
1694224689993822214 72.540370 0.000000
1694224689994276847 72.409161 0.000000
1694224690066142182 72.391763 0.000000
1694224690356351744 72.278252 0.000000
1694224690645673008 72.387301 0.000000
1694224690717558069 72.281484 0.000000
1694224690790293727 72.354631 0.000000
1694224690935262415 72.549472 0.000000
1694224691079977525 72.302009 0.000000
1694224691151945924 72.252126 0.000000
1694224691296435665 72.418353 0.000000
1694224691368714283 72.354186 0.000000
1694224691513694756 72.351314 0.000000
1694224691513752916 72.526025 0.000000
1694224691731066426 72.577961 0.000000
1694224691803480727 72.498024 0.000000
1694224692310128603 72.422880 0.000000
1694224692671783098 72.494197 0.000000
1694224692672030405 72.460100 0.000000
1694224692816807661 72.381815 0.000000
1694224693178411701 72.319348 0.000000
1694224693323721977 72.526592 0.000000
1694224693396120030 72.399707 0.000000
1694224693612979494 72.425466 0.000000
1694224694119650139 72.439127 0.000000
1694224694336465047 72.443060 0.000000
1694224694698492213 72.358290 0.000000
1694224694698520198 72.261686 0.000000
1694224694770900605 72.371496 0.000000
1694224694843261326 72.397030 0.000000
1694224694915540455 72.291238 0.000000
1694224695132743252 72.489569 0.000000
1694224695132829109 72.504555 0.000000
1694224695784192177 72.331362 0.000000
1694224695784249903 72.382396 0.000000
1694224695856566319 72.311586 0.000000
1694224696000972122 72.447379 0.000000
1694224696073651304 72.308216 0.000000
1694224696435471551 72.379915 0.000000
1694224696507308303 72.262096 0.000000
1694224696507947715 72.408965 0.000000
1694224696508017950 72.355719 0.000000
1694224696797409792 72.222061 0.000000
1694224696869396278 72.524529 0.000000
1694224697159280807 72.363613 0.000000
1694224697375855529 72.272306 0.000000
1694224697447851378 72.327390 0.000000
1694224697520826598 72.451669 0.000000
1694224697593231025 72.434643 0.000000
1694224697593346288 72.451652 0.000000
1694224697665118325 72.305773 0.000000
1694224697955003988 72.330216 0.000000
1694224698027170833 72.405696 0.000000
1694224698172235097 72.430438 0.000000
1694224698751750142 72.439544 0.000000
1694224698969142901 72.523735 0.000000
1694224699041241581 72.389285 0.000000
1694224699114108384 72.462992 0.000000
1694224699186505570 72.506740 0.000000
1694224699403317079 72.344473 0.000000
1694224699982589344 72.599025 0.000000
1694224700272299724 72.496303 0.000000
1694224700417138618 72.307176 0.000000
1694224700706673160 72.369802 0.000000
1694224700707154920 72.451828 0.000000
1694224701069325307 72.494627 0.000000
1694224701141993848 72.637374 0.000000
1694224701359081509 72.344689 0.000000
1694224701359415295 72.491905 0.000000
1694224701576814262 72.465439 0.000000
1694224701793934965 72.372739 0.000000
1694224701939021289 72.414801 0.000000
1694224702083799490 72.428528 0.000000
1694224702083942878 72.713245 0.000000
1694224702735408449 72.359832 0.000000
1694224702879787625 72.575946 0.000000
1694224702880179649 72.421269 0.000000
1694224703459176973 72.387808 0.000000
1694224703820943440 72.436928 0.000000
1694224703821055806 72.302590 0.000000
1694224703893687382 72.505468 0.000000
1694224704255438975 72.286142 0.000000
1694224704327557590 72.346510 0.000000
1694224704979480578 72.414726 0.000000
1694224704979504914 72.420260 0.000000
1694224705196531774 72.391333 0.000000
1694224705414065701 72.350083 0.000000
1694224705848305061 72.633486 0.000000
1694224705992857224 72.247847 0.000000
1694224705993119889 72.471764 0.000000
1694224706137914947 72.342078 0.000000
1694224706354949568 72.306070 0.000000
1694224706499732308 72.435338 0.000000
1694224706644304798 72.582066 0.000000
1694224707006403260 72.391405 0.000000
1694224707006492775 72.419012 0.000000
1694224707658580840 72.519570 0.000000
1694224707948154772 72.409344 0.000000
1694224708382915327 72.491397 0.000000
1694224708599370621 72.315298 0.000000
1694224709033830550 72.429872 0.000000
1694224709033905124 72.439518 0.000000
1694224709178642568 72.512313 0.000000
1694224709613002257 72.292998 0.000000
1694224709830384949 72.604664 0.000000
1694224709975358902 72.503804 0.000000
1694224709975382179 72.485498 0.000000
1694224710047546199 72.294813 0.000000
1694224710192501229 72.333815 0.000000
1694224710554075234 72.426424 0.000000
1694224710554494144 72.282396 0.000000
1694224710698755220 72.333288 0.000000
1694224710916428438 72.455298 0.000000
1694224711205648592 72.393532 0.000000
1694224711278041091 72.251707 0.000000
1694224711495572538 72.336539 0.000000
1694224711567825648 72.335107 0.000000
1694224711639701702 72.380865 0.000000
1694224711711995758 72.460748 0.000000
1694224711784747832 72.406494 0.000000
1694224711857219388 72.464116 0.000000
1694224711857332421 72.298727 0.000000
1694224712074536922 72.429381 0.000000
1694224712146801025 72.387402 0.000000
1694224712509168148 72.559464 0.000000
1694224713015727738 72.361372 0.000000
1694224713087346063 72.357644 0.000000
1694224713159751227 72.394690 0.000000
1694224713232572719 72.298253 0.000000
1694224713305074112 72.522447 0.000000
1694224713377326683 72.230465 0.000000
1694224713449764541 72.358982 0.000000
1694224713594096236 72.408047 0.000000
1694224713666742326 72.577488 0.000000
1694224713666838820 72.589161 0.000000
1694224713811029481 72.356652 0.000000
1694224713956223226 72.721658 0.000000
1694224713956316224 72.457221 0.000000
1694224714028925424 72.474009 0.000000
1694224714752445523 72.357382 0.000000
1694224714897024934 72.495269 0.000000
1694224714897318196 72.471353 0.000000
1694224714969757690 72.430052 0.000000
1694224715476684600 72.555303 0.000000
1694224715766120235 72.539758 0.000000
1694224716200668574 72.440252 0.000000
1694224716417934814 72.335469 0.000000
1694224717069894026 72.418555 0.000000
1694224717359379275 72.421903 0.000000
1694224717431900086 72.480600 0.000000
1694224717504356134 72.466127 0.000000
1694224717504474624 72.614597 0.000000
1694224717577027793 72.546754 0.000000
1694224717721710517 72.553459 0.000000
1694224717938843916 72.456729 0.000000
1694224718011671935 72.779610 0.000000
1694224718228694532 72.513061 0.000000
1694224718517926252 72.372703 0.000000
1694224719098108738 72.935851 0.000000
1694224719314855872 72.321761 0.000000
1694224719531841866 72.364395 0.000000
1694224720038891425 72.413161 0.000000
1694224720183904408 72.610470 0.000000
1694224720184052364 72.560171 0.000000
1694224720690738767 72.396785 0.000000
1694224720835481245 72.503300 0.000000
1694224720980088146 72.439271 0.000000
1694224721052682393 72.273601 0.000000
1694224721269983260 72.292979 0.000000
1694224721487435487 72.529385 0.000000
1694224721559643699 72.317328 0.000000
1694224721777426050 72.434649 0.000000
1694224722138409652 72.428467 0.000000
1694224722210924786 72.394820 0.000000
1694224722500555424 72.336698 0.000000
1694224722717293782 72.384451 0.000000
1694224722717474392 72.306250 0.000000
1694224722934588207 72.450211 0.000000
1694224723079174661 72.351246 0.000000
1694224723224054742 72.233752 0.000000
1694224723441178031 72.361426 0.000000
1694224723441220494 72.343667 0.000000
1694224723513701508 72.560902 0.000000
1694224723658339755 72.421478 0.000000
1694224723803159469 72.666362 0.000000
1694224724020261141 72.428578 0.000000
1694224724020338635 72.292871 0.000000
1694224724092688867 72.241209 0.000000
1694224724309890916 72.394941 0.000000
1694224724672103806 72.295630 0.000000
1694224724744335266 72.405220 0.000000
1694224725396091572 72.404586 0.000000
1694224725903138041 72.214194 0.000000
1694224725975618207 72.429079 0.000000
1694224726047764533 72.380244 0.000000
1694224726337811154 72.368835 0.000000
1694224726482751281 72.418837 0.000000
1694224726482824725 72.334398 0.000000
1694224727713791399 72.362586 0.000000
1694224727930707137 72.297191 0.000000
1694224728003597340 72.668642 0.000000
1694224728075910153 72.403473 0.000000
1694224728292777982 72.338295 0.000000
1694224728292944849 72.296464 0.000000
1694224728438041482 72.428560 0.000000
1694224728510516146 72.453525 0.000000
1694224728582633716 72.430037 0.000000
1694224728582868559 72.324427 0.000000
1694224728654728612 72.333499 0.000000
1694224728944522280 72.285026 0.000000
1694224729813354536 72.373617 0.000000
1694224729885984265 72.277136 0.000000
1694224730030967393 72.400407 0.000000
1694224730175701730 72.225761 0.000000
1694224730537449975 72.270064 0.000000
1694224730754232442 72.616800 0.000000
1694224731622728281 72.387273 0.000000
1694224731984895239 72.612620 0.000000
1694224732129224970 72.526426 0.000000
1694224732853249383 72.437607 0.000000
1694224733215245661 72.348478 0.000000
1694224733577236534 72.516136 0.000000
1694224733649410355 72.289562 0.000000
1694224734011157023 72.361193 0.000000
1694224734012166100 72.503788 0.000000
1694224734663344772 72.429702 0.000000
1694224735893349005 72.312944 0.000000
1694224735965264495 72.326117 0.000000
1694224736182166614 72.455978 0.000000
1694224736471768786 72.368872 0.000000
1694224736543793062 72.329829 0.000000
1694224736544330136 72.649159 0.000000
1694224736689127047 72.389133 0.000000
1694224737123015496 72.279028 0.000000
1694224737557651272 72.459342 0.000000
1694224738136656776 72.258719 0.000000
1694224738570716003 72.341800 0.000000
1694224739222281054 72.319631 0.000000
1694224739511703217 72.340755 0.000000
1694224739512185629 72.294653 0.000000
1694224740162857877 72.460323 0.000000
1694224740307169787 72.240752 0.000000
1694224740379707447 72.436473 0.000000
1694224740451715615 72.361378 0.000000
1694224740741180213 72.244927 0.000000
1694224740885917853 72.366605 0.000000
1694224740886208950 72.598555 0.000000
1694224740886246252 72.638480 0.000000
1694224741031100043 72.447172 0.000000
1694224741537555311 72.371757 0.000000
1694224741754562876 72.373596 0.000000
1694224742116897153 72.420007 0.000000
1694224743636787655 72.438278 0.000000
1694224743781448341 72.594913 0.000000
1694224744070772522 72.387742 0.000000
1694224744360430588 72.523615 0.000000
1694224744505138075 72.404904 0.000000
1694224744866730369 72.331295 0.000000
1694224744939609121 72.537950 0.000000
1694224745084280968 72.284820 0.000000
1694224745228398908 72.321059 0.000000
1694224745517825784 72.425668 0.000000
1694224745517967801 72.210493 0.000000
1694224745951809589 72.486346 0.000000
1694224746530996627 72.426559 0.000000
1694224747037808829 72.318436 0.000000
1694224747182654501 72.343680 0.000000
1694224747254467702 72.341584 0.000000
1694224747906578963 72.357276 0.000000
1694224747978728633 72.359960 0.000000
1694224748556508181 72.401197 0.000000
1694224748556898860 72.181274 0.000000
1694224748701924250 72.264253 0.000000
1694224749426063230 72.299363 0.000000
1694224749498263477 72.260070 0.000000
1694224749570348974 72.333046 0.000000
1694224749642821802 72.384350 0.000000
1694224750004805189 72.460153 0.000000
1694224750585206035 72.497886 0.000000
1694224751816005634 72.334558 0.000000
1694224751961137086 72.374457 0.000000
1694224752175641111 72.293175 0.000000
1694224752612254716 72.334591 0.000000
1694224752684586813 72.379799 0.000000
1694224752829192166 72.295560 0.000000
1694224752829438735 72.267297 0.000000
1694224752901683401 72.229972 0.000000
1694224752971449053 72.431943 0.000000
1694224753044224544 72.763307 0.000000
1694224753408230577 72.343336 0.000000
1694224753769885202 72.529705 0.000000
1694224754275190805 72.378072 0.000000
1694224755000246016 72.506476 0.000000
1694224755216301179 72.379796 0.000000
1694224755433655769 72.453402 0.000000
1694224756158705081 72.509282 0.000000
1694224756376021800 72.447133 0.000000
1694224757317064930 72.504564 0.000000
1694224757606647785 72.518858 0.000000
1694224757751300565 72.362630 0.000000
1694224757895875139 72.313412 0.000000
1694224758040512917 72.256297 0.000000
1694224758040561745 72.507345 0.000000
1694224759487709770 72.381547 0.000000
1694224759921585343 72.570812 0.000000
1694224760066251953 72.302627 0.000000
1694224760862449486 72.299268 0.000000
1694224761151716482 72.344183 0.000000
1694224761585961266 72.393558 0.000000
1694224761730582386 72.318569 0.000000
1694224761803064043 72.375601 0.000000
1694224762092394462 72.267339 0.000000
1694224762236952960 72.294934 0.000000
1694224762381643127 72.344977 0.000000
1694224763033235946 72.314973 0.000000
1694224763177647358 72.436967 0.000000
1694224763539829023 72.294537 0.000000
1694224763684419465 72.300054 0.000000
1694224763829195064 72.375668 0.000000
1694224764191025657 72.320011 0.000000
1694224764924977856 72.345921 0.000000
1694224765004569147 79.520160 0.000000
1694224765828897481 80.557091 0.000000
1694224766071073810 80.661835 0.000000
1694224766439012593 72.536831 0.000000
1694224768249560792 72.542150 0.000000
1694224768466690530 72.324704 0.000000
1694224768611028050 72.259636 0.000000
1694224769044775761 72.330623 0.000000
1694224769117071051 72.276103 0.000000
1694224770274926851 72.322135 0.000000
1694224770781660089 72.288027 0.000000
1694224770926313293 72.500343 0.000000
1694224770998752607 72.420252 0.000000
1694224771143369422 72.500307 0.000000
1694224771867732880 72.601907 0.000000
1694224772229803722 72.704991 0.000000
1694224772736195445 72.300646 0.000000
1694224774184176135 72.347666 0.000000
1694224774618288420 72.232944 0.000000
1694224774690609068 72.306230 0.000000
1694224775703734038 72.489065 0.000000
1694224775703778752 72.448335 0.000000
1694224776572620990 72.658748 0.000000
1694224776645148714 72.420556 0.000000
1694224776789829166 72.372854 0.000000
1694224777513742495 72.288667 0.000000
1694224777730691561 72.287322 0.000000
1694224777875381598 72.338898 0.000000
1694224779467627681 72.351650 0.000000
1694224780119616569 72.504145 0.000000
1694224780407939838 72.228294 0.000000
1694224780914785185 72.290405 0.000000
1694224781132251992 72.369097 0.000000
1694224781421279135 72.360405 0.000000
1694224781493597687 72.303086 0.000000
1694224781565394267 72.468712 0.000000
1694224781999686012 72.277172 0.000000
1694224782361515914 72.392488 0.000000
1694224782434363786 72.405046 0.000000
1694224784243943087 72.339871 0.000000
1694224784389357498 72.352945 0.000000
1694224784460861202 72.308997 0.000000
1694224784461674939 72.310041 0.000000
1694224784605300473 72.255972 0.000000
1694224784678618305 72.336007 0.000000
1694224784750248748 72.428848 0.000000
1694224785474366220 72.383762 0.000000
1694224787283428171 72.352773 0.000000
1694224787935108870 72.469536 0.000000
1694224788442655603 72.435028 0.000000
1694224789672995514 72.344072 0.000000
1694224790106342633 72.329202 0.000000
1694224790830241653 72.362630 0.000000
1694224790903747816 72.425492 0.000000
1694224791554088637 72.288953 0.000000
1694224791843780718 72.387404 0.000000
1694224791989369520 72.378886 0.000000
1694224792279070223 72.375053 0.000000
1694224792711928105 72.326830 0.000000
1694224792856879873 72.402320 0.000000
1694224793580876294 72.292572 0.000000
1694224793725584787 72.313930 0.000000
1694224793798077443 72.406867 0.000000
1694224794304645564 72.390095 0.000000
1694224794739159222 72.709597 0.000000
1694224795173689836 72.315257 0.000000
1694224795390705146 72.410263 0.000000
1694224795752362335 72.320715 0.000000
1694224796765861242 72.372889 0.000000
1694224796982543896 72.274152 0.000000
1694224797778958176 72.422615 0.000000
1694224798068265080 72.396781 0.000000
1694224798285220381 72.332775 0.000000
1694224798863924928 72.331676 0.000000
1694224799226350098 72.409840 0.000000
1694224799443519834 72.432072 0.000000
1694224800457292030 72.239416 0.000000
1694224800673981145 72.253485 0.000000
1694224800891256391 72.431615 0.000000
1694224801614675763 72.387601 0.000000
1694224803206310371 72.475482 0.000000
1694224803278984350 72.473393 0.000000
1694224806390736877 72.345630 0.000000
1694224808634253118 72.522477 0.000000
1694224809792654796 72.541999 0.000000
1694224810589390106 72.325212 0.000000
1694224815004938556 72.452570 0.000000
1694224815438772342 72.250909 0.000000
1694224816451884166 72.407729 0.000000
1694224818694967963 72.312310 0.000000
1694224818912100021 72.408744 0.000000
1694224819780421986 72.388336 0.000000
1694224820069567373 72.258963 0.000000
1694224821662225083 72.456735 0.000000
