1694263142037875047 146.881670 107.464490 107 16 0.000000
1694263143043520138 155.132706 101.427422 102 16 0.000000
1694263144034760255 156.429302 104.919085 104 16 0.000000
1694263145044934307 156.273727 102.952547 104 16 0.000000
1694263146042127702 153.653518 103.289895 103 16 0.000000
1694263147042916599 156.861773 102.918820 103 16 0.000000
1694263148040007775 155.756022 101.294628 101 16 0.000000
1694263149036075384 148.751779 107.422452 107 16 0.000000
1694263150051502729 155.808078 103.404739 105 16 0.000000
1694263151053136395 145.100627 111.817313 112 16 0.000000
1694263152044608115 155.678237 98.842970 98 16 0.000000
1694263153052530380 164.339138 99.213989 100 16 0.000000
1694263154051670980 146.410320 111.095477 111 16 0.000000
1694263155056007573 146.872694 106.537988 107 16 0.000000
1694263156053566164 145.590986 111.271660 111 16 0.000000
1694263157048574646 152.017344 104.521719 104 16 0.000000
1694263158057703977 154.657460 103.059141 104 16 0.000000
1694263159056278955 158.584405 102.145566 102 16 0.000000
1694263160054244934 150.135980 107.218073 107 16 0.000000
1694263161058720322 155.555372 103.536639 104 16 0.000000
1694263162060572211 154.200973 102.809606 103 16 0.000000
1694263163058922671 150.935207 104.171848 104 16 0.000000
1694263164069552050 152.068305 105.874608 107 16 0.000000
1694263165059872401 154.684166 101.987197 101 16 0.000000
1694263166049308126 151.303472 110.163801 109 16 0.000000
1694263167064777301 144.396967 108.324330 110 16 0.000000
1694263168062925866 157.621198 99.183615 99 16 0.000000
1694263169075250887 149.394649 109.648586 111 16 0.000000
1694263170046942058 150.768195 106.000767 103 16 0.000000
1694263171053354217 146.571919 109.299142 110 16 0.000000
1694263172077363804 155.306848 104.491208 107 16 0.000000
1694263173073399309 147.759017 107.425890 107 16 0.000000
1694263174079473150 142.802832 111.323848 112 16 0.000000
1694263175080661575 154.356095 102.877741 103 16 0.000000
1694263176050214160 151.662348 106.234550 103 16 0.000000
1694263177066095735 146.935701 108.280349 110 16 0.000000
1694263178082564694 148.086486 108.217762 110 16 0.000000
1694263179088698219 147.238768 110.323341 111 16 0.000000
1694263180068535464 141.478388 111.242945 109 16 0.000000
1694263181083773039 149.607407 106.379043 108 16 0.000000
1694263182050010640 147.726112 110.738816 107 16 0.000000
1694263183085079747 154.517338 102.408621 106 16 0.000000
1694263184083917068 155.067612 106.123380 106 16 0.000000
1694263185090201665 158.548482 98.381725 99 16 0.000000
1694263186087259190 152.662402 101.298052 101 16 0.000000
1694263187095086280 154.475425 106.169006 107 16 0.000000
1694263188072385976 145.680195 108.462141 106 16 0.000000
1694263189088639038 153.967428 102.336708 104 16 0.000000
1694263190085163567 157.144126 104.362702 104 16 0.000000
1694263191100896422 150.572054 109.280699 111 16 0.000000
1694263192073579929 144.403977 107.948797 105 16 0.000000
1694263193089443999 155.820226 103.360273 105 16 0.000000
1694263194104946558 149.101545 107.336017 109 16 0.000000
1694263195101366510 155.607530 101.362893 101 16 0.000000
1694263196108446976 156.719427 102.275841 103 16 0.000000
1694263197103381648 145.595820 111.565120 111 16 0.000000
1694263198111523036 154.204057 102.168193 103 16 0.000000
1694263199110134451 160.030946 99.137658 99 16 0.000000
1694263200088966481 155.091740 105.227452 103 16 0.000000
1694263201095893370 149.269450 108.250160 109 16 0.000000
1694263202111477575 152.406035 105.358088 107 16 0.000000
1694263203116820660 144.980854 105.436639 106 16 0.000000
1694263204097674709 147.242660 110.108130 108 16 0.000000
1694263205114653722 145.447456 110.130094 112 16 0.000000
1694263206108040992 161.519909 99.659035 99 16 0.000000
1694263207106527005 149.859985 106.160711 106 16 0.000000
1694263208122123842 152.486114 106.341424 108 16 0.000000
1694263209126393592 151.793655 103.557831 104 16 0.000000
1694263210124607998 153.456173 103.184236 103 16 0.000000
1694263211117770700 154.671279 104.715980 104 16 0.000000
1694263212127579541 150.647029 106.950928 108 16 0.000000
1694263213108679563 152.896161 106.003478 104 16 0.000000
1694263214124536454 156.498929 101.392218 103 16 0.000000
1694263215131342286 153.025390 104.290218 105 16 0.000000
1694263216128699953 153.896242 102.270229 102 16 0.000000
1694263217120145983 153.326081 106.914546 106 16 0.000000
1694263218134858488 157.412011 101.506584 103 16 0.000000
1694263219111827105 147.920174 107.475305 105 16 0.000000
1694263220136520724 156.769173 101.493752 104 16 0.000000
1694263221133311686 154.860645 104.334823 104 16 0.000000
1694263222142781628 145.699842 107.977460 109 16 0.000000
1694263223122376762 147.070873 112.291295 110 16 0.000000
1694263224137913156 151.451947 103.393621 105 16 0.000000
1694263225133175825 146.228688 110.523583 110 16 0.000000
1694263226139147997 156.788961 101.394459 102 16 0.000000
1694263227136151339 148.965967 108.324608 108 16 0.000000
1694263228146346535 150.326230 105.920138 107 16 0.000000
1694263229142320185 146.691769 107.432549 107 16 0.000000
1694263230140005676 153.463549 103.238950 103 16 0.000000
1694263231147502178 153.321265 105.211282 106 16 0.000000
1694263232152102631 159.138981 101.532900 102 16 0.000000
1694263233150115544 157.146240 100.199107 100 16 0.000000
1694263234155778096 152.077080 106.397515 107 16 0.000000
1694263235144298204 149.660866 106.219390 105 16 0.000000
1694263236159568018 148.412136 107.360622 109 16 0.000000
1694263237159139832 141.858194 116.049705 116 16 0.000000
1694263238162274553 143.426256 106.665617 107 16 0.000000
1694263239153256370 157.049286 103.937330 103 16 0.000000
1694263240150909323 148.582198 110.258785 110 16 0.000000
1694263241129768279 143.987688 110.332543 108 16 0.000000
1694263242164301562 157.582661 101.495054 105 16 0.000000
1694263243166109598 146.701528 105.808699 106 16 0.000000
1694263244169376321 154.065103 104.658108 105 16 0.000000
1694263245158981802 148.432480 108.123881 107 16 0.000000
1694263246154152609 150.156706 107.519231 107 16 0.000000
1694263247171130465 148.422827 107.180316 109 16 0.000000
1694263248167498996 153.900827 105.382697 105 16 0.000000
1694263249165267700 151.427554 105.234815 105 16 0.000000
1694263250172146421 144.916133 108.255325 109 16 0.000000
1694263251174947816 155.370479 103.709472 104 15 0.000000
1694263252176482060 144.247992 110.829956 111 16 0.000000
1694263253174341914 139.311659 118.253080 118 16 0.000000
1694263254178246262 151.318717 102.599416 103 16 0.000000
1694263255178727039 150.710381 104.949546 105 16 0.000000
1694263256183630243 141.921341 113.443758 114 16 0.000000
1694263257181948524 156.185448 103.173509 103 16 0.000000
1694263258185206263 150.367367 104.659048 105 16 0.000000
1694263259176649935 154.483149 104.897535 104 16 0.000000
1694263260174177354 149.595989 110.272660 110 16 0.000000
1694263261190030694 147.582211 105.330163 107 16 0.000000
1694263262173232068 152.087104 103.742738 102 16 0.000000
1694263263184245281 155.112565 103.856207 105 16 0.000000
1694263264189363362 154.559766 102.475525 103 16 0.000000
1694263265182313893 138.445190 117.830656 117 16 0.000000
1694263266196474158 154.072404 103.533936 105 16 0.000000
1694263267192608977 158.149100 101.391897 101 16 0.000000
1694263268195681064 148.595504 106.672280 107 16 0.000000
1694263269187381354 154.932188 105.878772 105 16 0.000000
1694263270192201106 143.940772 110.467563 111 15 0.000000
1694263271202963445 152.507259 106.850057 108 16 0.000000
1694263272203934464 147.738161 104.898128 105 16 0.000000
1694263273197874395 143.256128 111.676773 111 15 0.000000
1694263274199290231 141.400605 112.840241 113 16 0.000000
1694263275191781007 144.401161 110.832276 110 16 0.000000
1694263276207292857 147.572089 111.273913 113 16 0.000000
1694263277205477363 141.429765 111.201889 111 16 0.000000
1694263278202677676 160.354689 98.275154 98 16 0.000000
1694263279187121133 143.841491 114.785651 113 16 0.000000
1694263280213993304 138.027470 112.964404 116 16 0.000000
1694263281182029583 150.734495 107.433988 104 16 0.000000
1694263282197922241 144.647982 111.232238 113 16 0.000000
1694263283213819559 150.967726 106.309949 108 16 0.000000
1694263284205203293 147.903933 107.929955 107 16 0.000000
1694263285214336796 144.258655 109.995353 111 16 0.000000
1694263286180781300 143.293542 111.749834 108 16 0.000000
1694263287216707825 149.933344 105.219816 109 16 0.000000
1694263288211948811 156.704532 105.502087 105 16 0.000000
1694263289214425397 142.708572 109.728247 110 16 0.000000
1694263290208608020 137.325008 115.672899 115 16 0.000000
1694263291218243251 143.813106 110.931153 112 16 0.000000
1694263292228476269 154.372762 104.926304 106 16 0.000000
1694263293221557888 151.926094 106.738454 106 16 0.000000
1694263294218816829 146.341901 106.291338 106 16 0.000000
1694263295231340632 155.838955 103.701266 105 16 0.000000
1694263296229651267 149.151209 106.179378 106 16 0.000000
1694263297227226219 146.041385 109.264968 109 16 0.000000
1694263298231631723 144.903964 110.513137 111 16 0.000000
1694263299223684160 153.325666 106.849187 106 16 0.000000
1694263300236904726 153.193204 103.629969 105 16 0.000000
1694263301236887346 151.263791 105.001825 105 16 0.000000
1694263302232733918 151.089699 105.437913 105 16 0.000000
1694263303219853624 153.608777 105.357032 104 16 0.000000
1694263304236182067 156.227648 100.361272 102 16 0.000000
1694263305244289917 154.803668 106.139420 107 16 0.000000
1694263306240326026 148.090059 108.429813 108 16 0.000000
1694263307238482358 152.307797 105.193952 105 16 0.000000
1694263308235701828 149.909728 102.284384 102 16 0.000000
1694263309233578879 155.369269 104.221260 104 16 0.000000
