1695149217709274599 144.483611 0.000000
1695149218506303666 144.523909 0.000000
1695149219156959499 144.572664 0.000000
1695149219302430537 144.574778 0.000000
1695149219519727744 144.750908 0.000000
1695149219737340298 144.842318 0.000000
1695149220677288703 144.797425 0.000000
1695149221401671715 144.673475 0.000000
1695149221835789819 144.463986 0.000000
1695149221980261865 144.636328 0.000000
1695149222631513121 144.482933 0.000000
1695149223137961002 144.535953 0.000000
1695149223643824815 144.606869 0.000000
1695149224440499083 144.607493 0.000000
1695149224874202986 144.561277 0.000000
1695149226032715299 144.361638 0.000000
1695149227407835984 144.912543 0.000000
1695149227769757525 144.546932 0.000000
1695149228492691785 144.736686 0.000000
1695149229072342283 144.463085 0.000000
1695149229362195508 144.857243 0.000000
1695149229434961500 144.891521 0.000000
1695149230304215567 144.517195 0.000000
1695149231100030303 144.433507 0.000000
1695149232692264984 144.555684 0.000000
1695149232763757412 144.483260 0.000000
1695149233488307539 144.649632 0.000000
1695149233560928306 144.654999 0.000000
1695149234067312567 144.459442 0.000000
1695149234428513152 144.590636 0.000000
1695149234429046910 144.538601 0.000000
1695149235080213480 144.486068 0.000000
1695149235152426444 144.991306 0.000000
1695149235514015775 144.506717 0.000000
1695149236165657372 144.830027 0.000000
1695149237033723799 144.607812 0.000000
1695149237468723216 144.679608 0.000000
1695149237830067907 144.447665 0.000000
1695149237902179854 144.494681 0.000000
1695149238915594373 145.740066 0.000000
1695149239277303058 144.631471 0.000000
1695149239350301245 144.713144 0.000000
1695149240363645615 144.479631 0.000000
1695149240653791894 144.486251 0.000000
1695149240798445403 144.972454 0.000000
1695149240942751964 144.574353 0.000000
1695149241738706053 144.735987 0.000000
1695149241739551184 144.643471 0.000000
1695149241811948048 144.604517 0.000000
1695149242824615157 144.659994 0.000000
1695149243765631118 144.827172 0.000000
1695149244127107181 144.584263 0.000000
1695149244923715707 144.644166 0.000000
1695149245213222074 144.477145 0.000000
1695149245285786545 144.545629 0.000000
1695149245720387846 144.512923 0.000000
1695149246298514234 144.487325 0.000000
1695149247239744515 145.099493 0.000000
1695149247456677168 144.562422 0.000000
1695149247674182505 144.612904 0.000000
1695149247746399908 144.651649 0.000000
1695149247746745440 144.448751 0.000000
1695149248253189535 144.690883 0.000000
1695149248759872549 144.398852 0.000000
1695149248832854168 144.485998 0.000000
1695149248976987802 144.448723 0.000000
1695149251654928739 144.721427 0.000000
1695149252812928091 144.758826 0.000000
1695149253102640611 144.501357 0.000000
1695149253609666868 144.730854 0.000000
1695149254261115817 144.432358 0.000000
1695149254478421687 144.656507 0.000000
1695149254695305429 144.746635 0.000000
1695149255492724616 145.192285 0.000000
1695149255492751183 145.190505 0.000000
1695149255637852466 144.792207 0.000000
1695149256939843353 144.565490 0.000000
1695149258387754426 144.460606 0.000000
1695149258459597248 144.938711 0.000000
1695149258821265105 144.563949 0.000000
1695149259183845545 144.648649 0.000000
1695149259473129810 144.685172 0.000000
1695149259689668102 144.505069 0.000000
1695149261065557923 144.537419 0.000000
1695149261788567409 144.588848 0.000000
1695149262150039635 144.621493 0.000000
1695149263814108574 144.582121 0.000000
1695149263959459890 144.565244 0.000000
1695149264465961951 144.397779 0.000000
1695149264972603673 144.925423 0.000000
1695149265261878982 144.725818 0.000000
1695149265262375370 144.534685 0.000000
1695149265624587317 144.632635 0.000000
1695149266348724998 144.841517 0.000000
1695149266711112583 144.674427 0.000000
1695149267362187918 144.538755 0.000000
1695149267941085890 144.457670 0.000000
1695149268158002116 144.449743 0.000000
1695149268447253646 144.532185 0.000000
1695149268736833211 144.470157 0.000000
1695149269967743845 144.606917 0.000000
1695149270185039107 144.852297 0.000000
1695149270691660718 144.600985 0.000000
1695149271053946344 144.425775 0.000000
1695149272211100615 144.500666 0.000000
1695149272645635567 144.795811 0.000000
1695149273297853915 144.565872 0.000000
1695149273442521516 144.383420 0.000000
1695149274455232414 144.404246 0.000000
1695149275252239081 144.580360 0.000000
1695149275830742465 144.807274 0.000000
1695149275830952907 144.840041 0.000000
1695149276192533860 144.577369 0.000000
1695149276193064996 144.588709 0.000000
1695149276337118178 144.566751 0.000000
1695149276698548478 144.566745 0.000000
1695149278146283775 144.484719 0.000000
1695149278362538984 144.558206 0.000000
1695149279449692301 144.771402 0.000000
1695149279738746955 144.484985 0.000000
1695149279956051698 145.053713 0.000000
1695149280101143372 144.898400 0.000000
1695149281693683131 144.652836 0.000000
1695149282055481259 144.487358 0.000000
1695149282489613914 144.901776 0.000000
1695149282851591764 144.759867 0.000000
1695149283069089801 144.578586 0.000000
1695149283503578744 144.977450 0.000000
1695149283720735240 144.697335 0.000000
1695149284878459619 144.453157 0.000000
1695149285168273396 144.874367 0.000000
1695149286615685098 144.603548 0.000000
1695149288063821078 144.603233 0.000000
1695149288497799948 144.654840 0.000000
1695149288932437430 144.447144 0.000000
1695149289656156542 144.790531 0.000000
1695149289872846259 144.688411 0.000000
1695149290451447407 144.586318 0.000000
1695149290741702325 144.469531 0.000000
1695149291538450849 144.915397 0.000000
1695149291610662033 145.179169 0.000000
1695149291683266912 144.700939 0.000000
1695149292118226999 144.504106 0.000000
1695149292480211605 144.665176 0.000000
1695149294725404423 144.647861 0.000000
1695149295304246027 144.901707 0.000000
1695149296607400192 144.507583 0.000000
1695149296824840704 144.476548 0.000000
1695149297187383632 144.685794 0.000000
1695149297404746886 144.838965 0.000000
1695149297548432932 144.493403 0.000000
1695149298055676920 144.402900 0.000000
1695149299069028975 144.551578 0.000000
1695149299285766988 144.778281 0.000000
1695149299359223686 144.477067 0.000000
1695149299431367877 145.251302 0.000000
1695149300805775622 144.613234 0.000000
1695149301023626501 144.568880 0.000000
1695149301818816686 144.798952 0.000000
1695149302398104059 144.529369 0.000000
1695149303483788167 144.415903 0.000000
1695149303556288516 144.451559 0.000000
1695149303628555970 144.525343 0.000000
1695149303772952843 144.754508 0.000000
1695149305943401244 144.763176 0.000000
1695149306016012759 144.353289 0.000000
1695149306666816657 144.674602 0.000000
1695149306811567324 144.541608 0.000000
1695149307680277952 144.522322 0.000000
1695149307970206999 144.540603 0.000000
1695149307970437702 144.540348 0.000000
1695149308331628793 144.500208 0.000000
1695149308766166494 144.448026 0.000000
1695149308837644131 144.485688 0.000000
1695149308910606087 144.531931 0.000000
1695149311659855863 144.414709 0.000000
1695149311804437959 144.459412 0.000000
1695149311876968667 144.748871 0.000000
1695149312021736324 144.852924 0.000000
1695149312094345840 144.525899 0.000000
1695149312238508746 144.443581 0.000000
1695149313468745930 144.514689 0.000000
1695149313758236725 144.574154 0.000000
1695149314843279000 144.464700 0.000000
1695149314916512444 144.669746 0.000000
1695149315495671473 144.443456 0.000000
1695149316363407546 144.879835 0.000000
1695149316725601006 144.666139 0.000000
1695149317376886091 144.663642 0.000000
1695149317449099337 144.430781 0.000000
1695149319114430272 144.527797 0.000000
1695149319331379444 144.856752 0.000000
1695149319331437011 144.645896 0.000000
1695149321069449902 144.506013 0.000000
1695149321212626556 144.559060 0.000000
1695149321574554072 144.572174 0.000000
1695149321791254564 144.662623 0.000000
1695149321791253701 144.603339 0.000000
1695149321791666757 144.518539 0.000000
1695149322442902140 144.494325 0.000000
1695149322876904219 144.404568 0.000000
1695149323744781234 144.451495 0.000000
1695149324034410348 144.553865 0.000000
1695149324107284718 144.820649 0.000000
1695149324251474255 144.568287 0.000000
1695149325047470573 144.720161 0.000000
1695149325192161446 144.659330 0.000000
1695149325915853042 144.611942 0.000000
1695149326205488972 144.402115 0.000000
1695149326566994361 144.624754 0.000000
1695149327507893608 144.655790 0.000000
1695149327580351943 144.575194 0.000000
1695149327652912393 144.679555 0.000000
1695149328524787326 144.522052 0.000000
1695149328597793209 144.577259 0.000000
1695149329537423188 144.526895 0.000000
1695149329827136545 144.527297 0.000000
1695149330260283197 144.528270 0.000000
1695149331852549206 144.634217 0.000000
1695149332431044481 144.449474 0.000000
1695149332431254185 144.561624 0.000000
1695149332575641110 144.587559 0.000000
1695149332721540493 144.499520 0.000000
1695149332793745328 144.429927 0.000000
1695149333878036693 144.731570 0.000000
1695149333950629754 144.565446 0.000000
1695149334746187188 144.537275 0.000000
1695149335397936681 144.454963 0.000000
1695149336194848466 144.609780 0.000000
1695149336267172559 144.433624 0.000000
1695149336555705960 144.450758 0.000000
1695149336700947715 144.726989 0.000000
1695149337279274927 144.718219 0.000000
1695149338148171045 144.427697 0.000000
1695149338219818096 144.613317 0.000000
1695149338582502992 144.916001 0.000000
1695149338654690830 144.738292 0.000000
1695149338798805432 144.628805 0.000000
1695149338870834429 144.707067 0.000000
1695149339305000383 144.849308 0.000000
1695149339522960481 144.609691 0.000000
1695149339594190669 144.521290 0.000000
1695149340753229315 144.798607 0.000000
1695149340898819608 144.889645 0.000000
1695149342418354955 144.370142 0.000000
1695149342924909088 144.617841 0.000000
1695149343865196703 144.807218 0.000000
1695149344227045097 144.499115 0.000000
1695149344516442577 144.557492 0.000000
1695149344734226902 144.712867 0.000000
1695149344878172005 144.599110 0.000000
1695149345675172990 145.031959 0.000000
1695149346037349492 144.899848 0.000000
1695149346037478643 144.859113 0.000000
1695149346109369613 144.662653 0.000000
1695149346254488501 144.836144 0.000000
1695149347267694722 144.580970 0.000000
1695149347341038873 144.571658 0.000000
1695149347701847265 144.514134 0.000000
1695149348787999482 144.651949 0.000000
1695149349944378230 144.589745 0.000000
1695149350234226017 144.604711 0.000000
1695149350667664040 144.554101 0.000000
1695149350740247314 144.601285 0.000000
1695149351174999179 144.606748 0.000000
1695149352333571293 144.621965 0.000000
1695149352550892802 144.461654 0.000000
1695149352984660603 144.736501 0.000000
1695149353853475470 144.647422 0.000000
1695149354070570179 144.636517 0.000000
1695149354142767646 144.608442 0.000000
1695149354360047475 144.874697 0.000000
1695149354504735849 144.679109 0.000000
1695149354578011124 144.669169 0.000000
1695149354650209520 144.484248 0.000000
1695149354721969388 144.641378 0.000000
1695149355952600939 144.591528 0.000000
1695149356603246747 144.591301 0.000000
1695149357689380378 144.618821 0.000000
1695149358122858765 144.728584 0.000000
1695149358918591872 144.801354 0.000000
1695149359280832578 144.678093 0.000000
1695149359280949674 144.632523 0.000000
1695149359425287727 144.563676 0.000000
1695149359425969488 144.505412 0.000000
1695149361018129518 144.463457 0.000000
1695149361597682646 144.580946 0.000000
1695149361814640906 144.885522 0.000000
1695149362249258163 144.433371 0.000000
1695149362465973232 144.909612 0.000000
1695149363261963743 144.610442 0.000000
1695149364058562524 144.515034 0.000000
1695149364130589424 144.759769 0.000000
1695149364275963475 144.802502 0.000000
1695149364275980522 144.659347 0.000000
1695149364347497915 144.596262 0.000000
1695149364854051529 144.490310 0.000000
1695149365288753999 144.843102 0.000000
1695149366952519544 144.506378 0.000000
1695149367241829448 144.472194 0.000000
1695149367675740097 144.645327 0.000000
1695149368037646942 144.603537 0.000000
1695149369266800656 144.544628 0.000000
1695149369411963887 145.053522 0.000000
1695149369556838427 144.824766 0.000000
1695149369702471158 144.676592 0.000000
1695149371077120647 144.560327 0.000000
1695149371439485162 144.854769 0.000000
1695149371729240328 144.821868 0.000000
1695149372308148894 144.422231 0.000000
1695149372451937121 144.464979 0.000000
1695149372742279795 144.505051 0.000000
1695149374334199765 144.545152 0.000000
1695149374406364411 144.504598 0.000000
1695149374840088267 144.742627 0.000000
1695149376142524143 144.564896 0.000000
1695149376504683624 144.619719 0.000000
1695149376794187086 144.748321 0.000000
1695149377300363671 144.500383 0.000000
1695149377662828479 144.600792 0.000000
1695149377735241943 144.639690 0.000000
1695149378097040346 144.518134 0.000000
1695149379182599460 144.482627 0.000000
1695149379761916572 144.753419 0.000000
1695149379979610284 144.750809 0.000000
1695149380775866754 144.766145 0.000000
1695149380993547986 144.903330 0.000000
1695149380993661731 144.889765 0.000000
1695149381282332808 144.549975 0.000000
1695149381716639668 144.917934 0.000000
1695149382079375605 144.559063 0.000000
1695149383019860191 144.497900 0.000000
