1695149217275726255 144.713057 0.000000
1695149217275767050 144.844268 0.000000
1695149217420951723 144.670437 0.000000
1695149217492966722 144.512509 0.000000
1695149217565708404 144.636197 0.000000
1695149217637289493 144.498008 0.000000
1695149217999224498 144.392245 0.000000
1695149218071401943 144.551939 0.000000
1695149218071812531 144.462240 0.000000
1695149218143508965 144.465888 0.000000
1695149218216022658 144.477065 0.000000
1695149218217184784 144.544740 0.000000
1695149218360895140 144.437436 0.000000
1695149218396946147 144.733677 0.000000
1695149218578655112 144.433910 0.000000
1695149218651004744 144.438949 0.000000
1695149218795355543 144.881381 0.000000
1695149218795384046 144.647202 0.000000
1695149219012319424 144.574735 0.000000
1695149219012341516 144.546899 0.000000
1695149219085395772 144.480823 0.000000
1695149219302654109 144.501541 0.000000
1695149219337654654 144.464104 0.000000
1695149219375127113 144.701633 0.000000
1695149219446914768 144.912429 0.000000
1695149219519708574 145.015681 0.000000
1695149219664865369 144.819095 0.000000
1695149219954696030 144.628420 0.000000
1695149220099119212 144.456384 0.000000
1695149220423868102 144.488498 0.000000
1695149220532683622 144.512308 0.000000
1695149220532734760 144.555299 0.000000
1695149220532881892 144.479532 0.000000
1695149220605315869 144.703159 0.000000
1695149220677709769 144.576406 0.000000
1695149220822445287 144.765475 0.000000
1695149220823110117 144.691086 0.000000
1695149220858331388 144.590645 0.000000
1695149221003221678 144.871405 0.000000
1695149221364927131 144.536255 0.000000
1695149221546163212 144.631984 0.000000
1695149221763477887 144.691115 0.000000
1695149221763692276 144.732420 0.000000
1695149221835987997 144.574371 0.000000
1695149221980773041 144.567271 0.000000
1695149222125082925 144.564010 0.000000
1695149222197066170 144.486162 0.000000
1695149222341598358 144.516999 0.000000
1695149222704077916 144.494161 0.000000
1695149222776610592 144.793567 0.000000
1695149222776666236 144.463579 0.000000
1695149222884360135 144.512419 0.000000
1695149223282352997 144.547234 0.000000
1695149223283496416 144.478261 0.000000
1695149223318380038 144.470845 0.000000
1695149223462810285 144.420927 0.000000
1695149223500514804 144.590987 0.000000
1695149223644240997 144.554948 0.000000
1695149223752357501 144.705228 0.000000
1695149223934655919 144.696000 0.000000
1695149224006878615 144.473094 0.000000
1695149224295391615 144.481748 0.000000
1695149224440130647 144.451558 0.000000
1695149224513171211 144.459939 0.000000
1695149224585480891 144.504459 0.000000
1695149224729456259 144.502751 0.000000
1695149224802352689 144.574345 0.000000
1695149224874312882 144.503923 0.000000
1695149225417186517 144.520542 0.000000
1695149225742781287 144.522088 0.000000
1695149225996012361 144.618390 0.000000
1695149226032103101 144.577489 0.000000
1695149226104548371 144.420375 0.000000
1695149226249536197 144.972963 0.000000
1695149226249574533 145.109994 0.000000
1695149226394759723 144.831330 0.000000
1695149226683755381 144.478283 0.000000
1695149226684424869 144.579437 0.000000
1695149226684613931 144.730047 0.000000
1695149226900563295 144.527638 0.000000
1695149226973945030 144.541166 0.000000
1695149227118620326 144.558919 0.000000
1695149227335045158 144.606692 0.000000
1695149227552422627 144.813389 0.000000
1695149227624719646 144.645008 0.000000
1695149227697415870 144.636272 0.000000
1695149227805285568 144.523921 0.000000
1695149227986536526 144.497053 0.000000
1695149228059043777 144.402452 0.000000
1695149228059247435 144.449782 0.000000
1695149228276007882 144.590907 0.000000
1695149228348118429 144.652899 0.000000
1695149228348491676 144.717388 0.000000
1695149228348535829 144.478493 0.000000
1695149228420557426 144.539398 0.000000
1695149228637765492 144.464598 0.000000
1695149228638184131 144.540531 0.000000
1695149228709851068 144.638921 0.000000
1695149228709985760 144.546314 0.000000
1695149228782236676 144.597322 0.000000
1695149228782836778 144.470465 0.000000
1695149228818694275 144.583376 0.000000
1695149228927491528 144.745564 0.000000
1695149228927567362 144.668763 0.000000
1695149228999997262 144.435002 0.000000
1695149229072124701 145.085925 0.000000
1695149229217046511 144.881942 0.000000
1695149229217136800 145.005574 0.000000
1695149229398795592 145.513261 0.000000
1695149229507317926 144.990236 0.000000
1695149229579782622 144.600172 0.000000
1695149229580094271 144.585902 0.000000
1695149229580343392 144.730848 0.000000
1695149229652201770 144.505484 0.000000
1695149229688182688 144.696655 0.000000
1695149229724374099 144.692777 0.000000
1695149229797390490 144.607447 0.000000
1695149229869387259 144.820772 0.000000
1695149230014263104 144.743428 0.000000
1695149230014528107 144.715356 0.000000
1695149230159297773 144.720831 0.000000
1695149230159494006 144.856424 0.000000
1695149230231349458 144.405656 0.000000
1695149230448953038 144.542356 0.000000
1695149230665316682 144.571566 0.000000
1695149230665335258 144.538915 0.000000
1695149230738109036 144.570043 0.000000
1695149230738275482 144.767436 0.000000
1695149230955198248 144.529371 0.000000
1695149231027277383 144.508294 0.000000
1695149231027802698 144.741951 0.000000
1695149231027887534 144.474454 0.000000
1695149231244819435 144.446706 0.000000
1695149231317121250 144.619688 0.000000
1695149231534121227 144.650326 0.000000
1695149231606682719 144.763530 0.000000
1695149231859406565 144.499256 0.000000
1695149232040494324 144.401438 0.000000
1695149232113047161 144.468842 0.000000
1695149232113174200 144.463317 0.000000
1695149232185058314 144.421125 0.000000
1695149232365810262 144.615785 0.000000
1695149232474936826 144.512372 0.000000
1695149232546916619 144.584162 0.000000
1695149232763893385 144.600819 0.000000
1695149232980813907 144.629516 0.000000
1695149233126109172 144.646391 0.000000
1695149233270941369 145.054232 0.000000
1695149233271136670 144.552546 0.000000
1695149233451763697 144.578493 0.000000
1695149233561225686 144.666839 0.000000
1695149233922782070 144.512211 0.000000
1695149234066614010 144.500500 0.000000
1695149234211898296 144.688512 0.000000
1695149234211943309 145.014192 0.000000
1695149234212094149 144.504851 0.000000
1695149234357064311 144.567366 0.000000
1695149234501609479 144.505375 0.000000
1695149234574247412 144.612320 0.000000
1695149234609443081 144.405945 0.000000
1695149234646586136 144.512821 0.000000
1695149234718490568 144.653597 0.000000
1695149234863167449 144.564814 0.000000
1695149235152697207 144.488538 0.000000
1695149235153224832 144.602924 0.000000
1695149235369655666 144.485104 0.000000
1695149235369784986 144.436540 0.000000
1695149235550309500 144.656842 0.000000
1695149235803795482 144.876366 0.000000
1695149235803830115 144.714626 0.000000
1695149235948890249 144.780590 0.000000
1695149236093202125 144.463479 0.000000
1695149236165684494 144.802077 0.000000
1695149236166028691 144.537796 0.000000
1695149236166057399 144.457020 0.000000
1695149236382716887 144.538289 0.000000
1695149236455606281 144.553246 0.000000
1695149236672341692 144.485131 0.000000
1695149236744388444 144.571545 0.000000
1695149236889826422 144.715278 0.000000
1695149237179134754 144.522816 0.000000
1695149237251271763 144.554772 0.000000
1695149237252190030 144.824048 0.000000
1695149237323782377 144.573507 0.000000
1695149237468304172 144.440397 0.000000
1695149237504535051 144.496658 0.000000
1695149237540770179 144.672565 0.000000
1695149237757695203 144.484865 0.000000
1695149237757995501 144.490686 0.000000
1695149237830694006 144.514238 0.000000
1695149237830832854 144.466532 0.000000
1695149238047416794 144.477140 0.000000
1695149238119487233 144.632248 0.000000
1695149238192601787 144.653407 0.000000
1695149238192879065 144.733556 0.000000
1695149238337133448 144.525704 0.000000
1695149238409917355 144.591563 0.000000
1695149238553476463 144.602221 0.000000
1695149238626836111 144.420676 0.000000
1695149238626892097 144.424190 0.000000
1695149238661564457 144.413951 0.000000
1695149238698302165 144.488208 0.000000
1695149238770263810 144.456944 0.000000
1695149238770953290 144.425111 0.000000
1695149238842896518 144.485371 0.000000
1695149238915726183 144.464535 0.000000
1695149239060359274 144.822399 0.000000
1695149239060401166 144.903553 0.000000
1695149239205540298 144.583379 0.000000
1695149239277485827 144.838799 0.000000
1695149239277973778 144.712917 0.000000
1695149239350276261 144.766707 0.000000
1695149239639895736 144.548596 0.000000
1695149239640093106 144.491145 0.000000
1695149239640192410 144.485715 0.000000
1695149239711791982 144.888724 0.000000
1695149239929638598 144.685075 0.000000
1695149240146994341 144.881452 0.000000
1695149240219754896 144.567648 0.000000
1695149240508965450 144.499187 0.000000
1695149240653396810 144.478170 0.000000
1695149240653788842 144.574827 0.000000
1695149240870994427 144.460335 0.000000
1695149240942958333 144.696825 0.000000
1695149240978903182 144.551067 0.000000
1695149241195971322 144.569183 0.000000
1695149241232393323 144.714665 0.000000
1695149241232693445 144.417592 0.000000
1695149241450595145 144.426828 0.000000
1695149241485340243 144.567301 0.000000
1695149241666637868 144.606238 0.000000
1695149241667321808 144.458727 0.000000
1695149241739560912 144.500023 0.000000
1695149241956134008 144.538515 0.000000
1695149241956758040 144.612520 0.000000
1695149242101657209 144.753632 0.000000
1695149242172442889 144.400333 0.000000
1695149242246381935 144.415188 0.000000
1695149242246410245 144.429465 0.000000
1695149242317550764 144.398499 0.000000
1695149242389710518 144.492693 0.000000
1695149242570804226 144.441480 0.000000
1695149242606931730 144.918644 0.000000
1695149242607240528 144.447842 0.000000
1695149242752772972 144.427235 0.000000
1695149242752814575 144.579928 0.000000
1695149242896786651 144.466067 0.000000
1695149242897188719 144.459153 0.000000
1695149243113870168 144.822581 0.000000
1695149243114082313 144.588318 0.000000
1695149243258694120 144.507110 0.000000
1695149243403550219 144.604619 0.000000
1695149243475964985 144.860811 0.000000
1695149243476168559 144.532416 0.000000
1695149243765937368 144.760243 0.000000
1695149243910108569 144.417405 0.000000
1695149243910274110 144.538191 0.000000
1695149243910626937 144.683107 0.000000
1695149244054469193 144.490840 0.000000
1695149244054569805 144.452222 0.000000
1695149244127379384 144.419738 0.000000
1695149244127549715 144.505714 0.000000
1695149244271865067 144.474844 0.000000
1695149244417129891 144.618668 0.000000
1695149244489259250 144.640943 0.000000
1695149244489484024 144.556393 0.000000
1695149244779064702 144.613768 0.000000
1695149245141646174 144.681225 0.000000
1695149245213247225 144.476925 0.000000
1695149245430222866 144.558309 0.000000
1695149245503182580 144.499529 0.000000
1695149245647676332 144.487094 0.000000
1695149245719774488 144.455485 0.000000
1695149245864808076 144.438254 0.000000
1695149246153731776 144.469029 0.000000
1695149246154133829 144.598934 0.000000
1695149246154301964 144.571975 0.000000
1695149246154457315 144.556895 0.000000
1695149246190060572 144.836234 0.000000
1695149246226829031 144.423212 0.000000
1695149246371111373 144.585461 0.000000
1695149246371546180 144.502459 0.000000
1695149246443284184 144.621426 0.000000
1695149246443309325 144.513608 0.000000
1695149246443491086 144.506744 0.000000
1695149246551965868 144.850359 0.000000
1695149246588206646 144.649158 0.000000
1695149246732458640 144.449391 0.000000
1695149246805637276 144.672110 0.000000
1695149246805608334 144.684731 0.000000
1695149246878079446 144.520325 0.000000
1695149246949540433 144.438645 0.000000
1695149247022643904 144.555054 0.000000
1695149247167526102 144.826312 0.000000
1695149247240356420 144.946085 0.000000
1695149247240395909 144.949257 0.000000
1695149247384998682 144.634883 0.000000
1695149247385166828 144.654625 0.000000
1695149247457122899 144.510652 0.000000
1695149247457575420 144.622973 0.000000
1695149247457810214 144.699152 0.000000
1695149247529836298 144.593512 0.000000
1695149247529954281 144.500613 0.000000
1695149247530207797 144.517123 0.000000
1695149247747145795 144.401983 0.000000
1695149247891304285 144.565023 0.000000
1695149247891808986 144.635654 0.000000
1695149247964037149 144.476193 0.000000
1695149248253497853 144.556546 0.000000
1695149248578814227 144.493383 0.000000
1695149248614947465 144.504942 0.000000
1695149248615402128 144.569275 0.000000
1695149248615474073 144.614477 0.000000
1695149248760441010 144.544309 0.000000
1695149248832312699 144.543403 0.000000
1695149248904407982 144.440601 0.000000
1695149248904896358 144.449902 0.000000
1695149249194482484 144.514513 0.000000
1695149249483860296 144.388861 0.000000
1695149249555798399 144.533364 0.000000
1695149249845558714 144.518344 0.000000
1695149249846031754 144.586585 0.000000
1695149249990167300 144.490646 0.000000
1695149250061726110 144.544715 0.000000
1695149250062516844 144.423786 0.000000
1695149250135088920 144.479806 0.000000
1695149250207100898 144.998052 0.000000
1695149250641128089 144.745824 0.000000
1695149250641833237 144.636420 0.000000
1695149250786143118 144.998907 0.000000
1695149250859194974 144.547859 0.000000
1695149250894310336 144.451039 0.000000
1695149251147966925 144.681727 0.000000
1695149251148112486 144.530746 0.000000
1695149251220791590 145.080168 0.000000
1695149251365755278 144.669046 0.000000
1695149251366030336 144.683630 0.000000
1695149251437850011 144.685274 0.000000
1695149251583139239 144.568382 0.000000
1695149251727398463 144.484663 0.000000
1695149251872610004 144.511485 0.000000
1695149252016879590 144.467590 0.000000
1695149252017397605 144.480701 0.000000
1695149252089502185 144.539527 0.000000
1695149252161979175 145.082293 0.000000
1695149252162258571 144.381256 0.000000
1695149252378813062 144.421278 0.000000
1695149252378908610 144.455412 0.000000
1695149252379692190 144.785470 0.000000
1695149252452188152 144.760132 0.000000
1695149252524122344 144.434401 0.000000
1695149252740739025 144.650305 0.000000
1695149252885400242 144.444239 0.000000
1695149252957855596 144.533477 0.000000
1695149252958815525 144.606193 0.000000
1695149253102522700 144.632856 0.000000
1695149253175671631 144.432208 0.000000
1695149253247391168 144.597141 0.000000
1695149253248091830 144.545420 0.000000
1695149253319965056 144.556534 0.000000
1695149253392375347 144.640268 0.000000
1695149253464746922 144.439688 0.000000
1695149253645871646 145.086402 0.000000
1695149253899591666 144.649119 0.000000
1695149253971936581 144.576465 0.000000
1695149253972128958 144.577245 0.000000
1695149254007789968 144.596040 0.000000
1695149254116602230 144.656701 0.000000
1695149254406550831 144.457688 0.000000
1695149254767625355 144.511844 0.000000
1695149254912464015 144.791617 0.000000
1695149254912961423 144.633745 0.000000
1695149255057064040 144.586185 0.000000
1695149255057226002 144.502050 0.000000
1695149255129699877 144.439248 0.000000
1695149255347698675 145.066517 0.000000
1695149255420086369 145.412000 0.000000
1695149255420089422 145.555813 0.000000
1695149255420141555 145.437524 0.000000
1695149255420207425 145.305877 0.000000
1695149255420297840 145.374360 0.000000
1695149255492668491 144.987499 0.000000
1695149255565292560 144.714227 0.000000
1695149255709586451 144.583351 0.000000
1695149255710014516 144.568922 0.000000
1695149255855375553 144.597811 0.000000
1695149255926878615 144.768033 0.000000
1695149256216675716 144.640966 0.000000
1695149256216949147 144.461287 0.000000
1695149256434206543 144.532841 0.000000
1695149256506132049 144.490988 0.000000
1695149256723136543 144.590905 0.000000
1695149256723396046 144.438306 0.000000
1695149256867518323 144.529882 0.000000
1695149256868055475 144.650860 0.000000
1695149256939929925 144.677958 0.000000
1695149257156944456 144.611129 0.000000
1695149257373980466 144.579793 0.000000
1695149257374813687 144.534267 0.000000
1695149257446528000 144.470335 0.000000
1695149257446868599 144.649433 0.000000
1695149257518697292 144.651466 0.000000
1695149257591282030 144.874903 0.000000
1695149257808232941 144.540075 0.000000
1695149257808330695 144.444185 0.000000
1695149257953700083 144.405269 0.000000
1695149258025721929 144.544537 0.000000
1695149258097645726 144.623203 0.000000
1695149258170864069 144.533561 0.000000
1695149258459622230 144.516761 0.000000
1695149258459747458 144.504848 0.000000
1695149258459806893 144.507918 0.000000
1695149258604523441 144.599709 0.000000
1695149258676362494 144.528779 0.000000
1695149258676780790 144.451037 0.000000
1695149258821475358 144.513846 0.000000
1695149258966496713 144.454627 0.000000
1695149259038856012 144.692613 0.000000
1695149259039188975 144.712483 0.000000
1695149259111229058 144.776606 0.000000
1695149259111383856 144.825260 0.000000
1695149259111524973 144.927689 0.000000
1695149259183793406 144.559319 0.000000
1695149259255843307 144.550220 0.000000
1695149259400570907 144.470090 0.000000
1695149259617864822 144.492020 0.000000
1695149259618215817 144.436906 0.000000
1695149259834465701 144.442838 0.000000
1695149259906905444 144.497063 0.000000
1695149259979124349 144.498392 0.000000
1695149260196173745 144.678647 0.000000
1695149260268742810 144.717041 0.000000
1695149260269206632 144.634742 0.000000
1695149260341092268 144.884077 0.000000
1695149260413846612 144.743305 0.000000
1695149260630679735 144.767842 0.000000
1695149260631173657 144.521751 0.000000
1695149260703019160 145.036975 0.000000
1695149260848097391 144.882911 0.000000
1695149261245797805 144.595088 0.000000
1695149261282769047 144.629146 0.000000
1695149261282877458 144.540537 0.000000
1695149261354299187 144.512594 0.000000
1695149261572407322 144.454964 0.000000
1695149261572495391 144.549021 0.000000
1695149261680036187 144.508991 0.000000
1695149261789141738 144.496182 0.000000
1695149261933397660 144.924682 0.000000
1695149261933628513 144.539244 0.000000
1695149261933830193 144.493612 0.000000
1695149262006306797 144.512238 0.000000
1695149262078256589 144.459062 0.000000
1695149262368401171 144.471475 0.000000
1695149262657643820 144.464566 0.000000
1695149262765453663 145.146798 0.000000
1695149262802007702 144.522202 0.000000
1695149262874249385 144.450895 0.000000
1695149263236007981 144.573709 0.000000
1695149263524917599 144.489416 0.000000
1695149263742122187 144.601296 0.000000
1695149263742451203 144.451307 0.000000
1695149263742736493 144.380503 0.000000
1695149263886883799 144.555050 0.000000
1695149263922742627 144.423812 0.000000
1695149263959480601 144.699844 0.000000
1695149264031264472 144.539024 0.000000
1695149264031807413 144.578689 0.000000
1695149264103471561 144.549943 0.000000
1695149264393918702 144.512353 0.000000
1695149264465101400 144.712539 0.000000
1695149264610048668 144.642792 0.000000
1695149264610423688 144.533993 0.000000
1695149264610964438 144.698108 0.000000
1695149264682744526 144.419525 0.000000
1695149264972451089 144.558780 0.000000
1695149264972457552 144.781319 0.000000
1695149265045275936 144.814376 0.000000
1695149265262775576 144.714952 0.000000
1695149265262852930 144.752161 0.000000
1695149265479296866 144.611279 0.000000
1695149265479345634 144.494447 0.000000
1695149265479525236 144.485018 0.000000
1695149265552086356 144.417206 0.000000
1695149265552351512 144.463210 0.000000
1695149265696977830 144.517013 0.000000
1695149265769410849 144.762967 0.000000
1695149265913422532 144.452790 0.000000
1695149265913783885 144.497742 0.000000
1695149265914118917 144.507266 0.000000
1695149266058333241 144.636901 0.000000
1695149266058396582 144.603129 0.000000
1695149266275759327 144.928191 0.000000
1695149266276473757 144.943972 0.000000
1695149266565819844 144.621585 0.000000
1695149266638752207 144.922835 0.000000
1695149266710590249 144.721442 0.000000
1695149266855945259 144.424243 0.000000
1695149266927360835 144.637809 0.000000
1695149266927677047 144.449155 0.000000
1695149266999757386 144.578300 0.000000
1695149267072427308 144.497298 0.000000
1695149267217240936 144.465897 0.000000
1695149267362154126 144.643628 0.000000
1695149267397768830 144.514799 0.000000
1695149267434813118 144.542301 0.000000
1695149267724122466 144.566956 0.000000
1695149267867843354 144.471932 0.000000
1695149268085538707 144.461701 0.000000
1695149268410407703 144.472832 0.000000
1695149268519418744 144.399386 0.000000
1695149268591656641 144.579012 0.000000
1695149268664211433 144.616407 0.000000
1695149268736851039 144.576068 0.000000
1695149268953901494 144.560183 0.000000
1695149269171609366 144.798797 0.000000
1695149269243943425 144.666181 0.000000
1695149269316305680 144.457677 0.000000
1695149269388405070 144.488448 0.000000
1695149269460885925 144.917019 0.000000
1695149269532991943 144.715026 0.000000
1695149269823698739 144.722080 0.000000
1695149270185265795 144.451381 0.000000
1695149270185517795 144.494828 0.000000
1695149270257532339 144.688701 0.000000
1695149270257551323 144.613126 0.000000
1695149270257727519 144.498742 0.000000
1695149270329997248 144.724552 0.000000
1695149270365975674 144.649419 0.000000
1695149270402365798 144.605197 0.000000
1695149270402511693 144.611589 0.000000
1695149270619884690 144.455214 0.000000
1695149270764378689 144.479416 0.000000
1695149270908762034 144.602125 0.000000
1695149270909519404 144.510426 0.000000
1695149271125776294 144.639759 0.000000
1695149271127239514 144.438081 0.000000
1695149271199388983 144.341379 0.000000
1695149271343073442 144.455956 0.000000
1695149271343857946 144.456339 0.000000
1695149271379055116 144.642696 0.000000
1695149271415020597 144.638462 0.000000
1695149271560104067 144.467146 0.000000
1695149271560530956 144.477930 0.000000
1695149271705334916 144.771380 0.000000
1695149271777703192 144.598424 0.000000
1695149271850072680 144.519910 0.000000
1695149271885449797 144.882964 0.000000
1695149271921827607 144.571715 0.000000
1695149271994062488 144.507590 0.000000
1695149272066456213 144.619963 0.000000
1695149272066565154 144.577083 0.000000
1695149272646479690 144.745261 0.000000
1695149273080201073 144.400045 0.000000
1695149273297925413 144.630281 0.000000
1695149273659534949 144.420829 0.000000
1695149273731461017 144.875985 0.000000
1695149273876528544 144.458704 0.000000
1695149273949250778 144.530359 0.000000
1695149273949278444 144.572591 0.000000
1695149274165983712 144.702642 0.000000
1695149274311185179 144.625650 0.000000
1695149274491579632 144.717613 0.000000
1695149274600670927 144.384514 0.000000
1695149274817604243 144.608573 0.000000
1695149274818227548 144.641580 0.000000
1695149275035023528 144.511205 0.000000
1695149275106984421 144.663190 0.000000
1695149275179798824 144.432760 0.000000
1695149275251726950 144.469737 0.000000
1695149275251782355 144.783851 0.000000
1695149275324340043 144.758416 0.000000
1695149275577094482 144.552083 0.000000
1695149275831017624 144.454220 0.000000
1695149275903497277 144.445638 0.000000
1695149275904036114 144.693988 0.000000
1695149276048316169 144.467909 0.000000
1695149276120882310 144.482697 0.000000
1695149276336786705 144.498116 0.000000
1695149276337905742 144.538215 0.000000
1695149276409841606 144.466156 0.000000
1695149276445370119 144.528727 0.000000
1695149276698681238 144.607169 0.000000
1695149276843352988 144.433936 0.000000
1695149276843385000 144.454398 0.000000
1695149276844232008 144.675353 0.000000
1695149277060609361 144.413769 0.000000
1695149277132857832 144.616297 0.000000
1695149277278061534 144.807909 0.000000
1695149277278371112 144.769274 0.000000
1695149277350562124 144.562329 0.000000
1695149277783825274 144.534048 0.000000
1695149277784296927 144.492090 0.000000
1695149278146633051 144.678015 0.000000
1695149278219047292 144.509751 0.000000
1695149278362878079 144.483114 0.000000
1695149278363466237 144.488068 0.000000
1695149278435881405 144.689481 0.000000
1695149278508622120 144.660464 0.000000
1695149278725142645 144.387329 0.000000
1695149278869890411 144.683066 0.000000
1695149279014493067 144.757162 0.000000
1695149279015066096 144.823379 0.000000
1695149279304564179 144.909897 0.000000
1695149279449730815 144.785592 0.000000
1695149279521934817 144.639079 0.000000
1695149279666811981 144.413986 0.000000
1695149279811366167 144.648993 0.000000
1695149279956674678 144.569795 0.000000
1695149280173006914 144.639910 0.000000
1695149280173896302 144.454684 0.000000
1695149280318744069 144.885766 0.000000
1695149280318783699 145.651342 0.000000
1695149280391187821 145.230128 0.000000
1695149280391211299 144.779421 0.000000
1695149280427195908 145.267282 0.000000
1695149280463510794 144.811182 0.000000
1695149280753508508 144.581506 0.000000
1695149280753918774 144.513049 0.000000
1695149280826069105 144.544365 0.000000
1695149280970512765 144.629825 0.000000
1695149281042588270 144.469862 0.000000
1695149281114973804 144.440972 0.000000
1695149281259621656 144.880916 0.000000
1695149281332699959 144.494861 0.000000
1695149281477267367 144.430059 0.000000
1695149281549089747 144.473866 0.000000
1695149281621597305 144.553295 0.000000
1695149281766305521 144.696786 0.000000
1695149281766727124 144.616503 0.000000
1695149281911311508 144.526393 0.000000
1695149282273016783 144.476589 0.000000
1695149282345151432 144.540405 0.000000
1695149282345183825 144.554670 0.000000
1695149282489502713 144.539635 0.000000
1695149282960013715 144.485277 0.000000
1695149283140977776 144.733928 0.000000
1695149283141072246 144.715421 0.000000
1695149283213425272 144.850935 0.000000
1695149283285993575 144.907516 0.000000
1695149283358278104 144.758448 0.000000
1695149283431098600 144.594006 0.000000
1695149283576154577 145.518641 0.000000
1695149283576154558 145.446153 0.000000
1695149283576200648 145.004842 0.000000
1695149283648310101 144.493381 0.000000
1695149283720736004 144.573050 0.000000
1695149283721141785 144.725346 0.000000
1695149283938394967 144.564361 0.000000
1695149283938435014 144.559669 0.000000
1695149284082552230 144.523836 0.000000
1695149284155006917 144.515428 0.000000
1695149284155408740 144.429364 0.000000
1695149284227788577 144.522709 0.000000
1695149284300096940 144.419009 0.000000
1695149284444745433 144.608229 0.000000
1695149284517127472 144.486777 0.000000
1695149284661411417 144.626776 0.000000
1695149284661458551 144.624853 0.000000
1695149284697574601 144.665731 0.000000
1695149284734559973 144.654590 0.000000
1695149284734680004 144.654887 0.000000
1695149284878360629 144.584039 0.000000
1695149284878676852 144.479811 0.000000
1695149284914689329 144.617647 0.000000
1695149285023544991 144.568219 0.000000
1695149285095710336 144.665116 0.000000
1695149285240692447 144.482821 0.000000
1695149285313676653 144.671941 0.000000
1695149285385641111 144.840447 0.000000
1695149285893221547 144.709174 0.000000
1695149285964504296 144.478447 0.000000
1695149286109747749 144.491061 0.000000
1695149286182540423 144.551758 0.000000
1695149286182619568 144.550322 0.000000
1695149286254437405 144.406770 0.000000
1695149286254456310 144.361712 0.000000
1695149286326217440 144.776607 0.000000
1695149286904893067 144.553803 0.000000
1695149287050065572 144.623514 0.000000
1695149287085874438 144.677585 0.000000
1695149287195464359 144.691799 0.000000
1695149287267512307 144.398296 0.000000
1695149287267944912 144.789950 0.000000
1695149287340369128 144.438579 0.000000
1695149287484209509 144.393965 0.000000
1695149287484217277 144.484630 0.000000
1695149287557163406 144.924669 0.000000
1695149287593526203 145.625866 0.000000
1695149287919466968 144.552682 0.000000
1695149287991567857 144.507652 0.000000
1695149287991860903 144.541772 0.000000
1695149287991915328 144.459262 0.000000
1695149288064236184 144.512607 0.000000
1695149288099812158 144.534320 0.000000
1695149288425720240 144.495407 0.000000
1695149288570769709 144.509678 0.000000
1695149288642686605 144.710856 0.000000
1695149289005004129 144.767947 0.000000
1695149289040298677 144.468807 0.000000
1695149289149047902 144.581155 0.000000
1695149289149499389 144.477891 0.000000
1695149289149939961 144.643822 0.000000
1695149289221518974 144.602015 0.000000
1695149289656311203 144.726420 0.000000
1695149290017662609 144.470073 0.000000
1695149290090423224 144.403215 0.000000
1695149290163136999 144.418720 0.000000
1695149290163245671 144.512033 0.000000
1695149290234776317 144.616677 0.000000
1695149290307594549 144.384803 0.000000
1695149290379016291 144.480277 0.000000
1695149290379521400 144.551779 0.000000
1695149290452496244 144.474417 0.000000
1695149290596687887 144.528460 0.000000
1695149290669532094 144.624450 0.000000
1695149290958507317 145.117836 0.000000
1695149291320673263 144.514034 0.000000
1695149291465476162 144.472663 0.000000
1695149291610905681 145.184655 0.000000
1695149291755834267 144.767337 0.000000
1695149291972617448 144.510848 0.000000
1695149291973318193 144.460912 0.000000
1695149291973573403 144.509232 0.000000
1695149292262875700 144.809074 0.000000
1695149292262908105 144.714292 0.000000
1695149292407963850 144.915357 0.000000
1695149292625064798 144.565662 0.000000
1695149292733223362 144.788546 0.000000
1695149292842270591 144.993451 0.000000
1695149292914634763 144.777220 0.000000
1695149292986747754 144.418365 0.000000
1695149292987419529 144.685511 0.000000
1695149293131545551 144.428342 0.000000
1695149293204393457 144.506668 0.000000
1695149293275995810 144.497077 0.000000
1695149293277259304 144.495098 0.000000
1695149293348520924 144.437789 0.000000
1695149293494116599 144.456011 0.000000
1695149293565899184 145.416869 0.000000
1695149293565956886 145.448054 0.000000
1695149293566137900 144.893055 0.000000
1695149293711157413 144.573723 0.000000
1695149293928218355 144.551062 0.000000
1695149294000936818 144.789120 0.000000
1695149294072696312 144.493242 0.000000
1695149294145051239 144.718574 0.000000
1695149294217343610 144.731114 0.000000
1695149294217997443 144.577900 0.000000
1695149294289944307 144.461621 0.000000
1695149294435174846 144.678985 0.000000
1695149294580384379 144.888297 0.000000
1695149294652837818 144.744258 0.000000
1695149295014312161 144.492777 0.000000
1695149295014884660 144.553682 0.000000
1695149295159438111 144.546569 0.000000
1695149295195331990 144.604739 0.000000
1695149295304039585 144.808219 0.000000
1695149295304512958 144.680564 0.000000
1695149295304715859 144.714714 0.000000
1695149295376603101 144.688060 0.000000
1695149295884118644 144.676779 0.000000
1695149295956334164 144.429245 0.000000
1695149296028717624 144.579641 0.000000
1695149296173247728 144.482688 0.000000
1695149296281545176 145.180215 0.000000
1695149296318411282 145.366079 0.000000
1695149296318463847 145.391726 0.000000
1695149296463538288 144.869259 0.000000
1695149296752969150 144.432094 0.000000
1695149296753418668 144.603425 0.000000
1695149296824963767 144.631212 0.000000
1695149296825943292 144.740289 0.000000
1695149296933454042 144.562841 0.000000
1695149296969969135 144.655857 0.000000
1695149297115201274 144.789947 0.000000
1695149297186994562 144.551242 0.000000
1695149297331929713 144.649097 0.000000
1695149297332144047 144.410669 0.000000
1695149297404381289 144.474542 0.000000
1695149297476190338 144.462519 0.000000
1695149297476674885 144.516363 0.000000
1695149297548804047 144.581069 0.000000
1695149297584613735 144.540192 0.000000
1695149297621806798 144.756454 0.000000
1695149297693163819 144.490574 0.000000
1695149297982635719 144.535280 0.000000
1695149297984216813 145.191258 0.000000
1695149298055574575 144.525677 0.000000
1695149298127471073 144.718119 0.000000
1695149298201194697 144.490547 0.000000
1695149298417528672 144.981861 0.000000
1695149298417629256 144.582131 0.000000
1695149298490468255 144.981679 0.000000
1695149298635161201 144.424795 0.000000
1695149298670915442 144.960010 0.000000
1695149298779473398 144.571996 0.000000
1695149299141248982 144.639824 0.000000
1695149299142157303 144.564556 0.000000
1695149299214239400 144.548973 0.000000
1695149299286304810 144.529398 0.000000
1695149299358473400 144.473751 0.000000
1695149299648836903 144.607167 0.000000
1695149299721315696 144.601167 0.000000
1695149299938308279 144.519473 0.000000
1695149300082637162 144.737376 0.000000
1695149300227071121 144.417640 0.000000
1695149300299838592 144.628875 0.000000
1695149300372263607 144.528777 0.000000
1695149300444205223 144.592684 0.000000
1695149300516449044 144.585337 0.000000
1695149300661499809 144.464071 0.000000
1695149300734092027 144.445766 0.000000
1695149301095190829 144.574074 0.000000
1695149301240407236 144.562466 0.000000
1695149301276122756 144.641289 0.000000
1695149301457759986 144.508773 0.000000
1695149301602027041 144.550583 0.000000
1695149301674136662 144.570200 0.000000
1695149301674157492 144.574317 0.000000
1695149301892003954 144.521692 0.000000
1695149301964284643 144.549445 0.000000
1695149302180923044 144.502584 0.000000
1695149302253237925 144.467768 0.000000
1695149302398854207 144.632615 0.000000
1695149302615201454 144.393777 0.000000
1695149302904780294 144.656826 0.000000
1695149303122323659 144.615341 0.000000
1695149303157796978 144.534942 0.000000
1695149303267062926 144.625438 0.000000
1695149303302301125 144.490321 0.000000
1695149303339520080 144.614995 0.000000
1695149303446790691 144.474984 0.000000
1695149303591863035 145.058578 0.000000
1695149303845689343 144.518838 0.000000
1695149304062293404 144.554879 0.000000
1695149304134559855 144.513770 0.000000
1695149304135130549 144.513474 0.000000
1695149304135203518 144.560755 0.000000
1695149304279567683 144.679496 0.000000
1695149304352209281 144.499598 0.000000
1695149304424274123 144.555800 0.000000
1695149304568624612 144.524738 0.000000
1695149304641514180 144.527584 0.000000
1695149304930075794 144.632586 0.000000
1695149305074814809 144.507513 0.000000
1695149305075099528 144.462822 0.000000
1695149305292514225 144.412678 0.000000
1695149305436811904 144.402756 0.000000
1695149305437516578 144.875328 0.000000
1695149305544995554 144.531064 0.000000
1695149305581487075 144.752476 0.000000
1695149305943779221 144.481958 0.000000
1695149306014962841 144.465004 0.000000
1695149306088285077 144.646899 0.000000
1695149306160881956 144.644985 0.000000
1695149306231749336 144.466289 0.000000
1695149306522602143 144.475663 0.000000
1695149306594168037 144.646934 0.000000
1695149306667015843 144.569338 0.000000
1695149306667290792 144.468172 0.000000
1695149306956921423 144.756382 0.000000
1695149307101083392 144.476388 0.000000
1695149307136906189 144.581523 0.000000
1695149307246131750 144.801775 0.000000
1695149307246347264 144.804740 0.000000
1695149307318671970 144.709153 0.000000
1695149307463368299 144.686978 0.000000
1695149307535559757 144.581984 0.000000
1695149307680843450 144.571073 0.000000
1695149307897438385 144.557085 0.000000
1695149307969582687 144.539537 0.000000
1695149308042065594 144.507796 0.000000
1695149308258976932 144.440280 0.000000
1695149308294826480 144.530237 0.000000
1695149308476320235 144.892734 0.000000
1695149308548806411 144.967626 0.000000
1695149308548832364 144.899921 0.000000
1695149308621495698 144.520729 0.000000
1695149309055291954 144.664835 0.000000
1695149309128069389 144.607032 0.000000
1695149309416861891 144.498514 0.000000
1695149309489413238 144.423846 0.000000
1695149309634812109 144.494286 0.000000
1695149309779398235 144.722154 0.000000
1695149309924020394 144.611454 0.000000
1695149310068486460 144.657296 0.000000
1695149310068521384 144.719787 0.000000
1695149310103995025 144.510505 0.000000
1695149310213664328 144.566033 0.000000
1695149310285287163 144.429035 0.000000
1695149310321102426 144.706120 0.000000
1695149310357806776 144.465863 0.000000
1695149310357877582 144.521114 0.000000
1695149310502886216 144.380363 0.000000
1695149310574891114 144.459833 0.000000
1695149310646904835 144.520265 0.000000
1695149310647626132 144.486386 0.000000
1695149310719742564 144.548082 0.000000
1695149310791631877 144.462188 0.000000
1695149310864007390 144.406625 0.000000
1695149311008820465 144.479287 0.000000
1695149311226002739 144.806115 0.000000
1695149311298702321 144.569607 0.000000
1695149311443362840 144.645320 0.000000
1695149311587987738 144.705531 0.000000
1695149311732811158 144.481871 0.000000
1695149311733001911 144.584583 0.000000
1695149311804298366 144.459793 0.000000
1695149311804675963 144.420111 0.000000
1695149312094063592 144.533790 0.000000
1695149312094288437 144.620334 0.000000
1695149312311117802 144.507418 0.000000
1695149312600929379 144.438604 0.000000
1695149312601064392 144.378423 0.000000
1695149312745034613 144.538015 0.000000
1695149312745657859 144.715008 0.000000
1695149313034472092 144.650961 0.000000
1695149313107749281 144.567980 0.000000
1695149313324144496 144.416993 0.000000
1695149313614016700 144.443809 0.000000
1695149313903273177 144.458684 0.000000
1695149314047515883 144.742720 0.000000
1695149314048169541 144.599409 0.000000
1695149314120179129 144.622282 0.000000
1695149314120850364 144.735429 0.000000
1695149314264655352 144.603216 0.000000
1695149314265570659 144.631198 0.000000
1695149314337096514 144.549872 0.000000
1695149314338038042 144.536915 0.000000
1695149314409558324 144.521169 0.000000
1695149314482890387 144.718647 0.000000
1695149314517934341 144.569619 0.000000
1695149314554314666 144.681672 0.000000
1695149314698701359 144.444780 0.000000
1695149314699899527 144.415882 0.000000
1695149314844020496 144.376112 0.000000
1695149314844645150 144.536926 0.000000
1695149315133511246 144.433217 0.000000
1695149315277466090 144.601037 0.000000
1695149315277694092 144.546524 0.000000
1695149315350085412 144.757237 0.000000
1695149315350201933 144.421999 0.000000
1695149315350960079 144.500381 0.000000
1695149315567335909 144.545085 0.000000
1695149315639788100 144.573460 0.000000
1695149315711790963 144.533526 0.000000
1695149315784127939 144.498392 0.000000
1695149315820323410 144.508624 0.000000
1695149316001491973 144.965614 0.000000
1695149316074227579 144.618937 0.000000
1695149316218685019 144.695726 0.000000
1695149316363166203 144.523925 0.000000
1695149316508435781 144.785359 0.000000
1695149316508527001 144.584818 0.000000
1695149316508553395 144.623212 0.000000
1695149316725721905 144.539105 0.000000
1695149316726001554 144.709186 0.000000
1695149316869898455 144.538364 0.000000
1695149317087393414 144.950650 0.000000
1695149317087643805 144.536996 0.000000
1695149317232057773 144.603280 0.000000
1695149317449904441 144.573524 0.000000
1695149317450097547 144.726253 0.000000
1695149317521541467 144.494113 0.000000
1695149317667047859 144.578167 0.000000
1695149317667075522 144.570717 0.000000
1695149317739084456 144.461544 0.000000
1695149318173605143 144.549169 0.000000
1695149318426381974 144.413133 0.000000
1695149318463218671 144.593300 0.000000
1695149318463666840 144.618240 0.000000
1695149318608529479 144.659155 0.000000
1695149318680016320 144.495397 0.000000
1695149319042419234 144.546745 0.000000
1695149319042868747 144.630905 0.000000
1695149319259212657 144.496454 0.000000
1695149319331445644 144.670467 0.000000
1695149319549316067 144.537783 0.000000
1695149319620872961 144.538697 0.000000
1695149319693793870 144.507976 0.000000
1695149319801952163 144.805428 0.000000
1695149319910841630 144.744445 0.000000
1695149320273067735 144.476112 0.000000
1695149320635139427 144.923122 0.000000
1695149320742664946 144.471240 0.000000
1695149320996547022 144.449527 0.000000
1695149321286438727 144.482842 0.000000
1695149321574933932 144.434517 0.000000
1695149321647289997 144.433949 0.000000
1695149321793196263 144.456335 0.000000
1695149321865011622 144.432415 0.000000
1695149322153517168 144.500395 0.000000
1695149322154223125 144.569725 0.000000
1695149322227059718 144.443524 0.000000
1695149322227207856 144.450565 0.000000
1695149322298545849 144.508479 0.000000
1695149322406541056 144.436047 0.000000
1695149322443462775 144.498899 0.000000
1695149322660497346 144.471923 0.000000
1695149322733054816 144.439542 0.000000
1695149322949724844 144.644325 0.000000
1695149323022406323 144.543529 0.000000
1695149323167124063 144.654486 0.000000
1695149323202132194 144.631677 0.000000
1695149323311701678 144.523091 0.000000
1695149323455816083 144.497246 0.000000
1695149323455873268 144.412466 0.000000
1695149323745609920 144.483288 0.000000
1695149323745757962 144.506367 0.000000
1695149323817122862 144.633817 0.000000
1695149323890517961 144.480271 0.000000
1695149323890636069 144.540274 0.000000
1695149324178951007 144.552634 0.000000
1695149324323574223 144.593815 0.000000
1695149324323952869 144.454099 0.000000
1695149324324510915 144.503586 0.000000
1695149324541222787 144.920642 0.000000
1695149324614059660 144.506711 0.000000
1695149324830674014 144.434630 0.000000
1695149325047987121 144.498317 0.000000
1695149325265326034 144.410390 0.000000
1695149325337003171 144.432175 0.000000
1695149325337495347 144.623778 0.000000
1695149325481872951 144.875798 0.000000
1695149325482162000 144.619671 0.000000
1695149325916806335 144.639913 0.000000
1695149325916899350 144.603343 0.000000
1695149325952131634 144.596357 0.000000
1695149326349948145 144.488185 0.000000
1695149326495418678 144.508234 0.000000
1695149326856573093 144.607410 0.000000
1695149327001785436 144.633964 0.000000
1695149327001820139 144.679950 0.000000
1695149327146532764 144.608768 0.000000
1695149327581208333 144.496421 0.000000
1695149328159425422 144.508931 0.000000
1695149328159819305 144.433927 0.000000
1695149328304651555 144.551063 0.000000
1695149328377317074 145.264505 0.000000
1695149328377344582 145.543023 0.000000
1695149328449381317 144.910803 0.000000
1695149328490565510 146.784705 0.000000
1695149328594212116 144.576938 0.000000
1695149328666916088 144.624282 0.000000
1695149328707297112 144.445838 0.000000
1695149328739251536 144.502300 0.000000
1695149328811639449 144.579953 0.000000
1695149328884018669 144.473590 0.000000
1695149329028999990 144.643448 0.000000
1695149329173688292 144.587102 0.000000
1695149329318500815 144.460810 0.000000
1695149329390202837 144.906366 0.000000
1695149329390940341 144.516431 0.000000
1695149329608684089 144.439675 0.000000
1695149329751932824 144.594896 0.000000
1695149330042080094 144.665252 0.000000
1695149330114689914 144.460162 0.000000
1695149330475366136 144.498277 0.000000
1695149330475394861 144.502846 0.000000
1695149330619867154 144.485992 0.000000
1695149330692682897 144.895121 0.000000
1695149330765756911 144.408175 0.000000
1695149330909505152 144.529474 0.000000
1695149330910627921 144.615965 0.000000
1695149330981630736 144.414098 0.000000
1695149331127044230 144.424192 0.000000
1695149331127430076 144.443332 0.000000
1695149331199234059 145.075118 0.000000
1695149331272464246 144.848309 0.000000
1695149331343820022 144.567023 0.000000
1695149331344491703 144.539131 0.000000
1695149331561111158 144.880514 0.000000
1695149331705928858 144.745362 0.000000
1695149331706462487 144.465943 0.000000
1695149331923769844 145.008617 0.000000
1695149331924111883 145.021483 0.000000
1695149331996214913 144.550539 0.000000
1695149332141197215 144.543440 0.000000
1695149332213443921 144.672731 0.000000
1695149332430886448 144.930722 0.000000
1695149332431252544 144.601478 0.000000
1695149332865936110 144.487517 0.000000
1695149333009661993 144.557923 0.000000
1695149333227085909 144.605340 0.000000
1695149333227329038 144.483925 0.000000
1695149333227609735 144.451213 0.000000
1695149333371838578 144.503435 0.000000
1695149333371932750 144.616013 0.000000
1695149333371966700 144.668037 0.000000
1695149333444052655 144.599155 0.000000
1695149333516390984 144.490498 0.000000
1695149333588579762 144.520878 0.000000
1695149333589046316 144.606213 0.000000
1695149333733285278 144.431099 0.000000
1695149333733716564 144.510420 0.000000
1695149333914183587 144.531355 0.000000
1695149333951145681 144.508298 0.000000
1695149334168167651 144.525378 0.000000
1695149334239995642 144.652601 0.000000
1695149334529686136 144.623863 0.000000
1695149334529855126 144.544921 0.000000
1695149334890967368 144.559148 0.000000
1695149334891681584 144.386768 0.000000
1695149334963445667 144.777260 0.000000
1695149335108446002 144.837298 0.000000
1695149335180883285 144.609893 0.000000
1695149335397979553 144.523493 0.000000
1695149335470368568 144.870936 0.000000
1695149335542687588 144.697568 0.000000
1695149335543158866 144.653988 0.000000
1695149335614916751 144.528857 0.000000
1695149335760121473 144.696199 0.000000
1695149335760358134 144.636218 0.000000
1695149335832659475 144.552240 0.000000
1695149335904294102 144.602251 0.000000
1695149336048944413 144.635507 0.000000
1695149336121898908 144.561364 0.000000
1695149336411335895 144.414959 0.000000
1695149336446853069 144.515212 0.000000
1695149336700448059 144.573079 0.000000
1695149336773410436 144.658882 0.000000
1695149336773436781 144.658110 0.000000
1695149336845842824 144.573403 0.000000
1695149336917730106 144.572321 0.000000
1695149336918102425 144.650517 0.000000
1695149337062333016 144.385049 0.000000
1695149337351580923 144.468066 0.000000
1695149337496439881 144.428501 0.000000
1695149337568504283 144.536635 0.000000
1695149337786277834 144.663314 0.000000
1695149337858577351 144.519178 0.000000
1695149338147866900 144.587851 0.000000
1695149338400583815 144.717550 0.000000
1695149338581784707 144.767228 0.000000
1695149338654160571 144.568337 0.000000
1695149338726473956 144.633600 0.000000
1695149338799402155 144.456899 0.000000
1695149339016301646 144.705588 0.000000
1695149339088611580 144.571018 0.000000
1695149339161127379 144.498608 0.000000
1695149339232724999 144.632719 0.000000
1695149339306042311 144.853702 0.000000
1695149339377379515 144.552777 0.000000
1695149339595458797 144.451551 0.000000
1695149339739173640 144.551886 0.000000
1695149339884924558 144.586595 0.000000
1695149339956940278 144.526468 0.000000
1695149340029306517 144.422472 0.000000
1695149340101372017 144.779648 0.000000
1695149340319026586 144.830026 0.000000
1695149340319058399 144.757070 0.000000
1695149340390968093 144.625403 0.000000
1695149340391702397 144.667042 0.000000
1695149340608526137 144.737006 0.000000
1695149340608901268 144.456504 0.000000
1695149340681144025 144.381511 0.000000
1695149340971022654 144.624418 0.000000
1695149340971277574 144.595438 0.000000
1695149341042660360 144.554357 0.000000
1695149341043079345 144.411325 0.000000
1695149341115217611 144.439731 0.000000
1695149341115787559 144.509330 0.000000
1695149341188156936 144.457389 0.000000
1695149341223495390 144.517902 0.000000
1695149341260049096 144.461218 0.000000
1695149341260070607 144.686835 0.000000
1695149341404834733 144.522649 0.000000
1695149341405229385 144.689868 0.000000
1695149341694544053 144.629258 0.000000
1695149341839447302 144.594934 0.000000
1695149342200611798 144.665750 0.000000
1695149342346147263 144.593502 0.000000
1695149342562266363 144.548187 0.000000
1695149342562679839 144.504481 0.000000
1695149342635360336 144.472597 0.000000
1695149342635367218 144.717800 0.000000
1695149342671222016 144.543388 0.000000
1695149342707933923 144.478114 0.000000
1695149342780112420 144.685815 0.000000
1695149342852047599 144.568796 0.000000
1695149342852289213 144.359718 0.000000
1695149342924418880 144.577383 0.000000
1695149343032790926 144.633766 0.000000
1695149343141170233 144.569027 0.000000
1695149343141952356 144.551998 0.000000
1695149343249771103 144.651784 0.000000
1695149343285797468 144.610174 0.000000
1695149343286719392 144.567997 0.000000
1695149343358926747 144.729150 0.000000
1695149343431551984 144.808084 0.000000
1695149343648216001 144.449382 0.000000
1695149343648493985 144.529050 0.000000
1695149343648907961 144.723436 0.000000
1695149343938273619 144.444311 0.000000
1695149344010532333 144.499460 0.000000
1695149344082513780 144.713797 0.000000
1695149344083035798 144.502199 0.000000
1695149344155087858 144.451827 0.000000
1695149344517051401 144.414219 0.000000
1695149344552413948 144.558674 0.000000
1695149344661961739 144.563041 0.000000
1695149344662091835 144.651144 0.000000
1695149344697388970 144.958328 0.000000
1695149344734068901 144.885282 0.000000
1695149344734455432 145.022865 0.000000
1695149344878314129 144.536822 0.000000
1695149344950931603 144.535813 0.000000
1695149344986541197 144.470815 0.000000
1695149345023882641 144.555982 0.000000
1695149345313396998 144.659056 0.000000
1695149345313506240 144.729767 0.000000
1695149345530147075 144.474736 0.000000
1695149345530494030 144.511734 0.000000
1695149345602389695 144.663037 0.000000
1695149345892591060 144.757477 0.000000
1695149346182207994 145.072525 0.000000
1695149346182279269 144.738279 0.000000
1695149346254536965 144.815069 0.000000
1695149346254741243 144.492759 0.000000
1695149346326804230 144.578679 0.000000
1695149346327174144 144.719154 0.000000
1695149346471456254 144.613633 0.000000
1695149346906785586 144.660582 0.000000
1695149347195441248 144.405891 0.000000
1695149347195633937 144.455930 0.000000
1695149347195790603 144.388598 0.000000
1695149347340983447 144.560773 0.000000
1695149347448900487 144.511589 0.000000
1695149347485017921 144.478030 0.000000
1695149347665773072 144.518605 0.000000
1695149347702723540 144.581612 0.000000
1695149347774398394 144.635542 0.000000
1695149347774445443 144.572441 0.000000
1695149347774762591 144.600878 0.000000
1695149347918831858 144.629235 0.000000
1695149348027349053 144.500829 0.000000
1695149348136859221 144.456856 0.000000
1695149348208701926 144.517316 0.000000
1695149348281593656 144.514231 0.000000
1695149348569837894 144.456320 0.000000
1695149348570283667 144.433118 0.000000
1695149348714816728 144.495951 0.000000
1695149349003824531 144.547865 0.000000
1695149349076412833 144.413494 0.000000
1695149349076943720 144.492971 0.000000
1695149349148479540 144.429101 0.000000
1695149349149454792 144.489073 0.000000
1695149349220610430 144.496039 0.000000
1695149349293705326 144.508507 0.000000
1695149349329215685 144.563696 0.000000
1695149349366171991 144.582082 0.000000
1695149349438055976 144.473942 0.000000
1695149349799735939 144.506252 0.000000
1695149349944157869 144.581957 0.000000
1695149349944469649 144.481657 0.000000
1695149349980215435 144.479765 0.000000
1695149350089480557 144.479984 0.000000
1695149350233594144 144.663270 0.000000
1695149350451055957 144.456947 0.000000
1695149350451204523 144.510151 0.000000
1695149350451270045 144.500204 0.000000
1695149350523142757 144.449184 0.000000
1695149350523592106 144.667067 0.000000
1695149350595426212 144.765317 0.000000
1695149350812995121 144.541889 0.000000
1695149350813182609 144.628393 0.000000
1695149350813302953 144.658062 0.000000
1695149350957393391 144.755481 0.000000
1695149351030311359 144.485151 0.000000
1695149351319157614 144.558885 0.000000
1695149351319406766 144.481058 0.000000
1695149351464071768 144.612294 0.000000
1695149351464102745 144.649724 0.000000
1695149351464670919 144.521770 0.000000
1695149351536453969 144.775334 0.000000
1695149351537073707 144.470670 0.000000
1695149351609256476 144.984308 0.000000
1695149351681448483 144.977715 0.000000
1695149351754602317 145.035680 0.000000
1695149351898859922 144.466194 0.000000
1695149351971011649 144.494233 0.000000
1695149352260928555 144.641550 0.000000
1695149352694923950 144.573403 0.000000
1695149352695497581 144.488482 0.000000
1695149352767703301 144.547610 0.000000
1695149352912953773 144.615813 0.000000
1695149353130008272 144.712469 0.000000
1695149353202406551 144.488732 0.000000
1695149353274246566 144.492665 0.000000
1695149353346154951 144.543861 0.000000
1695149353346602256 144.658994 0.000000
1695149353563692206 144.669048 0.000000
1695149353708388926 144.567923 0.000000
1695149353781280494 144.507143 0.000000
1695149353853398209 144.734118 0.000000
1695149353925703170 144.556872 0.000000
1695149353998828942 144.793297 0.000000
1695149354070633687 144.911752 0.000000
1695149354215743428 144.502328 0.000000
1695149354215963307 144.534470 0.000000
1695149354287684075 144.521407 0.000000
1695149354433097034 144.535418 0.000000
1695149354649749251 144.506388 0.000000
1695149354794304041 144.538987 0.000000
1695149354939549847 144.496232 0.000000
1695149355084276645 144.453390 0.000000
1695149355228605446 144.538866 0.000000
1695149355445884422 144.488668 0.000000
1695149355518223578 144.564076 0.000000
1695149355662773139 144.619689 0.000000
1695149355663114101 144.512716 0.000000
1695149355735350586 144.639839 0.000000
1695149355808045300 144.672820 0.000000
1695149356024148171 144.430757 0.000000
1695149356169540236 144.435871 0.000000
1695149356748076618 144.593068 0.000000
1695149356820789227 144.815863 0.000000
1695149356820791403 144.795461 0.000000
1695149357038156025 144.776954 0.000000
1695149357109959812 144.579869 0.000000
1695149357182930398 144.533118 0.000000
1695149357255244289 144.388474 0.000000
1695149357326974705 144.697222 0.000000
1695149357472545975 144.527570 0.000000
1695149357616946743 144.442649 0.000000
1695149357689283490 144.429050 0.000000
1695149357978487732 144.575176 0.000000
1695149358050602923 144.404229 0.000000
1695149358051057177 144.436771 0.000000
1695149358122740289 144.555423 0.000000
1695149358412946350 144.679373 0.000000
1695149358557282341 144.552007 0.000000
1695149358629966486 144.566980 0.000000
1695149358809819603 144.549218 0.000000
1695149358919510085 144.645452 0.000000
1695149358991737016 144.660655 0.000000
1695149359063686839 144.395499 0.000000
1695149359533694992 144.613583 0.000000
1695149359570015042 144.457315 0.000000
1695149359570610415 144.459103 0.000000
1695149359570796327 144.506965 0.000000
1695149359643202499 144.488826 0.000000
1695149359714518047 144.510954 0.000000
1695149359859061448 144.527197 0.000000
1695149360076861576 144.391257 0.000000
1695149360221039654 144.598362 0.000000
1695149360293689524 144.672625 0.000000
1695149360438915688 144.613881 0.000000
1695149360511042254 144.964986 0.000000
1695149360728087893 144.538067 0.000000
1695149360873228274 145.051404 0.000000
1695149361162665494 144.629627 0.000000
1695149361307854645 144.677828 0.000000
1695149361307938330 144.628788 0.000000
1695149361415821937 144.536969 0.000000
1695149361452893378 144.694446 0.000000
1695149361524940399 144.600122 0.000000
1695149361525310852 144.688474 0.000000
1695149361670008684 144.679805 0.000000
1695149361741964661 144.648014 0.000000
1695149361814212587 144.443689 0.000000
1695149361959543125 145.114119 0.000000
1695149362321248937 144.563984 0.000000
1695149362321826761 144.694515 0.000000
1695149362466338608 144.494584 0.000000
1695149362538305248 144.468654 0.000000
1695149362683418843 144.605157 0.000000
1695149362719189577 144.442354 0.000000
1695149362755470884 144.585646 0.000000
1695149362755825878 144.478593 0.000000
1695149362827945378 144.502720 0.000000
1695149362900811019 144.469947 0.000000
1695149363008472939 144.416928 0.000000
1695149363045072196 144.642617 0.000000
1695149363479261725 144.657550 0.000000
1695149363479711398 144.534569 0.000000
1695149363551545714 144.655723 0.000000
1695149363696783035 144.897536 0.000000
1695149363841809964 144.542156 0.000000
1695149363876996953 144.670449 0.000000
1695149363985972007 144.574471 0.000000
1695149363986141348 144.699998 0.000000
1695149364166733015 144.991090 0.000000
1695149364347858369 144.493734 0.000000
1695149364347949633 144.594787 0.000000
1695149364348278234 144.612397 0.000000
1695149364419935110 144.515487 0.000000
1695149364637760134 144.527529 0.000000
1695149364709841246 144.703041 0.000000
1695149364855055948 144.595109 0.000000
1695149364999313367 144.570418 0.000000
1695149365071415542 144.469560 0.000000
1695149365215978887 144.554459 0.000000
1695149365216278440 144.532327 0.000000
1695149365288775468 144.577511 0.000000
1695149365289191403 144.539950 0.000000
1695149365433077508 144.480294 0.000000
1695149365578601109 144.553271 0.000000
1695149365794945398 144.513871 0.000000
1695149365795744040 144.569423 0.000000
1695149366084002500 144.486410 0.000000
1695149366156031313 144.470355 0.000000
1695149366301093115 144.502845 0.000000
1695149366373447836 144.459503 0.000000
1695149366373886195 144.438149 0.000000
1695149366373919857 144.455947 0.000000
1695149366445839907 144.424498 0.000000
1695149366518065466 144.501929 0.000000
1695149366590134860 144.523818 0.000000
1695149366590489232 144.549358 0.000000
1695149366735203420 144.555892 0.000000
1695149366735339815 144.613027 0.000000
1695149366807787816 144.495243 0.000000
1695149366879950351 144.601519 0.000000
1695149367024697803 144.778461 0.000000
1695149367242041543 144.516870 0.000000
1695149367386153922 144.627115 0.000000
1695149367386219036 144.674121 0.000000
1695149367530728500 144.502759 0.000000
1695149367603304444 144.654435 0.000000
1695149367748371480 144.487405 0.000000
1695149367820780246 144.536631 0.000000
1695149367928621320 144.532249 0.000000
1695149368037123176 144.619007 0.000000
1695149368109585470 144.628179 0.000000
1695149368110124710 144.626323 0.000000
1695149368110428190 144.525245 0.000000
1695149368254221275 144.624242 0.000000
1695149368399045835 144.810397 0.000000
1695149368544434996 144.581164 0.000000
1695149368579875429 144.484335 0.000000
1695149368616003267 144.595236 0.000000
1695149368689090231 144.584395 0.000000
1695149368833737030 144.544846 0.000000
1695149368833780029 144.683273 0.000000
1695149368977753368 144.467367 0.000000
1695149369194720620 144.647771 0.000000
1695149369267776177 144.505318 0.000000
1695149369339852875 144.850243 0.000000
1695149369412085261 144.932763 0.000000
1695149369412572608 144.601312 0.000000
1695149369484769571 144.800008 0.000000
1695149369556920137 144.603338 0.000000
1695149369557308056 144.620022 0.000000
1695149369557534827 144.693354 0.000000
1695149369918948469 144.467301 0.000000
1695149370063773932 144.591345 0.000000
1695149370136169280 144.613495 0.000000
1695149370136314380 144.556274 0.000000
1695149370244316222 144.681286 0.000000
1695149370281126381 144.695913 0.000000
1695149370425633518 144.500357 0.000000
1695149370497987214 144.405773 0.000000
1695149370533488335 144.519911 0.000000
1695149370642700724 144.602822 0.000000
1695149370642789757 144.671208 0.000000
1695149370643293532 144.672812 0.000000
1695149370715034308 144.623371 0.000000
1695149370787182836 144.663118 0.000000
1695149370931899472 144.703036 0.000000
1695149371221607171 144.425208 0.000000
1695149371511322477 144.475334 0.000000
1695149371728706402 144.572905 0.000000
1695149371729179472 144.579896 0.000000
1695149371873943727 144.527664 0.000000
1695149372018938227 144.571731 0.000000
1695149372090796279 144.488562 0.000000
1695149372235311415 144.473745 0.000000
1695149372307264498 144.712257 0.000000
1695149372380627438 144.526455 0.000000
1695149372524471933 144.532738 0.000000
1695149372669853221 144.502679 0.000000
1695149372814495380 144.527211 0.000000
1695149372814672043 144.452549 0.000000
1695149372958914306 144.411739 0.000000
1695149372959222735 144.407369 0.000000
1695149373248219170 144.529274 0.000000
1695149373320597671 144.468657 0.000000
1695149373392273150 144.546554 0.000000
1695149373393069106 144.517504 0.000000
1695149373537259928 144.876994 0.000000
1695149373681811638 144.542596 0.000000
1695149373754385302 144.781993 0.000000
1695149373754470657 144.840277 0.000000
1695149373827165910 144.594678 0.000000
1695149373899160889 144.680223 0.000000
1695149373899201780 144.592287 0.000000
1695149374188841645 144.571908 0.000000
1695149374189107677 144.425206 0.000000
1695149374333663064 144.726536 0.000000
1695149374479033378 144.752724 0.000000
1695149374551438440 144.592876 0.000000
1695149374623559170 144.513547 0.000000
1695149374623756424 144.644967 0.000000
1695149374768433294 144.439845 0.000000
1695149375058151084 144.684939 0.000000
1695149375202069472 144.409207 0.000000
1695149375202603858 144.443981 0.000000
1695149375419672623 144.393479 0.000000
1695149375491504789 144.539930 0.000000
1695149375492153474 144.613921 0.000000
1695149375563851046 144.435851 0.000000
1695149375564212278 144.632275 0.000000
1695149375709359796 144.560584 0.000000
1695149375853311934 144.446825 0.000000
1695149376070591480 144.613373 0.000000
1695149376142968442 144.444739 0.000000
1695149376215651010 144.539918 0.000000
1695149376359910587 144.543506 0.000000
1695149376432094665 144.817206 0.000000
1695149376432140261 144.669239 0.000000
1695149376649083381 144.574723 0.000000
1695149376939195065 144.476010 0.000000
1695149377227491535 144.454534 0.000000
1695149377227972278 144.555472 0.000000
1695149377228845648 144.631216 0.000000
1695149377300842688 144.528957 0.000000
1695149377446263597 144.527439 0.000000
1695149377518360076 144.545566 0.000000
1695149377589680609 144.842034 0.000000
1695149377663233499 144.415000 0.000000
1695149377734329680 144.633007 0.000000
1695149377879913503 144.517074 0.000000
1695149377952082154 144.483085 0.000000
1695149378096607286 144.615492 0.000000
1695149378097182137 144.580060 0.000000
1695149378459369914 144.569462 0.000000
1695149378531001602 144.507142 0.000000
1695149378531757206 144.548898 0.000000
1695149378603324927 144.404820 0.000000
1695149378676059683 144.525224 0.000000
1695149378748251712 144.887904 0.000000
1695149378892855181 144.589688 0.000000
1695149378893156570 144.819207 0.000000
1695149378965393018 144.542542 0.000000
1695149379110148657 144.726857 0.000000
1695149379110392714 144.493623 0.000000
1695149379110786902 144.526640 0.000000
1695149379327951891 144.429771 0.000000
1695149379400023306 144.461199 0.000000
1695149379617447098 144.655768 0.000000
1695149379907063570 144.450979 0.000000
1695149380124081301 144.679420 0.000000
1695149380269228498 144.659895 0.000000
1695149380449805842 144.512950 0.000000
1695149380486537368 144.739278 0.000000
1695149380631311699 144.477322 0.000000
1695149380848492410 144.659109 0.000000
1695149381210425909 144.578341 0.000000
1695149381210865410 144.604643 0.000000
1695149381282448270 144.441273 0.000000
1695149381318667519 144.706607 0.000000
1695149381354927755 144.463639 0.000000
1695149381355367837 144.512667 0.000000
1695149381499676228 144.589259 0.000000
1695149381571999144 144.703637 0.000000
1695149381788923136 144.478242 0.000000
1695149381789050587 144.495982 0.000000
1695149381933596842 144.549131 0.000000
1695149382151029212 144.695711 0.000000
1695149382368336222 144.615356 0.000000
1695149382585128100 144.534482 0.000000
1695149382802743002 144.616951 0.000000
1695149382874487911 144.592415 0.000000
1695149382947551658 144.675159 0.000000
1695149383236826271 144.971032 0.000000
1695149383309154948 144.544753 0.000000
1695149383381815023 144.719747 0.000000
1695149383453875498 144.655091 0.000000
1695149383454246624 144.950167 0.000000
1695149383598900045 144.644053 0.000000
1695149383598902965 144.700558 0.000000
1695149383671461079 144.452854 0.000000
1695149383888570482 144.403588 0.000000
1695149383960836164 144.513115 0.000000
1695149384105547791 144.843267 0.000000
1695149384250798777 145.232323 0.000000
1695149384323324816 144.903616 0.000000
1695149384396137229 144.802046 0.000000
1695149384541068968 144.561133 0.000000
1695149384612566942 144.470519 0.000000
1695149384648594350 144.653094 0.000000
1695149384757203877 144.478685 0.000000
1695149384757421091 144.427379 0.000000
1695149384757670125 144.469347 0.000000
1695149385047114018 144.598616 0.000000
1695149385191438263 144.584964 0.000000
1695149385408522908 144.482790 0.000000
1695149385481001413 144.779481 0.000000
1695149385481316397 144.487242 0.000000
1695149385481597569 144.560066 0.000000
1695149385806501709 144.476473 0.000000
1695149385843616431 144.687188 0.000000
1695149386060524911 144.465442 0.000000
1695149386060865719 144.566048 0.000000
1695149386133164836 144.456938 0.000000
1695149386277385558 144.566107 0.000000
1695149386385739788 144.530218 0.000000
