1695151416879146906 238.467432 0.000000
1695151417092295716 238.560315 0.000000
1695151417262851086 238.461994 0.000000
1695151417332424855 238.433906 0.000000
1695151417475767484 238.531562 0.000000
1695151417571067811 238.446201 0.000000
1695151417928597536 238.405953 0.000000
1695151418644542482 238.418154 0.000000
1695151419001174618 238.426374 0.000000
1695151419001219810 238.423071 0.000000
1695151419001982362 238.485345 0.000000
1695151419359974597 238.423021 0.000000
1695151419861621923 238.424054 0.000000
1695151420433792562 238.471174 0.000000
1695151420577213101 238.430007 0.000000
1695151420815655854 238.424344 0.000000
1695151421029197859 238.486449 0.000000
1695151421199349899 238.911500 0.000000
1695151421558319977 238.549165 0.000000
1695151421651763431 238.413401 0.000000
1695151421864364811 238.502508 0.000000
1695151422009494225 238.394227 0.000000
1695151422128074261 238.420439 0.000000
1695151422128435091 238.486621 0.000000
1695151422486769122 238.392973 0.000000
1695151422581159977 238.421220 0.000000
1695151422700567715 238.498169 0.000000
1695151422724920732 238.376348 0.000000
1695151423082421160 238.457488 0.000000
1695151423109034742 238.388733 0.000000
1695151423321222174 238.445781 0.000000
1695151423346757067 238.464015 0.000000
1695151423560036140 238.415170 0.000000
1695151423798491445 238.542399 0.000000
1695151423944001190 238.465776 0.000000
1695151423944026555 238.469420 0.000000
1695151424609566721 238.487104 0.000000
1695151424753460723 238.441123 0.000000
1695151424847103553 238.429966 0.000000
1695151424872357993 238.415872 0.000000
1695151425110623761 238.513440 0.000000
1695151425110648447 238.453833 0.000000
1695151425230194646 238.430576 0.000000
1695151425349408326 238.383922 0.000000
1695151425707168486 238.526501 0.000000
1695151425826711122 238.582094 0.000000
1695151426041070718 238.477140 0.000000
1695151426160316017 238.412075 0.000000
1695151426518139922 238.510878 0.000000
1695151426518142584 238.528003 0.000000
1695151426568149295 238.386362 0.000000
1695151426781266820 238.445121 0.000000
1695151427258180200 238.467190 0.000000
1695151427258455175 238.436332 0.000000
1695151427352998664 238.377658 0.000000
1695151427472278341 238.423243 0.000000
1695151427880561617 238.474613 0.000000
1695151427974119907 238.440043 0.000000
1695151428119089088 238.459459 0.000000
1695151428144784241 238.483598 0.000000
1695151428212944061 238.557681 0.000000
1695151428307185535 238.418711 0.000000
1695151428621929760 238.485852 0.000000
1695151428715493682 238.378690 0.000000
1695151429023157224 238.646076 0.000000
1695151429023589121 238.659647 0.000000
1695151429048095067 238.648707 0.000000
1695151429192765786 238.526390 0.000000
1695151429286650292 238.546232 0.000000
1695151429550640917 238.481363 0.000000
1695151429619816294 238.418700 0.000000
1695151429738948867 238.430322 0.000000
1695151429882985136 238.479336 0.000000
1695151429908601524 238.535259 0.000000
1695151430266553632 238.442693 0.000000
1695151430385882621 238.511737 0.000000
1695151430530928847 238.560176 0.000000
1695151430574306065 238.499038 0.000000
1695151430693556738 238.458205 0.000000
1695151431051454211 238.523653 0.000000
1695151431101859873 238.462757 0.000000
1695151431127367030 238.434030 0.000000
1695151431196161648 238.534140 0.000000
1695151431459787018 238.466890 0.000000
1695151431673316432 238.397806 0.000000
1695151431792343125 238.476699 0.000000
1695151431936777342 238.418308 0.000000
1695151432030807534 238.448933 0.000000
1695151432294932895 238.388838 0.000000
1695151432533712928 238.474918 0.000000
1695151432866387969 238.552059 0.000000
1695151433274969099 238.526820 0.000000
1695151433488235114 238.440276 0.000000
1695151433940246701 238.533459 0.000000
1695151434322861359 238.498470 0.000000
1695151434347746973 238.458477 0.000000
1695151435039763449 238.516521 0.000000
1695151435063399505 238.435915 0.000000
1695151435132364041 238.420333 0.000000
1695151435157780621 238.433170 0.000000
1695151435158296173 238.428633 0.000000
1695151435159032139 238.500025 0.000000
1695151435540488642 238.407785 0.000000
1695151435729924145 238.508371 0.000000
1695151436017605146 238.488360 0.000000
1695151436112190745 238.448588 0.000000
1695151436136964337 238.405356 0.000000
1695151436207162224 238.440540 0.000000
1695151436325174298 238.419838 0.000000
1695151436350668227 238.463943 0.000000
1695151436375383763 238.408687 0.000000
1695151436471149765 238.407956 0.000000
1695151436853844895 238.457288 0.000000
1695151437210450989 238.441115 0.000000
1695151437356861586 238.496540 0.000000
1695151437543491941 238.450106 0.000000
1695151437806941575 238.484632 0.000000
1695151437806965431 238.473603 0.000000
1695151438046567269 238.393745 0.000000
1695151438165888391 238.335402 0.000000
1695151438353750449 238.494069 0.000000
1695151438354933754 238.452539 0.000000
1695151438379821534 238.459778 0.000000
1695151438641928382 238.531031 0.000000
1695151438643047257 238.497722 0.000000
1695151438713092308 238.658754 0.000000
1695151438737605227 238.431905 0.000000
1695151439165165202 238.614616 0.000000
1695151439308218829 238.402904 0.000000
1695151439428837498 238.491258 0.000000
1695151439648820968 238.446925 0.000000
1695151439955485025 238.479793 0.000000
1695151440025320533 238.481181 0.000000
1695151440194183441 238.536292 0.000000
1695151440407035096 238.453062 0.000000
1695151440671330578 238.391000 0.000000
1695151440764850400 238.549138 0.000000
1695151440860665326 238.462589 0.000000
1695151440935237044 238.409820 0.000000
1695151441080614671 238.562016 0.000000
1695151441193462886 238.464646 0.000000
1695151441242975837 238.402682 0.000000
1695151441625806172 238.470663 0.000000
1695151441934792794 238.526084 0.000000
1695151442340994628 238.549293 0.000000
1695151442818696376 238.420174 0.000000
1695151443057103216 238.396881 0.000000
1695151443151402920 238.416185 0.000000
1695151443584111954 238.588817 0.000000
1695151444012002043 238.419948 0.000000
1695151444082365627 238.428077 0.000000
1695151444131181298 238.514188 0.000000
1695151444201968020 238.521223 0.000000
1695151444300568776 238.428096 0.000000
1695151444608627380 238.547300 0.000000
1695151444702808124 238.681764 0.000000
1695151444798372251 238.403170 0.000000
1695151444966674044 238.608388 0.000000
1695151445037093471 238.708124 0.000000
1695151445443892272 238.550007 0.000000
1695151445538009398 238.510840 0.000000
1695151445563032230 238.394073 0.000000
1695151445871950273 238.405923 0.000000
1695151445895903049 238.476800 0.000000
1695151445972587504 238.494873 0.000000
1695151446636915142 238.497889 0.000000
1695151447114355105 238.501653 0.000000
1695151447233679652 238.419809 0.000000
1695151447352781452 238.415700 0.000000
1695151447423121345 238.441694 0.000000
1695151447710832577 238.574455 0.000000
1695151447804490781 238.495905 0.000000
1695151448138862591 238.450620 0.000000
1695151448138887498 238.425802 0.000000
1695151448143745035 238.518360 0.000000
1695151448620785967 238.394264 0.000000
1695151449192121086 238.573268 0.000000
1695151449312679506 238.388707 0.000000
1695151450573950823 238.437686 0.000000
1695151450574846603 238.490209 0.000000
1695151450624054745 238.524797 0.000000
1695151450863366483 238.433691 0.000000
1695151451051110141 238.590628 0.000000
1695151451339666238 238.478250 0.000000
1695151451817565768 238.396405 0.000000
1695151451887082702 238.474452 0.000000
1695151452006007822 238.611902 0.000000
1695151452314883207 238.494498 0.000000
1695151452791887562 238.415366 0.000000
1695151452841131852 238.490704 0.000000
1695151452842712721 238.432893 0.000000
1695151452890650756 238.389299 0.000000
1695151453199337659 238.539373 0.000000
1695151453343539596 238.473246 0.000000
1695151453771176119 238.499473 0.000000
1695151453865632731 238.564430 0.000000
1695151453964603933 238.423996 0.000000
1695151454104041680 238.455106 0.000000
1695151454109204384 238.444972 0.000000
1695151454203113118 238.496497 0.000000
1695151454560859190 238.480542 0.000000
1695151454819802068 238.484247 0.000000
1695151454944188898 238.450660 0.000000
1695151455058383632 238.447874 0.000000
1695151455177598113 238.397493 0.000000
1695151455227905092 238.484118 0.000000
1695151455395751325 238.453564 0.000000
1695151455441165438 238.432507 0.000000
1695151455754270298 238.392700 0.000000
1695151455773996694 238.531785 0.000000
1695151455872788023 238.469634 0.000000
1695151455943828421 238.470612 0.000000
1695151456421007774 238.397844 0.000000
1695151456514692409 238.497719 0.000000
1695151456707911813 238.403853 0.000000
1695151456733855872 238.434747 0.000000
1695151457205392580 238.412782 0.000000
1695151457542917631 238.439864 0.000000
1695151457733368471 238.508022 0.000000
1695151457807544272 238.455970 0.000000
1695151458116400250 238.490548 0.000000
1695151458593520502 238.465522 0.000000
1695151458662248906 238.441556 0.000000
1695151458735908408 238.441114 0.000000
1695151458807338559 238.559543 0.000000
1695151459165076060 238.405951 0.000000
1695151459165217876 238.479991 0.000000
1695151459258659638 238.440374 0.000000
1695151459497108205 238.434638 0.000000
1695151459571183026 238.483333 0.000000
1695151460432312599 238.454305 0.000000
1695151460477488289 238.407691 0.000000
1695151460570742976 238.428218 0.000000
1695151460621705652 238.494413 0.000000
1695151460763966926 238.464406 0.000000
1695151460835412365 238.468135 0.000000
1695151460883288231 238.481352 0.000000
1695151460908321666 238.455961 0.000000
1695151460909291267 238.403923 0.000000
1695151461241158492 238.461542 0.000000
1695151461266208368 238.470612 0.000000
1695151461981888853 238.494073 0.000000
1695151462053641680 238.469152 0.000000
1695151462121774379 238.582400 0.000000
1695151462411471251 238.425892 0.000000
1695151462411492559 238.551615 0.000000
1695151462505759914 238.427473 0.000000
1695151462553316264 238.455396 0.000000
1695151462675286958 238.473269 0.000000
1695151462697565534 238.409990 0.000000
1695151462911163191 238.378529 0.000000
1695151462956934166 238.538324 0.000000
1695151463030466867 238.547776 0.000000
1695151463056570641 238.409511 0.000000
1695151463102205308 238.420332 0.000000
1695151463390879456 238.440871 0.000000
1695151463627090475 238.594464 0.000000
1695151463792081193 238.423712 0.000000
1695151463792951831 238.449157 0.000000
1695151464011088180 238.434624 0.000000
1695151464130328587 238.398624 0.000000
1695151464248970951 238.491469 0.000000
1695151464388544186 238.464538 0.000000
1695151464462002803 238.448116 0.000000
1695151464487478294 238.492926 0.000000
1695151464607336350 238.419729 0.000000
1695151464819718917 238.404731 0.000000
1695151464866580450 238.468013 0.000000
1695151465325050340 238.400405 0.000000
1695151465342838214 238.411420 0.000000
1695151465513586259 238.451151 0.000000
1695151465563722417 238.375449 0.000000
1695151465800149040 238.419861 0.000000
1695151465940159630 238.437521 0.000000
1695151466229256867 238.427848 0.000000
1695151466467833020 238.562616 0.000000
1695151466541184997 238.412530 0.000000
1695151466587119538 238.439758 0.000000
1695151467012829895 238.462676 0.000000
1695151467209409144 238.511170 0.000000
1695151467252299608 238.558032 0.000000
1695151467352958240 238.436161 0.000000
1695151467447907290 238.486250 0.000000
1695151467541315091 238.406510 0.000000
1695151467755869638 238.522085 0.000000
1695151468066771009 238.457509 0.000000
1695151468352200362 238.392784 0.000000
1695151468444488175 238.553740 0.000000
1695151468564410161 238.392533 0.000000
1695151468637397434 238.520430 0.000000
1695151468710114934 238.487654 0.000000
1695151468784747432 238.434585 0.000000
1695151468904399797 238.470093 0.000000
1695151469142555618 238.427495 0.000000
1695151469498588944 238.469474 0.000000
1695151469549077258 238.554824 0.000000
1695151469638228435 238.476372 0.000000
1695151469764643136 238.483392 0.000000
1695151470095001898 238.445103 0.000000
1695151470166029521 238.471179 0.000000
1695151470335828293 238.550770 0.000000
1695151471528676790 238.465124 0.000000
1695151471693062081 238.387671 0.000000
1695151471792623497 238.491068 0.000000
1695151472023654202 238.416379 0.000000
1695151472148805292 238.476083 0.000000
1695151472269619831 238.433061 0.000000
1695151472289486254 238.394855 0.000000
1695151472387354869 238.536137 0.000000
1695151472600365042 238.388368 0.000000
1695151472983853996 238.597930 0.000000
1695151473316071753 238.442125 0.000000
1695151473437250733 238.547074 0.000000
1695151473699457675 238.469889 0.000000
1695151473887046192 238.458528 0.000000
1695151473912410705 238.491537 0.000000
1695151474082583002 238.476455 0.000000
1695151474151053193 238.453778 0.000000
1695151474295732227 238.389476 0.000000
1695151474321051882 238.448806 0.000000
1695151474528895778 238.511873 0.000000
1695151474841443698 238.460852 0.000000
1695151474939337031 238.409938 0.000000
1695151475033484703 238.508051 0.000000
1695151475224914211 238.558871 0.000000
1695151475582715870 238.371933 0.000000
1695151475960306378 238.453824 0.000000
1695151475991075560 238.427244 0.000000
1695151476417626453 238.482510 0.000000
1695151476564021184 238.464183 0.000000
1695151476728047601 238.463376 0.000000
1695151477014054217 238.499662 0.000000
1695151477085843119 238.554051 0.000000
1695151477325323918 238.467599 0.000000
1695151477493519161 238.502583 0.000000
1695151477511001961 238.431708 0.000000
1695151477636566273 238.442664 0.000000
1695151477682120483 238.387205 0.000000
1695151477874125238 238.438435 0.000000
1695151477925001769 238.395108 0.000000
1695151477994268173 238.429163 0.000000
1695151478472833755 238.432539 0.000000
1695151478684353286 238.449824 0.000000
1695151478806054884 238.519529 0.000000
1695151479181239033 238.444660 0.000000
1695151479186313657 238.417223 0.000000
1695151479187209867 238.428611 0.000000
1695151479710256336 238.489360 0.000000
1695151479784766264 238.474823 0.000000
1695151479806399554 238.474917 0.000000
1695151479833638598 238.469134 0.000000
1695151480260033950 238.415103 0.000000
1695151480307395787 238.490398 0.000000
1695151480545810841 238.399712 0.000000
1695151480737539140 238.381946 0.000000
1695151480903606002 238.529363 0.000000
1695151481380782510 238.586849 0.000000
1695151481452874605 238.550354 0.000000
1695151481595824004 238.482701 0.000000
1695151481619441411 238.472242 0.000000
1695151481925566698 238.500885 0.000000
1695151481953760339 238.524034 0.000000
1695151482049383378 238.443473 0.000000
1695151482283320334 238.465941 0.000000
1695151482454885390 238.610453 0.000000
1695151482884307803 238.431619 0.000000
1695151483003552223 238.389871 0.000000
1695151483005634722 238.353054 0.000000
1695151483170565329 238.451299 0.000000
1695151483220769256 238.584084 0.000000
1695151483289988193 238.532250 0.000000
1695151483506900301 238.421342 0.000000
1695151483599860728 238.407678 0.000000
1695151483833771041 238.454072 0.000000
1695151483838408433 238.453698 0.000000
1695151483959182727 238.482237 0.000000
1695151484430081067 238.442628 0.000000
1695151484602310496 238.425778 0.000000
1695151484602337297 238.434894 0.000000
1695151484787974296 238.539575 0.000000
1695151484840790558 238.461062 0.000000
1695151484960192125 238.539011 0.000000
1695151484963446995 238.481847 0.000000
1695151485027032776 238.448765 0.000000
1695151485055791292 238.484575 0.000000
1695151485269966695 238.535728 0.000000
1695151485296875335 238.462706 0.000000
1695151485321355613 238.553355 0.000000
1695151485508580269 238.434803 0.000000
1695151485795469669 238.440576 0.000000
1695151485890836279 238.481786 0.000000
1695151485894167278 238.503472 0.000000
1695151486084405109 238.534566 0.000000
1695151486394999223 238.493400 0.000000
1695151486395020745 238.345035 0.000000
1695151486577558073 238.445163 0.000000
1695151487107927809 238.396799 0.000000
1695151487230013955 238.487180 0.000000
1695151487876977473 238.432795 0.000000
1695151487894352061 238.472789 0.000000
1695151488277020389 238.498297 0.000000
1695151488518318742 238.402396 0.000000
1695151488605512925 238.455360 0.000000
1695151488778223502 238.521097 0.000000
1695151488950521308 238.536796 0.000000
1695151488963372734 238.427007 0.000000
1695151489042137734 238.528794 0.000000
1695151489354281359 238.447691 0.000000
1695151489377553058 238.463793 0.000000
1695151489664453795 238.491731 0.000000
1695151489851984895 238.487027 0.000000
1695151490066804313 238.379124 0.000000
1695151490090504265 238.504852 0.000000
1695151490115848462 238.448765 0.000000
1695151490925756018 238.490574 0.000000
1695151490996527167 238.514472 0.000000
1695151491047605566 238.495176 0.000000
1695151491143030344 238.550366 0.000000
1695151491354474006 238.592575 0.000000
1695151491831513986 238.437788 0.000000
1695151491882705386 238.434293 0.000000
1695151491978811157 238.503878 0.000000
1695151492050505201 238.520358 0.000000
1695151492121258393 238.539692 0.000000
1695151492359712194 238.379283 0.000000
1695151492448326053 238.403225 0.000000
1695151492453085569 238.465149 0.000000
1695151492598227637 238.459059 0.000000
1695151492599619485 238.499893 0.000000
1695151492623535444 238.443783 0.000000
1695151492694503659 238.469499 0.000000
1695151493189305139 238.508919 0.000000
1695151493194561560 238.391337 0.000000
1695151493694527410 238.498347 0.000000
1695151493817521346 238.484817 0.000000
1695151493887418073 238.414288 0.000000
1695151494719615152 238.400161 0.000000
1695151494912543810 238.520208 0.000000
1695151494916098541 238.541010 0.000000
1695151495725702373 238.579423 0.000000
1695151495793172419 238.432452 0.000000
1695151495915816618 238.510723 0.000000
1695151496031706583 238.389046 0.000000
1695151496175351998 238.435794 0.000000
1695151496202784819 238.438896 0.000000
1695151496491920635 238.540683 0.000000
1695151496530375924 238.552307 0.000000
1695151496557945880 238.429599 0.000000
1695151496583136506 238.472876 0.000000
1695151496628062024 238.436863 0.000000
1695151496891079442 238.519320 0.000000
1695151497032238676 238.506896 0.000000
1695151497180348745 238.429719 0.000000
1695151497251201225 238.498639 0.000000
1695151497566122238 238.383649 0.000000
1695151497705527572 238.536812 0.000000
1695151497895502884 238.472483 0.000000
1695151497923764521 238.400174 0.000000
1695151498182538346 238.466845 0.000000
1695151498200697046 238.566686 0.000000
1695151498231549542 238.549594 0.000000
1695151498540344459 238.423468 0.000000
1695151498778847071 238.489629 0.000000
1695151498849867685 238.512756 0.000000
1695151498919115597 238.423341 0.000000
1695151499116500064 238.473737 0.000000
1695151499512644296 238.414138 0.000000
1695151499756443684 238.471811 0.000000
1695151499951381396 238.412628 0.000000
1695151500905604878 238.386401 0.000000
1695151500949480181 238.389473 0.000000
1695151501143344682 238.405448 0.000000
1695151501447309029 238.429254 0.000000
1695151501662704055 238.473689 0.000000
1695151501784498967 238.566627 0.000000
1695151501859621572 238.387429 0.000000
1695151501880644778 238.524950 0.000000
1695151502310550624 238.410869 0.000000
1695151502596240217 238.454004 0.000000
1695151502759589427 238.494824 0.000000
1695151502977424378 238.522662 0.000000
1695151503384178213 238.481892 0.000000
1695151503529117768 238.413223 0.000000
1695151503568898341 238.512225 0.000000
1695151503742025525 238.450627 0.000000
1695151504046073928 238.579844 0.000000
1695151504125699019 238.495169 0.000000
1695151504310872813 238.495671 0.000000
1695151504602805997 238.488538 0.000000
1695151504642593501 238.505927 0.000000
1695151504696345845 238.371685 0.000000
1695151504979798734 238.532662 0.000000
1695151505509047246 238.443638 0.000000
1695151505841010195 238.487526 0.000000
1695151505954593338 238.493308 0.000000
1695151505958322720 238.645772 0.000000
1695151505981451946 238.570357 0.000000
1695151506394726641 238.489220 0.000000
1695151506701606719 238.410213 0.000000
1695151506750117240 238.537749 0.000000
1695151506752444554 238.437664 0.000000
1695151507297898666 238.379105 0.000000
1695151507607878483 238.425038 0.000000
1695151507612093589 238.445953 0.000000
1695151507943164739 238.570120 0.000000
1695151507988170342 238.405383 0.000000
1695151508064724435 238.447086 0.000000
1695151508089073782 238.404125 0.000000
1695151508303205166 238.464707 0.000000
1695151508709721734 238.510880 0.000000
1695151508899587428 238.453831 0.000000
1695151508942499087 238.497371 0.000000
1695151509060445383 238.490736 0.000000
1695151509138100919 238.495397 0.000000
1695151509255494398 238.515037 0.000000
1695151509274915923 238.445285 0.000000
1695151509425472494 238.438514 0.000000
1695151509445211515 238.441015 0.000000
1695151509538784588 238.468181 0.000000
1695151509587613554 238.421414 0.000000
1695151509776175579 238.458443 0.000000
1695151509777348218 238.545668 0.000000
1695151509871352481 238.516991 0.000000
1695151510235106350 238.417728 0.000000
1695151510305443820 238.420420 0.000000
1695151510659876405 238.466067 0.000000
1695151510713511533 238.513533 0.000000
1695151510737713192 238.451178 0.000000
1695151510808317359 238.515411 0.000000
1695151511257494999 238.371200 0.000000
1695151511283923270 238.546059 0.000000
1695151511522379504 238.435587 0.000000
1695151511541567270 238.536604 0.000000
1695151511805772981 238.604133 0.000000
1695151512118892080 238.469955 0.000000
1695151512402058122 238.465053 0.000000
1695151512432717234 238.427002 0.000000
1695151512615178759 238.502339 0.000000
1695151512640528263 238.448215 0.000000
1695151512832541074 238.468630 0.000000
1695151512860857386 238.407873 0.000000
1695151512878992404 238.449287 0.000000
1695151513049398199 238.495945 0.000000
1695151513287922372 238.518321 0.000000
1695151513499965007 238.616572 0.000000
1695151513521855780 238.575140 0.000000
1695151513668731813 238.468328 0.000000
1695151514222611411 238.544214 0.000000
1695151514266375778 238.506178 0.000000
1695151514383725450 238.467158 0.000000
1695151514384324919 238.444327 0.000000
1695151514476399976 238.413943 0.000000
1695151514651308174 238.515896 0.000000
1695151514882139474 238.482666 0.000000
1695151514889025172 238.515114 0.000000
1695151515120721893 238.563020 0.000000
1695151515127484363 238.440463 0.000000
1695151515313844793 238.428906 0.000000
1695151515623031276 238.613410 0.000000
1695151515651985951 238.448924 0.000000
1695151515674060296 238.442742 0.000000
1695151515674088701 238.463521 0.000000
1695151516100068777 238.439431 0.000000
1695151516367666679 238.478558 0.000000
1695151516650983954 238.451640 0.000000
1695151516747508594 238.407780 0.000000
1695151517036218187 238.494258 0.000000
1695151517101746372 238.516245 0.000000
1695151517582631883 238.466075 0.000000
1695151518055939991 238.412909 0.000000
1695151518062780591 238.443939 0.000000
1695151518301250399 238.454948 0.000000
1695151518392267132 238.380504 0.000000
1695151518494155909 238.544143 0.000000
1695151518630700854 238.417308 0.000000
1695151518825579905 238.415706 0.000000
1695151519016862940 238.379248 0.000000
1695151519082896221 238.427193 0.000000
1695151519209926656 238.479756 0.000000
1695151519321560783 238.649377 0.000000
1695151519687006826 238.392571 0.000000
1695151519753518524 238.507237 0.000000
1695151520469351775 238.515043 0.000000
1695151520590220439 238.498613 0.000000
1695151521017212394 238.397502 0.000000
1695151521022855271 238.434775 0.000000
1695151521092492344 238.472088 0.000000
1695151521185100258 238.472338 0.000000
1695151521186169015 238.506717 0.000000
1695151521325638418 238.549937 0.000000
1695151521515711760 238.566925 0.000000
1695151521662299950 238.495101 0.000000
1695151521683454294 238.492913 0.000000
1695151521738568662 238.442562 0.000000
1695151522112317551 238.507427 0.000000
1695151522140617739 238.476504 0.000000
1695151522140620127 238.497017 0.000000
1695151522284029579 238.385413 0.000000
1695151522497658234 238.675521 0.000000
1695151522737000957 238.434275 0.000000
1695151522757158599 238.485212 0.000000
1695151522762878034 238.438458 0.000000
1695151522975626218 238.459361 0.000000
1695151523094062346 238.525111 0.000000
1695151523170053863 238.488844 0.000000
1695151523451808114 238.399864 0.000000
1695151523527940384 238.547871 0.000000
1695151523715611898 238.523094 0.000000
1695151523930712471 238.620559 0.000000
1695151524379234174 238.415388 0.000000
1695151524863068122 238.458518 0.000000
1695151524883620126 238.459732 0.000000
1695151524884665983 238.456463 0.000000
1695151524975546176 238.382929 0.000000
1695151525149127072 238.573870 0.000000
1695151525362067121 238.445907 0.000000
1695151525436671710 238.439376 0.000000
1695151525624247876 238.431611 0.000000
1695151525675180107 238.491885 0.000000
1695151525691167291 238.419252 0.000000
1695151525839037447 238.475789 0.000000
1695151526123592253 238.690705 0.000000
1695151526222905367 238.572426 0.000000
1695151526435712788 238.644061 0.000000
1695151526578826616 238.481179 0.000000
1695151526652734447 238.601770 0.000000
1695151526698540100 238.412830 0.000000
1695151526730571978 238.456536 0.000000
1695151526936599234 238.467562 0.000000
1695151527318344294 238.518311 0.000000
1695151527415169918 238.567343 0.000000
1695151527773769663 238.442693 0.000000
1695151527822730268 238.438807 0.000000
1695151527890851746 238.585922 0.000000
1695151528037537473 238.525526 0.000000
1695151528058432606 238.495470 0.000000
1695151528106270614 238.520406 0.000000
1695151528466864468 238.468070 0.000000
1695151528513380845 238.455834 0.000000
1695151529251641685 238.491252 0.000000
1695151529274378142 238.480011 0.000000
1695151529324779851 238.428068 0.000000
1695151529587069532 238.436274 0.000000
1695151529660026455 238.653100 0.000000
1695151529801314239 238.490593 0.000000
1695151530256489985 238.497851 0.000000
1695151530279904596 238.435359 0.000000
1695151530325318238 238.590357 0.000000
1695151530418764471 238.419030 0.000000
1695151530539768768 238.481064 0.000000
1695151530786618142 238.467015 0.000000
1695151531018627459 238.453062 0.000000
1695151531373155611 238.460828 0.000000
1695151531590834930 238.431449 0.000000
1695151531759375697 238.443715 0.000000
1695151531779945727 238.443197 0.000000
1695151531782275134 238.528385 0.000000
1695151532282832409 238.495937 0.000000
1695151532327627280 238.504376 0.000000
1695151532427351998 238.373475 0.000000
1695151532567956434 238.431256 0.000000
1695151532685399376 238.498943 0.000000
1695151532806418831 238.444725 0.000000
1695151532833221765 238.494866 0.000000
1695151532934071841 238.593700 0.000000
1695151533120124323 238.456717 0.000000
1695151533379969271 238.501022 0.000000
1695151533402725974 238.416054 0.000000
1695151533429824071 238.537551 0.000000
1695151533499706235 238.421085 0.000000
1695151533639739283 238.459647 0.000000
1695151533737676083 238.434968 0.000000
1695151534122284278 238.383179 0.000000
1695151534123227538 238.437251 0.000000
1695151534214893984 238.547093 0.000000
1695151534215346368 238.445561 0.000000
1695151534597931261 238.408179 0.000000
1695151534742243154 238.518795 0.000000
1695151534930864081 238.403884 0.000000
1695151534981995637 238.544235 0.000000
1695151535788445607 238.452335 0.000000
1695151535981415163 238.489094 0.000000
1695151536004177789 238.452536 0.000000
1695151536274700949 238.534863 0.000000
1695151536504216711 238.581817 0.000000
1695151536513211307 238.492346 0.000000
1695151536677999600 238.410036 0.000000
1695151536719698944 238.419190 0.000000
1695151536770394890 238.424013 0.000000
1695151537034828685 238.386622 0.000000
1695151537056789780 238.542933 0.000000
1695151537222454087 238.475567 0.000000
1695151537627561390 238.527085 0.000000
1695151537770980779 238.512461 0.000000
1695151537796787846 238.456338 0.000000
1695151537891967935 238.511515 0.000000
1695151538009576068 238.578966 0.000000
1695151538035257865 238.457438 0.000000
1695151538130550053 238.523951 0.000000
1695151538177000685 238.501763 0.000000
1695151538421836515 238.482292 0.000000
1695151538748140247 238.623610 0.000000
1695151538844642088 238.421733 0.000000
1695151539535913319 238.625797 0.000000
1695151539608364070 238.472501 0.000000
1695151539972772787 238.500841 0.000000
1695151540156736091 238.456466 0.000000
1695151540521027312 238.458799 0.000000
1695151540615125789 238.436296 0.000000
1695151540804479867 238.471623 0.000000
1695151540872381318 238.411918 0.000000
1695151540919080533 238.503283 0.000000
1695151541018494837 238.538296 0.000000
1695151541042898237 238.402228 0.000000
1695151541210714956 238.492251 0.000000
1695151541278650413 238.557666 0.000000
1695151541400719849 238.482162 0.000000
1695151541517116936 238.448899 0.000000
1695151541992854694 238.532328 0.000000
1695151542115367344 238.527389 0.000000
1695151542472398712 238.461273 0.000000
1695151542474229316 238.442081 0.000000
1695151542518984053 238.448418 0.000000
1695151542876762530 238.447340 0.000000
1695151542951290832 238.403760 0.000000
1695151543358204623 238.453155 0.000000
1695151543379579864 238.470166 0.000000
1695151543618076743 238.479366 0.000000
1695151543711699049 238.475472 0.000000
1695151543836501186 238.451543 0.000000
1695151543975897814 238.529800 0.000000
1695151544093877959 238.490013 0.000000
1695151544308245020 238.559416 0.000000
1695151544696836275 238.468623 0.000000
1695151544717198617 238.518637 0.000000
1695151545002371608 238.514913 0.000000
1695151545029442780 238.448279 0.000000
1695151545098946504 238.526653 0.000000
1695151545143159222 238.430219 0.000000
1695151545244637869 238.433846 0.000000
1695151545407405303 238.446620 0.000000
1695151545432950275 238.480200 0.000000
1695151545840969100 238.428230 0.000000
1695151546172610522 238.444116 0.000000
1695151546241492846 238.620185 0.000000
1695151546361548935 238.419831 0.000000
1695151546366972663 238.479506 0.000000
1695151546433894132 238.484305 0.000000
1695151546574845747 238.431297 0.000000
1695151546574870959 238.439917 0.000000
1695151546719450064 238.489020 0.000000
1695151546768256568 238.442976 0.000000
1695151547440751283 238.437605 0.000000
1695151547506861711 238.911059 0.000000
1695151547529206646 238.537295 0.000000
1695151547627302614 238.360052 0.000000
1695151547648544618 238.512368 0.000000
1695151547679395116 238.491952 0.000000
1695151547745373320 238.495332 0.000000
1695151547985066805 238.464716 0.000000
1695151548103197047 238.453499 0.000000
1695151548107718541 238.427877 0.000000
1695151548820364030 238.549965 0.000000
1695151549230390061 238.534388 0.000000
1695151549297404506 238.463884 0.000000
1695151550139910999 238.449978 0.000000
1695151550179180598 238.590713 0.000000
1695151550298321985 238.436218 0.000000
1695151550466987493 238.588916 0.000000
1695151550631117053 238.443264 0.000000
1695151550869599126 238.466620 0.000000
1695151550894738504 238.427053 0.000000
1695151551301856756 238.407192 0.000000
1695151551332783976 238.515992 0.000000
1695151551491087757 238.416235 0.000000
1695151551690455706 238.402538 0.000000
1695151551943271021 238.446082 0.000000
1695151552093984719 238.530026 0.000000
1695151552494714106 238.490929 0.000000
1695151552763976638 238.407081 0.000000
1695151552784644889 238.448446 0.000000
1695151552784666132 238.453408 0.000000
1695151553286758490 238.438045 0.000000
1695151553616972030 238.442152 0.000000
1695151553883027026 238.407568 0.000000
1695151553901745853 238.418277 0.000000
1695151553974689954 238.462184 0.000000
1695151553977424407 238.435005 0.000000
1695151554234998512 238.542705 0.000000
1695151554310226514 238.489781 0.000000
1695151554719543369 238.419480 0.000000
1695151555025915829 238.416408 0.000000
1695151555094910077 238.510839 0.000000
1695151555434483632 238.659172 0.000000
1695151555547295604 238.502427 0.000000
1695151556031637175 238.433745 0.000000
1695151556337666421 238.441346 0.000000
1695151556387580892 238.482774 0.000000
1695151556388867584 238.557811 0.000000
1695151556476918619 238.429383 0.000000
1695151556576802432 238.456552 0.000000
1695151556652574972 238.485895 0.000000
1695151556954096586 238.451794 0.000000
1695151557223830766 238.540397 0.000000
1695151557673235713 238.503340 0.000000
1695151557887793786 238.561383 0.000000
1695151557958865974 238.494599 0.000000
1695151558027850769 238.492837 0.000000
1695151558058975324 238.405531 0.000000
1695151558172477131 238.512153 0.000000
1695151558365693457 238.388330 0.000000
1695151558488700567 238.544563 0.000000
1695151558649616613 238.505251 0.000000
1695151559013165075 238.484596 0.000000
1695151559132662220 238.480840 0.000000
1695151559459561077 238.431221 0.000000
1695151559677763594 238.500355 0.000000
1695151560154892399 238.470095 0.000000
1695151560225661837 238.538383 0.000000
1695151560512932033 238.409955 0.000000
1695151560652659788 238.459837 0.000000
1695151561160658166 238.460614 0.000000
1695151561279912092 238.406409 0.000000
1695151561471205437 238.473452 0.000000
1695151562097408456 238.501602 0.000000
1695151562160162553 238.517575 0.000000
1695151562335869759 238.442157 0.000000
1695151563171016842 238.635675 0.000000
1695151563186459875 238.512878 0.000000
1695151563359595780 238.398875 0.000000
1695151563665958307 238.462755 0.000000
1695151563760515341 238.451864 0.000000
1695151563782864958 238.516951 0.000000
1695151563898993392 238.556795 0.000000
1695151564023901130 238.512555 0.000000
1695151564125404367 238.466813 0.000000
1695151564211654257 238.607689 0.000000
1695151564665627375 238.468631 0.000000
1695151564671926293 238.517021 0.000000
1695151565268333220 238.490595 0.000000
1695151565594856677 238.448395 0.000000
1695151566001158577 238.453772 0.000000
1695151566052146451 238.477474 0.000000
1695151566171441792 238.448429 0.000000
1695151566523761012 238.506069 0.000000
1695151566623082259 238.474380 0.000000
1695151566762210761 238.432287 0.000000
1695151566819598823 238.461591 0.000000
1695151567101134151 238.435234 0.000000
1695151567239423066 238.461123 0.000000
1695151567436501784 238.470436 0.000000
1695151567483785069 238.505017 0.000000
1695151567578169226 238.450653 0.000000
1695151567913540220 238.420657 0.000000
1695151568006071047 238.472302 0.000000
1695151568438133434 238.564648 0.000000
1695151568458110272 238.502373 0.000000
1695151568483169999 238.497774 0.000000
1695151568509878386 238.439144 0.000000
1695151568938420101 238.407037 0.000000
1695151569128801897 238.421218 0.000000
1695151569176863241 238.429613 0.000000
1695151569179892697 238.475352 0.000000
1695151569415406373 238.531763 0.000000
1695151569650961771 238.498001 0.000000
1695151569915068640 238.673741 0.000000
1695151570108383115 238.692165 0.000000
1695151570247420953 238.442387 0.000000
1695151570247446212 238.456862 0.000000
1695151570321865190 238.651555 0.000000
1695151570466163521 238.479536 0.000000
1695151570466190653 238.450202 0.000000
1695151571395407221 238.406773 0.000000
1695151571446504300 238.424663 0.000000
1695151571465428086 238.470929 0.000000
1695151571616307999 238.476229 0.000000
1695151571920743441 238.494930 0.000000
1695151572275525924 238.391455 0.000000
1695151572327945337 238.432028 0.000000
1695151572397889197 238.444860 0.000000
1695151572596939812 238.467781 0.000000
1695151573618970444 238.471504 0.000000
1695151573756612185 238.432692 0.000000
1695151573877592746 238.443793 0.000000
1695151573900690248 238.377490 0.000000
1695151573970615840 238.432247 0.000000
1695151574117187945 238.414673 0.000000
1695151574121642050 238.476201 0.000000
1695151574472422887 238.475944 0.000000
1695151574642503818 238.518292 0.000000
1695151574974526026 238.513822 0.000000
1695151575246229409 238.439508 0.000000
1695151575377946894 238.454127 0.000000
1695151576457537497 238.383387 0.000000
1695151576690423492 238.442832 0.000000
1695151576916517729 238.454454 0.000000
1695151577079076927 238.460978 0.000000
1695151577154960837 238.427104 0.000000
1695151577216827126 238.450745 0.000000
1695151577360921418 238.398785 0.000000
1695151577599404332 238.468054 0.000000
1695151577649508755 238.448176 0.000000
1695151577694005620 238.533996 0.000000
1695151577695683909 238.529695 0.000000
1695151578051760796 238.408464 0.000000
1695151578076508510 238.470988 0.000000
1695151578127658489 238.474800 0.000000
1695151578292087894 238.494957 0.000000
1695151578479983510 238.464086 0.000000
1695151578648430535 238.453508 0.000000
1695151579107285594 238.449480 0.000000
1695151579797702414 238.513590 0.000000
1695151579942210408 238.544789 0.000000
1695151580104859077 238.487564 0.000000
1695151580508049970 238.498101 0.000000
1695151580701409277 238.607905 0.000000
1695151580820609516 238.579074 0.000000
1695151580822372901 238.493532 0.000000
1695151581059203239 238.491054 0.000000
1695151581092852438 238.487747 0.000000
1695151581297693660 238.478768 0.000000
1695151581655615721 238.419911 0.000000
1695151581731771957 238.441477 0.000000
1695151581939795033 238.471213 0.000000
1695151581989137226 238.438577 0.000000
1695151582015249598 238.486023 0.000000
1695151582066205812 238.476897 0.000000
1695151582253703471 238.436193 0.000000
1695151582396529407 238.384998 0.000000
1695151582763089109 238.485313 0.000000
1695151582852787265 238.482214 0.000000
1695151582922467622 238.506338 0.000000
1695151583018624231 238.419271 0.000000
1695151583132894133 238.528381 0.000000
1695151583206248399 238.516288 0.000000
1695151583231492059 238.461621 0.000000
1695151583378602053 238.508446 0.000000
1695151583615039633 238.490679 0.000000
1695151583729239387 238.463405 0.000000
1695151584234748427 238.439399 0.000000
1695151584325649735 238.410025 0.000000
1695151584518571025 238.485352 0.000000
1695151584569391731 238.468092 0.000000
1695151584621610255 238.488801 0.000000
1695151584878162264 238.477472 0.000000
