1694832376506217708 228.526406 278.928355 328 1640 0.000000
1694832378646911091 2783.444618 514.319338 1101 2777 0.000000
1694832379674867921 356.278358 1204.330732 1238 3981 0.000000
1694832380676793729 713.760179 1869.399893 1873 5854 0.000000
1694832381696824323 600.150322 1846.022917 1883 7741 0.000000
1694832382716667904 607.565472 1803.217840 1839 9578 0.000000
1694832383733654412 529.888423 1915.462937 1948 11543 0.000000
1694832384754208985 801.684100 1459.010592 1489 13091 0.000000
1694832385708527476 192.753094 767.039503 732 13743 0.000000
1694832386789186740 677.714446 1860.901233 2011 15759 0.000000
1694832387798646575 732.962561 1800.962936 1818 17588 0.000000
1694832388803583938 601.311395 1876.733988 1886 19478 0.000000
1694832389805835467 183.260812 383.137349 384 19842 0.000000
1694832390804426640 723.594343 1932.722911 1930 21772 0.000000
1694832391825110355 646.852541 1875.213541 1914 23689 0.000000
1694832392847035732 544.908923 1908.162897 1950 25638 0.000000
1694832393861887699 588.657658 1850.516202 1878 27524 0.000000
1694832394880333986 1157.223570 755.071749 769 28323 0.000000
1694832395874438814 507.777535 1392.207252 1384 29668 0.000000
1694832396901841660 651.772878 1895.069715 1947 31623 0.000000
1694832397919363245 636.477700 1887.920638 1921 33543 0.000000
1694832398939328013 663.657024 1753.001779 1788 35365 0.000000
1694832399957645560 556.204256 1846.182430 1880 37245 0.000000
1694832400976271070 505.297083 1955.576371 1992 39245 0.000000
1694832401995127237 496.030440 1999.300910 2037 41268 0.000000
1694832403016581369 687.608361 866.411885 885 42351 0.000000
1694832404024957183 508.709867 1552.992347 1566 43685 0.000000
1694832405035997099 561.383777 1952.445189 1974 45659 0.000000
1694832406062872123 890.207528 1668.167995 1713 47407 0.000000
1694832407080096973 718.124142 1554.228660 1581 48974 0.000000
1694832408089615735 188.713294 935.098932 944 49895 0.000000
1694832409105076203 612.796605 2040.453610 2072 51970 0.000000
1694832410123892151 886.839612 1646.028497 1677 53665 0.000000
1694832411140404921 507.151581 1947.835825 1980 55662 0.000000
1694832412159214417 566.411566 1840.383126 1875 57540 0.000000
1694832413175721436 190.621477 508.604515 517 58016 0.000000
1694832414184045386 657.835120 2015.225353 2032 60049 0.000000
1694832415202967706 560.321535 2017.818179 2056 62111 0.000000
1694832416212572972 491.132706 2011.677346 2031 64141 0.000000
1694832417244464434 661.022069 1921.713721 1983 66129 0.000000
1694832418264012294 558.639478 1901.823422 1939 68077 0.000000
1694832419283191455 906.620712 1340.294293 1366 69468 0.000000
1694832420296178101 185.273401 964.474675 977 70401 0.000000
1694832421307367836 617.393470 1974.901416 1997 72400 0.000000
1694832422312269004 502.383088 1937.503977 1947 74346 0.000000
1694832423343031930 622.249971 1903.444460 1962 76312 0.000000
1694832424363373153 613.455236 1876.823224 1915 78227 0.000000
1694832425383540023 579.441038 1882.044969 1920 80162 0.000000
1694832426402055572 580.263616 1868.405446 1903 82061 0.000000
1694832427420241520 594.898701 1746.242919 1778 83851 0.000000
1694832428439040038 481.542213 2082.845629 2122 86008 0.000000
1694832429444022549 196.074390 600.010426 603 86547 0.000000
1694832430454429581 659.086121 2039.772039 2061 88615 0.000000
1694832431482447284 636.818854 1936.737161 1991 90606 0.000000
1694832432505310418 657.341716 1809.626210 1851 92456 0.000000
1694832433499670632 958.343443 1304.356297 1297 93759 0.000000
1694832434499240953 173.458994 1017.437119 1017 94764 0.000000
1694832435537259562 548.712230 2009.597942 2086 96854 0.000000
1694832436566388118 738.762855 1836.505291 1890 98747 0.000000
1694832437585093863 623.902325 1835.662537 1870 100644 0.000000
1694832438602535151 688.947998 1591.246610 1619 102305 0.000000
1694832439603506654 195.565582 885.140097 886 103117 0.000000
1694832440627035088 740.780334 1937.415623 1983 105104 0.000000
1694832441647348319 505.102566 1921.958780 1961 107063 0.000000
1694832442665370549 802.065120 1693.479810 1724 108801 0.000000
1694832443681866726 675.450053 1635.028260 1662 110468 0.000000
1694832444700310222 495.077528 1978.509399 2015 112509 0.000000
1694832445717398077 191.285694 917.324840 933 113393 0.000000
1694832446721787650 680.644801 1940.482151 1949 115347 0.000000
1694832447746566553 637.306378 1940.906448 1989 117339 0.000000
1694832448767751747 650.673410 1806.724056 1845 119183 0.000000
1694832449785344524 610.177789 1715.814266 1746 120997 0.000000
1694832450800090925 195.307735 773.592252 785 121707 0.000000
1694832451808949559 619.402265 2027.043179 2045 123758 0.000000
1694832452831200547 566.115013 2000.487193 2045 125803 0.000000
1694832453849803875 718.178963 1790.687062 1824 127634 0.000000
1694832454868741140 728.560854 1626.204398 1657 129332 0.000000
1694832455878264616 194.730148 760.754904 768 130046 0.000000
1694832456886991451 646.514029 2007.481112 2025 132080 0.000000
1694832457912546703 550.625608 2049.621400 2102 134179 0.000000
1694832458934266277 554.233924 2014.251428 2058 136246 0.000000
1694832459952159333 541.114797 1972.702230 2008 138251 0.000000
1694832460974218454 931.583114 569.438711 582 138905 0.000000
1694832461978265884 628.983198 1664.263940 1671 140493 0.000000
1694832462990794232 767.893396 1869.577315 1893 142394 0.000000
1694832464012092423 485.918747 2049.352469 2093 144491 0.000000
1694832465035427219 677.041479 1730.616241 1771 146294 0.000000
1694832466053667774 727.743643 1380.813397 1406 147768 0.000000
1694832467062504879 286.854117 1174.619704 1185 148842 0.000000
1694832468080618622 572.308449 1991.918903 2028 150873 0.000000
1694832469097744349 624.308138 2011.550761 2046 152922 0.000000
1694832470119911604 596.954572 1884.231791 1926 154864 0.000000
1694832471139208055 591.619524 1837.541798 1873 156734 0.000000
1694832472157716734 740.054351 1514.960188 1543 158299 0.000000
1694832473158821845 196.287294 974.922588 976 159232 0.000000
1694832474181829282 692.965387 1936.447346 1981 161218 0.000000
1694832475201040856 671.506458 1828.864598 1864 163094 0.000000
1694832476220729277 485.973765 2062.394482 2103 165193 0.000000
1694832477238250688 419.334187 1995.043953 2030 167213 0.000000
1694832478260446313 672.485031 1811.786557 1852 169075 0.000000
1694832479278209242 630.229566 1772.514908 1804 170885 0.000000
1694832480285568807 202.494257 742.535259 748 171615 0.000000
1694832481303342535 598.511433 2091.820448 2129 173747 0.000000
1694832482324437434 777.951834 1864.665245 1904 175661 0.000000
1694832483343845886 585.006369 1851.073537 1887 177576 0.000000
1694832484362436393 213.998429 552.724546 563 178097 0.000000
1694832485362455430 709.261206 1972.962431 1973 180074 0.000000
1694832486380498982 573.692640 1989.109430 2025 182101 0.000000
1694832487405109796 604.062992 1930.489083 1978 184087 0.000000
1694832488426203793 544.715759 1958.683555 2000 186096 0.000000
1694832489443068988 686.790442 1712.124751 1741 187815 0.000000
1694832490463051665 201.877674 733.345756 748 188562 0.000000
1694832491464661253 615.728094 2051.697612 2055 190681 0.000000
1694832492480949180 466.804711 2149.981260 2185 192805 0.000000
1694832493513504436 653.924215 1965.028022 2029 194840 0.000000
1694832494529291889 489.267979 2040.781242 2073 196920 0.000000
1694832495553354335 617.390346 1885.627262 1931 198870 0.000000
1694832496574191907 466.102817 2072.807568 2116 200976 0.000000
1694832497594743907 570.387206 1907.791153 1947 202950 0.000000
1694832498614457855 734.551434 1577.893567 1609 204565 0.000000
1694832499627608212 186.463352 1083.748258 1098 205607 0.000000
1694832500638661522 610.810049 2047.369817 2070 207680 0.000000
1694832501661486432 667.305999 1902.573866 1946 209656 0.000000
1694832502669265101 1049.666988 1263.174280 1273 210909 0.000000
1694832503682484408 180.017196 1095.517979 1110 212005 0.000000
1694832504688837009 597.298406 2089.724779 2103 214187 0.000000
1694832505728898060 421.466013 1921.040967 1998 216111 0.000000
1694832506746850973 541.120364 2092.434833 2130 218247 0.000000
1694832507770217813 517.889280 2036.415572 2084 220320 0.000000
1694832508780611735 815.547714 1722.100636 1740 222078 0.000000
1694832509776569334 213.608044 652.638185 650 222709 0.000000
1694832510768873062 632.420683 2126.365210 2110 224821 0.000000
1694832511795845065 582.841867 2014.660571 2069 226892 0.000000
1694832512806565598 547.840128 2007.478752 2029 228925 0.000000
1694832513811193101 1119.875119 1255.191538 1261 230178 0.000000
1694832514819866750 179.556183 1131.188383 1141 231320 0.000000
1694832515823539362 740.542361 1938.879280 1946 233274 0.000000
1694832516832241860 621.992411 1874.685618 1891 235173 0.000000
1694832517850457446 592.262440 904.523586 921 236250 0.000000
1694832518855759795 515.698522 1758.674628 1768 237846 0.000000
1694832519874002920 522.800495 2085.946067 2124 239972 0.000000
1694832520896211843 695.746974 1905.676976 1948 241932 0.000000
1694832521916724064 702.262249 1663.870373 1698 243703 0.000000
1694832522929378384 207.458349 625.089866 633 244248 0.000000
1694832523938523244 629.259981 2164.208688 2184 246436 0.000000
1694832524960512583 725.402866 1881.624224 1923 248371 0.000000
1694832525979609687 685.679715 1709.356372 1742 250116 0.000000
1694832526992071936 205.579406 785.214443 795 250895 0.000000
1694832528002211725 638.139139 2041.301559 2062 252963 0.000000
1694832529020230848 632.522204 1921.378559 1956 254916 0.000000
1694832530043484174 660.603303 1856.822680 1900 256869 0.000000
1694832531058704262 216.673029 486.593987 494 257304 0.000000
1694832532054861989 702.537162 1971.575131 1964 259272 0.000000
1694832533085114669 661.030197 2009.216041 2070 261349 0.000000
1694832534105315327 505.334017 2070.180769 2112 263463 0.000000
1694832535127371595 693.823478 1725.932645 1764 265278 0.000000
1694832536142260393 701.571426 1651.412454 1676 266890 0.000000
1694832537160949956 387.462839 2310.811810 2354 269293 0.000000
1694832538178899704 202.621392 828.135194 843 270089 0.000000
1694832539189872285 665.977103 2040.609248 2063 272156 0.000000
1694832540212728681 535.118727 2131.286474 2180 274343 0.000000
1694832541236143113 614.953576 1927.860304 1973 276315 0.000000
1694832542256389799 824.451100 1457.490652 1487 277819 0.000000
1694832543267627787 189.973808 1034.375668 1046 278838 0.000000
1694832544281119951 578.039680 2089.804001 2118 280963 0.000000
