1693787202166218878 191.892858 8482.205688 8479 200 0.000000
1693787203200458138 192.157233 1040.378286 1076 200 0.000000
1693787204211719560 189.638028 1063.028654 1075 200 0.000000
1693787205220826466 190.974050 1038.542208 1048 200 0.000000
1693787206228190726 189.883824 1058.207128 1066 200 0.000000
1693787207237687404 189.266774 1062.905824 1073 200 0.000000
1693787208243790971 191.243107 1037.666538 1044 200 0.000000
1693787209254892226 191.677384 1034.515520 1046 200 0.000000
1693787210260307532 192.323024 1044.344651 1050 200 0.000000
1693787211269239293 189.235664 1062.509877 1072 200 0.000000
1693787212278928056 190.088507 1057.751585 1068 200 0.000000
1693787213290885374 192.107039 1031.664060 1044 199 0.000000
1693787214298572748 191.987500 1040.997603 1049 200 0.000000
1693787215306102576 189.743545 1059.025796 1067 200 0.000000
1693787216312106056 192.679427 1031.805501 1038 200 0.000000
