1694024724338815232 271.704928 0.000000
1694024725347686539 214.341853 0.000000
1694024728071905928 213.290998 0.000000
1694024728661241822 272.468181 0.000000
1694024729526334199 272.398609 0.000000
1694024729694726258 214.495435 0.000000
1694024730801289398 271.890461 0.000000
1694024734244313440 213.931029 0.000000
1694024734326334981 271.480221 0.000000
1694024736815906231 213.962732 0.000000
1694024737244315524 213.199103 0.000000
1694024737848218150 214.390452 0.000000
1694024739874635229 214.092176 0.000000
1694024740554220094 272.309334 0.000000
1694024741437027168 214.151289 0.000000
1694024741876584816 214.107246 0.000000
1694024744020585075 214.403835 0.000000
1694024745602589126 272.368231 0.000000
1694024746806353934 213.552534 0.000000
1694024747024838934 272.156851 0.000000
1694024747205049024 213.534125 0.000000
1694024748262035736 213.027998 0.000000
1694024748846324769 214.177977 0.000000
1694024749275510212 213.637350 0.000000
1694024749923378036 213.813900 0.000000
1694024750600209414 213.456714 0.000000
1694024751436174241 214.315855 0.000000
1694024751630153745 213.780784 0.000000
1694024752113387517 214.189654 0.000000
1694024753392291072 213.725116 0.000000
1694024754116145324 213.967910 0.000000
1694024754949653450 214.231694 0.000000
1694024755129715583 214.110901 0.000000
1694024755805910016 304.210071 0.000000
1694024756143193040 213.992017 0.000000
1694024756316996108 213.526721 0.000000
1694024756426936197 214.290026 0.000000
1694024758114383304 272.560027 0.000000
1694024758877686685 272.210887 0.000000
1694024760929517462 213.773571 0.000000
1694024761175573928 213.647321 0.000000
1694024763875551118 272.273485 0.000000
1694024764330852511 225.074332 0.000000
1694024765757854002 214.073368 0.000000
1694024766242253000 272.139886 0.000000
1694024766499078986 213.809255 0.000000
1694024767854432183 213.644767 0.000000
1694024768132387002 214.029936 0.000000
1694024772114251531 271.781014 0.000000
1694024773068913092 213.282764 0.000000
1694024773736477994 272.285421 0.000000
1694024774551303466 214.297717 0.000000
1694024775648434879 272.659602 0.000000
1694024775852607622 272.360118 0.000000
1694024776915164226 213.349471 0.000000
1694024777461736526 213.440049 0.000000
1694024778578242454 214.288524 0.000000
1694024778829711238 213.035064 0.000000
1694024778973254754 213.623072 0.000000
1694024779041627672 213.263458 0.000000
1694024779463463980 213.246443 0.000000
1694024779962642818 272.642857 0.000000
1694024782453440272 272.691055 0.000000
1694024782458692189 213.488390 0.000000
1694024782474560215 214.174601 0.000000
1694024782541635403 214.041889 0.000000
1694024782970987666 213.791488 0.000000
1694024783671602915 213.814771 0.000000
1694024783914882441 272.847540 0.000000
1694024783914947998 262.855894 0.000000
1694024783943494850 271.883811 0.000000
1694024784062153095 213.702589 0.000000
1694024784519969834 272.581371 0.000000
1694024784650263320 213.714737 0.000000
1694024784845068887 335.929132 0.000000
1694024785430445646 213.326131 0.000000
1694024786917652625 214.574700 0.000000
1694024787813601752 213.840617 0.000000
1694024788694529942 214.170916 0.000000
1694024789740997381 214.217268 0.000000
1694024790281525112 214.257465 0.000000
1694024791674736392 375.073920 0.000000
1694024791727111544 214.377868 0.000000
1694024792622873669 272.038681 0.000000
1694024792632984815 255.642637 0.000000
1694024792633030912 272.530387 0.000000
1694024793196429250 214.127697 0.000000
1694024794166830334 214.369167 0.000000
1694024794522470437 214.151933 0.000000
1694024794885199925 214.434362 0.000000
1694024795645331599 214.099886 0.000000
1694024798387643593 339.085260 0.000000
1694024798514886722 272.144674 0.000000
1694024798766509618 214.247571 0.000000
1694024802942891947 271.766293 0.000000
1694024803006935435 271.958622 0.000000
1694024806038773114 213.997565 0.000000
1694024806376028629 214.326109 0.000000
1694024807387861585 213.359040 0.000000
1694024808153798169 214.056454 0.000000
1694024812770009482 272.497789 0.000000
1694024814490051528 213.752578 0.000000
1694024815567853823 213.509137 0.000000
1694024816737361026 271.413880 0.000000
1694024818070919714 213.841706 0.000000
1694024819107148525 214.319833 0.000000
1694024819582831309 213.435076 0.000000
1694024819949116106 213.997225 0.000000
1694024820389366656 272.364416 0.000000
1694024822114687983 324.447121 0.000000
1694024822415285080 237.691806 0.000000
1694024822659251295 271.806579 0.000000
1694024823480678885 214.035326 0.000000
1694024823733108469 271.861679 0.000000
1694024824191008420 214.330095 0.000000
1694024824883781536 214.168911 0.000000
1694024825442782823 213.432158 0.000000
1694024825468220711 213.727015 0.000000
1694024826647276714 213.876975 0.000000
1694024826733993227 214.037574 0.000000
1694024828669112112 272.157469 0.000000
1694024830888193207 213.888407 0.000000
1694024830995211213 213.491001 0.000000
1694024831131591915 213.749560 0.000000
1694024831367734068 272.134063 0.000000
1694024831448473926 214.180014 0.000000
1694024832037537373 213.617561 0.000000
1694024832610137884 272.083000 0.000000
1694024833073987755 213.725475 0.000000
1694024833934202322 272.772679 0.000000
1694024833965366271 214.550408 0.000000
1694024834148512672 214.305854 0.000000
1694024834719456287 272.594206 0.000000
1694024835322410715 272.599577 0.000000
1694024837743827749 272.399763 0.000000
1694024837762518675 213.334788 0.000000
1694024838704510668 213.751725 0.000000
1694024840569115541 213.670740 0.000000
1694024840734137477 213.929197 0.000000
1694024840888091221 213.288546 0.000000
1694024843526605699 214.289331 0.000000
1694024843776972796 213.954616 0.000000
1694024846397713921 272.616195 0.000000
1694024846409574118 272.698386 0.000000
1694024846794179137 214.213756 0.000000
1694024847508411778 214.064190 0.000000
1694024848639169029 213.529854 0.000000
1694024851022668065 213.524866 0.000000
1694024853311026355 213.808528 0.000000
1694024853711325552 214.235371 0.000000
1694024855077995169 392.636413 0.000000
1694024855725617034 273.080981 0.000000
1694024855833705862 213.605356 0.000000
1694024856047834368 214.123234 0.000000
1694024856121732592 213.370923 0.000000
1694024856710619169 272.813863 0.000000
1694024856736337979 213.807569 0.000000
1694024857228320252 213.899500 0.000000
1694024857448254445 214.192943 0.000000
1694024857738377150 299.747923 0.000000
1694024858768616970 305.918484 0.000000
1694024859538837018 272.720368 0.000000
1694024859544106966 213.402875 0.000000
1694024861006437445 214.290193 0.000000
1694024861829113468 299.634716 0.000000
1694024861979338098 213.601467 0.000000
1694024862411216995 213.670877 0.000000
1694024863169011251 213.967187 0.000000
1694024863917042469 213.744065 0.000000
1694024865140351044 214.315524 0.000000
1694024866591893637 214.248343 0.000000
1694024868162053122 272.521464 0.000000
1694024868183211419 213.471413 0.000000
1694024869782020181 357.163248 0.000000
1694024870073948245 213.278482 0.000000
1694024871196360071 363.290211 0.000000
1694024871891716492 213.897932 0.000000
1694024872349109113 272.206355 0.000000
1694024873740000175 214.340478 0.000000
1694024876340200010 272.700964 0.000000
1694024880255320463 213.396615 0.000000
1694024881523289176 271.870469 0.000000
1694024883922687156 272.247584 0.000000
1694024884487912928 272.300862 0.000000
1694024884521735426 213.504538 0.000000
1694024886360950368 271.532845 0.000000
1694024886519228998 271.675429 0.000000
1694024887075492409 272.335563 0.000000
1694024887288867682 213.319176 0.000000
1694024888122180077 272.437872 0.000000
1694024888424021703 272.206838 0.000000
1694024891267113788 307.759258 0.000000
1694024891412882431 214.161082 0.000000
