1694024724618834297 160.573158 493.973420 493 2676 0.000000
1694024725613400084 157.707855 515.803022 513 3188 0.000000
1694024726628753430 156.739275 502.288159 510 3696 0.000000
1694024727632985746 159.092324 500.880137 503 4202 0.000000
1694024728639402484 159.237273 510.722808 514 4716 0.000000
1694024729646205954 157.997033 497.614492 501 5214 0.000000
1694024730647674776 157.626472 507.254935 508 5725 0.000000
1694024731651906653 157.683288 510.838190 513 6235 0.000000
1694024732661994221 160.405579 494.016597 499 6739 0.000000
1694024733664194145 160.520121 498.902430 500 7236 0.000000
1694024734667149723 155.851881 522.455847 524 7762 0.000000
1694024735677161218 157.446737 506.924918 512 8274 0.000000
1694024736680670369 160.993910 489.283005 491 8762 0.000000
1694024737679253508 160.810153 507.719406 507 9267 0.000000
1694024738688890188 157.972152 500.179917 505 9776 0.000000
1694024739693063456 161.688744 493.938679 496 10269 0.000000
1694024740691760167 159.671069 500.652479 500 10769 0.000000
1694024741705266192 156.589944 515.043783 522 11294 0.000000
1694024742712041591 164.149297 489.682249 493 11783 0.000000
1694024743711867340 158.264983 497.086583 497 12284 0.000000
1694024744718445896 161.955622 497.725705 501 12785 0.000000
1694024745727793171 158.119630 504.286302 509 13292 0.000000
1694024746728662973 154.018630 516.550693 517 13808 0.000000
1694024747735656375 161.795845 496.527580 500 14309 0.000000
1694024748743408254 154.940945 518.976974 523 14832 0.000000
1694024749744794150 157.912887 505.299695 506 15340 0.000000
1694024750750863571 157.731968 512.887088 516 15855 0.000000
1694024751754782948 156.974232 508.008937 510 16363 0.000000
1694024752763282190 154.469284 514.626038 519 16882 0.000000
1694024753769159063 159.313062 501.055351 504 17388 0.000000
1694024754769174561 162.218383 496.992300 497 17883 0.000000
1694024755776079383 153.899589 513.454700 517 18400 0.000000
1694024756783144133 160.544007 504.436286 508 18911 0.000000
1694024757789396774 152.691497 517.762619 521 19432 0.000000
1694024758793704342 157.538050 513.786826 516 19944 0.000000
1694024759799381194 156.655633 505.132437 508 20453 0.000000
1694024760804390216 156.435533 504.473066 507 20962 0.000000
1694024761809309406 158.875618 510.488811 513 21472 0.000000
1694024762814002107 155.285808 510.603897 513 21987 0.000000
1694024763816772984 159.260634 507.593526 509 22498 0.000000
1694024764824262022 158.201285 506.208964 510 23006 0.000000
1694024765829403229 154.254712 524.304484 527 23531 0.000000
1694024766832357203 159.817312 503.512602 505 24037 0.000000
1694024767834390863 157.054129 496.989327 498 24536 0.000000
1694024768840191739 157.925223 508.052828 511 25046 0.000000
1694024769846107715 156.045546 520.918260 524 25573 0.000000
1694024770851138033 157.245525 497.497412 500 26075 0.000000
1694024771857892748 156.170088 515.517841 519 26590 0.000000
1694024772864344133 161.139678 492.820607 496 27086 0.000000
1694024773869959718 155.505675 528.034794 531 27618 0.000000
1694024774875140186 157.832466 500.407677 503 28121 0.000000
1694024775879108056 161.521542 496.031776 498 28618 0.000000
1694024776885920517 154.816858 511.515357 515 29135 0.000000
1694024777890730395 158.743954 502.582601 505 29642 0.000000
1694024778880219100 157.533703 523.502681 518 30154 0.000000
1694024779898940199 158.679417 499.646093 509 30664 0.000000
1694024780905085156 157.780631 500.921837 504 31170 0.000000
1694024781910446542 157.187854 511.258954 514 31684 0.000000
1694024782913347133 162.184101 486.588588 488 32173 0.000000
1694024783920676750 162.766875 491.398295 495 32665 0.000000
1694024784924541153 162.375267 498.075219 500 33165 0.000000
1694024785929699217 160.992559 496.439315 499 33666 0.000000
1694024786935558894 154.901397 517.964890 521 34185 0.000000
1694024787940619898 159.506965 503.452038 506 34692 0.000000
1694024788936627007 156.792405 501.000432 499 35194 0.000000
1694024789950363487 160.847317 501.116439 508 35697 0.000000
1694024790956343812 153.894744 520.884944 524 36224 0.000000
1694024791959468954 152.882027 529.345722 531 36753 0.000000
1694024792966637970 163.257518 486.512172 490 37243 0.000000
1694024793969077654 161.500961 491.800163 493 37739 0.000000
1694024794971758162 155.899045 522.599181 524 38259 0.000000
1694024795982152707 155.507941 503.763590 509 38768 0.000000
1694024796986799631 156.755119 514.608648 517 39285 0.000000
1694024797986341467 161.876057 495.226937 495 39781 0.000000
1694024798996204092 158.374685 503.038680 508 40291 0.000000
1694024800001063828 158.851671 502.557703 505 40794 0.000000
1694024801006224690 157.391388 510.366107 513 41309 0.000000
1694024802007602136 156.979484 510.297060 511 41819 0.000000
1694024803017264908 157.016080 510.071269 515 42335 0.000000
1694024804022572622 154.681808 515.265159 518 42850 0.000000
1694024805026768055 162.422554 488.948619 491 43346 0.000000
1694024806029834380 158.646812 511.431800 513 43858 0.000000
1694024807033097391 156.139281 510.334769 512 44368 0.000000
1694024808040688065 159.290587 495.240796 499 44867 0.000000
1694024809048078586 158.787934 509.236495 513 45380 0.000000
1694024810052067116 158.814630 508.969956 511 45892 0.000000
1694024811058504335 158.320299 499.782772 503 46395 0.000000
1694024812061309301 159.821813 492.618218 494 46890 0.000000
1694024813064861929 161.110119 503.212314 505 47398 0.000000
1694024814072544144 158.352107 503.134773 507 47899 0.000000
1694024815078963171 154.255024 510.721699 514 48414 0.000000
1694024816083999483 156.477727 525.354110 528 48941 0.000000
1694024817088991208 160.288012 497.516520 500 49442 0.000000
1694024818093217606 157.588832 504.866267 507 49948 0.000000
1694024819097627052 159.454189 499.796181 502 50450 0.000000
1694024820102184585 164.563790 485.785987 488 50940 0.000000
1694024821108304322 159.350526 500.934436 504 51443 0.000000
1694024822113635632 159.979302 503.316652 506 51952 0.000000
1694024823117903731 160.842193 497.875006 500 52449 0.000000
1694024824122712390 158.820833 506.564154 509 52960 0.000000
1694024825128305681 156.005834 515.118770 518 53476 0.000000
1694024826131206670 156.772148 506.530552 508 53982 0.000000
1694024827138833707 158.019861 509.116977 513 54497 0.000000
1694024828142472510 162.128527 493.205301 495 54991 0.000000
1694024829146897140 158.482955 503.770997 506 55496 0.000000
1694024830153169880 156.319678 503.839533 507 56005 0.000000
1694024831155347567 159.831231 503.902678 505 56509 0.000000
1694024832163853585 160.481457 498.757539 503 57014 0.000000
1694024833167054550 158.631217 504.385487 506 57527 0.000000
1694024834174100565 159.684598 501.466671 505 58022 0.000000
1694024835179074469 160.705230 499.515439 502 58525 0.000000
1694024836181558704 159.246185 494.770888 496 59020 0.000000
1694024837185033326 156.248890 519.195998 521 59544 0.000000
1694024838193212033 162.041777 493.960036 498 60042 0.000000
1694024839194644543 155.193559 517.259008 518 60558 0.000000
1694024840203778065 157.248463 506.375015 511 61072 0.000000
1694024841208453215 156.536361 510.612822 513 61582 0.000000
1694024842214309699 156.881990 510.013109 513 62097 0.000000
1694024843219403715 160.839934 496.470999 499 62595 0.000000
1694024844213731112 156.652835 510.898081 508 63102 0.000000
1694024845229802476 162.695702 496.028153 504 63605 0.000000
1694024846230205995 157.142285 499.798334 500 64106 0.000000
1694024847239446807 156.071776 520.192984 525 64632 0.000000
1694024848241035798 158.509405 503.200417 504 65138 0.000000
1694024849250449692 155.871844 507.225045 512 65647 0.000000
1694024850253564799 162.068973 502.434811 504 66150 0.000000
1694024851258521013 155.126235 517.435526 520 66675 0.000000
1694024852263550631 160.268604 494.512822 497 67167 0.000000
1694024853270923552 155.828999 506.267298 510 67681 0.000000
1694024854275408950 158.357023 506.727122 509 68189 0.000000
1694024855277354829 160.728067 502.023134 503 68690 0.000000
1694024856284503321 161.754173 507.373040 511 69201 0.000000
1694024857290295036 157.657452 497.120821 500 69705 0.000000
1694024858289276110 161.220881 494.503855 494 70202 0.000000
1694024859301089346 153.699095 514.917163 521 70717 0.000000
1694024860308622247 159.695785 503.209398 507 71223 0.000000
1694024861313215551 160.630073 501.695538 504 71732 0.000000
1694024862318406207 161.259936 490.454215 493 72221 0.000000
1694024863321996453 158.648871 511.164796 513 72732 0.000000
1694024864323582328 161.222948 495.214634 496 73231 0.000000
1694024865333200923 160.637119 496.227050 501 73731 0.000000
1694024866334386489 159.036242 507.398407 508 74239 0.000000
1694024867341840426 158.843471 503.248826 507 74744 0.000000
1694024868347187221 157.423883 495.351470 498 75243 0.000000
1694024869351028032 160.494171 506.056321 508 75750 0.000000
1694024870353390289 160.713754 500.816934 502 76255 0.000000
1694024871359345882 155.647337 511.951048 515 76770 0.000000
1694024872366434158 161.675672 494.494869 498 77266 0.000000
1694024873370981668 159.587643 497.736541 500 77768 0.000000
1694024874376719537 158.500203 512.061887 515 78280 0.000000
1694024875377512347 157.210904 506.598325 507 78787 0.000000
1694024876386521506 155.130955 504.455303 509 79298 0.000000
1694024877390316600 159.075649 518.034028 520 79817 0.000000
1694024878391613920 157.497599 496.356040 497 80315 0.000000
1694024879403255555 161.229159 498.200131 504 80818 0.000000
1694024880407962580 160.869613 495.666889 498 81318 0.000000
1694024881412982424 161.566899 498.497612 501 81817 0.000000
1694024882418420362 157.746564 510.225441 513 82330 0.000000
1694024883414495462 161.090074 497.954444 496 82826 0.000000
1694024884426451437 161.558076 493.104434 499 83327 0.000000
1694024885431360901 160.315273 506.513294 509 83836 0.000000
1694024886436766215 156.762234 509.247378 512 84346 0.000000
1694024887437563072 159.209761 494.605840 495 84841 0.000000
1694024888444149499 161.664098 491.761064 495 85337 0.000000
1694024889448840908 157.810753 512.595186 515 85851 0.000000
1694024890457060154 157.770112 502.866806 507 86358 0.000000
1694024891458219562 158.853302 507.411713 508 86869 0.000000
1694024892466532920 152.518082 524.638492 529 87398 0.000000
1694024893473509476 156.059488 510.438913 514 87909 0.000000
