1694226449104925161 130.519434 0.000000
1694226449778696495 130.357228 0.000000
1694226450695358528 130.446865 0.000000
1694226450979977272 130.584902 0.000000
1694226451482102491 130.339329 0.000000
1694226451751761455 130.370296 0.000000
1694226451943306001 130.421009 0.000000
1694226452215488805 130.327731 0.000000
1694226452847492667 130.516632 0.000000
1694226453440461810 130.445385 0.000000
1694226453627291934 130.531748 0.000000
1694226454413369365 130.490927 0.000000
1694226454894700981 130.431852 0.000000
1694226455609295054 130.362813 0.000000
1694226455655829145 130.544293 0.000000
1694226456376621355 130.376144 0.000000
1694226460660845027 130.317906 0.000000
1694226460945185596 130.537368 0.000000
1694226461426999646 130.439005 0.000000
1694226461654742243 130.545397 0.000000
1694226462105215347 130.602225 0.000000
1694226462213216617 130.582418 0.000000
1694226462474560404 130.552991 0.000000
1694226463325803654 130.359198 0.000000
1694226465560105513 130.545944 0.000000
1694226466289206625 130.424586 0.000000
1694226467213586314 130.496832 0.000000
1694226467474215539 130.368804 0.000000
1694226467755917654 130.436524 0.000000
1694226468215496760 130.429912 0.000000
1694226468263898678 130.460347 0.000000
1694226468704719326 130.496774 0.000000
1694226469015135602 130.393447 0.000000
1694226470302646321 130.428342 0.000000
1694226470714655956 130.455240 0.000000
1694226471121778008 130.478380 0.000000
1694226472338559300 130.466733 0.000000
1694226472506599640 130.361161 0.000000
1694226473961005219 130.852901 0.000000
1694226474288433618 130.447217 0.000000
1694226474845259673 130.508279 0.000000
1694226475202892220 130.395053 0.000000
1694226475273183745 130.375816 0.000000
1694226475683697268 130.567535 0.000000
1694226475901209445 130.479412 0.000000
1694226478598809678 130.464955 0.000000
1694226481077462980 130.485457 0.000000
1694226481710856320 130.381126 0.000000
1694226483993727182 130.392727 0.000000
1694226484036455839 130.821553 0.000000
1694226484108576823 130.432604 0.000000
1694226484800818259 130.411856 0.000000
1694226485384831641 130.394584 0.000000
1694226486941505203 130.476983 0.000000
1694226487519626028 130.450003 0.000000
1694226487804816551 130.474985 0.000000
1694226489411670755 130.585149 0.000000
1694226491182716968 130.404716 0.000000
1694226491438520292 130.551891 0.000000
1694226493241767068 130.525344 0.000000
1694226493330064112 130.469935 0.000000
1694226494794988314 130.558046 0.000000
1694226494810985234 130.344816 0.000000
1694226496170632357 130.588699 0.000000
1694226496894065810 130.332827 0.000000
1694226497290285289 130.496140 0.000000
1694226499275724905 130.487289 0.000000
1694226499631780150 130.434411 0.000000
1694226500136156113 130.346505 0.000000
1694226501480961135 130.556611 0.000000
1694226502590673895 130.430716 0.000000
1694226502676463701 130.395259 0.000000
1694226503415056895 130.362510 0.000000
1694226504264344373 130.516225 0.000000
1694226504447584692 130.526634 0.000000
1694226505149704864 130.441602 0.000000
1694226505349747625 130.378357 0.000000
1694226506042956605 130.522162 0.000000
1694226509210041805 130.660054 0.000000
1694226509432247912 130.613785 0.000000
1694226511283683397 130.373336 0.000000
1694226511758235081 130.403657 0.000000
1694226512174261220 130.380926 0.000000
1694226513095247678 130.717423 0.000000
1694226513109829027 130.493165 0.000000
1694226513209246768 130.461927 0.000000
1694226513320154194 130.426098 0.000000
1694226513881916368 130.367934 0.000000
1694226514054925555 130.409043 0.000000
1694226514578681291 130.343521 0.000000
1694226514700005012 130.467615 0.000000
1694226515151290228 130.423340 0.000000
1694226515742183698 130.458409 0.000000
1694226516079053493 130.417494 0.000000
1694226516243745856 130.419182 0.000000
1694226518511048367 130.368820 0.000000
1694226518680639433 130.431896 0.000000
1694226519286044024 130.357648 0.000000
1694226519416526172 130.455030 0.000000
1694226519463827275 130.376587 0.000000
1694226520640908944 130.429408 0.000000
1694226522896342674 130.443246 0.000000
1694226523081666696 130.411122 0.000000
1694226523920628936 130.525033 0.000000
1694226525023141548 130.439888 0.000000
1694226525285829481 130.456623 0.000000
1694226525783918759 130.512283 0.000000
1694226525962126065 130.495686 0.000000
1694226526010231261 130.353727 0.000000
1694226526140613304 130.358187 0.000000
1694226526159968545 130.432880 0.000000
1694226526748020382 130.592799 0.000000
1694226527012698116 130.480488 0.000000
1694226527665524616 130.599636 0.000000
1694226527845847249 130.407892 0.000000
1694226529644305404 130.467037 0.000000
1694226530481594732 130.425026 0.000000
1694226531011880706 130.413899 0.000000
1694226531241179596 130.461348 0.000000
1694226532610527230 130.468167 0.000000
1694226534131758621 130.510591 0.000000
1694226535125439156 130.433777 0.000000
1694226535798617940 130.390958 0.000000
1694226535844769554 130.484652 0.000000
1694226535975343211 130.451792 0.000000
1694226536105764431 130.397937 0.000000
1694226536646843341 130.376969 0.000000
1694226536683758800 130.429392 0.000000
1694226537266366803 130.456463 0.000000
1694226537577309790 130.612573 0.000000
1694226539605250958 130.491953 0.000000
1694226542100207192 130.499243 0.000000
1694226543465491135 130.510133 0.000000
1694226543749847811 130.508615 0.000000
1694226543895501900 130.593403 0.000000
1694226544271697318 130.345184 0.000000
1694226544384782375 130.579256 0.000000
1694226546027143336 130.493254 0.000000
1694226546724093607 130.471929 0.000000
1694226548571491673 130.477928 0.000000
1694226552097651833 130.438370 0.000000
1694226553038578560 130.683391 0.000000
1694226553727879660 130.538845 0.000000
1694226555118924908 130.419502 0.000000
1694226555142802957 130.559140 0.000000
1694226556780275078 130.550372 0.000000
1694226557934221009 130.572933 0.000000
1694226558093379409 130.627866 0.000000
1694226558526129180 130.343276 0.000000
1694226558895088694 130.428813 0.000000
1694226558895170863 130.540399 0.000000
1694226558917742443 130.430859 0.000000
1694226560668395625 130.457433 0.000000
1694226560692537334 130.806762 0.000000
1694226560692585511 130.759147 0.000000
1694226561396778998 142.542063 0.000000
1694226562121436933 130.389101 0.000000
1694226562773878267 130.569310 0.000000
1694226562804121055 130.622363 0.000000
1694226562855645594 130.579933 0.000000
1694226563196255804 130.436207 0.000000
1694226563438878615 130.487678 0.000000
1694226564447118238 130.628978 0.000000
1694226565562886829 130.399573 0.000000
1694226565698548440 130.665287 0.000000
1694226567176369605 130.430725 0.000000
1694226567412746047 130.433196 0.000000
1694226568707056920 130.610690 0.000000
1694226569359729091 130.441054 0.000000
1694226570009509947 130.340035 0.000000
1694226570057900532 130.438618 0.000000
1694226570173825060 130.394535 0.000000
1694226572355378241 130.486306 0.000000
1694226572594384455 130.436798 0.000000
1694226573426612570 130.611796 0.000000
1694226574512052997 130.331716 0.000000
1694226574842406314 130.405876 0.000000
1694226577945990334 130.395162 0.000000
1694226579664987100 130.502701 0.000000
1694226580862633053 130.556471 0.000000
1694226580993271319 130.523934 0.000000
1694226582038570026 130.325373 0.000000
1694226583034412339 130.346364 0.000000
1694226584738648734 130.448178 0.000000
1694226584988680166 130.435033 0.000000
1694226585728149404 130.612627 0.000000
1694226585969865700 130.404096 0.000000
1694226587244886717 130.411870 0.000000
1694226587332991807 130.865063 0.000000
1694226587472427352 130.416519 0.000000
1694226587602929954 130.483774 0.000000
1694226588201318300 130.394939 0.000000
1694226589051584625 130.469925 0.000000
1694226589957136572 130.491007 0.000000
1694226590727546535 130.456043 0.000000
1694226590973989171 130.450623 0.000000
1694226592226175038 130.473911 0.000000
1694226593328562498 130.515589 0.000000
1694226596955640468 130.574471 0.000000
1694226597013093659 130.621973 0.000000
1694226597480734434 130.396561 0.000000
1694226597888121178 130.347452 0.000000
1694226599453198629 130.483152 0.000000
1694226599547737078 130.634757 0.000000
1694226600331046073 130.525256 0.000000
1694226600452623104 130.493821 0.000000
1694226601407348499 130.482714 0.000000
1694226603989050140 130.644106 0.000000
1694226604065653809 130.430279 0.000000
1694226605431977521 130.403462 0.000000
1694226605530755246 130.478731 0.000000
1694226605605972761 130.520824 0.000000
1694226606089855888 130.488218 0.000000
1694226606374076136 130.261090 0.000000
1694226606792503140 130.386947 0.000000
1694226607489858531 130.579775 0.000000
1694226608951894034 130.473777 0.000000
1694226609561369278 130.497103 0.000000
1694226609743285280 130.451208 0.000000
1694226610647897135 130.419089 0.000000
1694226612021650976 130.482659 0.000000
1694226612022477934 130.787421 0.000000
1694226612997365804 130.508209 0.000000
1694226613437973460 130.469047 0.000000
1694226613603128450 130.388941 0.000000
1694226614044894694 130.461349 0.000000
1694226614548283673 130.367275 0.000000
1694226614712716886 130.450832 0.000000
1694226614748861533 130.548692 0.000000
1694226615680728465 130.305156 0.000000
1694226616034533869 130.443878 0.000000
1694226616605019135 130.350512 0.000000
1694226616824282162 130.555563 0.000000
