1693787230777198248 276.927643 0.000000
1693787230891375746 278.502416 0.000000
1693787230993322857 310.615100 0.000000
1693787231001303774 276.081991 0.000000
1693787231113575711 275.817189 0.000000
1693787231190877460 240.563655 0.000000
1693787231397521917 240.714440 0.000000
1693787231784997167 240.656711 0.000000
1693787231792972710 240.714631 0.000000
1693787231800719086 240.621744 0.000000
1693787231898114161 240.739655 0.000000
1693787231945626722 240.716094 0.000000
1693787231978157135 240.604804 0.000000
1693787232025576469 240.545703 0.000000
1693787232119741573 240.631688 0.000000
1693787232186392447 240.741419 0.000000
1693787232282137005 240.745544 0.000000
1693787232315815733 240.794704 0.000000
1693787232362929375 240.724713 0.000000
1693787232522913986 240.763845 0.000000
1693787232603537137 240.583460 0.000000
1693787232617549090 240.654116 0.000000
1693787232621180929 240.609912 0.000000
1693787232652491436 240.590287 0.000000
1693787232716589961 240.640494 0.000000
1693787232763494415 240.555090 0.000000
1693787232878425880 240.780399 0.000000
1693787232900021388 240.740867 0.000000
1693787233030127318 240.725692 0.000000
1693787233093945400 240.673897 0.000000
1693787233149991101 240.930694 0.000000
1693787233278945710 240.918014 0.000000
1693787233292207777 240.636695 0.000000
1693787233294506376 240.644022 0.000000
1693787233326215747 240.697066 0.000000
1693787233334626202 240.654722 0.000000
1693787233357123455 240.539897 0.000000
1693787233426054588 240.688762 0.000000
1693787233440798767 240.528512 0.000000
1693787233553445713 240.672032 0.000000
1693787233656008843 240.666880 0.000000
1693787233695347831 240.638694 0.000000
1693787233695392595 240.820588 0.000000
1693787233736875912 240.651635 0.000000
1693787233760274048 240.689273 0.000000
1693787233789228432 240.604139 0.000000
1693787233791652318 240.680366 0.000000
1693787233887350041 240.784635 0.000000
1693787233911292305 240.491015 0.000000
1693787233922540963 240.683309 0.000000
1693787233927841968 240.638639 0.000000
1693787234009212205 240.815872 0.000000
1693787234029844298 240.591766 0.000000
1693787234192527390 240.511624 0.000000
1693787234280701204 240.754169 0.000000
1693787234386645785 240.795229 0.000000
1693787234392075628 240.653234 0.000000
1693787234393338114 240.689312 0.000000
1693787234426272503 240.545152 0.000000
1693787234474924508 240.646943 0.000000
1693787234624829862 240.723402 0.000000
1693787234647527662 240.632400 0.000000
1693787234666241191 240.557307 0.000000
1693787234843165880 240.697813 0.000000
1693787234994514664 240.545405 0.000000
1693787234997080041 240.579172 0.000000
1693787235003873934 240.599275 0.000000
1693787235026092032 240.570040 0.000000
1693787235034753146 240.728293 0.000000
1693787235084172754 240.985486 0.000000
1693787235109132795 240.735144 0.000000
1693787235131044026 240.587148 0.000000
1693787235146468400 240.697672 0.000000
1693787235148013233 240.602069 0.000000
1693787235237650559 240.556997 0.000000
1693787235244505246 240.616023 0.000000
1693787235293118509 240.632768 0.000000
1693787235310735466 240.597945 0.000000
1693787235371725952 240.655950 0.000000
1693787235381457133 240.798663 0.000000
1693787235388514913 240.476737 0.000000
1693787235437248583 240.692530 0.000000
1693787235444832528 240.680045 0.000000
1693787235449088367 240.563519 0.000000
1693787235576490790 240.745823 0.000000
1693787235649961721 240.638624 0.000000
1693787235676419879 240.622521 0.000000
1693787235684122214 240.639208 0.000000
1693787235689873217 240.765560 0.000000
1693787235715242348 240.554201 0.000000
1693787235775092931 240.580488 0.000000
1693787235780667955 240.567037 0.000000
1693787235808664717 240.717984 0.000000
1693787235837886674 240.771284 0.000000
1693787235855689287 240.784213 0.000000
1693787235885868037 240.465330 0.000000
1693787235909014337 240.609847 0.000000
1693787235942003837 240.542528 0.000000
1693787235955797932 240.533057 0.000000
1693787235966075143 240.566812 0.000000
1693787235991164118 240.681113 0.000000
1693787236014106753 240.810638 0.000000
1693787236044988977 240.599939 0.000000
1693787236080825757 240.700177 0.000000
1693787236169817773 240.772260 0.000000
1693787236178561748 240.761922 0.000000
1693787236206856670 240.760994 0.000000
1693787236256085755 240.786068 0.000000
1693787236293078507 240.622787 0.000000
1693787236319824406 240.610870 0.000000
1693787236406177889 240.631157 0.000000
1693787236414551454 240.479890 0.000000
1693787236444184338 240.939300 0.000000
1693787236448251509 240.672083 0.000000
1693787236450117928 240.578830 0.000000
1693787236511304831 240.592380 0.000000
1693787236528607038 240.972397 0.000000
1693787236528783078 240.636335 0.000000
1693787236558243174 240.678943 0.000000
1693787236578168511 240.674933 0.000000
1693787236599186579 240.607806 0.000000
1693787236646888922 240.798126 0.000000
1693787236677044947 240.619855 0.000000
1693787236684344162 240.642216 0.000000
1693787236751870556 240.557400 0.000000
1693787236790109197 240.549441 0.000000
1693787236791268525 240.731536 0.000000
1693787236889626025 240.439086 0.000000
1693787236911911263 240.657634 0.000000
1693787236917643385 240.577479 0.000000
1693787236920788050 240.755863 0.000000
1693787236949415730 240.794969 0.000000
1693787236960472422 240.591935 0.000000
1693787237106458532 240.699416 0.000000
1693787237107180061 240.576215 0.000000
1693787237109097674 240.771153 0.000000
1693787237117298747 240.694364 0.000000
1693787237201998639 240.682923 0.000000
1693787237203811791 240.616500 0.000000
1693787237243647804 240.488855 0.000000
1693787237255501638 240.671921 0.000000
1693787237264731391 240.535286 0.000000
1693787237284659170 240.575987 0.000000
1693787237388200193 240.941938 0.000000
1693787237458003746 240.749127 0.000000
1693787237470288917 240.748306 0.000000
1693787237479233581 240.682842 0.000000
1693787237535376615 240.656832 0.000000
1693787237543476617 240.523190 0.000000
1693787237543829996 240.480470 0.000000
1693787237574824491 240.683268 0.000000
1693787237603787349 240.699747 0.000000
1693787237651873827 240.671631 0.000000
1693787237655871649 240.597407 0.000000
1693787237669678018 240.749026 0.000000
1693787237693206207 240.628708 0.000000
1693787237698527726 240.500705 0.000000
1693787237699070297 240.541392 0.000000
1693787237703488458 240.484355 0.000000
1693787237741025463 240.596908 0.000000
1693787237764490104 240.620332 0.000000
1693787237770095029 240.579286 0.000000
1693787237776041872 240.639096 0.000000
1693787237837560026 240.703150 0.000000
1693787237844373231 240.560874 0.000000
1693787237885457484 240.522138 0.000000
1693787237944243078 240.737685 0.000000
1693787237944330080 240.556358 0.000000
1693787237961030099 240.655646 0.000000
1693787237967581530 240.640991 0.000000
1693787238005207833 240.695963 0.000000
1693787238012636065 240.624873 0.000000
1693787238019164505 240.558220 0.000000
1693787238103414365 240.638519 0.000000
1693787238139920660 240.556454 0.000000
1693787238161855288 240.649840 0.000000
1693787238173759350 240.682502 0.000000
1693787238187350497 240.552849 0.000000
1693787238221852658 240.601588 0.000000
1693787238224391417 240.636905 0.000000
1693787238227324138 240.654936 0.000000
1693787238251393925 240.560634 0.000000
1693787238253189306 240.529655 0.000000
1693787238274216971 240.602193 0.000000
1693787238323013582 240.610870 0.000000
1693787238324712379 240.592757 0.000000
1693787238384411556 240.522086 0.000000
1693787238402824421 240.551236 0.000000
1693787238424118251 240.487565 0.000000
1693787238441532644 240.674277 0.000000
1693787238444144888 240.988484 0.000000
1693787238455887695 240.587530 0.000000
1693787238468030086 240.678537 0.000000
1693787238475744648 240.574003 0.000000
1693787238493822542 240.610819 0.000000
1693787238501910753 240.679021 0.000000
1693787238536960373 240.554999 0.000000
1693787238564397778 240.646989 0.000000
1693787238643370524 240.525917 0.000000
1693787238661136943 240.529801 0.000000
1693787238664635467 240.503834 0.000000
1693787238705798402 240.679334 0.000000
1693787238721553044 240.560251 0.000000
1693787238743311040 240.572836 0.000000
1693787238773763193 240.657488 0.000000
1693787238775238687 240.716512 0.000000
1693787238777606463 240.622862 0.000000
1693787238795968666 240.598807 0.000000
1693787238945293643 240.814103 0.000000
1693787238958890149 240.715604 0.000000
1693787238965260693 240.662314 0.000000
1693787238972804168 240.556818 0.000000
1693787238991722284 240.598320 0.000000
1693787238999076465 240.619600 0.000000
1693787239009081940 240.724980 0.000000
1693787239020268943 240.557089 0.000000
1693787239051871156 240.619469 0.000000
1693787239061841212 240.554363 0.000000
1693787239168620298 240.589579 0.000000
1693787239186740255 240.576429 0.000000
1693787239209492063 240.595286 0.000000
1693787239224601700 240.478867 0.000000
1693787239274741842 240.586612 0.000000
1693787239285345616 240.584964 0.000000
1693787239292475653 240.581356 0.000000
1693787239295024501 240.640484 0.000000
1693787239302539022 240.510914 0.000000
1693787239306338199 240.596345 0.000000
1693787239334000182 240.571463 0.000000
1693787239358742574 240.680185 0.000000
1693787239392427452 240.729837 0.000000
1693787239397567018 240.670443 0.000000
1693787239426680492 240.606114 0.000000
1693787239436754973 240.551375 0.000000
1693787239448180968 240.618738 0.000000
1693787239448596090 240.561274 0.000000
1693787239455980651 240.532919 0.000000
1693787239459749139 240.600366 0.000000
1693787239469244617 240.736013 0.000000
1693787239496605142 240.550861 0.000000
1693787239496668856 240.396495 0.000000
1693787239498036747 240.758234 0.000000
1693787239520325214 240.616473 0.000000
1693787239529782673 240.765716 0.000000
1693787239543350817 240.682347 0.000000
1693787239559447937 240.531232 0.000000
1693787239566896081 240.501779 0.000000
1693787239593413879 240.625684 0.000000
1693787239633173875 240.731248 0.000000
1693787239673277285 240.461336 0.000000
1693787239679389717 240.489918 0.000000
1693787239700389006 240.616262 0.000000
1693787239708810638 240.679950 0.000000
1693787239732483789 240.621434 0.000000
1693787239733784519 240.598221 0.000000
1693787239738745650 240.688308 0.000000
1693787239754745919 240.647319 0.000000
1693787239758121676 240.591189 0.000000
1693787239772670511 240.648372 0.000000
1693787239799970361 240.665547 0.000000
1693787239834109305 240.670303 0.000000
1693787239873729224 240.540204 0.000000
1693787239894952412 240.806024 0.000000
1693787239946687008 240.685569 0.000000
1693787239962358787 240.507373 0.000000
1693787239982188330 240.583761 0.000000
1693787240015750688 240.569509 0.000000
1693787240039147456 240.597724 0.000000
1693787240040570831 240.711739 0.000000
1693787240042569531 240.573239 0.000000
1693787240060820433 240.652896 0.000000
1693787240072836232 240.605778 0.000000
1693787240073902089 240.600335 0.000000
1693787240085825488 240.464050 0.000000
1693787240105475704 240.576324 0.000000
1693787240118273619 240.655113 0.000000
1693787240122600307 240.799133 0.000000
1693787240122653521 240.673204 0.000000
1693787240127028372 240.557444 0.000000
1693787240178527799 240.538777 0.000000
1693787240207317023 240.560588 0.000000
1693787240239565544 240.528458 0.000000
1693787240258493198 240.673712 0.000000
1693787240306221822 240.596571 0.000000
1693787240346312771 240.819811 0.000000
1693787240361677595 240.691092 0.000000
1693787240363268726 240.644082 0.000000
1693787240389412342 240.597644 0.000000
1693787240413196563 240.611286 0.000000
1693787240419199646 240.647155 0.000000
1693787240424568030 240.753106 0.000000
1693787240431130852 240.639516 0.000000
1693787240434697826 240.573710 0.000000
1693787240447015883 240.646207 0.000000
1693787240459324564 240.696068 0.000000
1693787240461084298 240.501740 0.000000
1693787240462911589 240.453388 0.000000
1693787240470321373 240.731576 0.000000
1693787240499093422 240.571688 0.000000
1693787240509038783 241.016180 0.000000
1693787240510169025 240.584162 0.000000
1693787240521044349 240.557220 0.000000
1693787240526624786 240.715366 0.000000
1693787240557987191 240.476829 0.000000
1693787240561150196 240.634480 0.000000
1693787240572149131 240.640940 0.000000
1693787240572552487 240.543360 0.000000
1693787240592922333 240.692014 0.000000
1693787240600540297 240.650597 0.000000
1693787240607362002 240.711088 0.000000
1693787240665175512 240.577076 0.000000
1693787240667036226 240.701836 0.000000
1693787240695845742 240.611185 0.000000
1693787240701590383 240.483067 0.000000
1693787240703568801 240.629723 0.000000
1693787240707911762 240.660688 0.000000
1693787240730925398 240.558894 0.000000
1693787240794343027 240.649345 0.000000
1693787240814876601 240.517783 0.000000
1693787240817230273 240.563104 0.000000
1693787240821116976 240.579461 0.000000
1693787240853294934 240.569233 0.000000
1693787240860604744 240.609659 0.000000
1693787240862361488 240.572272 0.000000
1693787240894598510 240.532234 0.000000
1693787240911441750 240.896877 0.000000
1693787240944152693 240.547718 0.000000
1693787240951786890 240.570194 0.000000
1693787240967440242 240.577608 0.000000
1693787240971878655 240.499505 0.000000
1693787240976640494 240.564715 0.000000
1693787240979004263 240.495973 0.000000
1693787240996112403 240.537488 0.000000
1693787241004655933 240.564858 0.000000
1693787241023988402 240.685153 0.000000
1693787241037712256 240.580628 0.000000
1693787241053036561 240.694459 0.000000
1693787241053968754 240.569222 0.000000
1693787241061773748 240.626380 0.000000
1693787241093950256 240.633354 0.000000
1693787241097714530 240.544640 0.000000
1693787241100057582 240.762197 0.000000
1693787241102940558 240.561678 0.000000
1693787241163242855 240.564841 0.000000
1693787241192352820 240.545638 0.000000
1693787241227947351 240.531410 0.000000
1693787241245539729 240.699897 0.000000
1693787241248353944 240.534156 0.000000
1693787241278645046 240.910663 0.000000
1693787241291639569 240.623758 0.000000
1693787241316734969 240.705009 0.000000
1693787241326883740 240.547661 0.000000
1693787241346142142 240.737936 0.000000
1693787241355589252 240.618237 0.000000
1693787241360808449 240.662048 0.000000
1693787241384958046 240.549797 0.000000
1693787241391807129 240.621951 0.000000
1693787241438585250 240.587227 0.000000
1693787241442616569 240.419956 0.000000
1693787241448477997 240.717648 0.000000
1693787241451914425 240.592557 0.000000
1693787241468538975 240.585908 0.000000
1693787241490953059 240.373777 0.000000
1693787241503019406 240.524403 0.000000
1693787241504314883 240.585050 0.000000
1693787241514408344 240.567102 0.000000
1693787241516924635 240.468082 0.000000
1693787241526420279 240.598877 0.000000
1693787241537244948 240.528778 0.000000
1693787241551023355 240.493549 0.000000
1693787241557332863 240.569539 0.000000
1693787241593635693 240.606906 0.000000
1693787241617573522 240.610820 0.000000
1693787241632474300 240.646011 0.000000
1693787241679353836 240.742416 0.000000
1693787241683520264 240.488628 0.000000
1693787241689261790 240.761179 0.000000
1693787241692452306 240.520554 0.000000
1693787241697021850 240.649667 0.000000
1693787241698134101 240.716300 0.000000
1693787241706073926 240.607892 0.000000
1693787241721073955 240.626778 0.000000
1693787241743022670 240.562314 0.000000
1693787241746028517 240.539133 0.000000
1693787241761074172 240.585445 0.000000
1693787241807260478 240.628118 0.000000
1693787241814798337 240.662686 0.000000
1693787241816038260 240.442561 0.000000
1693787241826626554 240.534133 0.000000
1693787241833117688 240.547575 0.000000
1693787241839161075 240.594681 0.000000
1693787241851987446 240.643616 0.000000
1693787241852982509 240.460655 0.000000
1693787241865125820 240.491913 0.000000
1693787241922509839 240.552834 0.000000
1693787241951222971 240.586268 0.000000
1693787241959784573 240.692656 0.000000
1693787241966065434 240.550138 0.000000
1693787241983332641 240.588209 0.000000
1693787242001741316 240.644317 0.000000
1693787242050119892 240.676402 0.000000
1693787242120855160 240.770068 0.000000
1693787242131228873 240.650056 0.000000
1693787242138854300 240.534667 0.000000
1693787242157698604 240.605538 0.000000
1693787242160211966 240.639017 0.000000
1693787242160773662 240.623640 0.000000
1693787242163153771 240.615766 0.000000
1693787242173839336 240.522027 0.000000
1693787242182419662 240.503860 0.000000
1693787242187646015 240.503900 0.000000
1693787242191145973 240.603275 0.000000
1693787242200417940 240.613105 0.000000
1693787242228375495 240.484856 0.000000
1693787242228653374 240.613865 0.000000
1693787242240326342 240.760077 0.000000
1693787242242444866 240.684651 0.000000
1693787242271680161 240.548199 0.000000
1693787242290711706 240.568591 0.000000
1693787242293774388 240.534605 0.000000
1693787242304658969 240.607228 0.000000
1693787242318218332 240.533282 0.000000
1693787242321341793 240.693367 0.000000
1693787242334868157 240.588892 0.000000
1693787242341042537 240.691293 0.000000
1693787242348108165 240.670318 0.000000
1693787242348705173 240.554220 0.000000
1693787242349163443 240.447679 0.000000
1693787242354298995 240.685207 0.000000
1693787242361551368 240.671536 0.000000
1693787242369750281 240.557882 0.000000
1693787242420869934 240.650918 0.000000
1693787242438650412 240.528211 0.000000
1693787242440914003 240.480621 0.000000
1693787242442620042 240.631387 0.000000
1693787242460019311 240.462214 0.000000
1693787242485976737 240.562214 0.000000
1693787242489268620 240.450969 0.000000
1693787242497466791 240.681940 0.000000
1693787242519842445 240.560988 0.000000
1693787242542157506 240.605068 0.000000
1693787242546637599 240.659714 0.000000
1693787242552626965 240.485415 0.000000
1693787242570435110 240.544216 0.000000
1693787242571353886 240.488732 0.000000
1693787242595001343 240.678717 0.000000
1693787242602172536 240.566486 0.000000
1693787242605846945 240.628676 0.000000
1693787242627428130 240.479619 0.000000
1693787242636022530 240.505424 0.000000
1693787242657845010 240.566681 0.000000
1693787242671698107 240.498186 0.000000
1693787242705176110 240.610955 0.000000
1693787242725593676 240.594913 0.000000
1693787242754748063 240.635685 0.000000
1693787242756521792 240.509690 0.000000
1693787242760382700 240.546794 0.000000
1693787242769365764 240.653599 0.000000
1693787242774987108 240.537704 0.000000
1693787242787807323 240.479783 0.000000
1693787242790884363 240.597719 0.000000
1693787242801773702 240.681113 0.000000
1693787242810455189 240.596567 0.000000
1693787242829877409 240.517061 0.000000
1693787242839284448 240.584057 0.000000
1693787242842317438 240.637063 0.000000
1693787242842724441 240.531705 0.000000
1693787242886354196 240.654289 0.000000
1693787242913082759 240.520885 0.000000
1693787242921801548 240.565198 0.000000
1693787242965652523 240.544534 0.000000
1693787242997090959 240.548018 0.000000
1693787243005284766 240.534256 0.000000
1693787243035515487 240.763011 0.000000
1693787243044338472 240.478581 0.000000
1693787243070509248 240.608719 0.000000
1693787243087231443 240.777693 0.000000
1693787243113901035 240.489016 0.000000
1693787243153218623 240.885124 0.000000
1693787243169453153 240.563384 0.000000
1693787243196276623 240.528152 0.000000
1693787243198412903 240.568225 0.000000
1693787243246033250 240.729335 0.000000
1693787243260404586 240.508516 0.000000
1693787243271081011 240.696592 0.000000
1693787243272730245 240.653992 0.000000
1693787243272901070 240.535064 0.000000
1693787243272928517 240.544121 0.000000
1693787243337299056 240.424856 0.000000
1693787243345495247 240.642123 0.000000
1693787243369886607 240.848599 0.000000
1693787243386836889 240.536351 0.000000
1693787243408483741 240.573804 0.000000
1693787243418728159 240.639737 0.000000
1693787243444295793 240.539696 0.000000
1693787243447140279 240.596782 0.000000
1693787243461343552 240.520488 0.000000
1693787243499524407 240.583623 0.000000
1693787243500285815 240.551429 0.000000
1693787243509517068 240.593081 0.000000
1693787243513590887 240.655218 0.000000
1693787243519271955 240.622561 0.000000
1693787243561159288 240.565428 0.000000
1693787243578511016 240.497029 0.000000
1693787243589111644 240.679308 0.000000
1693787243595525648 240.590965 0.000000
1693787243610575930 240.601818 0.000000
1693787243659355887 240.602299 0.000000
1693787243661787787 240.536255 0.000000
1693787243666192798 240.577121 0.000000
1693787243667211876 240.496899 0.000000
1693787243667919094 240.506252 0.000000
1693787243691612567 240.503872 0.000000
1693787243701556906 240.524984 0.000000
1693787243701868841 240.508136 0.000000
1693787243706951837 240.540701 0.000000
1693787243708623200 240.828153 0.000000
1693787243736915798 240.702323 0.000000
1693787243765538912 240.494115 0.000000
1693787243769857719 240.502308 0.000000
1693787243797759065 240.578244 0.000000
1693787243798104480 240.649229 0.000000
1693787243799158860 240.582163 0.000000
1693787243832344489 240.466707 0.000000
1693787243842342418 240.457562 0.000000
1693787243867881195 240.477549 0.000000
1693787243885908672 240.644252 0.000000
1693787243887733557 240.496368 0.000000
1693787243895321963 240.666734 0.000000
1693787243992379727 240.475134 0.000000
1693787244006802803 240.643808 0.000000
1693787244026018709 240.561725 0.000000
1693787244058637202 240.639135 0.000000
1693787244069211017 240.521216 0.000000
1693787244070160043 240.494331 0.000000
1693787244078865049 240.629057 0.000000
1693787244082084644 240.551882 0.000000
1693787244107576497 240.385810 0.000000
1693787244121687255 240.662245 0.000000
1693787244125113676 240.418110 0.000000
1693787244161947704 240.854748 0.000000
1693787244189289090 240.944135 0.000000
1693787244208143089 240.562704 0.000000
1693787244220262286 240.668700 0.000000
1693787244234227976 240.625178 0.000000
1693787244237774973 240.620081 0.000000
1693787244254297128 240.973110 0.000000
1693787244270740710 240.504367 0.000000
1693787244272854033 240.508817 0.000000
1693787244285541560 240.622807 0.000000
1693787244296300339 240.577131 0.000000
1693787244306704267 240.536881 0.000000
1693787244326896133 240.510696 0.000000
1693787244332837157 240.595860 0.000000
1693787244366670594 240.578475 0.000000
1693787244389773593 240.465000 0.000000
1693787244403695968 240.530988 0.000000
1693787244406336368 240.616718 0.000000
1693787244417144117 240.611125 0.000000
1693787244428271271 240.602553 0.000000
1693787244455538955 240.668303 0.000000
1693787244455759108 240.534461 0.000000
1693787244458664974 240.500567 0.000000
1693787244462755012 240.406030 0.000000
1693787244495003259 240.676582 0.000000
1693787244505475442 240.591736 0.000000
1693787244505629752 240.711895 0.000000
1693787244508860462 240.866656 0.000000
1693787244567013282 240.629320 0.000000
1693787244567475254 240.551176 0.000000
1693787244602952761 240.586548 0.000000
1693787244604748815 240.568150 0.000000
1693787244617613270 240.629208 0.000000
1693787244650339159 240.552062 0.000000
1693787244657687309 240.518705 0.000000
1693787244673625559 240.515828 0.000000
1693787244717410483 240.580749 0.000000
1693787244718995037 240.467590 0.000000
1693787244719875809 240.584559 0.000000
1693787244721741405 240.672292 0.000000
1693787244721802583 240.484951 0.000000
1693787244721938936 240.596870 0.000000
1693787244726801036 240.572936 0.000000
1693787244728678620 240.613336 0.000000
1693787244736502569 240.574054 0.000000
1693787244764881817 240.634660 0.000000
1693787244766539083 240.590216 0.000000
1693787244768964196 240.755050 0.000000
1693787244814262650 240.662577 0.000000
1693787244816656987 240.761451 0.000000
1693787244848737838 240.791670 0.000000
1693787244853547331 240.730929 0.000000
1693787244864466839 240.632758 0.000000
1693787244867918621 240.554994 0.000000
1693787244868555033 240.527294 0.000000
1693787244890507968 240.651723 0.000000
1693787244891066048 240.702156 0.000000
1693787244916759726 240.609674 0.000000
1693787244937223833 240.484680 0.000000
1693787244956204906 240.670718 0.000000
1693787244958016861 240.582012 0.000000
1693787244958583917 240.820242 0.000000
1693787244976375479 240.736122 0.000000
1693787245004251762 240.544934 0.000000
1693787245021380204 240.577707 0.000000
1693787245041297021 240.485186 0.000000
1693787245062654918 240.619262 0.000000
1693787245079703090 240.599724 0.000000
1693787245080790809 240.664629 0.000000
1693787245091129636 240.546041 0.000000
1693787245094183524 240.611371 0.000000
1693787245098820886 240.538736 0.000000
1693787245119378265 240.573327 0.000000
1693787245121027006 240.576074 0.000000
1693787245122100717 240.579828 0.000000
1693787245131005464 240.471776 0.000000
1693787245133802018 240.822608 0.000000
1693787245144096867 240.536682 0.000000
1693787245154401761 240.584974 0.000000
1693787245170731753 240.610574 0.000000
1693787245211689833 240.534514 0.000000
1693787245216911567 240.499973 0.000000
1693787245243250436 240.659397 0.000000
1693787245268855628 240.647013 0.000000
1693787245278318008 240.511113 0.000000
1693787245278917976 240.458803 0.000000
1693787245282271638 240.477867 0.000000
1693787245334774297 240.568515 0.000000
1693787245374354394 240.529957 0.000000
1693787245384716407 240.592728 0.000000
1693787245389527549 240.569303 0.000000
1693787245403960778 240.582471 0.000000
1693787245414860156 240.820156 0.000000
1693787245435321456 240.548479 0.000000
1693787245452343130 240.632672 0.000000
1693787245465365262 240.495190 0.000000
1693787245472783662 240.748680 0.000000
1693787245474820827 240.530254 0.000000
1693787245480417253 240.599350 0.000000
1693787245492485734 240.702281 0.000000
1693787245518699977 240.487641 0.000000
1693787245518808257 240.472773 0.000000
1693787245535588152 240.524323 0.000000
1693787245546804474 240.554634 0.000000
1693787245549471048 240.574834 0.000000
1693787245565114353 240.516911 0.000000
1693787245567942365 240.592983 0.000000
1693787245596654554 240.634444 0.000000
1693787245602186700 240.528176 0.000000
1693787245619037150 240.594300 0.000000
1693787245628192837 240.540276 0.000000
1693787245660577755 240.565269 0.000000
1693787245687278119 240.529715 0.000000
1693787245692890817 240.523190 0.000000
1693787245696013371 240.502001 0.000000
1693787245697464656 240.548530 0.000000
1693787245714415926 240.648918 0.000000
1693787245721020234 240.583757 0.000000
1693787245741617284 240.512877 0.000000
1693787245759870693 240.501607 0.000000
1693787245790742956 240.574199 0.000000
1693787245795393136 240.479859 0.000000
1693787245813547508 240.425771 0.000000
1693787245820061651 240.522267 0.000000
1693787245832295257 240.770396 0.000000
1693787245835445004 240.508489 0.000000
1693787245847203087 240.581596 0.000000
1693787245860158444 240.557409 0.000000
1693787245878279934 240.719870 0.000000
1693787245898839659 240.507544 0.000000
1693787245948055091 240.721440 0.000000
1693787245961532018 240.487021 0.000000
1693787245974189752 240.556488 0.000000
1693787245979419989 240.572290 0.000000
1693787245980096500 240.623288 0.000000
1693787245986701555 240.620209 0.000000
1693787246002110387 240.410944 0.000000
1693787246002535733 240.512440 0.000000
1693787246010037286 240.548175 0.000000
1693787246012621761 240.540075 0.000000
1693787246028124259 240.721186 0.000000
1693787246031239562 240.485114 0.000000
1693787246034482161 240.573312 0.000000
1693787246076088078 240.622659 0.000000
1693787246076127570 240.602681 0.000000
1693787246088317047 241.089713 0.000000
1693787246093205710 240.543147 0.000000
1693787246099933306 240.547777 0.000000
1693787246129471053 240.537401 0.000000
1693787246156484656 240.676367 0.000000
1693787246165532611 240.536550 0.000000
1693787246190532473 240.553029 0.000000
1693787246206561414 240.671435 0.000000
1693787246221502672 240.526915 0.000000
1693787246238637349 240.511690 0.000000
1693787246240839328 240.546194 0.000000
1693787246247052084 240.727195 0.000000
1693787246250633311 240.575282 0.000000
1693787246252812613 240.496839 0.000000
1693787246255475746 240.639631 0.000000
1693787246274775892 240.647087 0.000000
1693787246275293377 240.790844 0.000000
1693787246291736191 240.673677 0.000000
1693787246308548788 240.563655 0.000000
1693787246316747233 240.553521 0.000000
1693787246317134559 240.606813 0.000000
1693787246321665436 240.520094 0.000000
1693787246340489974 240.570862 0.000000
1693787246357612287 240.657859 0.000000
1693787246358028447 240.540391 0.000000
1693787246367081909 240.606606 0.000000
1693787246372186374 240.589244 0.000000
1693787246375321662 240.667005 0.000000
1693787246376429723 240.618131 0.000000
1693787246378288052 240.529571 0.000000
1693787246430139269 240.658566 0.000000
1693787246447111958 240.529029 0.000000
1693787246447586744 240.599994 0.000000
1693787246452764961 240.711549 0.000000
1693787246460277445 240.769805 0.000000
1693787246462077197 240.560551 0.000000
1693787246477098571 240.557430 0.000000
1693787246499208893 240.654386 0.000000
1693787246513776074 240.540452 0.000000
1693787246555961501 240.561148 0.000000
1693787246566240715 240.515254 0.000000
1693787246577910352 240.671491 0.000000
1693787246581062955 240.549010 0.000000
1693787246598176187 240.526965 0.000000
1693787246619114659 240.665347 0.000000
1693787246638779820 240.483834 0.000000
1693787246689293347 241.179810 0.000000
1693787246697912222 240.572360 0.000000
1693787246703467935 240.436123 0.000000
1693787246728228392 240.620176 0.000000
1693787246732172184 240.424450 0.000000
1693787246740589054 240.483883 0.000000
1693787246741381395 240.493095 0.000000
1693787246747007876 240.593484 0.000000
1693787246778271047 240.606631 0.000000
1693787246799786342 240.563284 0.000000
1693787246804258154 240.636285 0.000000
1693787246805820984 240.605151 0.000000
1693787246806353180 240.574093 0.000000
1693787246815065262 240.540094 0.000000
1693787246816968350 240.592362 0.000000
1693787246818848329 240.550551 0.000000
1693787246821560954 240.472520 0.000000
1693787246833378057 240.694259 0.000000
1693787246833614804 240.599708 0.000000
1693787246872878917 240.692906 0.000000
1693787246877200483 240.478826 0.000000
1693787246881343017 240.526410 0.000000
1693787246888650428 240.528412 0.000000
1693787246907803446 240.553862 0.000000
1693787246909096308 240.593997 0.000000
1693787246912087230 240.699012 0.000000
1693787246920209456 240.700851 0.000000
1693787246934534724 240.637066 0.000000
1693787246938426682 240.470781 0.000000
1693787246944740354 240.547477 0.000000
1693787246953335710 240.595208 0.000000
1693787246958545254 240.944877 0.000000
1693787246967280839 240.439111 0.000000
1693787246968376999 240.571944 0.000000
1693787246969254900 240.547181 0.000000
1693787246974385005 240.622161 0.000000
1693787246992961084 240.640361 0.000000
1693787247001086044 240.534288 0.000000
1693787247009121952 240.571333 0.000000
1693787247018865638 240.569498 0.000000
1693787247055736532 240.650005 0.000000
1693787247057540714 240.543437 0.000000
1693787247060792453 240.562714 0.000000
1693787247065774332 240.654761 0.000000
1693787247091910153 240.601294 0.000000
1693787247095885170 240.489076 0.000000
1693787247099732151 240.598268 0.000000
1693787247113540239 240.638660 0.000000
1693787247133736803 240.894052 0.000000
1693787247149679884 240.682471 0.000000
1693787247160747414 240.522617 0.000000
1693787247185258338 240.498831 0.000000
1693787247199727916 240.515778 0.000000
1693787247213203409 240.457789 0.000000
1693787247248069513 240.543164 0.000000
1693787247258031730 240.524290 0.000000
1693787247265543601 240.474729 0.000000
1693787247280549278 240.860261 0.000000
1693787247294859074 240.784453 0.000000
1693787247295013604 240.518714 0.000000
1693787247297066005 240.646042 0.000000
1693787247304583328 240.632670 0.000000
1693787247327953090 240.614193 0.000000
1693787247340239188 240.479577 0.000000
1693787247358277535 240.640775 0.000000
1693787247359031085 240.709309 0.000000
1693787247400248147 240.596557 0.000000
1693787247441084597 240.509036 0.000000
1693787247453864425 240.637511 0.000000
1693787247473611793 240.475639 0.000000
1693787247479108276 240.573011 0.000000
1693787247498133073 240.561167 0.000000
1693787247509608235 240.628937 0.000000
1693787247535540964 240.499841 0.000000
1693787247544601083 240.573252 0.000000
1693787247554049295 240.624627 0.000000
1693787247576947287 240.525626 0.000000
1693787247587372065 240.520472 0.000000
1693787247588156372 240.798812 0.000000
1693787247592706064 240.586984 0.000000
1693787247592793513 240.485809 0.000000
1693787247602829700 240.539608 0.000000
1693787247614975997 240.575036 0.000000
1693787247616541329 240.527641 0.000000
1693787247619789038 240.455738 0.000000
1693787247635003242 240.527236 0.000000
1693787247661647439 240.581874 0.000000
1693787247662806950 240.691055 0.000000
1693787247664644961 240.673470 0.000000
1693787247666342150 240.570807 0.000000
1693787247682595618 240.551186 0.000000
1693787247696652191 240.626141 0.000000
1693787247702676413 240.646808 0.000000
1693787247745474407 240.634290 0.000000
1693787247754199731 240.598722 0.000000
1693787247776125929 240.554137 0.000000
1693787247809504101 240.696990 0.000000
1693787247817526457 240.563250 0.000000
1693787247818027224 240.693256 0.000000
1693787247821748843 240.674410 0.000000
1693787247822418493 240.558262 0.000000
1693787247831205272 240.690232 0.000000
1693787247854625493 240.636389 0.000000
1693787247855782603 240.781862 0.000000
1693787247858955167 240.555690 0.000000
1693787247880128045 240.601823 0.000000
1693787247883275282 240.687398 0.000000
1693787247904133201 240.702458 0.000000
1693787247921150347 240.640959 0.000000
1693787247932286875 240.566442 0.000000
1693787247941148635 240.581449 0.000000
1693787247951339569 240.600892 0.000000
1693787247975409470 240.556931 0.000000
1693787247980181114 240.445283 0.000000
1693787247985998052 240.511218 0.000000
1693787247987295575 240.659994 0.000000
1693787247996892710 240.501836 0.000000
1693787248012902728 240.560963 0.000000
1693787248027029493 240.562010 0.000000
1693787248051345086 240.610349 0.000000
1693787248055426914 240.656604 0.000000
1693787248085583808 240.608258 0.000000
1693787248102571908 240.438092 0.000000
1693787248115134105 240.536672 0.000000
1693787248116908122 240.555681 0.000000
1693787248139014939 240.545437 0.000000
1693787248141005677 240.567348 0.000000
1693787248178301270 240.703014 0.000000
1693787248184370352 240.517246 0.000000
1693787248195226148 240.670854 0.000000
1693787248207586526 240.687991 0.000000
1693787248209891173 240.525922 0.000000
1693787248233838122 240.426850 0.000000
1693787248246590270 240.516525 0.000000
1693787248254240946 240.574304 0.000000
1693787248273377330 240.549837 0.000000
1693787248276624991 240.696882 0.000000
1693787248281987482 240.521071 0.000000
1693787248307154640 240.635351 0.000000
1693787248315070256 240.657026 0.000000
1693787248325180515 240.447459 0.000000
1693787248328798578 240.630476 0.000000
1693787248328863039 240.685494 0.000000
1693787248331063324 240.497686 0.000000
1693787248331385028 240.459006 0.000000
1693787248338331318 240.547432 0.000000
1693787248341871909 240.636679 0.000000
1693787248357418087 240.490206 0.000000
1693787248358569719 240.609000 0.000000
1693787248370102498 240.472723 0.000000
1693787248375067713 240.573164 0.000000
1693787248385271621 240.602445 0.000000
1693787248422129949 240.499990 0.000000
1693787248423446381 240.615677 0.000000
1693787248430093334 240.675961 0.000000
1693787248430134450 240.556995 0.000000
1693787248430456405 240.559820 0.000000
1693787248436174464 240.548509 0.000000
1693787248465982075 240.543648 0.000000
1693787248472531706 240.522754 0.000000
1693787248473607005 240.606820 0.000000
1693787248486248296 240.550293 0.000000
1693787248486387598 240.496339 0.000000
1693787248503236737 240.636498 0.000000
1693787248534313489 240.529917 0.000000
1693787248565670624 240.458429 0.000000
1693787248569391506 240.489667 0.000000
1693787248581088316 240.627298 0.000000
1693787248582609499 240.720395 0.000000
1693787248588096094 240.776947 0.000000
1693787248597976053 240.530909 0.000000
1693787248609278605 240.522408 0.000000
1693787248615662966 240.576034 0.000000
1693787248623924630 240.551146 0.000000
1693787248656724330 240.438676 0.000000
1693787248663787447 240.630255 0.000000
1693787248676741191 240.537699 0.000000
1693787248689855981 240.451209 0.000000
1693787248692211226 240.509468 0.000000
1693787248704877037 240.566943 0.000000
1693787248732454583 240.497697 0.000000
1693787248739422714 240.532641 0.000000
1693787248743568150 240.554257 0.000000
1693787248743819431 240.617683 0.000000
1693787248757319491 240.519023 0.000000
1693787248757464323 240.541006 0.000000
1693787248757592397 240.408382 0.000000
1693787248793415134 240.532965 0.000000
1693787248806276387 240.590948 0.000000
1693787248806724781 240.579735 0.000000
1693787248821383521 240.773077 0.000000
1693787248826479035 240.651605 0.000000
1693787248829230328 240.541183 0.000000
1693787248845697952 240.544460 0.000000
1693787248874887788 240.537930 0.000000
1693787248889292295 240.624346 0.000000
1693787248895400488 240.611752 0.000000
1693787248916935770 240.622056 0.000000
1693787248919808968 240.595804 0.000000
1693787248930335835 240.459590 0.000000
1693787248933025864 240.580083 0.000000
1693787248949455072 240.563139 0.000000
1693787248977614008 240.591021 0.000000
1693787248982152815 240.754700 0.000000
1693787248984131956 240.539406 0.000000
1693787248991167884 240.623639 0.000000
1693787249001565228 240.546750 0.000000
1693787249023631236 240.614155 0.000000
1693787249037136218 240.452017 0.000000
1693787249046965663 240.665138 0.000000
1693787249047286100 240.529364 0.000000
1693787249079804415 240.621751 0.000000
1693787249080124025 240.457437 0.000000
1693787249084318555 240.459973 0.000000
1693787249084601223 240.694098 0.000000
1693787249087134774 240.460529 0.000000
1693787249112730985 240.556207 0.000000
1693787249114294903 240.516869 0.000000
1693787249121125411 240.557011 0.000000
1693787249129898309 240.643350 0.000000
1693787249132911387 240.457091 0.000000
1693787249152434216 240.629755 0.000000
1693787249153739757 240.573737 0.000000
1693787249170879842 240.529435 0.000000
1693787249187882376 240.634840 0.000000
1693787249207549972 240.626802 0.000000
1693787249224661380 240.508130 0.000000
1693787249226504167 240.457197 0.000000
1693787249229678462 240.598195 0.000000
1693787249256371783 240.539468 0.000000
1693787249267241098 240.616388 0.000000
1693787249270103167 240.490367 0.000000
1693787249271105262 240.584348 0.000000
1693787249275627671 240.540804 0.000000
1693787249287622314 240.623656 0.000000
1693787249296515966 240.495484 0.000000
1693787249310227757 240.584772 0.000000
1693787249320493025 240.667627 0.000000
1693787249323766414 240.598214 0.000000
1693787249325275168 240.615684 0.000000
1693787249352709557 240.650592 0.000000
1693787249353914559 240.524896 0.000000
1693787249355123666 240.811913 0.000000
1693787249359145885 240.812013 0.000000
1693787249361796899 240.649083 0.000000
1693787249377285793 240.580139 0.000000
1693787249381961569 240.538650 0.000000
1693787249395637570 240.650773 0.000000
1693787249398191108 240.687243 0.000000
1693787249403138155 241.133752 0.000000
1693787249419366652 240.598515 0.000000
1693787249424380606 240.626556 0.000000
1693787249428903861 240.601517 0.000000
1693787249436085776 240.638895 0.000000
1693787249437304204 240.506146 0.000000
1693787249444607337 240.502297 0.000000
1693787249446913404 240.443107 0.000000
1693787249450663391 240.761740 0.000000
1693787249452856314 240.527873 0.000000
1693787249477483433 240.666241 0.000000
1693787249477536061 240.743023 0.000000
1693787249479474621 240.705816 0.000000
1693787249488812455 240.623872 0.000000
1693787249499413655 240.598506 0.000000
1693787249533326378 240.588763 0.000000
1693787249542918225 240.598531 0.000000
1693787249550378868 240.468752 0.000000
1693787249578118500 240.495982 0.000000
1693787249581188603 240.571475 0.000000
1693787249584182838 240.657975 0.000000
1693787249599824837 240.657774 0.000000
1693787249602492912 240.677220 0.000000
1693787249629231040 240.483451 0.000000
1693787249636275814 240.610907 0.000000
1693787249644109355 240.565464 0.000000
1693787249656060427 240.583691 0.000000
1693787249666345369 240.629230 0.000000
1693787249667877172 240.491743 0.000000
1693787249677810294 240.484196 0.000000
1693787249686230758 240.549947 0.000000
1693787249689140961 241.101139 0.000000
1693787249697806080 240.535112 0.000000
1693787249722446435 240.649565 0.000000
1693787249727419414 240.481629 0.000000
1693787249733728028 240.530237 0.000000
1693787249767406034 240.498317 0.000000
1693787249781004439 240.531136 0.000000
1693787249785398383 240.575381 0.000000
1693787249794474851 240.580980 0.000000
1693787249796329495 240.541672 0.000000
1693787249807603325 240.581260 0.000000
1693787249826953575 240.566618 0.000000
1693787249840479559 240.632179 0.000000
1693787249851097687 240.591430 0.000000
1693787249870182141 240.596752 0.000000
1693787249870220811 240.485083 0.000000
1693787249879201770 240.685794 0.000000
1693787249887290556 240.535854 0.000000
1693787249900293756 240.567169 0.000000
1693787249907930190 240.495535 0.000000
1693787249928686304 240.452823 0.000000
1693787249935740500 240.733059 0.000000
1693787249946753483 240.607932 0.000000
1693787249950608583 240.603297 0.000000
1693787249952208668 240.636790 0.000000
1693787249952512006 240.608549 0.000000
1693787249961575819 240.697040 0.000000
1693787249962640302 240.585598 0.000000
1693787249969725356 240.565839 0.000000
1693787250021584622 240.555170 0.000000
1693787250025748902 240.595699 0.000000
1693787250028692163 240.625780 0.000000
1693787250032229091 240.653802 0.000000
1693787250061745260 240.561735 0.000000
1693787250070688224 240.614959 0.000000
1693787250075749638 240.680346 0.000000
1693787250081917190 240.574681 0.000000
1693787250082217575 240.584157 0.000000
1693787250083679324 240.627052 0.000000
1693787250110852754 240.620016 0.000000
1693787250110898917 240.690992 0.000000
1693787250119427287 240.714661 0.000000
1693787250119565218 240.539027 0.000000
1693787250119678923 240.458930 0.000000
1693787250133717914 240.854717 0.000000
1693787250134089589 240.516339 0.000000
1693787250141121684 240.587670 0.000000
1693787250142156304 240.788447 0.000000
1693787250149758237 240.568459 0.000000
1693787250167757157 240.646979 0.000000
1693787250208828599 240.665627 0.000000
1693787250228937930 240.596251 0.000000
1693787250232630887 240.538235 0.000000
1693787250237788711 240.504157 0.000000
1693787250243889319 240.602039 0.000000
1693787250246161596 240.699801 0.000000
1693787250248242804 240.570798 0.000000
1693787250261404862 240.465043 0.000000
1693787250264610537 240.546269 0.000000
1693787250269439194 240.720877 0.000000
1693787250284122416 240.564123 0.000000
1693787250291787886 240.508922 0.000000
1693787250322433038 240.470737 0.000000
1693787250323511149 240.543181 0.000000
1693787250351442088 240.571442 0.000000
1693787250367964294 240.588457 0.000000
1693787250368614819 240.565498 0.000000
1693787250377789294 240.615756 0.000000
1693787250381694475 240.543723 0.000000
1693787250403048560 240.795024 0.000000
1693787250406537613 240.546059 0.000000
1693787250418307338 240.724184 0.000000
1693787250433451670 240.513569 0.000000
1693787250442054396 240.679585 0.000000
1693787250449593106 240.739744 0.000000
1693787250458184007 240.537630 0.000000
1693787250459892236 240.463983 0.000000
1693787250466823993 240.559440 0.000000
1693787250488943029 240.684292 0.000000
1693787250489407245 240.519861 0.000000
1693787250496038000 240.569218 0.000000
1693787250496569508 240.682116 0.000000
1693787250501120930 240.479734 0.000000
1693787250520102684 240.671596 0.000000
1693787250531602656 240.706729 0.000000
1693787250544783287 240.551551 0.000000
1693787250546645601 240.578660 0.000000
1693787250555369446 240.599714 0.000000
1693787250606336513 240.598581 0.000000
1693787250608613913 240.633227 0.000000
1693787250609386778 240.713133 0.000000
1693787250617344810 240.465751 0.000000
1693787250618328221 240.510850 0.000000
1693787250628527468 240.701219 0.000000
1693787250631939907 240.529831 0.000000
1693787250632417098 240.586633 0.000000
1693787250647024491 240.498015 0.000000
1693787250647118610 240.566924 0.000000
1693787250664651867 240.595754 0.000000
1693787250672604111 240.659960 0.000000
1693787250674189870 240.658883 0.000000
1693787250689801679 240.583120 0.000000
1693787250705937858 240.518500 0.000000
1693787250707300834 240.452288 0.000000
1693787250708222100 240.538821 0.000000
1693787250722921179 240.470272 0.000000
1693787250728146811 240.468227 0.000000
1693787250738255582 240.471911 0.000000
1693787250739272145 240.511067 0.000000
1693787250748337010 240.549318 0.000000
1693787250760800732 240.662721 0.000000
1693787250765289583 240.636664 0.000000
1693787250786345849 240.603061 0.000000
1693787250798923576 240.481704 0.000000
1693787250803535486 240.519905 0.000000
1693787250803786210 240.540500 0.000000
1693787250819499915 240.574791 0.000000
1693787250830624663 240.578870 0.000000
1693787250846633281 240.550524 0.000000
1693787250849791235 240.478585 0.000000
1693787250857879846 240.519914 0.000000
1693787250867208081 240.516016 0.000000
1693787250901007977 240.651354 0.000000
1693787250924137292 240.483788 0.000000
1693787250924537307 240.502562 0.000000
1693787250939391282 240.694840 0.000000
1693787250950235627 240.668615 0.000000
1693787250957215047 240.668787 0.000000
1693787250958972734 240.594653 0.000000
1693787250963014305 240.721891 0.000000
1693787250963207850 240.546424 0.000000
1693787250968204772 240.640638 0.000000
1693787250976841210 240.636093 0.000000
1693787250978773145 240.593504 0.000000
1693787250999768379 240.505434 0.000000
1693787251004100374 240.610950 0.000000
1693787251005262045 240.494945 0.000000
1693787251005807962 240.490098 0.000000
1693787251027002906 240.687285 0.000000
1693787251029237131 240.598513 0.000000
1693787251032677068 240.554569 0.000000
1693787251042337525 240.638007 0.000000
1693787251051307852 240.578234 0.000000
1693787251051915580 240.465827 0.000000
1693787251051944280 240.494271 0.000000
1693787251052744446 240.449140 0.000000
1693787251078949074 240.684767 0.000000
1693787251080071990 240.465691 0.000000
1693787251088821230 240.537424 0.000000
1693787251094611425 240.673854 0.000000
1693787251098826839 240.703834 0.000000
1693787251103237830 240.723291 0.000000
1693787251106804403 240.655664 0.000000
1693787251118469935 240.678678 0.000000
1693787251128197122 240.547857 0.000000
1693787251204339742 240.480372 0.000000
1693787251208814269 240.586804 0.000000
1693787251219028870 240.658991 0.000000
1693787251226054071 240.639316 0.000000
1693787251236493583 240.574590 0.000000
1693787251255767537 240.601101 0.000000
1693787251266623757 240.841829 0.000000
1693787251277873849 240.917182 0.000000
1693787251296137506 240.549376 0.000000
1693787251304910100 240.545622 0.000000
1693787251321694711 240.478045 0.000000
1693787251339136453 240.677632 0.000000
1693787251349742232 240.590055 0.000000
1693787251351653945 240.610820 0.000000
1693787251352473800 240.632706 0.000000
1693787251367695742 240.579601 0.000000
1693787251369181334 240.459176 0.000000
1693787251373284445 240.528566 0.000000
1693787251388872463 240.453629 0.000000
1693787251396880872 240.553049 0.000000
1693787251403250915 240.748087 0.000000
1693787251443617270 240.979483 0.000000
1693787251443911430 240.474200 0.000000
1693787251444334412 240.559333 0.000000
1693787251447107670 240.561408 0.000000
1693787251459715022 240.671971 0.000000
1693787251460628991 240.537513 0.000000
1693787251460856405 240.550294 0.000000
1693787251472942300 240.481370 0.000000
1693787251482995133 240.778796 0.000000
1693787251489077080 240.632780 0.000000
1693787251492628302 240.556679 0.000000
1693787251502789152 240.460199 0.000000
1693787251505859363 240.440895 0.000000
1693787251509651744 240.530478 0.000000
1693787251513536729 240.677650 0.000000
1693787251524576974 240.658119 0.000000
1693787251536699451 240.541343 0.000000
1693787251552649359 240.575054 0.000000
1693787251555373995 240.620535 0.000000
1693787251557574982 240.570280 0.000000
1693787251578411359 240.634398 0.000000
1693787251579722540 240.464722 0.000000
1693787251580923152 240.582243 0.000000
1693787251586717692 240.454170 0.000000
1693787251594004617 240.501333 0.000000
1693787251625802040 240.503341 0.000000
1693787251626518772 240.523841 0.000000
1693787251651629934 240.654711 0.000000
1693787251652307973 240.571377 0.000000
1693787251655279770 240.627453 0.000000
1693787251683615954 240.607484 0.000000
1693787251689804644 240.567539 0.000000
1693787251693880122 240.641435 0.000000
1693787251697041049 240.465189 0.000000
1693787251697555303 240.480118 0.000000
1693787251700404760 240.594523 0.000000
1693787251719351377 240.602145 0.000000
1693787251721867839 240.561627 0.000000
1693787251728829505 240.629393 0.000000
1693787251729181993 240.934448 0.000000
1693787251733190648 240.539132 0.000000
1693787251733676850 240.653052 0.000000
1693787251744132319 240.618873 0.000000
1693787251752979492 240.471224 0.000000
1693787251780584307 240.549271 0.000000
1693787251783283985 240.615064 0.000000
1693787251788455482 240.509935 0.000000
1693787251795942486 240.543903 0.000000
1693787251798174259 240.574716 0.000000
1693787251819051930 240.729609 0.000000
1693787251832394012 240.491112 0.000000
1693787251833219926 240.972958 0.000000
1693787251844018529 240.547944 0.000000
1693787251849238158 240.848753 0.000000
1693787251849394829 240.990825 0.000000
1693787251850542190 240.469030 0.000000
1693787251851103913 240.438052 0.000000
1693787251860999157 240.618703 0.000000
1693787251861590116 240.525038 0.000000
1693787251866208582 240.397144 0.000000
1693787251890276393 240.767148 0.000000
1693787251900408709 240.696458 0.000000
1693787251902220328 240.689775 0.000000
1693787251905661053 240.589770 0.000000
1693787251937658896 240.627624 0.000000
1693787251941371999 240.521691 0.000000
1693787251947955685 240.583590 0.000000
1693787251951830555 240.651498 0.000000
1693787251958988063 240.548598 0.000000
1693787251960340388 240.674614 0.000000
1693787251969746782 240.539089 0.000000
1693787251974907033 240.593547 0.000000
1693787251975713025 240.592568 0.000000
1693787251989599608 240.770300 0.000000
1693787251990665233 240.445034 0.000000
1693787251990873114 240.460434 0.000000
1693787252004170451 240.496018 0.000000
1693787252032549384 240.460073 0.000000
1693787252043824096 240.582499 0.000000
1693787252058927616 240.612829 0.000000
1693787252059680320 240.596841 0.000000
1693787252069297972 240.652452 0.000000
1693787252081543892 240.583310 0.000000
1693787252097288164 240.579811 0.000000
1693787252098487418 240.470713 0.000000
1693787252103764851 240.534333 0.000000
1693787252112982983 240.529169 0.000000
1693787252116506560 240.480937 0.000000
1693787252148768809 240.458096 0.000000
1693787252173362590 240.552712 0.000000
1693787252193861949 240.605943 0.000000
1693787252202589518 240.623996 0.000000
1693787252215137872 240.641857 0.000000
1693787252229254629 240.546063 0.000000
1693787252262012647 240.614224 0.000000
1693787252268907898 240.616533 0.000000
1693787252273169866 240.598366 0.000000
1693787252274781816 240.656801 0.000000
1693787252275918463 240.590487 0.000000
1693787252277094938 240.597976 0.000000
1693787252291912869 240.518013 0.000000
1693787252315259013 240.578684 0.000000
1693787252322226448 240.664414 0.000000
1693787252329329042 240.516014 0.000000
1693787252329647113 240.629327 0.000000
1693787252332237099 240.675896 0.000000
1693787252332682900 240.579762 0.000000
1693787252359765293 240.590826 0.000000
1693787252361949300 240.551542 0.000000
1693787252381544287 240.551786 0.000000
1693787252389325071 240.547216 0.000000
1693787252399353809 240.618994 0.000000
1693787252408506154 240.590462 0.000000
1693787252413042997 240.585099 0.000000
1693787252413905917 240.495109 0.000000
1693787252434396982 240.518895 0.000000
1693787252442347937 240.722660 0.000000
1693787252456156631 240.654271 0.000000
1693787252464069048 240.504228 0.000000
1693787252466827632 240.721172 0.000000
1693787252471807627 240.476106 0.000000
1693787252472166734 240.541042 0.000000
1693787252516602337 240.652070 0.000000
1693787252528051461 240.705009 0.000000
1693787252561795445 240.500401 0.000000
1693787252562913810 240.663066 0.000000
1693787252570256474 240.593136 0.000000
1693787252581945260 240.719218 0.000000
1693787252590383260 240.553772 0.000000
1693787252598120317 240.769685 0.000000
1693787252599893427 240.561168 0.000000
1693787252605061906 240.485142 0.000000
1693787252606030723 240.573272 0.000000
1693787252616355698 240.634164 0.000000
1693787252616811429 240.628382 0.000000
1693787252632843909 240.577978 0.000000
1693787252651868297 240.617880 0.000000
1693787252652777405 240.822597 0.000000
1693787252658928072 240.572831 0.000000
1693787252667275160 240.524817 0.000000
1693787252671207389 240.516423 0.000000
1693787252690649430 240.521717 0.000000
1693787252690690320 240.585194 0.000000
1693787252704749684 240.663997 0.000000
1693787252707506024 240.657969 0.000000
1693787252715596685 240.568396 0.000000
1693787252719054158 240.596186 0.000000
1693787252719400736 240.545311 0.000000
1693787252722409368 240.440564 0.000000
1693787252732347838 240.534394 0.000000
1693787252732619060 240.434802 0.000000
1693787252732766724 240.415596 0.000000
1693787252744370548 240.639350 0.000000
1693787252746777048 240.688636 0.000000
1693787252763919328 240.575452 0.000000
1693787252769632119 240.555434 0.000000
1693787252776094598 240.582118 0.000000
1693787252833098902 240.750976 0.000000
1693787252835056608 240.713809 0.000000
1693787252840416753 240.488169 0.000000
1693787252842499820 240.520389 0.000000
1693787252856907505 240.539146 0.000000
1693787252857352148 240.523584 0.000000
1693787252865482053 240.584814 0.000000
1693787252870101212 240.558517 0.000000
1693787252870932794 240.688384 0.000000
1693787252892466998 240.572169 0.000000
1693787252896631955 240.659390 0.000000
1693787252907857072 240.581531 0.000000
1693787252911852648 240.632439 0.000000
1693787252931273756 240.572756 0.000000
1693787252946762381 240.592362 0.000000
1693787252956354241 240.691101 0.000000
1693787252957486162 240.571112 0.000000
1693787252961623885 240.674700 0.000000
1693787252969457677 240.590159 0.000000
1693787252972908431 240.541160 0.000000
1693787252973272539 240.487457 0.000000
1693787253003827916 240.589520 0.000000
1693787253004501214 240.561785 0.000000
1693787253009310933 240.519722 0.000000
1693787253021906241 240.609254 0.000000
1693787253029295312 240.545437 0.000000
1693787253044097426 240.552267 0.000000
1693787253044740890 240.566751 0.000000
1693787253045818835 240.521947 0.000000
1693787253053236584 240.612313 0.000000
1693787253058593582 240.683659 0.000000
1693787253060084003 240.513419 0.000000
1693787253066559617 240.533747 0.000000
1693787253069250264 240.525225 0.000000
1693787253079302805 240.663196 0.000000
1693787253081889475 240.576028 0.000000
1693787253082972934 240.454620 0.000000
1693787253083766702 240.518730 0.000000
1693787253087861991 240.665171 0.000000
1693787253090489878 240.668940 0.000000
1693787253103708488 240.569823 0.000000
1693787253112827921 240.554884 0.000000
1693787253113109386 240.472648 0.000000
1693787253154144318 240.707109 0.000000
1693787253167013043 240.612598 0.000000
1693787253180066569 240.546758 0.000000
1693787253181346621 240.749683 0.000000
1693787253182418643 240.558525 0.000000
1693787253193633412 240.535755 0.000000
1693787253196896718 240.517946 0.000000
1693787253213273758 240.722528 0.000000
1693787253217602436 240.544981 0.000000
1693787253240163723 240.536587 0.000000
1693787253240863408 240.492394 0.000000
1693787253244422147 240.585144 0.000000
1693787253247432664 240.554661 0.000000
1693787253255718489 240.637136 0.000000
1693787253259109112 240.521137 0.000000
1693787253283133217 240.523517 0.000000
1693787253311279277 240.575176 0.000000
1693787253319418105 240.668824 0.000000
1693787253330636556 240.735125 0.000000
1693787253331031882 240.523161 0.000000
1693787253334387588 240.673134 0.000000
1693787253337470048 240.545332 0.000000
1693787253341789975 240.660875 0.000000
1693787253361226579 240.533815 0.000000
1693787253368086131 240.490978 0.000000
1693787253376445388 240.625782 0.000000
1693787253378917519 240.512872 0.000000
1693787253389882763 240.578944 0.000000
1693787253390323026 240.625358 0.000000
1693787253390983838 240.561600 0.000000
1693787253407947306 240.550886 0.000000
1693787253420961648 240.691914 0.000000
1693787253446528182 240.864415 0.000000
1693787253458311690 240.684634 0.000000
1693787253459790386 240.565733 0.000000
1693787253459849348 240.629985 0.000000
1693787253474220255 240.510389 0.000000
1693787253474685238 240.682329 0.000000
1693787253479526387 240.481903 0.000000
1693787253479831169 240.490653 0.000000
1693787253482467598 240.508441 0.000000
1693787253488149905 240.518240 0.000000
1693787253496636855 240.899788 0.000000
1693787253511801648 240.439836 0.000000
1693787253533134940 240.529129 0.000000
1693787253561777838 240.628180 0.000000
1693787253584040695 240.522940 0.000000
1693787253590730713 240.503289 0.000000
1693787253592160628 240.496109 0.000000
1693787253599823899 240.518359 0.000000
1693787253613437313 240.490515 0.000000
1693787253618670889 240.528921 0.000000
1693787253636945060 240.637255 0.000000
1693787253653606745 240.540089 0.000000
1693787253655951792 240.560161 0.000000
1693787253661478502 240.494017 0.000000
1693787253667373181 240.607683 0.000000
1693787253667573738 240.440077 0.000000
1693787253680789476 240.757481 0.000000
1693787253680835278 240.755093 0.000000
1693787253685257509 240.658521 0.000000
1693787253686427802 240.683725 0.000000
1693787253688429260 240.715758 0.000000
1693787253694741126 240.591150 0.000000
1693787253700740508 240.510576 0.000000
1693787253703941497 240.604312 0.000000
1693787253704655203 240.516931 0.000000
1693787253740005674 240.608674 0.000000
1693787253741237032 240.594004 0.000000
1693787253747989225 240.473439 0.000000
1693787253752493221 240.679755 0.000000
1693787253789591008 240.502747 0.000000
1693787253790917919 240.538531 0.000000
1693787253810016710 240.549174 0.000000
1693787253814334323 240.701190 0.000000
1693787253815206810 240.467516 0.000000
1693787253824510594 240.450581 0.000000
1693787253835396032 240.515958 0.000000
1693787253840387096 240.545405 0.000000
1693787253840643680 240.565303 0.000000
1693787253840993191 240.544610 0.000000
1693787253872112168 241.223099 0.000000
1693787253872811852 240.628866 0.000000
1693787253875341098 241.600208 0.000000
1693787253884443046 240.506396 0.000000
1693787253925887949 240.614979 0.000000
1693787253961109872 240.533098 0.000000
1693787253974313551 240.599678 0.000000
1693787253977679447 240.564356 0.000000
1693787253979697227 240.657514 0.000000
1693787253980671455 240.641124 0.000000
1693787253989105727 240.626201 0.000000
1693787253991467443 240.522469 0.000000
1693787253993885320 240.510470 0.000000
1693787254012021750 240.539914 0.000000
1693787254021874085 240.684812 0.000000
1693787254028433538 240.534055 0.000000
1693787254036683385 240.652546 0.000000
1693787254054913994 240.561779 0.000000
1693787254058806952 240.530913 0.000000
1693787254080947699 240.543936 0.000000
1693787254090311175 240.678277 0.000000
1693787254090422685 240.429186 0.000000
1693787254099493704 240.559690 0.000000
1693787254125073882 240.692289 0.000000
1693787254128023303 240.702879 0.000000
1693787254138467230 240.596624 0.000000
1693787254138652365 240.568912 0.000000
1693787254141079651 240.597477 0.000000
1693787254141330395 240.467597 0.000000
1693787254150551818 240.604244 0.000000
1693787254150707922 240.656010 0.000000
1693787254168849271 240.521825 0.000000
1693787254181415955 240.498653 0.000000
1693787254196098906 240.598671 0.000000
1693787254196848607 240.592773 0.000000
1693787254229652341 240.527264 0.000000
1693787254236300016 240.616142 0.000000
1693787254250777122 240.547747 0.000000
1693787254251993902 240.576434 0.000000
1693787254257881071 240.417423 0.000000
1693787254259783897 240.529431 0.000000
1693787254260453181 240.470553 0.000000
1693787254268253320 240.525891 0.000000
1693787254269020647 240.570991 0.000000
1693787254269562865 240.581090 0.000000
1693787254274089439 240.494771 0.000000
1693787254279215088 240.531956 0.000000
1693787254289720554 240.499371 0.000000
1693787254295481548 240.542460 0.000000
1693787254308962804 240.512094 0.000000
1693787254318923757 240.822102 0.000000
1693787254319497390 240.611099 0.000000
1693787254324006326 240.730618 0.000000
1693787254327521418 240.520434 0.000000
1693787254329447935 240.537483 0.000000
1693787254333149823 240.838976 0.000000
1693787254338293876 240.652752 0.000000
1693787254344696148 240.429177 0.000000
1693787254369218789 240.696563 0.000000
1693787254386915710 240.463201 0.000000
1693787254388649960 240.554372 0.000000
1693787254393372660 240.567719 0.000000
1693787254393416898 240.453593 0.000000
1693787254399539961 240.738356 0.000000
1693787254405502720 240.716438 0.000000
1693787254406928697 240.532302 0.000000
1693787254409436377 240.568939 0.000000
1693787254410898528 240.532217 0.000000
1693787254415831448 240.549305 0.000000
1693787254420705995 240.486208 0.000000
1693787254423331328 240.595944 0.000000
1693787254425824035 240.580504 0.000000
1693787254426450255 240.547137 0.000000
1693787254435320504 240.502657 0.000000
1693787254436629445 240.516523 0.000000
1693787254450811197 240.608473 0.000000
1693787254454472846 240.570756 0.000000
1693787254463961458 240.502372 0.000000
1693787254464745399 240.541479 0.000000
1693787254473228949 240.417063 0.000000
1693787254483695860 240.628842 0.000000
1693787254489700998 240.511568 0.000000
1693787254491341005 240.539439 0.000000
1693787254504850376 240.656757 0.000000
1693787254507039805 240.656572 0.000000
1693787254509682068 240.646848 0.000000
1693787254519882262 240.637463 0.000000
1693787254532437504 240.674117 0.000000
1693787254532528055 240.708256 0.000000
1693787254566239339 240.475713 0.000000
1693787254572133511 240.582125 0.000000
1693787254573700543 240.524719 0.000000
1693787254574871992 240.527630 0.000000
1693787254585713880 240.483787 0.000000
1693787254595375130 240.515332 0.000000
1693787254612565116 240.550309 0.000000
1693787254615419063 240.581016 0.000000
1693787254615969876 240.433000 0.000000
1693787254630701024 240.626847 0.000000
1693787254634011195 240.616818 0.000000
1693787254640450357 240.582895 0.000000
1693787254640489364 240.540694 0.000000
1693787254653042990 240.582559 0.000000
1693787254660479151 240.614393 0.000000
1693787254667183658 240.712259 0.000000
1693787254689483656 240.587586 0.000000
1693787254713606345 240.524217 0.000000
1693787254717774263 240.597358 0.000000
1693787254719269536 240.633989 0.000000
1693787254724388004 240.757080 0.000000
1693787254725002966 240.550785 0.000000
1693787254763821912 240.656268 0.000000
1693787254806772507 240.519139 0.000000
1693787254812776196 240.625156 0.000000
1693787254818962333 241.103377 0.000000
1693787254830845582 240.614818 0.000000
1693787254834129269 240.520037 0.000000
1693787254839576552 240.503314 0.000000
1693787254841849496 240.517888 0.000000
1693787254844660950 240.674764 0.000000
1693787254846557628 240.477405 0.000000
1693787254862098507 240.546016 0.000000
1693787254863960160 240.558574 0.000000
1693787254893303017 240.654816 0.000000
1693787254898096976 240.600959 0.000000
1693787254899749533 240.513747 0.000000
1693787254900516204 240.590298 0.000000
1693787254901044349 240.548679 0.000000
1693787254904478809 240.632215 0.000000
1693787254904481315 240.750500 0.000000
1693787254906836235 240.689293 0.000000
1693787254918392859 240.613235 0.000000
1693787254918429996 240.524629 0.000000
1693787254956290414 240.579281 0.000000
1693787254958872448 240.512110 0.000000
1693787254962922091 240.912767 0.000000
1693787254965495896 240.474712 0.000000
1693787254969640294 240.621864 0.000000
1693787254998644955 240.497541 0.000000
1693787255003021178 240.550498 0.000000
1693787255006341318 240.477196 0.000000
1693787255007356076 240.589707 0.000000
1693787255016583630 240.508686 0.000000
1693787255023322308 240.606353 0.000000
1693787255023668673 240.469770 0.000000
1693787255027876178 240.528246 0.000000
1693787255035480523 240.512643 0.000000
1693787255053275145 240.479749 0.000000
1693787255061225395 240.525302 0.000000
1693787255068878800 240.432808 0.000000
1693787255074166944 240.846364 0.000000
1693787255081374621 240.535729 0.000000
1693787255082392959 240.523086 0.000000
1693787255082889634 240.765994 0.000000
1693787255082942609 240.409970 0.000000
1693787255083667430 240.573522 0.000000
1693787255085332246 240.654628 0.000000
1693787255094851218 240.613481 0.000000
1693787255097325397 240.608519 0.000000
1693787255101119509 240.483113 0.000000
1693787255110144470 240.559429 0.000000
1693787255145089508 240.593449 0.000000
1693787255156158546 240.552809 0.000000
1693787255205457985 240.461471 0.000000
1693787255218434425 240.438753 0.000000
1693787255222119133 240.620673 0.000000
1693787255228089720 240.609898 0.000000
1693787255231252187 240.621048 0.000000
1693787255260118310 240.513626 0.000000
1693787255263959231 240.617291 0.000000
1693787255264201876 240.512379 0.000000
1693787255268407446 240.505970 0.000000
1693787255286753382 240.550154 0.000000
1693787255309393386 240.498067 0.000000
1693787255314744210 240.552656 0.000000
1693787255315100023 240.483022 0.000000
1693787255315252789 240.500402 0.000000
1693787255321872894 240.543918 0.000000
1693787255327624336 240.542137 0.000000
1693787255345117563 240.564361 0.000000
1693787255349495360 240.696234 0.000000
1693787255354021468 240.648903 0.000000
1693787255359428402 240.458505 0.000000
1693787255367015620 240.679771 0.000000
1693787255374778999 240.552205 0.000000
1693787255384804566 240.434078 0.000000
1693787255386347341 240.449278 0.000000
1693787255396872245 240.538800 0.000000
1693787255406224810 240.610021 0.000000
1693787255413700708 240.612809 0.000000
1693787255417520725 240.646530 0.000000
1693787255427534607 240.877475 0.000000
1693787255430551008 240.562877 0.000000
1693787255434358317 240.557317 0.000000
1693787255438990768 240.562970 0.000000
1693787255447116579 240.574254 0.000000
1693787255458593871 240.487675 0.000000
1693787255461849687 240.568431 0.000000
1693787255474139989 240.646612 0.000000
1693787255478735934 240.548417 0.000000
1693787255492530797 240.605765 0.000000
1693787255492600279 240.606075 0.000000
1693787255518161294 240.550033 0.000000
1693787255518640089 240.652046 0.000000
1693787255520012982 240.538141 0.000000
1693787255531136266 240.661951 0.000000
1693787255555717894 240.722193 0.000000
1693787255556750284 240.599361 0.000000
1693787255558623552 240.484271 0.000000
1693787255566981685 240.486821 0.000000
1693787255580459551 240.502847 0.000000
1693787255581055595 240.470289 0.000000
1693787255584457042 240.528089 0.000000
1693787255592028458 240.453063 0.000000
1693787255615294466 240.495099 0.000000
1693787255620131031 240.505898 0.000000
1693787255624525092 240.537048 0.000000
1693787255626444876 240.537580 0.000000
1693787255648287321 240.736322 0.000000
1693787255650645865 240.569694 0.000000
1693787255659862538 240.580077 0.000000
1693787255685978299 240.635908 0.000000
1693787255690275128 240.461163 0.000000
1693787255718334392 240.557237 0.000000
1693787255719551787 240.633134 0.000000
1693787255725128898 240.599989 0.000000
1693787255725412318 240.466313 0.000000
1693787255749662313 240.632495 0.000000
1693787255761127940 240.626285 0.000000
1693787255761728993 240.606041 0.000000
1693787255761767941 240.656691 0.000000
1693787255764069260 240.502865 0.000000
1693787255768217915 241.252764 0.000000
1693787255775131098 240.813211 0.000000
1693787255797391329 240.613907 0.000000
1693787255798964293 240.644828 0.000000
1693787255804387555 240.549146 0.000000
1693787255807585509 240.572258 0.000000
1693787255823653742 240.578411 0.000000
1693787255834921317 240.737440 0.000000
1693787255836766826 240.630305 0.000000
1693787255841150196 240.656569 0.000000
1693787255846214297 240.616856 0.000000
1693787255846759780 240.512746 0.000000
1693787255847882613 240.550909 0.000000
1693787255848247969 240.610258 0.000000
1693787255861777849 240.611307 0.000000
1693787255890861704 240.624085 0.000000
1693787255894557172 240.777317 0.000000
1693787255903370526 240.541813 0.000000
1693787255903860427 240.547246 0.000000
1693787255905893613 240.569338 0.000000
1693787255909070628 240.457727 0.000000
1693787255927995379 240.575867 0.000000
1693787255939773930 240.703989 0.000000
1693787255944722189 240.666026 0.000000
1693787255965651357 240.505088 0.000000
1693787255968589184 240.661412 0.000000
1693787255977968241 240.616502 0.000000
1693787255985667384 240.567258 0.000000
1693787255985711106 240.524788 0.000000
1693787255992659149 240.526167 0.000000
1693787256032026674 240.627804 0.000000
1693787256039810741 240.565433 0.000000
1693787256048384932 240.782669 0.000000
1693787256055114395 240.700631 0.000000
1693787256055392347 240.509558 0.000000
1693787256064475327 240.689332 0.000000
1693787256071534971 240.753467 0.000000
1693787256078064665 240.538280 0.000000
1693787256079234039 240.554929 0.000000
1693787256088788574 240.520579 0.000000
1693787256089680417 240.547687 0.000000
1693787256098580192 240.553756 0.000000
1693787256111238106 240.628847 0.000000
1693787256131224809 240.581032 0.000000
1693787256143961278 240.563344 0.000000
1693787256145793661 240.663928 0.000000
1693787256161965626 240.570371 0.000000
1693787256167060984 240.841102 0.000000
1693787256173439496 240.629207 0.000000
1693787256176722088 240.531087 0.000000
1693787256189012571 241.185035 0.000000
1693787256216736447 240.448300 0.000000
1693787256230348520 240.546748 0.000000
1693787256232452150 240.669456 0.000000
1693787256235841449 240.538266 0.000000
1693787256237570627 240.657438 0.000000
1693787256238497456 240.497340 0.000000
1693787256243346887 240.826095 0.000000
1693787256259835348 240.598089 0.000000
1693787256276287007 240.737552 0.000000
1693787256280669171 240.532357 0.000000
1693787256300740333 240.578067 0.000000
1693787256305140062 240.642465 0.000000
1693787256307134843 240.466574 0.000000
1693787256310022775 240.551291 0.000000
1693787256318668559 240.587761 0.000000
1693787256329422919 240.697000 0.000000
1693787256335521058 240.613510 0.000000
1693787256335619237 240.556330 0.000000
1693787256348007194 240.598939 0.000000
1693787256351917631 240.602625 0.000000
1693787256390887558 240.701406 0.000000
1693787256396896299 240.671751 0.000000
1693787256403943108 240.700638 0.000000
1693787256414207572 240.731779 0.000000
1693787256428262455 240.492204 0.000000
1693787256444319891 240.727860 0.000000
1693787256447464578 240.545873 0.000000
1693787256447599723 240.603161 0.000000
1693787256451560070 240.506252 0.000000
1693787256456126574 240.588132 0.000000
1693787256457040644 240.517134 0.000000
1693787256464153707 240.753098 0.000000
1693787256470976349 240.593709 0.000000
1693787256474829639 240.435854 0.000000
1693787256475707068 240.450546 0.000000
1693787256476426534 240.560147 0.000000
1693787256479805144 240.542340 0.000000
1693787256483975428 240.648216 0.000000
1693787256484013622 240.566346 0.000000
1693787256494001526 240.639918 0.000000
1693787256494909511 240.691037 0.000000
1693787256507436886 240.516605 0.000000
1693787256514335215 240.501259 0.000000
1693787256538977614 240.602811 0.000000
1693787256547407056 240.592901 0.000000
1693787256576295744 240.659553 0.000000
1693787256583894905 240.571555 0.000000
1693787256608964004 240.681245 0.000000
1693787256613318005 240.569380 0.000000
1693787256616299610 240.553711 0.000000
1693787256618621974 240.607453 0.000000
1693787256624912828 240.485418 0.000000
1693787256630664264 240.754894 0.000000
1693787256633573777 240.825490 0.000000
1693787256637469378 240.547484 0.000000
1693787256661452996 240.430512 0.000000
1693787256674661778 240.642729 0.000000
1693787256676604232 240.618870 0.000000
1693787256682276690 240.619233 0.000000
1693787256684599987 240.551005 0.000000
1693787256713500978 240.620122 0.000000
1693787256735485460 240.551862 0.000000
1693787256745528158 240.628789 0.000000
1693787256762891712 240.695097 0.000000
1693787256778541670 240.661567 0.000000
1693787256781321510 240.471913 0.000000
1693787256786537575 240.556913 0.000000
1693787256795391263 240.548254 0.000000
1693787256806814210 240.612182 0.000000
1693787256824441630 240.521065 0.000000
1693787256832296165 240.472949 0.000000
1693787256853275683 240.530938 0.000000
1693787256853942606 240.606243 0.000000
1693787256865451247 240.513134 0.000000
1693787256875332667 240.596039 0.000000
1693787256877952127 240.485826 0.000000
1693787256885240378 240.606855 0.000000
1693787256902485217 241.009553 0.000000
1693787256917603472 240.644280 0.000000
1693787256920228737 240.593930 0.000000
1693787256921768629 240.609326 0.000000
1693787256922300753 240.567769 0.000000
1693787256928751900 240.494712 0.000000
1693787256938729972 240.881500 0.000000
1693787256939480134 240.516858 0.000000
1693787256947370909 240.488613 0.000000
1693787256949251121 240.654416 0.000000
1693787256971920668 240.590293 0.000000
1693787256972000741 240.589833 0.000000
1693787256999134734 240.566322 0.000000
1693787257012236701 240.629884 0.000000
1693787257034637480 240.489677 0.000000
1693787257040616375 240.471364 0.000000
1693787257043974357 240.450602 0.000000
1693787257052996978 240.575918 0.000000
1693787257057830757 240.600305 0.000000
1693787257065010792 240.538531 0.000000
1693787257065337352 240.606400 0.000000
1693787257074170308 240.522529 0.000000
1693787257074731099 240.511945 0.000000
1693787257083737617 240.624782 0.000000
1693787257103721520 240.610083 0.000000
1693787257108169464 240.527130 0.000000
1693787257111634002 240.600916 0.000000
1693787257111788123 240.487773 0.000000
1693787257113458621 240.501727 0.000000
1693787257117964573 240.586739 0.000000
1693787257134602170 240.564945 0.000000
1693787257145091865 240.768747 0.000000
1693787257145881785 240.593825 0.000000
1693787257158062884 240.445124 0.000000
1693787257159076083 240.456342 0.000000
1693787257162330579 240.540790 0.000000
1693787257180018489 240.504238 0.000000
1693787257182759474 240.664736 0.000000
1693787257184726185 240.534391 0.000000
1693787257212492000 240.552715 0.000000
1693787257223909876 240.482791 0.000000
1693787257225996020 240.707825 0.000000
1693787257231330169 240.546760 0.000000
1693787257240089172 240.470924 0.000000
1693787257256976036 240.599973 0.000000
1693787257261359071 240.471450 0.000000
1693787257262114656 240.658280 0.000000
1693787257275123442 240.463643 0.000000
1693787257282910400 240.513768 0.000000
1693787257291945541 240.712655 0.000000
1693787257293619059 240.591018 0.000000
1693787257302886556 240.653384 0.000000
1693787257303556326 240.513665 0.000000
1693787257308673585 240.597967 0.000000
1693787257312232906 240.556462 0.000000
1693787257315432910 240.664077 0.000000
1693787257318915246 240.453570 0.000000
1693787257324243026 240.479353 0.000000
1693787257329707008 240.451559 0.000000
1693787257331291404 240.554094 0.000000
1693787257342709302 240.520384 0.000000
1693787257354146731 240.668194 0.000000
1693787257358565740 240.568872 0.000000
1693787257371342630 240.535124 0.000000
1693787257376999166 240.473885 0.000000
1693787257379799900 240.527119 0.000000
1693787257391206510 240.588081 0.000000
1693787257399686907 240.684551 0.000000
1693787257409956143 240.526182 0.000000
1693787257415312815 240.537409 0.000000
1693787257416289700 240.466067 0.000000
1693787257433154526 240.551135 0.000000
1693787257449692415 240.518063 0.000000
1693787257451206482 240.641797 0.000000
1693787257458628410 240.490226 0.000000
1693787257464581175 240.498908 0.000000
1693787257471956129 240.450040 0.000000
1693787257483320871 240.555195 0.000000
1693787257489250203 240.529972 0.000000
1693787257497589166 240.593740 0.000000
1693787257498271435 240.670101 0.000000
1693787257502660549 240.528573 0.000000
1693787257523428745 240.497772 0.000000
1693787257536762322 240.495286 0.000000
1693787257538211192 240.493216 0.000000
1693787257571873877 240.552839 0.000000
1693787257572469865 240.489862 0.000000
1693787257580565653 240.662205 0.000000
1693787257585845902 240.664787 0.000000
1693787257597216475 240.474975 0.000000
1693787257599052888 240.465747 0.000000
1693787257604336779 240.587214 0.000000
1693787257608896429 240.632257 0.000000
1693787257608977177 240.493587 0.000000
1693787257609129637 240.634655 0.000000
1693787257609305362 240.568185 0.000000
1693787257627489422 240.636790 0.000000
1693787257632573209 240.426933 0.000000
1693787257637222704 240.539889 0.000000
1693787257646605114 240.540175 0.000000
1693787257659206902 240.561079 0.000000
1693787257665338114 240.536749 0.000000
1693787257666147375 240.422942 0.000000
1693787257674562364 240.559027 0.000000
1693787257681476218 240.518815 0.000000
1693787257685553706 240.585791 0.000000
1693787257699111416 240.467443 0.000000
1693787257707196884 240.606685 0.000000
1693787257710497552 240.609085 0.000000
1693787257722785029 240.590046 0.000000
1693787257745359447 240.579279 0.000000
1693787257763195988 240.622197 0.000000
1693787257777488831 240.702633 0.000000
1693787257780794521 240.535202 0.000000
1693787257786745944 240.572811 0.000000
1693787257791607257 240.591101 0.000000
1693787257813014661 240.664710 0.000000
1693787257814291275 240.627037 0.000000
1693787257818565684 240.759197 0.000000
1693787257821111290 240.582929 0.000000
1693787257822175296 240.560492 0.000000
1693787257823078292 240.537623 0.000000
1693787257849393828 240.498617 0.000000
1693787257849568080 240.570485 0.000000
1693787257851517320 240.604175 0.000000
1693787257873084697 240.485026 0.000000
1693787257877816384 240.576187 0.000000
1693787257879035032 240.580925 0.000000
1693787257894018619 240.605918 0.000000
1693787257894225220 240.540360 0.000000
1693787257901415653 240.724774 0.000000
1693787257902569275 240.614387 0.000000
1693787257915242445 240.660787 0.000000
1693787257928188061 240.685153 0.000000
1693787257934420030 240.788834 0.000000
1693787257941937170 240.781197 0.000000
1693787257956433110 240.654055 0.000000
1693787257999883314 240.543186 0.000000
1693787258003033782 240.593274 0.000000
1693787258004947763 240.645765 0.000000
1693787258022038616 240.476821 0.000000
1693787258050746113 240.628426 0.000000
1693787258069291271 240.513743 0.000000
1693787258085164444 240.499188 0.000000
1693787258096525823 240.530386 0.000000
1693787258119631127 240.569821 0.000000
1693787258130839069 240.643120 0.000000
1693787258134925596 240.519611 0.000000
1693787258137978213 240.690545 0.000000
1693787258143344242 240.756589 0.000000
1693787258146074692 240.583460 0.000000
1693787258148998217 240.557335 0.000000
1693787258151763704 240.665266 0.000000
1693787258157295108 240.562529 0.000000
1693787258158680725 240.523591 0.000000
1693787258198531038 240.540882 0.000000
1693787258211804612 240.451252 0.000000
1693787258230797656 240.519983 0.000000
1693787258243585504 240.518840 0.000000
1693787258243904798 240.563858 0.000000
1693787258251296751 240.541157 0.000000
1693787258264612272 240.448096 0.000000
1693787258281210584 240.541313 0.000000
1693787258284592988 240.465190 0.000000
1693787258287275584 240.585741 0.000000
1693787258304873933 240.519056 0.000000
1693787258310649531 240.612363 0.000000
1693787258316813026 240.580670 0.000000
1693787258324977089 240.500234 0.000000
1693787258329507673 240.639802 0.000000
1693787258337103185 240.557420 0.000000
1693787258338623100 240.407937 0.000000
1693787258350239057 240.686361 0.000000
1693787258358859126 240.699248 0.000000
1693787258358925956 240.661369 0.000000
1693787258360136917 240.494623 0.000000
1693787258370052223 240.595904 0.000000
1693787258371399586 240.539672 0.000000
1693787258375449996 240.511213 0.000000
1693787258384002652 240.636000 0.000000
1693787258391262846 240.872818 0.000000
1693787258393746839 240.701709 0.000000
1693787258395807524 240.606008 0.000000
1693787258399658294 240.835732 0.000000
1693787258403288490 240.616754 0.000000
1693787258432346405 240.596405 0.000000
1693787258440831088 240.631603 0.000000
1693787258453420221 240.467906 0.000000
1693787258461767051 240.554389 0.000000
1693787258483712542 240.724209 0.000000
1693787258487289052 240.602359 0.000000
1693787258492763258 240.573602 0.000000
1693787258496820714 240.665407 0.000000
1693787258503713695 240.807830 0.000000
1693787258507197089 240.463025 0.000000
1693787258520142543 240.575612 0.000000
1693787258522857777 240.774375 0.000000
1693787258524685465 240.669601 0.000000
1693787258530456582 240.580235 0.000000
1693787258534701735 240.507975 0.000000
1693787258534773097 240.544089 0.000000
1693787258553710137 240.502999 0.000000
1693787258566719338 240.610075 0.000000
1693787258577737238 240.610795 0.000000
1693787258578903234 240.519637 0.000000
1693787258580299047 240.477982 0.000000
1693787258590760548 240.494122 0.000000
1693787258599457958 240.519681 0.000000
1693787258605803325 240.603996 0.000000
1693787258622298186 240.523849 0.000000
1693787258624305735 240.660625 0.000000
1693787258625474272 240.640774 0.000000
1693787258628578953 240.813520 0.000000
1693787258638279022 240.624751 0.000000
1693787258650004327 240.516012 0.000000
1693787258651221710 240.576911 0.000000
1693787258655685653 240.561497 0.000000
1693787258656939369 240.477375 0.000000
1693787258672071937 240.710361 0.000000
1693787258696758955 240.620553 0.000000
1693787258719092160 240.630826 0.000000
1693787258727980755 240.672894 0.000000
1693787258729787989 240.559290 0.000000
1693787258732435050 240.560889 0.000000
1693787258733258886 240.477061 0.000000
1693787258733584445 240.508442 0.000000
1693787258740622391 240.497179 0.000000
1693787258744270137 240.547442 0.000000
1693787258747787841 240.574264 0.000000
1693787258766910904 240.455216 0.000000
1693787258769149995 240.596957 0.000000
1693787258775425563 240.640649 0.000000
1693787258786458115 240.497672 0.000000
1693787258794267792 240.533915 0.000000
1693787258801584054 240.657448 0.000000
1693787258818543218 240.787079 0.000000
1693787258819560125 240.632938 0.000000
1693787258822774107 240.651173 0.000000
1693787258825815200 240.562160 0.000000
1693787258827987315 240.425596 0.000000
1693787258828977618 240.468209 0.000000
1693787258849796846 240.600395 0.000000
1693787258859508882 240.497297 0.000000
1693787258866038327 240.546765 0.000000
1693787258869189347 240.566522 0.000000
1693787258872869474 240.600411 0.000000
1693787258890611381 240.590477 0.000000
1693787258930910863 240.667258 0.000000
1693787258935325574 240.587258 0.000000
1693787258938213019 240.654892 0.000000
1693787258941251193 240.706885 0.000000
1693787258953093456 240.461886 0.000000
1693787258958857982 240.506682 0.000000
1693787258959951143 240.415927 0.000000
1693787258970426629 240.615437 0.000000
1693787258971239703 240.551601 0.000000
1693787258972371589 240.619677 0.000000
1693787258973061556 240.608980 0.000000
1693787258985902073 240.501173 0.000000
1693787258993512572 240.578459 0.000000
1693787259000372757 240.726063 0.000000
1693787259000423290 240.760168 0.000000
1693787259007602396 240.672041 0.000000
1693787259020875828 240.590230 0.000000
1693787259022775132 240.973591 0.000000
1693787259035463052 240.592333 0.000000
1693787259043746959 240.635372 0.000000
1693787259048045541 240.589676 0.000000
1693787259062571957 240.614548 0.000000
1693787259068820282 240.806365 0.000000
1693787259091507775 240.556077 0.000000
1693787259097199892 240.516003 0.000000
1693787259097708256 240.472492 0.000000
1693787259102049297 240.557148 0.000000
1693787259102165385 240.501300 0.000000
1693787259109763375 240.549742 0.000000
1693787259115706759 240.612053 0.000000
1693787259118705083 240.555954 0.000000
1693787259119244154 240.507888 0.000000
1693787259126120536 240.562780 0.000000
1693787259146553922 240.470405 0.000000
1693787259150578265 240.532702 0.000000
1693787259151570792 240.457837 0.000000
1693787259153721543 240.622548 0.000000
1693787259169867355 240.480551 0.000000
1693787259171312050 240.458944 0.000000
1693787259187989858 240.551356 0.000000
1693787259189943368 240.442718 0.000000
1693787259195089871 240.497300 0.000000
1693787259198152405 240.642769 0.000000
1693787259200113738 240.511667 0.000000
1693787259208393700 240.618582 0.000000
1693787259213061056 240.660360 0.000000
1693787259238376208 240.640614 0.000000
1693787259238815335 240.686330 0.000000
1693787259240723891 240.598028 0.000000
1693787259242124629 240.544686 0.000000
1693787259264931025 240.502095 0.000000
1693787259268680932 240.530432 0.000000
1693787259276094916 240.617045 0.000000
1693787259277864172 240.712436 0.000000
1693787259284006951 240.549577 0.000000
1693787259290703835 240.596952 0.000000
1693787259291584195 240.385008 0.000000
1693787259291973332 240.563852 0.000000
1693787259309600323 240.754898 0.000000
1693787259322528845 240.648400 0.000000
1693787259338434665 240.707204 0.000000
1693787259342696392 240.515373 0.000000
1693787259350346154 240.558608 0.000000
1693787259355608557 240.621449 0.000000
1693787259359270797 240.539763 0.000000
1693787259359801834 240.545061 0.000000
1693787259359850788 240.597522 0.000000
1693787259369185908 240.512183 0.000000
1693787259370960887 240.548846 0.000000
1693787259375119449 240.664815 0.000000
1693787259392212179 240.621634 0.000000
1693787259392822585 240.973847 0.000000
1693787259435912364 240.623058 0.000000
1693787259442683416 240.603026 0.000000
1693787259457074947 240.600956 0.000000
1693787259459770712 240.635411 0.000000
1693787259466529595 240.679634 0.000000
1693787259476664071 240.588427 0.000000
1693787259481277733 240.536627 0.000000
1693787259482138877 240.660451 0.000000
1693787259483548673 240.523799 0.000000
1693787259487881871 240.588168 0.000000
1693787259494611351 240.538410 0.000000
1693787259498925595 240.607708 0.000000
1693787259505505527 240.512084 0.000000
1693787259506262111 240.574679 0.000000
1693787259520115663 240.619204 0.000000
1693787259528553658 240.579541 0.000000
1693787259530140359 240.620823 0.000000
1693787259549521137 240.486503 0.000000
1693787259578981118 240.531064 0.000000
1693787259579256680 240.535499 0.000000
1693787259590786767 240.497415 0.000000
1693787259591032510 240.669742 0.000000
1693787259617463987 240.777764 0.000000
1693787259622204553 240.709309 0.000000
1693787259633554205 240.709444 0.000000
1693787259637057586 240.577451 0.000000
1693787259664824077 240.496296 0.000000
1693787259665072394 240.637907 0.000000
1693787259667301397 240.465815 0.000000
1693787259685220306 240.683112 0.000000
1693787259689493841 240.605702 0.000000
1693787259700467065 240.680907 0.000000
1693787259702569678 240.573663 0.000000
1693787259703437454 240.459126 0.000000
1693787259704227239 240.519997 0.000000
1693787259707855716 240.626574 0.000000
1693787259710787379 240.439110 0.000000
1693787259713652648 240.415850 0.000000
1693787259740206315 240.647004 0.000000
1693787259742622400 240.751827 0.000000
1693787259753933236 241.181540 0.000000
1693787259797352661 240.562422 0.000000
1693787259798161886 240.564787 0.000000
1693787259807752308 240.524687 0.000000
1693787259810375446 240.461839 0.000000
1693787259811658180 240.524615 0.000000
1693787259820858404 240.457961 0.000000
1693787259826010368 240.489743 0.000000
1693787259827960130 240.653809 0.000000
1693787259857463840 240.543847 0.000000
1693787259871456686 240.526072 0.000000
1693787259874646404 240.558249 0.000000
1693787259901235081 240.629427 0.000000
1693787259905587066 240.732236 0.000000
