1694225493023787423 72.288430 0.000000
1694225493241136230 72.380814 0.000000
1694225493385834270 72.446331 0.000000
1694225493674337511 72.284308 0.000000
1694225494036525334 72.439379 0.000000
1694225495557260023 72.278986 0.000000
1694225496280436219 72.389133 0.000000
1694225496714753633 72.421838 0.000000
1694225496715172617 72.280305 0.000000
1694225496787153184 72.387235 0.000000
1694225497365788652 72.367702 0.000000
1694225498379007883 72.222852 0.000000
1694225498451877558 72.269895 0.000000
1694225501275352111 72.413434 0.000000
1694225501564688162 72.220432 0.000000
1694225502216285784 72.482785 0.000000
1694225502505720576 72.331532 0.000000
1694225503156593180 72.400329 0.000000
1694225503880637935 72.397220 0.000000
1694225504315061261 72.352328 0.000000
1694225511699299493 72.426625 0.000000
1694225513145875894 72.313403 0.000000
1694225513870498494 72.350758 0.000000
1694225515462084575 72.319000 0.000000
1694225516114661600 72.440127 0.000000
1694225516693974967 72.397202 0.000000
1694225518140588023 72.388021 0.000000
1694225520021660418 72.264074 0.000000
1694225521902814541 72.324615 0.000000
1694225523205681598 72.540335 0.000000
1694225524725481193 72.376033 0.000000
1694225526824361583 72.279971 0.000000
1694225527620519293 72.235383 0.000000
1694225529285024847 72.329745 0.000000
1694225530080961098 72.389121 0.000000
1694225531962821633 72.248626 0.000000
1694225532397319299 72.355486 0.000000
1694225539344991017 72.306226 0.000000
1694225540213344777 72.434118 0.000000
1694225542384514066 72.399310 0.000000
1694225543760112593 72.297462 0.000000
1694225543904277278 72.378468 0.000000
1694225546509829392 72.334067 0.000000
1694225549984072550 72.484465 0.000000
1694225555630626193 72.472010 0.000000
1694225556643579899 72.362542 0.000000
1694225558162409338 72.415082 0.000000
1694225559320246929 72.311982 0.000000
1694225559754485914 72.469439 0.000000
1694225564169161339 72.307328 0.000000
1694225575746832575 72.453666 0.000000
1694225579509083706 72.347762 0.000000
1694225580522083973 72.582144 0.000000
1694225583706707168 72.342554 0.000000
1694225586167912787 72.397150 0.000000
1694225588628585332 72.489823 0.000000
1694225590075790932 72.299982 0.000000
1694225605868136668 72.431235 0.000000
1694225609574567118 72.285384 0.000000
1694225610442573465 72.291338 0.000000
1694225621947777546 72.372656 0.000000
1694225625711495202 72.419012 0.000000
1694225632227154807 72.347064 0.000000
1694225634037578840 72.401923 0.000000
1694225641925724867 72.334922 0.000000
1694225647642901690 72.309559 0.000000
1694225660234404693 72.394897 0.000000
