1694225493892448413 72.361411 167.337228 156 16 0.000000
1694225494906102364 72.399117 165.737039 168 16 0.000000
1694225495919316571 72.353148 155.939387 158 16 0.000000
1694225496932346734 72.350243 152.019165 154 16 0.000000
1694225497945895556 72.359040 151.941379 154 16 0.000000
1694225498958249187 72.330880 135.328198 137 16 0.000000
1694225499899531377 72.409503 110.487592 104 16 0.000000
1694225500913289909 72.387399 110.479960 112 16 0.000000
1694225501926696045 72.379918 110.518373 112 16 0.000000
1694225502939616082 72.338525 110.571412 112 16 0.000000
1694225503953074800 72.372270 110.512642 112 16 0.000000
1694225504966510418 72.367784 110.515161 112 16 0.000000
1694225505907086218 72.364740 83.991104 79 16 0.000000
1694225506920789814 72.392854 82.864459 84 16 0.000000
1694225507934238657 72.380533 82.885289 84 16 0.000000
1694225508947467856 72.350696 82.903251 84 16 0.000000
1694225509962665832 72.504168 82.742488 84 16 0.000000
1694225510975590326 72.341722 82.928192 84 16 0.000000
1694225511916738321 72.375993 82.877505 78 16 0.000000
1694225512929013375 72.301268 82.981400 84 16 0.000000
1694225513942958057 72.406685 82.844761 84 16 0.000000
1694225514956852945 72.396824 82.848825 84 16 0.000000
1694225515969825383 72.343600 82.924272 84 16 0.000000
1694225516983703284 72.398720 74.959713 76 16 0.000000
1694225517924216303 72.335572 69.111215 65 16 0.000000
1694225518936915809 72.325210 69.122185 70 16 0.000000
1694225519949393992 72.317394 69.137294 70 16 0.000000
1694225520962281127 72.332941 69.109374 70 16 0.000000
1694225521975459612 72.361390 69.089507 70 16 0.000000
1694225522988663550 72.348521 69.087768 70 16 0.000000
1694225523929404965 72.360659 69.094440 65 16 0.000000
1694225524942731684 72.367573 69.079398 70 16 0.000000
1694225525955981966 72.362809 69.084610 70 16 0.000000
1694225526969160355 72.357874 69.089511 70 16 0.000000
1694225527982617390 72.372752 68.083796 69 16 0.000000
1694225528995735035 72.353691 55.274920 56 16 0.000000
1694225529936431608 72.344334 55.278189 52 16 0.000000
1694225530949704574 72.360906 54.279549 55 16 0.000000
1694225531962998172 72.365117 41.448993 42 16 0.000000
1694225532976633427 72.384929 41.435021 42 16 0.000000
1694225533990175873 72.384796 41.438819 42 16 0.000000
1694225534930992482 72.352968 41.453350 39 16 0.000000
1694225535944407500 72.356070 41.444021 42 16 0.000000
1694225536957527554 72.343449 41.456095 42 16 0.000000
1694225537970691048 72.351911 41.454316 42 16 0.000000
1694225538983278870 72.317542 41.477891 42 16 0.000000
1694225539996170245 72.342704 41.465452 42 16 0.000000
1694225540936942967 72.353688 41.455282 39 16 0.000000
1694225541950293917 72.365169 41.446649 42 16 0.000000
1694225542963431972 72.352142 41.455357 42 16 0.000000
1694225543977122853 72.377866 41.432749 42 16 0.000000
1694225544990311129 72.363895 41.453303 42 16 0.000000
1694225546003201488 72.333154 41.465495 42 16 0.000000
1694225546943908367 72.346381 41.458177 39 16 0.000000
1694225547957560359 72.388209 41.434347 42 16 0.000000
1694225548970532531 72.340194 41.462145 42 16 0.000000
1694225549984072550 72.381067 41.438918 42 16 0.000000
1694225550998029757 72.411569 41.421864 42 16 0.000000
1694225552011047929 72.345075 40.473110 41 16 0.000000
1694225552952320073 72.386242 42.495684 40 16 0.000000
1694225553966379034 72.415195 41.417704 42 16 0.000000
1694225554979177459 72.325801 41.469266 42 16 0.000000
1694225555992479014 72.363272 41.448669 42 16 0.000000
1694225557005164435 72.318913 41.473886 42 16 0.000000
1694225557945317524 72.306195 41.482606 39 16 0.000000
1694225558958432678 72.354392 41.456287 42 16 0.000000
1694225559971525953 72.344110 41.457196 42 16 0.000000
1694225560984768525 72.358737 41.451081 42 16 0.000000
1694225561998172292 72.364595 41.444483 42 16 0.000000
1694225563011299647 72.352218 41.455800 42 16 0.000000
1694225563952090196 72.353690 36.139815 34 16 0.000000
1694225564964980600 72.329640 27.643663 28 16 0.000000
1694225565978119103 72.346747 27.636889 28 16 0.000000
1694225566991002034 72.325599 27.643867 28 16 0.000000
1694225568003249193 72.287427 27.661231 28 16 0.000000
1694225569016092430 72.325146 27.644947 28 16 0.000000
1694225569956618225 72.329571 27.644112 26 16 0.000000
1694225570969840897 72.348893 27.634595 28 16 0.000000
1694225571982978976 72.351708 27.636905 28 16 0.000000
1694225572996198695 72.355702 27.634678 28 16 0.000000
1694225574010031049 72.397020 27.617978 28 16 0.000000
1694225574951140832 72.375850 27.626961 26 16 0.000000
1694225575963643346 72.298239 27.654252 28 16 0.000000
1694225576976969591 72.359438 27.631769 28 16 0.000000
1694225577989723331 72.319115 27.647398 28 16 0.000000
1694225579002254313 72.299500 27.653471 28 16 0.000000
1694225580015585175 72.364060 27.631642 28 16 0.000000
1694225580956281042 72.342326 27.639117 26 16 0.000000
1694225581970036026 72.392828 27.620084 28 16 0.000000
1694225582983049008 72.341300 27.640319 28 16 0.000000
1694225583996251382 72.349466 27.635150 28 16 0.000000
1694225585009590599 72.363687 27.631419 28 16 0.000000
1694225586023147378 72.379399 27.625488 28 16 0.000000
1694225586963950838 72.349814 27.635955 26 16 0.000000
1694225587976931866 72.336712 27.641186 28 16 0.000000
1694225588990611865 72.387753 27.622130 28 16 0.000000
1694225590003458956 72.327304 27.644845 28 16 0.000000
1694225591016123690 72.315415 27.649821 28 16 0.000000
1694225592029599578 72.366396 27.627693 28 16 0.000000
1694225592970092198 72.329219 27.645087 26 16 0.000000
1694225593982773581 72.316876 27.649370 28 16 0.000000
1694225594995595602 72.326789 27.645530 28 16 0.000000
1694225596009538473 72.415903 17.752478 18 16 0.000000
1694225597023449278 72.397057 13.807922 14 16 0.000000
1694225597964005743 72.328413 13.821604 13 16 0.000000
1694225598977320048 72.356218 13.816048 14 16 0.000000
1694225599990920853 72.377549 13.812144 14 16 0.000000
1694225601004567133 72.379628 13.811524 14 16 0.000000
1694225602017844850 72.354384 13.816551 14 16 0.000000
1694225603031305110 72.370107 13.814056 14 16 0.000000
1694225603972111070 72.347392 13.817940 13 16 0.000000
1694225604987097161 72.472268 13.793292 14 16 0.000000
1694225606028467179 74.358939 13.443828 14 16 0.000000
1694225606969684594 72.378991 13.811898 13 16 0.000000
1694225607982922038 72.350488 13.817098 14 16 0.000000
1694225608995807103 72.325628 13.821903 14 16 0.000000
1694225610008680151 72.325639 13.822070 14 16 0.000000
1694225611021268560 72.306106 13.825953 14 16 0.000000
1694225612034327090 72.339085 13.819537 14 16 0.000000
1694225612975176798 72.349487 13.817297 13 16 0.000000
1694225613988333698 72.346200 13.818195 14 16 0.000000
1694225615001609290 72.352631 13.816577 14 16 0.000000
1694225616014595219 72.333431 13.820527 14 16 0.000000
1694225617027755013 72.344434 13.818158 14 16 0.000000
1694225617967923302 72.301629 13.827310 13 16 0.000000
1694225618981194925 72.354830 13.816631 14 16 0.000000
1694225619994423614 72.349855 13.817216 14 16 0.000000
1694225621007290555 72.326845 13.822151 14 16 0.000000
1694225622020129112 72.322015 13.822540 14 16 0.000000
1694225623032812782 72.312376 13.824652 14 16 0.000000
1694225623973281701 72.322485 13.822890 13 16 0.000000
1694225624987172885 72.393573 13.808189 14 16 0.000000
1694225626001124995 72.397688 13.807359 14 16 0.000000
1694225627014770738 72.377433 13.811531 14 16 0.000000
1694225628028148410 72.361064 13.815185 14 16 0.000000
1694225629041723121 72.375249 13.812499 14 16 0.000000
1694225629983250942 72.398510 13.807346 13 16 0.000000
1694225630996588146 72.356884 13.815738 14 16 0.000000
1694225632010048029 72.366248 13.814063 14 16 0.000000
1694225633023846976 72.386675 13.809444 14 16 0.000000
1694225634037578840 72.386041 13.810358 14 16 0.000000
1694225634978229305 72.333694 13.820226 13 16 0.000000
1694225635991689957 72.367599 13.814052 14 16 0.000000
1694225637004528969 72.324253 13.822532 14 16 0.000000
1694225638017470684 72.330786 13.821131 14 16 0.000000
1694225639030508223 72.338139 13.819824 14 16 0.000000
1694225640044084685 72.377356 13.812476 14 16 0.000000
1694225640984769971 72.335263 13.819711 13 16 0.000000
1694225641998055340 72.354917 13.816444 14 16 0.000000
1694225643011361033 72.355322 13.816165 14 16 0.000000
1694225644024681725 72.357010 13.815962 14 16 0.000000
1694225645038079274 72.363645 13.814914 14 16 0.000000
1694225645978846667 72.343984 13.818506 13 16 0.000000
1694225646991683171 72.325274 13.822568 14 16 0.000000
1694225648004786333 72.341188 13.818928 14 16 0.000000
1694225649017711219 72.331231 13.821360 14 16 0.000000
1694225650031034377 72.358065 13.815929 14 16 0.000000
1694225651044098652 72.339178 13.819459 14 16 0.000000
1694225651984412980 72.312144 13.825162 13 16 0.000000
1694225652997154946 72.316698 13.823857 14 16 0.000000
1694225654010759392 72.378702 13.812094 14 16 0.000000
1694225655023661049 72.327117 13.821677 14 16 0.000000
1694225656036274521 72.307223 13.825610 14 16 0.000000
1694225657049591313 72.355524 13.816016 14 16 0.000000
1694225657990825636 72.379233 13.811651 13 16 0.000000
1694225659004028739 72.349519 13.817566 14 16 0.000000
1694225660017263881 72.350171 13.817128 14 16 0.000000
1694225661030506952 72.350675 13.817021 14 16 0.000000
1694225662043361860 72.321853 13.822314 14 16 0.000000
