1695213065908342006 160.486559 0.000000
1695213067202303181 160.552836 0.000000
1695213067588554229 160.499648 0.000000
1695213068399964679 160.473354 0.000000
1695213068407125017 160.476477 0.000000
1695213068832835755 160.521146 0.000000
1695213069042837630 160.910603 0.000000
1695213069235496502 160.433103 0.000000
1695213069252059963 160.431237 0.000000
1695213070738015078 160.462565 0.000000
1695213070987134235 160.592874 0.000000
1695213072578431751 160.459393 0.000000
1695213073036213965 160.646498 0.000000
1695213074351565253 160.428040 0.000000
1695213074385200528 160.353698 0.000000
1695213075976379971 160.473836 0.000000
1695213076611454597 160.571213 0.000000
1695213077413105769 160.406645 0.000000
1695213077717579395 160.556665 0.000000
1695213078114247027 160.495352 0.000000
1695213079059146997 160.443467 0.000000
1695213079391048786 160.423832 0.000000
1695213079447074699 160.451303 0.000000
1695213079573255852 160.551672 0.000000
1695213080087941769 160.436475 0.000000
1695213080264515275 160.347083 0.000000
1695213080490860354 160.648703 0.000000
1695213081672256625 160.574374 0.000000
1695213082186986679 160.709899 0.000000
1695213082385273781 160.550395 0.000000
1695213082933815079 160.438499 0.000000
1695213083370246151 160.641221 0.000000
1695213083464208201 160.629021 0.000000
1695213083574056664 160.643715 0.000000
1695213085122804883 160.489510 0.000000
1695213085552917380 160.592392 0.000000
1695213086331935553 160.463774 0.000000
1695213086789897943 160.499737 0.000000
1695213087354883438 160.462859 0.000000
1695213087398605782 160.463309 0.000000
1695213087873116162 160.553175 0.000000
1695213088508791995 160.403954 0.000000
1695213088560062092 160.471731 0.000000
1695213088973169143 160.549781 0.000000
1695213089050585242 160.406821 0.000000
1695213089448063014 160.384443 0.000000
1695213089530480407 160.503711 0.000000
1695213090730528845 160.427627 0.000000
1695213090829218683 160.492504 0.000000
1695213091072864897 160.838784 0.000000
1695213091151083331 160.473129 0.000000
1695213091625879695 160.550449 0.000000
1695213091864468942 160.422351 0.000000
1695213093145485576 160.443951 0.000000
1695213093740665797 160.371930 0.000000
1695213094145941591 160.534403 0.000000
1695213094961901809 160.461179 0.000000
1695213095803456194 160.574982 0.000000
1695213097123679211 160.460192 0.000000
1695213097228700319 160.422827 0.000000
1695213097669162678 160.402179 0.000000
1695213097726177621 160.479864 0.000000
1695213098663905545 160.603907 0.000000
1695213099763561825 160.442549 0.000000
1695213100449569814 160.385089 0.000000
1695213100891474721 160.513386 0.000000
1695213101161675831 160.476481 0.000000
1695213101317597811 160.403416 0.000000
1695213101470668370 160.580874 0.000000
1695213101670991782 160.472337 0.000000
1695213101808232161 160.508568 0.000000
1695213101943733192 160.346603 0.000000
1695213101969061450 160.816233 0.000000
1695213102495034169 160.435832 0.000000
1695213102555778597 160.453817 0.000000
1695213103250956692 160.480379 0.000000
1695213103764773554 160.441658 0.000000
1695213104157959859 160.364406 0.000000
1695213104765739856 160.449187 0.000000
1695213105521034346 160.519412 0.000000
1695213105617037878 160.487022 0.000000
1695213107095754886 160.510737 0.000000
1695213107408196894 161.083371 0.000000
1695213108163914223 160.454526 0.000000
1695213108295419229 160.537035 0.000000
1695213108593079892 160.538745 0.000000
1695213109054691534 160.467920 0.000000
1695213109385681183 160.547670 0.000000
1695213110066098190 160.347927 0.000000
1695213110191468922 160.596552 0.000000
1695213110540743521 160.446134 0.000000
1695213111065916745 160.549058 0.000000
1695213113516750187 160.458950 0.000000
1695213113565333720 160.398323 0.000000
1695213113687847002 160.560915 0.000000
1695213115975272201 160.523790 0.000000
1695213116071198801 160.528246 0.000000
1695213116216505999 160.542288 0.000000
1695213117686199387 160.544265 0.000000
1695213118843410883 160.526949 0.000000
1695213119253579289 160.510060 0.000000
1695213119253668116 160.575341 0.000000
1695213119824479150 160.436227 0.000000
1695213120289158459 160.412021 0.000000
1695213120940880783 160.497191 0.000000
1695213121060817974 160.659306 0.000000
1695213122009439442 160.432915 0.000000
1695213123631790004 160.473679 0.000000
1695213123841977604 160.509668 0.000000
1695213125328250499 160.362173 0.000000
1695213125978178915 160.562523 0.000000
1695213126051507786 160.504940 0.000000
1695213126163630447 160.628048 0.000000
1695213126456242458 160.462772 0.000000
1695213127208584951 160.507995 0.000000
1695213127810203184 160.470200 0.000000
1695213127875972779 160.525999 0.000000
1695213128117435561 160.553733 0.000000
1695213128271533270 160.655755 0.000000
1695213129433579739 160.630818 0.000000
1695213129456547214 160.305261 0.000000
1695213130141294144 160.407788 0.000000
1695213130517354038 160.394766 0.000000
1695213130554405995 160.568177 0.000000
1695213131208902231 160.406291 0.000000
1695213131643533759 160.342788 0.000000
1695213132504942379 160.423986 0.000000
1695213132863507794 160.489097 0.000000
1695213134495510681 160.490274 0.000000
1695213135817316633 160.543588 0.000000
1695213136031070226 160.431052 0.000000
1695213136135508050 160.445084 0.000000
1695213136826720138 160.546415 0.000000
1695213137396455407 160.548952 0.000000
1695213138135968117 160.644968 0.000000
1695213138983796117 160.428014 0.000000
1695213139027258577 160.483523 0.000000
1695213139030429349 160.419006 0.000000
1695213139692959959 160.425222 0.000000
1695213139806430667 160.537347 0.000000
1695213139815886020 160.439209 0.000000
1695213141302562586 160.618214 0.000000
1695213141309091264 160.472210 0.000000
1695213142294819726 160.601896 0.000000
1695213143198263887 160.450669 0.000000
1695213143542073233 160.486694 0.000000
1695213145232658315 160.531988 0.000000
1695213145287997491 160.465106 0.000000
1695213145343746763 160.463086 0.000000
1695213145625240545 160.531563 0.000000
1695213146243563375 160.398633 0.000000
1695213147078187204 160.441617 0.000000
1695213147161727643 160.526896 0.000000
1695213147523648750 160.332283 0.000000
1695213147609931555 160.510994 0.000000
1695213148116631478 160.545608 0.000000
1695213148499314049 160.499703 0.000000
1695213149877111555 160.484749 0.000000
1695213150250156764 160.493471 0.000000
1695213150294447223 160.547503 0.000000
1695213151620803488 160.396337 0.000000
1695213152312503566 160.933038 0.000000
1695213153196403947 160.607898 0.000000
1695213154311059442 160.506527 0.000000
1695213155549791671 160.513617 0.000000
1695213155853412100 160.490555 0.000000
1695213157218879709 160.448722 0.000000
1695213157533156226 160.481155 0.000000
1695213158185764523 160.441568 0.000000
1695213158345933523 160.427691 0.000000
1695213158362513782 160.436405 0.000000
1695213164027255296 160.369695 0.000000
1695213165193279035 160.481655 0.000000
1695213165651795650 160.378159 0.000000
1695213166269809059 160.489944 0.000000
1695213166519717051 160.466505 0.000000
1695213166751701691 160.475014 0.000000
1695213167407881194 160.497853 0.000000
1695213168520176506 160.524255 0.000000
1695213168680721597 160.533069 0.000000
1695213169018150759 160.597223 0.000000
1695213169178908490 160.490024 0.000000
1695213169355347013 160.492855 0.000000
1695213170890910953 160.488220 0.000000
1695213171709687101 160.522138 0.000000
1695213172483858025 160.527250 0.000000
1695213172691191630 160.484257 0.000000
1695213173321107531 160.545025 0.000000
1695213173335506878 160.541463 0.000000
1695213173870697253 160.602800 0.000000
1695213174074497027 160.432424 0.000000
1695213174765308868 160.460559 0.000000
1695213174803567127 160.480721 0.000000
1695213175085339211 160.676656 0.000000
1695213175808597701 160.466014 0.000000
1695213175937723480 160.526527 0.000000
1695213175940240673 160.471979 0.000000
1695213176676723053 160.496652 0.000000
1695213177252877572 160.412832 0.000000
1695213177995581246 172.079567 0.000000
1695213178132437322 169.879117 0.000000
1695213178805007171 160.412567 0.000000
1695213179335388971 160.524022 0.000000
1695213180272499440 160.460247 0.000000
1695213182011294899 160.507651 0.000000
1695213182950691739 160.529006 0.000000
1695213183425284829 160.503006 0.000000
1695213183740009844 160.484206 0.000000
1695213185322145964 160.528399 0.000000
1695213186519692113 160.416143 0.000000
1695213186678215326 160.603850 0.000000
1695213186890832429 160.393986 0.000000
1695213187122434411 160.540153 0.000000
1695213187636405572 160.526884 0.000000
1695213187924350622 160.475204 0.000000
1695213188057293797 160.573494 0.000000
1695213188101152555 160.429714 0.000000
1695213190416683884 160.477068 0.000000
1695213190444248569 160.452741 0.000000
1695213191085595606 160.544484 0.000000
1695213191384297323 160.633100 0.000000
1695213192112918768 160.465742 0.000000
1695213193438783217 160.477634 0.000000
1695213194241005334 160.476962 0.000000
1695213194362716590 160.491992 0.000000
1695213195101344666 160.349384 0.000000
1695213195101591460 160.392210 0.000000
1695213195206208212 160.584394 0.000000
1695213195455035996 160.394806 0.000000
1695213195622056490 160.485878 0.000000
1695213195968869143 160.403754 0.000000
1695213196804829489 160.472827 0.000000
1695213196965350507 160.497560 0.000000
1695213197164507611 160.554341 0.000000
1695213197888227057 160.594872 0.000000
1695213198523816537 160.497088 0.000000
1695213198772659872 160.559011 0.000000
1695213199173974872 160.458996 0.000000
1695213199561045062 160.463429 0.000000
1695213200226012196 160.499503 0.000000
1695213201114828167 160.490822 0.000000
1695213202534325101 160.609909 0.000000
1695213202862060256 160.542472 0.000000
1695213203047135027 160.469800 0.000000
1695213203541356475 160.581976 0.000000
1695213203878691732 160.570517 0.000000
1695213204204546851 160.570342 0.000000
1695213206032759215 160.543354 0.000000
1695213206376549614 160.534322 0.000000
1695213207362855006 160.537694 0.000000
1695213207911720159 160.404119 0.000000
1695213207934406796 160.482957 0.000000
1695213207960898160 160.533846 0.000000
1695213208253415656 160.543473 0.000000
1695213209194581897 160.534777 0.000000
1695213210331782886 160.572981 0.000000
1695213210554065073 160.508346 0.000000
1695213211366132432 160.584120 0.000000
1695213212951003380 160.665395 0.000000
1695213213697495744 160.433923 0.000000
1695213215399288394 160.595121 0.000000
1695213215414044995 160.654905 0.000000
1695213216266198248 160.524557 0.000000
1695213218211960464 160.497674 0.000000
1695213219252661454 160.368709 0.000000
1695213219616813620 160.496305 0.000000
1695213221815497156 160.541392 0.000000
1695213223418621442 160.381850 0.000000
1695213224374864376 160.500465 0.000000
1695213224439298770 160.343401 0.000000
1695213225347900141 160.663370 0.000000
1695213225685220537 160.718839 0.000000
1695213225849513441 160.555016 0.000000
1695213225990524522 160.595369 0.000000
1695213226504664501 160.489032 0.000000
1695213227073224195 160.533093 0.000000
1695213227323754273 160.385080 0.000000
1695213227588853013 160.441190 0.000000
1695213229211721854 160.501590 0.000000
1695213229695357464 160.376355 0.000000
1695213229778526318 160.402931 0.000000
1695213229794256844 160.420194 0.000000
1695213230131315993 160.364923 0.000000
1695213230190049900 160.627478 0.000000
1695213231706379369 160.485186 0.000000
1695213232138081656 160.468863 0.000000
1695213232611101124 160.477027 0.000000
1695213232854032624 160.887612 0.000000
1695213233088024633 160.700570 0.000000
1695213233996818477 160.371657 0.000000
