1695213066069806614 160.537711 0.000000
1695213066101452338 160.431784 0.000000
1695213066704265059 160.629354 0.000000
1695213066704509237 160.342723 0.000000
1695213067041867728 160.557246 0.000000
1695213067202254323 160.370381 0.000000
1695213067207043875 160.481317 0.000000
1695213067290588323 160.590207 0.000000
1695213067484004550 160.443372 0.000000
1695213067539803658 160.664747 0.000000
1695213067555978171 160.568347 0.000000
1695213067716479583 160.553363 0.000000
1695213067788641668 160.504941 0.000000
1695213067803622224 160.517040 0.000000
1695213067804740363 160.361080 0.000000
1695213067897868310 160.477060 0.000000
1695213068046952977 160.917419 0.000000
1695213068102617286 160.468546 0.000000
1695213068190866374 160.400819 0.000000
1695213068495350499 160.403321 0.000000
1695213068649414679 160.542657 0.000000
1695213068738056479 160.476428 0.000000
1695213068809844311 160.416496 0.000000
1695213069009404410 160.468750 0.000000
1695213069186214997 160.517479 0.000000
1695213069611906912 160.440931 0.000000
1695213069649233596 160.475977 0.000000
1695213069677273397 160.414740 0.000000
1695213069700219091 160.448633 0.000000
1695213069765816182 160.575890 0.000000
1695213069772245315 160.311751 0.000000
1695213069886780576 160.576230 0.000000
1695213070063497165 160.460153 0.000000
1695213070102894913 160.567180 0.000000
1695213070151907222 160.437424 0.000000
1695213070302424083 160.551538 0.000000
1695213070384522900 160.416659 0.000000
1695213070489114146 160.401899 0.000000
1695213070671993413 160.465653 0.000000
1695213071258087174 160.461557 0.000000
1695213071412087710 160.618642 0.000000
1695213071418539265 160.431853 0.000000
1695213071843757272 160.644404 0.000000
1695213071991824073 160.547894 0.000000
1695213072014490003 160.332234 0.000000
1695213072030863343 160.421044 0.000000
1695213072136413331 160.592824 0.000000
1695213072208504154 160.573784 0.000000
1695213072263461866 160.492636 0.000000
1695213072358094039 160.478713 0.000000
1695213072522380202 160.418788 0.000000
1695213072522458825 160.423685 0.000000
1695213072607004480 160.510407 0.000000
1695213072865507561 160.388268 0.000000
1695213072932071864 160.670243 0.000000
1695213072947757050 160.475445 0.000000
1695213072947888885 160.422146 0.000000
1695213073092498393 160.418301 0.000000
1695213073269389778 160.585383 0.000000
1695213073534401328 160.609099 0.000000
1695213073534462349 160.634067 0.000000
1695213073606647442 160.574176 0.000000
1695213073727046006 160.528043 0.000000
1695213073749350891 160.488749 0.000000
1695213073871059807 160.428086 0.000000
1695213074113323278 160.438876 0.000000
1695213074136236097 160.411287 0.000000
1695213074224822960 160.562109 0.000000
1695213074439902183 160.361513 0.000000
1695213074473388995 160.492924 0.000000
1695213074523104453 160.638695 0.000000
1695213074545602713 160.383367 0.000000
1695213074617556457 160.468868 0.000000
1695213074627108023 160.617977 0.000000
1695213074706147896 160.520836 0.000000
1695213074722327485 160.507075 0.000000
1695213074771957615 160.595735 0.000000
1695213074771958332 160.557316 0.000000
1695213074932429262 160.457226 0.000000
1695213074964956888 160.489222 0.000000
1695213075069184873 160.566934 0.000000
1695213075324616956 160.479224 0.000000
1695213075479081160 160.642283 0.000000
1695213075550974479 160.366855 0.000000
1695213075749859440 160.379569 0.000000
1695213075759939225 160.451500 0.000000
1695213075799345721 160.473448 0.000000
1695213075816190451 160.479951 0.000000
1695213075838519754 160.443451 0.000000
1695213075920370676 160.410382 0.000000
1695213075936722516 160.543899 0.000000
1695213076015290698 160.360819 0.000000
1695213076175354050 160.303125 0.000000
1695213076175486211 160.350370 0.000000
1695213076600977866 160.500236 0.000000
1695213076683516742 160.413981 0.000000
1695213076899591512 160.411791 0.000000
1695213076964736611 160.419919 0.000000
1695213077037150470 160.409902 0.000000
1695213077291742444 160.431869 0.000000
1695213077302132698 160.532237 0.000000
1695213077318308208 160.353066 0.000000
1695213077334792326 160.465112 0.000000
1695213077374128355 160.440554 0.000000
1695213077479046925 160.398209 0.000000
1695213077727779742 160.487719 0.000000
1695213077806521388 160.371209 0.000000
1695213077816184609 160.500101 0.000000
1695213077838511639 160.531116 0.000000
1695213077960615702 160.473631 0.000000
1695213078103581602 160.433252 0.000000
1695213078209044858 160.768160 0.000000
1695213078241645262 160.426160 0.000000
1695213078258177357 160.450958 0.000000
1695213078264165476 160.453481 0.000000
1695213078418602365 160.403920 0.000000
1695213078490471412 160.445035 0.000000
1695213078539904424 160.476012 0.000000
1695213078595233700 160.494955 0.000000
1695213078866710843 160.617722 0.000000
1695213079021024849 160.501666 0.000000
1695213079092947330 160.491724 0.000000
1695213079142237345 160.503109 0.000000
1695213079142271033 160.386253 0.000000
1695213079165402689 160.360990 0.000000
1695213079198213548 160.889908 0.000000
1695213079407384857 160.392960 0.000000
1695213079679213416 160.458004 0.000000
1695213079695935067 160.492645 0.000000
1695213080043326315 160.554936 0.000000
1695213080104774503 160.491643 0.000000
1695213080185988434 160.407663 0.000000
1695213080265185763 160.386977 0.000000
1695213080274330803 160.388919 0.000000
1695213080331422189 160.613591 0.000000
1695213080451113073 160.523861 0.000000
1695213080756945561 160.407507 0.000000
1695213080950233017 160.458346 0.000000
1695213080999279184 160.340798 0.000000
1695213081043387811 160.462485 0.000000
1695213081093618477 160.433708 0.000000
1695213081127097247 160.602246 0.000000
1695213081199062668 160.472733 0.000000
1695213081220646302 160.407129 0.000000
1695213081269959781 160.565830 0.000000
1695213081375985245 160.483844 0.000000
1695213081457674481 160.472042 0.000000
1695213081536204329 160.436714 0.000000
1695213081584145052 160.917477 0.000000
1695213081607332278 160.438689 0.000000
1695213081823073908 160.659539 0.000000
1695213082120110406 160.482802 0.000000
1695213082186974732 160.617324 0.000000
1695213082202971135 160.354792 0.000000
1695213082475000748 160.607101 0.000000
1695213082508886876 160.596397 0.000000
1695213082524443372 160.473085 0.000000
1695213082811030604 160.663577 0.000000
1695213082812280369 160.608880 0.000000
1695213083059832038 160.429184 0.000000
1695213083215039677 160.419375 0.000000
1695213083271244888 160.406730 0.000000
1695213083325705014 160.523872 0.000000
1695213083326171608 160.453443 0.000000
1695213083424803259 160.521965 0.000000
1695213083475496396 160.530948 0.000000
1695213083696953635 160.564943 0.000000
1695213083834311936 160.797343 0.000000
1695213083945872168 160.481640 0.000000
1695213083995236324 160.514896 0.000000
1695213084027347953 160.557526 0.000000
1695213084187969242 160.591905 0.000000
1695213084370624135 160.474182 0.000000
1695213084459075423 160.556549 0.000000
1695213084502625366 160.459433 0.000000
1695213084508978397 160.500032 0.000000
1695213084525120649 160.541103 0.000000
1695213084697189500 160.624714 0.000000
1695213084701634335 160.503746 0.000000
1695213084790025929 160.427639 0.000000
1695213084812516701 160.442413 0.000000
1695213084840202729 160.615731 0.000000
1695213084950484208 160.526503 0.000000
1695213085148663123 160.496363 0.000000
1695213085265456332 160.600937 0.000000
1695213085283640686 160.811652 0.000000
1695213085414707179 160.375459 0.000000
1695213085520741889 160.368341 0.000000
1695213085679930127 160.371761 0.000000
1695213085707847291 160.564236 0.000000
1695213085868247606 160.376234 0.000000
1695213085922787517 160.528794 0.000000
1695213085922896135 160.583165 0.000000
1695213086083181142 160.257934 0.000000
1695213086105386025 160.470126 0.000000
1695213086171114925 160.491692 0.000000
1695213086187791350 160.394311 0.000000
1695213086416586167 160.594441 0.000000
1695213086442722923 160.547738 0.000000
1695213086524803479 160.503520 0.000000
1695213086535893579 160.576119 0.000000
1695213086773678711 160.389304 0.000000
1695213086862274669 160.481213 0.000000
1695213087006447819 160.455587 0.000000
1695213087254479371 160.407928 0.000000
1695213087414910111 160.411959 0.000000
1695213087580274123 160.577094 0.000000
1695213087641115643 160.452384 0.000000
1695213087818043373 160.449940 0.000000
1695213088094385959 160.577101 0.000000
1695213088282447368 160.522627 0.000000
1695213088399563027 160.525907 0.000000
1695213088433089782 160.483281 0.000000
1695213088558164797 160.507825 0.000000
1695213088685562001 160.464936 0.000000
1695213089553289425 160.606960 0.000000
1695213089779269559 160.415259 0.000000
1695213089918201067 160.375156 0.000000
1695213089979154052 160.519462 0.000000
1695213090293409766 160.563499 0.000000
1695213090349044515 160.411731 0.000000
1695213090397942669 160.336426 0.000000
1695213090669632211 160.548229 0.000000
1695213090813792575 160.484736 0.000000
1695213090823583386 160.446922 0.000000
1695213090845656729 160.576986 0.000000
1695213090895634686 160.485002 0.000000
1695213090928169163 160.501705 0.000000
1695213091006008811 160.326612 0.000000
1695213091321850200 160.439557 0.000000
1695213091353913781 160.639792 0.000000
1695213091498841089 160.543539 0.000000
1695213091546820622 160.385691 0.000000
1695213091547991123 160.426055 0.000000
1695213091602815810 160.457637 0.000000
1695213091658993857 160.439451 0.000000
1695213091747403629 160.675138 0.000000
1695213091753603604 160.523416 0.000000
1695213091885186456 160.449699 0.000000
1695213091962247340 160.441636 0.000000
1695213092349934140 160.459363 0.000000
1695213092559079913 160.429032 0.000000
1695213092582133524 160.506983 0.000000
1695213092864016817 160.417459 0.000000
1695213092944956099 160.359054 0.000000
1695213093007738312 160.495024 0.000000
1695213093570774270 160.342326 0.000000
1695213093636160014 160.498648 0.000000
1695213093719587537 160.351018 0.000000
1695213093907514390 160.438237 0.000000
1695213094077575068 160.486713 0.000000
1695213094487657819 160.565729 0.000000
1695213094571658246 160.419905 0.000000
1695213094768225605 160.347018 0.000000
1695213095029151003 160.468078 0.000000
1695213095201009834 160.501290 0.000000
1695213095273686768 160.469225 0.000000
1695213095315150282 160.376418 0.000000
1695213095439680949 160.519687 0.000000
1695213095477011482 160.514533 0.000000
1695213095498291886 160.448802 0.000000
1695213095600067963 160.356658 0.000000
1695213096077818467 160.667782 0.000000
1695213096095608499 160.695735 0.000000
1695213096326667953 160.436910 0.000000
1695213096343881682 160.430053 0.000000
1695213096433077833 160.588155 0.000000
1695213096759808926 160.432544 0.000000
1695213096947037263 160.530988 0.000000
1695213096957823303 160.468432 0.000000
1695213097185622673 160.660529 0.000000
1695213097195810206 160.396235 0.000000
1695213097243408789 160.482822 0.000000
1695213097354002208 160.583279 0.000000
1695213097780541868 160.405602 0.000000
1695213097794359093 160.549326 0.000000
1695213097831033660 160.520283 0.000000
1695213097868964288 160.405912 0.000000
1695213097918087404 160.514681 0.000000
1695213098043231987 160.544324 0.000000
1695213098272988322 160.454846 0.000000
1695213098304411019 160.466448 0.000000
1695213098310868919 160.451944 0.000000
1695213098389053319 160.421523 0.000000
1695213098433337453 160.559794 0.000000
1695213098648141185 160.362958 0.000000
1695213098709949800 160.492473 0.000000
1695213098874628979 160.455242 0.000000
1695213098913191324 160.423398 0.000000
1695213099089280034 160.391493 0.000000
1695213099090095681 160.577105 0.000000
1695213099264133465 160.408758 0.000000
1695213099514751924 160.433180 0.000000
1695213099589105080 160.540998 0.000000
1695213099692089664 160.387434 0.000000
1695213099758541801 160.538973 0.000000
1695213100043306995 160.540801 0.000000
1695213100184273402 160.473103 0.000000
1695213100263991412 160.552771 0.000000
1695213100361441418 160.535624 0.000000
1695213100449470142 160.371778 0.000000
1695213100456745582 160.599667 0.000000
1695213100601427559 160.561759 0.000000
1695213100752795702 160.421568 0.000000
1695213100819870034 160.540128 0.000000
1695213100912897565 160.460081 0.000000
1695213100964041338 160.671443 0.000000
1695213101582463832 160.495931 0.000000
1695213101687675899 160.536982 0.000000
1695213101725473749 160.363595 0.000000
1695213101883059836 160.521832 0.000000
1695213101957242606 160.310781 0.000000
1695213101997069936 160.838008 0.000000
1695213102025274098 160.563650 0.000000
1695213102185672738 160.375291 0.000000
1695213102308530160 160.436483 0.000000
1695213102334270465 160.432533 0.000000
1695213102450157608 160.554001 0.000000
1695213102450274329 160.551596 0.000000
1695213102559735180 160.399691 0.000000
1695213102660073545 160.568179 0.000000
1695213102715547907 160.561213 0.000000
1695213103141233822 160.452705 0.000000
1695213103707147141 160.391649 0.000000
1695213103937176426 160.339719 0.000000
1695213104485873077 160.469554 0.000000
1695213104564880733 160.464821 0.000000
1695213104593397754 160.418076 0.000000
1695213104660728598 160.666227 0.000000
1695213104716178503 160.504085 0.000000
1695213104842260290 160.480800 0.000000
1695213104892458284 160.518834 0.000000
1695213105053418650 160.387464 0.000000
1695213105279015235 160.371648 0.000000
1695213105444409261 160.419123 0.000000
1695213105511630935 160.426895 0.000000
1695213105528592667 160.496706 0.000000
1695213105589384122 160.405881 0.000000
1695213105672302585 160.873785 0.000000
1695213105958371781 160.517317 0.000000
1695213106009420918 160.460684 0.000000
1695213106058848456 160.518488 0.000000
1695213106060104004 160.528796 0.000000
1695213106399802117 160.381166 0.000000
1695213106451668885 160.548322 0.000000
1695213106572495377 160.337959 0.000000
1695213106825503528 160.513483 0.000000
1695213106965699297 160.473233 0.000000
1695213107230825009 160.449333 0.000000
1695213107369294529 160.601646 0.000000
1695213107383926653 160.537297 0.000000
1695213107722134994 160.671263 0.000000
1695213107781362121 160.375075 0.000000
1695213107793838370 160.325746 0.000000
1695213107954212220 160.356826 0.000000
1695213108010192431 160.528278 0.000000
1695213108060086433 160.492286 0.000000
1695213108098492434 160.436911 0.000000
1695213108228777302 160.553469 0.000000
1695213108400978207 160.523163 0.000000
1695213108645134922 160.454674 0.000000
1695213108806091919 160.489910 0.000000
1695213109054781433 160.412010 0.000000
1695213109163065713 160.451557 0.000000
1695213109193203896 160.446992 0.000000
1695213109319685964 160.376086 0.000000
1695213109385693702 160.641162 0.000000
1695213109460702837 160.510738 0.000000
1695213109480231732 160.471445 0.000000
1695213109546186530 160.490297 0.000000
1695213109588826520 160.504976 0.000000
1695213109634554575 160.427210 0.000000
1695213109817377199 160.488376 0.000000
1695213110060321771 160.517119 0.000000
1695213110093038098 160.449337 0.000000
1695213110231661906 160.370382 0.000000
1695213110374718807 160.488068 0.000000
1695213110416562349 160.447046 0.000000
1695213110607128429 160.581448 0.000000
1695213110769861239 160.452198 0.000000
1695213110930626311 160.578798 0.000000
1695213110944199691 160.361198 0.000000
1695213111324022555 160.410335 0.000000
1695213111347447098 160.553051 0.000000
1695213111356221784 160.479639 0.000000
1695213111458427316 160.500378 0.000000
1695213111693536221 160.481109 0.000000
1695213111925638598 160.521741 0.000000
1695213112167405387 160.557430 0.000000
1695213112568489450 160.606091 0.000000
1695213113122007854 160.465895 0.000000
1695213113179640169 160.500615 0.000000
1695213113409598715 160.536518 0.000000
1695213113487224187 160.454382 0.000000
1695213113658430423 160.464836 0.000000
1695213113765559298 160.462228 0.000000
1695213113989438453 160.608380 0.000000
1695213114054714046 160.461669 0.000000
1695213114127342800 160.279881 0.000000
1695213114136263380 160.471541 0.000000
1695213114287825958 160.463757 0.000000
1695213114354829890 160.441426 0.000000
1695213114408184937 160.449620 0.000000
1695213114615154663 160.415186 0.000000
1695213114809917085 160.612070 0.000000
1695213115227110555 160.460260 0.000000
1695213115259491760 160.428842 0.000000
1695213115652836671 160.474087 0.000000
1695213115652872929 160.589445 0.000000
1695213115765842718 160.385895 0.000000
1695213115790075344 160.448046 0.000000
1695213115935249580 160.582870 0.000000
1695213116231701509 160.471486 0.000000
1695213116520530555 160.392447 0.000000
1695213117011472499 160.507554 0.000000
1695213117171992853 160.490505 0.000000
1695213117405108047 160.359088 0.000000
1695213117516563208 160.346592 0.000000
1695213117567233815 160.548036 0.000000
1695213117630665152 160.552493 0.000000
1695213117741892164 160.412789 0.000000
1695213117942182400 160.434829 0.000000
1695213118181389157 160.480832 0.000000
1695213118200488748 160.450671 0.000000
1695213118493460319 160.510189 0.000000
1695213118523196146 160.486309 0.000000
1695213118658691907 160.533281 0.000000
1695213118691392151 160.425774 0.000000
1695213118764100234 160.500111 0.000000
1695213118851848962 160.432836 0.000000
1695213118924703415 160.576129 0.000000
1695213119007624208 160.432941 0.000000
1695213119049375286 160.376575 0.000000
1695213119339852968 160.378970 0.000000
1695213119365945303 160.648993 0.000000
1695213119567694670 160.555486 0.000000
1695213119698314855 160.465215 0.000000
1695213119791615742 160.495455 0.000000
1695213119791658511 160.559515 0.000000
1695213119853866531 160.538425 0.000000
1695213120217380419 160.431588 0.000000
1695213120297679817 160.432732 0.000000
1695213120300506031 160.453810 0.000000
1695213120466357020 160.655357 0.000000
1695213120570932856 160.324217 0.000000
1695213120692203738 160.487196 0.000000
1695213120723353883 160.478983 0.000000
1695213120780454137 160.418090 0.000000
1695213121012790970 160.499875 0.000000
1695213121157580113 160.885192 0.000000
1695213121309823164 160.502276 0.000000
1695213121383067310 160.402842 0.000000
1695213121438398822 160.379730 0.000000
1695213121543265133 160.483633 0.000000
1695213121720237342 160.455141 0.000000
1695213121808373941 160.504742 0.000000
1695213121848537041 160.454056 0.000000
1695213122224531826 160.514418 0.000000
1695213122411974446 160.479815 0.000000
1695213122499404565 160.539431 0.000000
1695213122738512765 160.403125 0.000000
1695213123061402580 160.430463 0.000000
1695213123101431654 160.513186 0.000000
1695213123164349017 160.598109 0.000000
1695213123187820835 160.470912 0.000000
1695213123239219570 160.402634 0.000000
1695213123279431085 160.530922 0.000000
1695213123436844684 160.634501 0.000000
1695213123597390721 160.513396 0.000000
1695213123631835410 160.585153 0.000000
1695213123657368195 160.813674 0.000000
1695213124179327909 160.539672 0.000000
1695213124234520697 160.586210 0.000000
1695213124376914034 160.561047 0.000000
1695213124998547350 160.436312 0.000000
1695213125103357355 160.511030 0.000000
1695213125135331956 160.424744 0.000000
1695213125239889093 160.445648 0.000000
1695213125504972550 160.386585 0.000000
1695213125544334362 160.488939 0.000000
1695213125651534212 160.536900 0.000000
1695213125793232042 160.522953 0.000000
1695213125914599372 160.504039 0.000000
1695213126207344603 160.395203 0.000000
1695213126216820655 160.404948 0.000000
1695213126284510865 160.493755 0.000000
1695213126554198838 160.539601 0.000000
1695213126558823691 160.490281 0.000000
1695213126616677746 160.413904 0.000000
1695213126622491483 160.449216 0.000000
1695213126669105822 160.440787 0.000000
1695213126742322557 160.501884 0.000000
1695213126807749636 160.496220 0.000000
1695213126872937072 160.450895 0.000000
1695213127015073708 160.508253 0.000000
1695213127385418368 160.427305 0.000000
1695213127432965474 160.452021 0.000000
1695213127545671459 160.392436 0.000000
1695213127801846424 160.514787 0.000000
1695213127811144438 160.506695 0.000000
1695213127948188917 160.510464 0.000000
1695213128059462010 160.479779 0.000000
1695213128141128402 160.499658 0.000000
1695213128147522043 160.370267 0.000000
1695213128212023283 160.424957 0.000000
1695213128835768455 160.467613 0.000000
1695213128855079248 160.469276 0.000000
1695213128920468789 160.458613 0.000000
1695213129097006000 160.352375 0.000000
1695213129111322189 160.348171 0.000000
1695213129715801436 160.531512 0.000000
1695213129802163153 160.506483 0.000000
1695213129827739357 160.435934 0.000000
1695213129960018537 161.016905 0.000000
1695213130052940361 160.350776 0.000000
1695213130120462560 160.419847 0.000000
1695213130164985198 160.517153 0.000000
1695213130229705423 160.386938 0.000000
1695213130369435418 160.576660 0.000000
1695213130498882683 160.454894 0.000000
1695213130655056007 160.617473 0.000000
1695213130920266452 160.361622 0.000000
1695213130936921381 160.569747 0.000000
1695213131018603261 160.529281 0.000000
1695213131169163122 160.512777 0.000000
1695213131185424527 160.492954 0.000000
1695213131245054700 160.494133 0.000000
1695213131627394035 160.394618 0.000000
1695213132069163499 160.557544 0.000000
1695213132268386206 160.589230 0.000000
1695213132494981490 160.495602 0.000000
1695213132614618025 160.429814 0.000000
1695213132832114351 160.498974 0.000000
1695213132957607150 160.516158 0.000000
1695213132996012763 160.716244 0.000000
1695213133048165638 160.440910 0.000000
1695213133112407766 160.500363 0.000000
1695213133135606919 160.454065 0.000000
1695213133290842075 160.845270 0.000000
1695213133450624098 160.721914 0.000000
1695213133559838240 160.587225 0.000000
1695213133914970357 160.542425 0.000000
1695213133985573208 160.495386 0.000000
1695213133990953568 160.398792 0.000000
1695213134129000576 160.502112 0.000000
1695213134190969233 160.480782 0.000000
1695213134504994220 160.422758 0.000000
1695213134595970364 160.356137 0.000000
1695213134705245924 160.618628 0.000000
1695213134777709537 160.571818 0.000000
1695213134842422053 160.648788 0.000000
1695213135002900149 160.451461 0.000000
1695213135114713284 160.563074 0.000000
1695213135363114615 160.492379 0.000000
1695213135383797625 160.644643 0.000000
1695213135417966640 160.563633 0.000000
1695213135578616727 160.584227 0.000000
1695213135716189932 160.532565 0.000000
1695213135897745409 160.568396 0.000000
1695213135915780977 160.430124 0.000000
1695213136190618186 160.503485 0.000000
1695213136197043475 160.406981 0.000000
1695213136279908032 160.375284 0.000000
1695213136407477011 160.907501 0.000000
1695213136528846464 160.613770 0.000000
1695213136704519302 160.398746 0.000000
1695213136764666724 160.400255 0.000000
1695213136954426369 160.522842 0.000000
1695213137153004061 160.442022 0.000000
1695213137179926277 160.364686 0.000000
1695213137517221864 160.396651 0.000000
1695213137720896329 160.525535 0.000000
1695213137766075836 160.472592 0.000000
1695213137983052099 160.588026 0.000000
1695213138264291542 160.670131 0.000000
1695213138285397273 160.475463 0.000000
1695213138545574061 160.560090 0.000000
1695213138689984238 160.659527 0.000000
1695213138887638512 160.480596 0.000000
1695213138993603349 160.534129 0.000000
1695213139027313129 160.550368 0.000000
1695213139232649934 160.402243 0.000000
1695213139678103277 160.376934 0.000000
1695213139766754004 160.564451 0.000000
1695213139806377879 160.567036 0.000000
1695213139927187550 160.657958 0.000000
1695213139932077068 160.461701 0.000000
1695213140181066560 160.586998 0.000000
1695213140213187491 160.514268 0.000000
1695213140385845024 160.663521 0.000000
1695213140408929282 160.478410 0.000000
1695213140457754340 160.563859 0.000000
1695213140588480997 160.648545 0.000000
1695213140811547137 160.439771 0.000000
1695213140960321376 160.572495 0.000000
1695213141060054609 160.475148 0.000000
1695213141125610930 160.423263 0.000000
1695213141148609127 160.418606 0.000000
1695213141302524662 160.526015 0.000000
1695213141639637917 160.415887 0.000000
1695213141710378987 160.464066 0.000000
1695213141744398983 160.552988 0.000000
1695213141754153332 160.485661 0.000000
1695213141780618868 160.438372 0.000000
1695213141983121664 160.549590 0.000000
1695213141993374798 160.514038 0.000000
1695213141999747554 160.419422 0.000000
1695213142065517869 160.549289 0.000000
1695213142092931285 160.532691 0.000000
1695213142248426463 160.525344 0.000000
1695213142403008473 160.640110 0.000000
1695213142435550278 160.439449 0.000000
1695213142497511035 160.522192 0.000000
1695213142546448684 160.378277 0.000000
1695213142618839076 160.544292 0.000000
1695213142828876333 160.690613 0.000000
1695213142843606917 160.544713 0.000000
1695213142949364726 160.443268 0.000000
1695213143060764569 160.583370 0.000000
1695213143116254838 160.484573 0.000000
1695213143143032738 160.487063 0.000000
1695213143221378297 160.450072 0.000000
1695213143312862962 160.508514 0.000000
1695213143365224903 160.466507 0.000000
1695213143431561755 160.657415 0.000000
1695213143447247955 160.477713 0.000000
1695213144177844592 160.828478 0.000000
1695213144187643570 160.615022 0.000000
1695213144463207865 160.450563 0.000000
1695213144564986900 160.520066 0.000000
1695213144578441246 160.536589 0.000000
1695213144597179236 160.442917 0.000000
1695213144718354485 160.603509 0.000000
1695213144763595936 160.465323 0.000000
1695213145097691833 160.413772 0.000000
1695213145100969728 160.468345 0.000000
1695213145149217763 160.614830 0.000000
1695213145346617813 160.449586 0.000000
1695213145375885275 160.490787 0.000000
1695213145470668163 160.554255 0.000000
1695213145568782476 160.659008 0.000000
1695213145609246233 160.439633 0.000000
1695213145791903056 160.428332 0.000000
1695213146214325247 160.621686 0.000000
1695213146214332975 160.580159 0.000000
1695213146227849581 160.337586 0.000000
1695213146330606353 160.368237 0.000000
1695213146482565178 160.404170 0.000000
1695213146565333186 160.460156 0.000000
1695213146647478923 160.588670 0.000000
1695213146653647435 160.483495 0.000000
1695213147134125454 160.386354 0.000000
1695213147515494491 160.371394 0.000000
1695213147521441338 160.474158 0.000000
1695213147680452750 160.481761 0.000000
1695213147789005933 160.473897 0.000000
1695213148071498485 160.579428 0.000000
1695213148582455961 160.499831 0.000000
1695213148921179925 160.688868 0.000000
1695213148990102272 160.675622 0.000000
1695213149089868541 160.583062 0.000000
1695213149184360948 160.563426 0.000000
1695213149338810092 160.563095 0.000000
1695213149415650278 160.432446 0.000000
1695213149762032513 160.439464 0.000000
1695213149779486059 160.562489 0.000000
1695213149922567626 160.512847 0.000000
1695213150106027193 160.430742 0.000000
1695213150259641997 160.427519 0.000000
1695213150327506781 160.369600 0.000000
1695213150455010418 160.535911 0.000000
1695213150823799871 160.479044 0.000000
1695213151195331124 160.548775 0.000000
1695213151304747138 160.545182 0.000000
1695213151393730345 160.495080 0.000000
1695213151471388653 160.613150 0.000000
1695213151907611236 160.606439 0.000000
1695213151941678485 160.576149 0.000000
1695213152032417230 160.553872 0.000000
1695213152067069260 160.415471 0.000000
1695213152156610925 160.570786 0.000000
1695213152190888781 160.592491 0.000000
1695213152238769412 160.683348 0.000000
1695213152316133445 160.597358 0.000000
1695213152809174112 160.481581 0.000000
1695213152811954667 160.517469 0.000000
1695213153018126037 160.419971 0.000000
1695213153283536823 160.577095 0.000000
1695213153499729578 160.481941 0.000000
1695213153533645431 160.423377 0.000000
1695213153533697427 160.650464 0.000000
1695213153974743222 160.537067 0.000000
1695213154156013147 160.464879 0.000000
1695213154206441085 160.602173 0.000000
1695213154593608875 160.419434 0.000000
1695213154913624393 160.409355 0.000000
1695213155019265133 160.433020 0.000000
1695213155074223138 160.582132 0.000000
1695213155090860239 160.639049 0.000000
1695213155288301527 160.527608 0.000000
1695213155604509964 160.428746 0.000000
1695213155624478278 160.541051 0.000000
1695213155709486054 160.523165 0.000000
1695213155710133289 160.527551 0.000000
1695213155903284778 160.438031 0.000000
1695213155959306411 160.696738 0.000000
1695213156013380265 160.448636 0.000000
1695213156050159869 160.445730 0.000000
1695213156119744335 160.428279 0.000000
1695213156129219838 160.392496 0.000000
1695213156367675341 160.542555 0.000000
1695213156400488520 160.353601 0.000000
1695213156793303193 160.513772 0.000000
1695213156917667755 160.474130 0.000000
1695213156997135810 160.456409 0.000000
1695213157075449410 160.376474 0.000000
1695213157304817025 160.505432 0.000000
1695213157671688930 160.510184 0.000000
1695213157697097475 160.644176 0.000000
1695213157870427123 160.419037 0.000000
1695213157907330752 160.505594 0.000000
1695213158333264469 160.510414 0.000000
1695213158417827138 160.507679 0.000000
1695213158649632775 160.350737 0.000000
1695213158702715289 160.503042 0.000000
1695213158748865702 160.439724 0.000000
1695213159263123026 160.532861 0.000000
1695213159904833462 160.526227 0.000000
1695213160208685318 160.660853 0.000000
1695213160451528385 160.438126 0.000000
1695213160556335042 160.576783 0.000000
1695213160683267783 160.422984 0.000000
1695213160722700151 160.493299 0.000000
1695213160749707677 160.443608 0.000000
1695213160772234582 160.443167 0.000000
1695213160910194611 160.473819 0.000000
1695213160998605192 160.405214 0.000000
1695213161037036017 160.557543 0.000000
1695213161108801989 160.427069 0.000000
1695213161352343811 160.556024 0.000000
1695213161534491375 160.402713 0.000000
1695213161673494645 160.486694 0.000000
1695213161722432758 160.619386 0.000000
1695213162278331905 160.539641 0.000000
1695213162573617834 160.535191 0.000000
1695213162573668171 160.727428 0.000000
1695213162734241591 160.608405 0.000000
1695213163297370781 160.480555 0.000000
1695213163337048594 160.512946 0.000000
1695213163408181640 160.455661 0.000000
1695213163474116705 160.551559 0.000000
1695213163568585239 160.379288 0.000000
1695213163634738387 160.478584 0.000000
1695213163815976771 160.525543 0.000000
1695213164253298609 160.499532 0.000000
1695213164253358370 160.501148 0.000000
1695213164255235182 160.462015 0.000000
1695213164679317038 160.497816 0.000000
1695213165105093038 160.471888 0.000000
1695213165121576607 160.456362 0.000000
1695213165213503207 160.452999 0.000000
1695213165795279838 160.528194 0.000000
1695213165829807046 160.546076 0.000000
1695213165844081877 160.459409 0.000000
1695213166009905141 160.429020 0.000000
1695213166060549954 160.465272 0.000000
1695213166432293381 160.673316 0.000000
1695213166679449975 160.488797 0.000000
1695213166700541196 160.532514 0.000000
1695213166891777394 160.439016 0.000000
1695213166944728712 160.520606 0.000000
1695213166999656391 160.424738 0.000000
1695213167037682008 160.319317 0.000000
1695213167387998503 160.436535 0.000000
1695213167477849569 160.434531 0.000000
1695213167547759026 160.679655 0.000000
1695213167580232135 160.420904 0.000000
1695213167707989682 160.575409 0.000000
1695213167724356519 160.449126 0.000000
1695213167744983907 160.370426 0.000000
1695213167951587311 160.616754 0.000000
1695213168080459316 160.481314 0.000000
1695213168094682063 160.520701 0.000000
1695213168199208846 160.501150 0.000000
1695213168231771949 160.424331 0.000000
1695213168255190740 160.484265 0.000000
1695213168310761408 160.502132 0.000000
1695213168504203184 160.639858 0.000000
1695213168520175373 160.624423 0.000000
1695213168592295718 160.456537 0.000000
1695213168664841072 160.613677 0.000000
1695213168825584535 160.637998 0.000000
1695213169261539877 160.389662 0.000000
1695213169453416995 160.414746 0.000000
1695213169492905578 160.469210 0.000000
1695213169547262284 160.499651 0.000000
1695213169653445710 160.399171 0.000000
1695213169743595029 160.530052 0.000000
1695213169774027137 160.449273 0.000000
1695213169775553914 160.383157 0.000000
1695213169881396133 160.486184 0.000000
1695213170039221051 160.474632 0.000000
1695213170257473377 160.394554 0.000000
1695213170292315473 160.415140 0.000000
1695213170400130652 160.439621 0.000000
1695213170641884724 160.552797 0.000000
1695213170697803426 160.554434 0.000000
1695213170753978875 160.600295 0.000000
1695213170851457176 160.453921 0.000000
1695213170999627026 160.355079 0.000000
1695213171336819024 160.608240 0.000000
1695213171424774003 160.436488 0.000000
1695213171444594153 160.518589 0.000000
1695213171581769373 160.506622 0.000000
1695213171758420865 160.421359 0.000000
1695213171850697767 160.535489 0.000000
1695213172079485763 160.520635 0.000000
1695213172130522540 160.645875 0.000000
1695213172145629608 160.517682 0.000000
1695213172188127058 160.563769 0.000000
1695213172449217493 160.548794 0.000000
1695213172505017599 160.343324 0.000000
1695213172998162788 160.532075 0.000000
1695213173176279607 160.557349 0.000000
1695213173195729060 160.434253 0.000000
1695213173284189409 160.535968 0.000000
1695213173294001977 160.499871 0.000000
1695213173621672081 160.523267 0.000000
1695213173923864543 160.481769 0.000000
1695213173971011787 160.511979 0.000000
1695213174040876317 160.546244 0.000000
1695213174040964462 160.449674 0.000000
1695213174373332082 160.616712 0.000000
1695213174394236172 160.325270 0.000000
1695213174426892174 160.375312 0.000000
1695213174554761051 160.535473 0.000000
1695213174587418674 160.509885 0.000000
1695213174643062250 160.425734 0.000000
1695213174708696024 160.561739 0.000000
1695213174821503508 160.402640 0.000000
1695213174927088395 160.524199 0.000000
1695213175222813243 160.459417 0.000000
1695213175240892055 160.486929 0.000000
1695213175245837119 160.483515 0.000000
1695213175261686846 160.549155 0.000000
1695213175264322669 160.602368 0.000000
1695213175334209566 160.540830 0.000000
1695213175366504575 160.392228 0.000000
1695213175510463885 160.402123 0.000000
1695213175582835878 160.510369 0.000000
1695213175736796752 160.348077 0.000000
1695213175777173118 160.598315 0.000000
1695213175954954827 160.436774 0.000000
1695213176366023285 160.582988 0.000000
1695213176538880289 160.523475 0.000000
1695213176676613208 160.451463 0.000000
1695213176692791120 160.457110 0.000000
1695213176941745183 160.521833 0.000000
1695213177013959226 160.503378 0.000000
1695213177073336097 160.465941 0.000000
1695213177454062682 160.561743 0.000000
1695213177542168140 160.418636 0.000000
1695213177577715711 160.527624 0.000000
1695213177898252730 163.076229 0.000000
1695213178009502050 166.283245 0.000000
1695213178254686154 160.400378 0.000000
1695213178314661246 166.859273 0.000000
1695213178379380728 160.424428 0.000000
1695213178521129614 160.428629 0.000000
1695213178574544603 163.195209 0.000000
1695213178622501480 160.440927 0.000000
1695213178857230518 160.591980 0.000000
1695213178893203163 160.458559 0.000000
1695213178910718802 160.468066 0.000000
1695213178928109238 160.462930 0.000000
1695213179176841015 160.358395 0.000000
1695213179265299751 160.377047 0.000000
1695213179352826662 160.503422 0.000000
1695213179584485204 160.678104 0.000000
1695213179761082884 160.426188 0.000000
1695213179901678392 160.486253 0.000000
1695213179905857082 160.532485 0.000000
1695213180477343581 160.560018 0.000000
1695213181143550787 160.475788 0.000000
1695213181159770657 160.527808 0.000000
1695213181497183002 160.541300 0.000000
1695213181668928165 160.502409 0.000000
1695213181875623889 160.468902 0.000000
1695213182027166093 160.402500 0.000000
1695213182165237832 160.493434 0.000000
1695213182253502400 160.502598 0.000000
1695213182348438127 160.378286 0.000000
1695213182364373350 160.413097 0.000000
1695213182466546835 160.485330 0.000000
1695213182524907338 160.501537 0.000000
1695213182695954653 160.603575 0.000000
1695213182872381240 160.435053 0.000000
1695213182927375952 160.474053 0.000000
1695213183248707225 160.616404 0.000000
1695213183332576988 160.576338 0.000000
1695213183386452293 160.481746 0.000000
1695213183581416359 160.455005 0.000000
1695213183618169527 160.560589 0.000000
1695213183756577428 160.363556 0.000000
1695213183828539383 160.433458 0.000000
1695213183916870179 160.421541 0.000000
1695213183989052557 160.504513 0.000000
1695213184027820654 160.537916 0.000000
1695213184237840469 160.429711 0.000000
1695213184342532596 160.508443 0.000000
1695213184359003761 160.511485 0.000000
1695213184393249608 160.560654 0.000000
1695213185017114253 160.485305 0.000000
1695213185102604927 160.393669 0.000000
1695213185172841219 160.438570 0.000000
1695213185508630693 160.644468 0.000000
1695213185598301731 160.687544 0.000000
1695213185651809860 160.413847 0.000000
1695213185838313982 160.472598 0.000000
1695213185951962274 160.425058 0.000000
1695213186005503557 160.469360 0.000000
1695213186133016603 160.431688 0.000000
1695213186165895694 160.436230 0.000000
1695213186199833061 160.431087 0.000000
1695213186199929289 160.446814 0.000000
1695213186278121682 160.408381 0.000000
1695213186293462706 160.420122 0.000000
1695213186465291286 160.564934 0.000000
1695213186630815935 160.448317 0.000000
1695213186802516819 160.579412 0.000000
1695213186873566458 160.526304 0.000000
1695213187144859303 160.568708 0.000000
1695213187299248313 160.412935 0.000000
1695213187316611217 160.449589 0.000000
1695213187371114756 160.367900 0.000000
1695213187421230370 160.530885 0.000000
1695213187498829563 160.469125 0.000000
1695213187636472437 160.513764 0.000000
1695213187741403983 160.462920 0.000000
1695213188007341483 160.406164 0.000000
1695213188112384698 160.500919 0.000000
1695213188394705692 160.550745 0.000000
1695213188410846272 160.516796 0.000000
1695213188432079373 160.386694 0.000000
1695213188504359792 160.513358 0.000000
1695213188571481248 160.612103 0.000000
1695213188592621612 160.522396 0.000000
1695213188714279159 160.690700 0.000000
1695213188740554859 160.531099 0.000000
1695213188908934555 160.617871 0.000000
1695213189145544068 160.443887 0.000000
1695213189316672686 160.455889 0.000000
1695213189477173965 160.480009 0.000000
1695213189725871272 160.577604 0.000000
1695213189758439520 160.458577 0.000000
1695213189830284428 160.488184 0.000000
1695213189864023759 160.480431 0.000000
1695213189864703860 160.443585 0.000000
1695213189886331868 160.436389 0.000000
1695213190057339569 160.537288 0.000000
1695213190101437457 160.486000 0.000000
1695213190256182233 160.529580 0.000000
1695213190383554235 160.749541 0.000000
1695213190393634150 160.441189 0.000000
1695213190466360762 160.483763 0.000000
1695213190499554940 160.506487 0.000000
1695213190554045746 160.392087 0.000000
1695213190571459957 160.494172 0.000000
1695213190576965908 160.441631 0.000000
1695213190604694996 160.426958 0.000000
1695213190640855936 160.528142 0.000000
1695213190875031917 160.543559 0.000000
1695213190925097400 160.473612 0.000000
1695213190979419092 160.486104 0.000000
1695213190997238911 160.554333 0.000000
1695213191228564439 160.684891 0.000000
1695213191333848641 160.513011 0.000000
1695213191444805593 160.518810 0.000000
1695213191511423543 160.685881 0.000000
1695213191693765043 160.543282 0.000000
1695213191742781276 160.549837 0.000000
1695213191854229574 160.441641 0.000000
1695213192118734549 160.495676 0.000000
1695213192433581176 160.508390 0.000000
1695213192986273970 160.589549 0.000000
1695213193012649373 160.397521 0.000000
1695213193086051342 160.494869 0.000000
1695213193108232285 160.554688 0.000000
1695213193232518758 160.584598 0.000000
1695213193340937746 160.535228 0.000000
1695213193599365815 160.589799 0.000000
1695213193615167757 160.574978 0.000000
1695213193766638496 160.566971 0.000000
1695213193984757099 160.521149 0.000000
1695213194113188868 160.617377 0.000000
1695213194289977955 160.637461 0.000000
1695213194339839152 160.652356 0.000000
1695213194489938704 160.512653 0.000000
1695213194603637996 160.560301 0.000000
1695213194715794784 160.547455 0.000000
1695213194904244329 160.526944 0.000000
1695213194940970428 160.493139 0.000000
1695213194987928911 160.434192 0.000000
1695213195064921471 160.615430 0.000000
1695213195153149171 160.452460 0.000000
1695213195366710628 160.374944 0.000000
1695213195422939710 160.632374 0.000000
1695213195583357056 160.545028 0.000000
1695213195703895357 160.500142 0.000000
1695213195792433899 160.554592 0.000000
1695213195870912544 160.444579 0.000000
1695213195976237869 160.559630 0.000000
1695213196025303135 160.512520 0.000000
1695213196499288929 160.489030 0.000000
1695213196755329695 160.482066 0.000000
1695213196781974142 160.606881 0.000000
1695213196836472069 160.442110 0.000000
1695213197003927289 160.488704 0.000000
1695213197391036922 160.547200 0.000000
1695213197632003001 160.414595 0.000000
1695213197700789627 160.503022 0.000000
1695213197777479968 160.572177 0.000000
1695213197792565676 160.546402 0.000000
1695213198037946271 160.477642 0.000000
1695213198091647954 160.542076 0.000000
1695213198339897772 160.994167 0.000000
1695213198389962106 160.635610 0.000000
1695213198499637228 160.565747 0.000000
1695213198644974764 160.404715 0.000000
1695213198925136955 160.384906 0.000000
1695213199070609033 160.533665 0.000000
1695213199190275664 160.494755 0.000000
1695213199295716550 160.401721 0.000000
1695213199468789622 160.450886 0.000000
1695213199616119574 160.550281 0.000000
1695213199640009099 160.401395 0.000000
1695213199754136176 160.639313 0.000000
1695213199894459622 160.475602 0.000000
1695213199977151847 160.492477 0.000000
1695213200082170939 160.622117 0.000000
1695213200428395162 160.506662 0.000000
1695213200494823929 160.541610 0.000000
1695213200533619334 160.507479 0.000000
1695213200595987132 160.492068 0.000000
1695213200645579042 160.523835 0.000000
1695213200748955661 160.520648 0.000000
1695213200849825512 160.461850 0.000000
1695213200861095662 160.474226 0.000000
1695213201363929985 160.600719 0.000000
1695213201425444647 160.599952 0.000000
1695213201535867243 160.489704 0.000000
1695213201555823830 160.553688 0.000000
1695213201785008057 160.724145 0.000000
1695213201894092371 160.524010 0.000000
1695213202053137847 160.496265 0.000000
1695213202142982986 160.448011 0.000000
1695213202373699510 160.509605 0.000000
1695213202701490749 160.469655 0.000000
1695213202777301551 160.410490 0.000000
1695213202829838539 160.592844 0.000000
1695213202927912490 160.435412 0.000000
1695213202954266079 160.559131 0.000000
1695213203064445562 160.528882 0.000000
1695213203176761338 160.407290 0.000000
1695213203560880654 160.504238 0.000000
1695213203611729232 160.589992 0.000000
1695213203730172382 160.590739 0.000000
1695213203826017169 160.573198 0.000000
1695213203874829663 160.519709 0.000000
1695213203890598804 160.396859 0.000000
1695213203998889442 160.446013 0.000000
1695213204124015194 160.766151 0.000000
1695213204221312283 160.438626 0.000000
1695213204284522820 160.483545 0.000000
1695213204462664753 160.614374 0.000000
1695213204693835532 160.527072 0.000000
1695213204833933884 160.657675 0.000000
1695213204912646430 160.525430 0.000000
1695213205011439508 160.588891 0.000000
1695213205043294436 160.518795 0.000000
1695213205112474041 160.544867 0.000000
1695213205131531967 160.526855 0.000000
1695213205296308438 160.612800 0.000000
1695213205346775966 160.511425 0.000000
1695213205348622536 160.464405 0.000000
1695213205414403735 160.532025 0.000000
1695213205557546443 160.693177 0.000000
1695213205597405486 160.433223 0.000000
1695213205684049823 160.577287 0.000000
1695213205840202404 160.518677 0.000000
1695213205917825973 160.484205 0.000000
1695213205932867114 160.494720 0.000000
1695213205955994134 160.489759 0.000000
1695213206087951069 160.658646 0.000000
1695213206319889151 160.510939 0.000000
1695213206429621028 160.450216 0.000000
1695213206513726965 160.555452 0.000000
1695213206568916729 160.639983 0.000000
1695213206602185442 160.640269 0.000000
1695213206739926671 160.507043 0.000000
1695213206823781648 160.492930 0.000000
1695213206978882532 160.453071 0.000000
1695213207129594138 160.722570 0.000000
1695213207242454194 160.575713 0.000000
1695213207385859363 160.652264 0.000000
1695213207787546133 160.465859 0.000000
1695213207990200125 160.388724 0.000000
1695213208022716620 160.428687 0.000000
1695213208209666986 160.381952 0.000000
1695213208439381698 160.523377 0.000000
1695213208625357919 160.536290 0.000000
1695213208655055410 160.552265 0.000000
1695213208812240402 160.459433 0.000000
1695213208972792670 160.618442 0.000000
1695213208995233292 160.474257 0.000000
1695213209028431754 160.761555 0.000000
1695213209080763133 160.401473 0.000000
1695213209565045045 160.560990 0.000000
1695213209725496308 160.428460 0.000000
1695213209748958420 160.482990 0.000000
1695213209994282126 160.672377 0.000000
1695213210415909439 160.572490 0.000000
1695213210544639339 160.525762 0.000000
1695213210598888025 160.532462 0.000000
1695213210724933404 160.728493 0.000000
1695213210930149179 160.635376 0.000000
1695213211068373517 160.502768 0.000000
1695213211201431114 160.595393 0.000000
1695213211589660855 160.649398 0.000000
1695213211857922023 160.678076 0.000000
1695213211994888271 160.495642 0.000000
1695213212062801655 160.522995 0.000000
1695213212103533071 160.452415 0.000000
1695213212184690701 160.511387 0.000000
1695213212223438440 160.608474 0.000000
1695213212316390135 160.540345 0.000000
1695213212514928534 160.664107 0.000000
1695213212529447745 160.621429 0.000000
1695213212650266613 160.498443 0.000000
1695213212657814701 160.429050 0.000000
1695213212737437759 160.435622 0.000000
1695213212908344865 160.355604 0.000000
1695213212918775605 160.490068 0.000000
1695213212990258909 160.445289 0.000000
1695213213029048219 160.642886 0.000000
1695213213052027307 160.369508 0.000000
1695213213117456777 160.592170 0.000000
1695213213199860414 160.523751 0.000000
1695213213216069053 160.541120 0.000000
1695213213366483971 160.578944 0.000000
1695213213693430748 160.613094 0.000000
1695213213775667538 160.458564 0.000000
1695213214008343600 160.561393 0.000000
1695213214015441820 160.504375 0.000000
1695213214388531743 160.667343 0.000000
1695213214731834810 160.501183 0.000000
1695213214914658015 160.652319 0.000000
1695213215079128922 160.482990 0.000000
1695213215157395576 160.397772 0.000000
1695213215285540563 160.478398 0.000000
1695213215319142581 160.953227 0.000000
1695213215376446413 160.604017 0.000000
1695213215427804920 160.542378 0.000000
1695213215498044467 160.579165 0.000000
1695213215671477260 160.406270 0.000000
1695213215781651163 160.445528 0.000000
1695213216123806041 160.558731 0.000000
1695213216193578858 160.504079 0.000000
1695213216241918034 160.532184 0.000000
1695213216542738745 160.617443 0.000000
1695213216631073030 160.579049 0.000000
1695213216686568243 160.552527 0.000000
1695213216814631663 160.394039 0.000000
1695213216826507252 160.439288 0.000000
1695213217180390355 160.535522 0.000000
1695213217197361140 160.531919 0.000000
1695213217306071752 160.505828 0.000000
1695213217326850234 160.487275 0.000000
1695213217664526332 160.720006 0.000000
1695213217694271100 160.636518 0.000000
1695213217946826365 160.625265 0.000000
1695213218082494534 160.871654 0.000000
1695213218119813445 160.587030 0.000000
1695213218243122882 160.603780 0.000000
1695213218294864720 160.506826 0.000000
1695213218300358321 160.432768 0.000000
1695213218349896270 160.555053 0.000000
1695213218372621217 160.559442 0.000000
1695213218401409492 160.440391 0.000000
1695213218460883219 160.517837 0.000000
1695213218532719467 160.737507 0.000000
1695213218621434402 160.445092 0.000000
1695213218720564516 160.528274 0.000000
1695213218863746563 160.382350 0.000000
1695213218974811213 160.452223 0.000000
1695213219047015162 160.484168 0.000000
1695213219079376728 160.586886 0.000000
1695213219103726231 160.547229 0.000000
1695213219207492909 160.453270 0.000000
1695213219367939233 160.419376 0.000000
1695213219568389932 160.453622 0.000000
1695213219722248297 160.361592 0.000000
1695213219887740457 160.455010 0.000000
1695213219971323178 160.606131 0.000000
1695213220220236496 160.497136 0.000000
1695213220438372890 160.535185 0.000000
1695213220469238926 160.528519 0.000000
1695213220598849661 160.453817 0.000000
1695213220638281383 160.556686 0.000000
1695213221055432264 160.673566 0.000000
1695213221143271672 160.481393 0.000000
1695213221160098476 160.452609 0.000000
1695213221301363286 160.436656 0.000000
1695213221417686836 160.591502 0.000000
1695213221445813326 160.462922 0.000000
1695213221532537304 160.405600 0.000000
1695213221715372827 160.602247 0.000000
1695213221728245023 160.477842 0.000000
1695213221932354868 160.466165 0.000000
1695213222011718852 160.606195 0.000000
1695213222419193776 160.599003 0.000000
1695213222665795799 160.490000 0.000000
1695213222671449741 160.477135 0.000000
1695213222895018487 160.416335 0.000000
1695213223234200269 160.523728 0.000000
1695213223533254264 160.467224 0.000000
1695213223676076178 160.574540 0.000000
1695213223748312643 160.433710 0.000000
1695213224028067169 160.588173 0.000000
1695213224082261633 160.490632 0.000000
1695213224205359594 160.878280 0.000000
1695213224347206048 160.468209 0.000000
1695213224592412770 160.903242 0.000000
1695213224674431327 160.491233 0.000000
1695213224684530632 160.490213 0.000000
1695213224720809319 160.531006 0.000000
1695213224804740587 160.438162 0.000000
1695213224861436671 160.459272 0.000000
1695213225070024397 160.469224 0.000000
1695213225198694559 160.448333 0.000000
1695213225276903282 160.536613 0.000000
1695213225584167805 160.512742 0.000000
1695213225588666704 160.435329 0.000000
1695213225779944992 160.369162 0.000000
1695213226384066395 160.380144 0.000000
1695213226540408715 160.433257 0.000000
1695213226552537133 160.408931 0.000000
1695213226613403173 160.481916 0.000000
1695213226752208759 160.325322 0.000000
1695213226912666938 160.442952 0.000000
1695213227011446586 160.654963 0.000000
1695213227163344084 160.384619 0.000000
1695213227340058954 160.572897 0.000000
1695213227392623102 160.452050 0.000000
1695213227569549267 160.487033 0.000000
1695213227689687570 160.518045 0.000000
1695213227702745423 160.514200 0.000000
1695213227729905907 160.444889 0.000000
1695213227849613054 160.495293 0.000000
1695213227870343906 160.419829 0.000000
1695213228115214699 160.429788 0.000000
1695213228205655629 160.594105 0.000000
1695213228215805196 160.582485 0.000000
1695213228332400722 160.440903 0.000000
1695213228368290199 160.820194 0.000000
1695213228481834992 160.516801 0.000000
1695213228705573740 160.532358 0.000000
1695213228842949362 160.540495 0.000000
1695213228885169130 160.526012 0.000000
1695213228894285550 160.518113 0.000000
1695213228984903121 160.509790 0.000000
1695213229075214376 160.434064 0.000000
1695213229614813056 160.614388 0.000000
1695213229675786204 160.639797 0.000000
1695213229725830017 160.481604 0.000000
1695213229855689930 160.307174 0.000000
1695213229938693256 160.423742 0.000000
1695213230056016734 160.631468 0.000000
1695213230283390180 160.567729 0.000000
1695213230304863322 160.458691 0.000000
1695213230642114191 160.416056 0.000000
1695213230703674729 160.562703 0.000000
1695213230792290875 160.478105 0.000000
1695213230802560705 160.421537 0.000000
1695213230974234968 160.473708 0.000000
1695213231000725956 160.457373 0.000000
1695213231124667198 160.471104 0.000000
1695213231129342738 160.444227 0.000000
1695213231180169402 160.356813 0.000000
1695213231342514302 160.568772 0.000000
1695213231517846531 160.764752 0.000000
1695213231780002118 160.397255 0.000000
1695213231836580065 160.496493 0.000000
1695213231883202278 160.552663 0.000000
1695213231940487107 160.462284 0.000000
1695213232121748722 160.546460 0.000000
1695213232147423452 160.492083 0.000000
1695213232162740434 160.538006 0.000000
1695213232185475204 160.347772 0.000000
1695213232200478865 160.455318 0.000000
1695213232273781998 160.452640 0.000000
1695213232439070280 160.400735 0.000000
1695213232562244912 160.525992 0.000000
1695213232838984671 160.642988 0.000000
1695213232948530677 160.582232 0.000000
1695213232969259693 160.553926 0.000000
1695213233141276890 160.432669 0.000000
1695213233478446955 160.605324 0.000000
1695213233483136056 160.551666 0.000000
1695213233550821393 160.489988 0.000000
1695213233623924150 160.450435 0.000000
1695213233836429534 160.386141 0.000000
1695213233952369894 160.616994 0.000000
1695213233976381766 160.487658 0.000000
1695213234136905587 160.361506 0.000000
1695213234137467663 160.346880 0.000000
1695213234340271237 160.425728 0.000000
1695213234703660837 160.487677 0.000000
1695213234958988462 160.597981 0.000000
1695213235004246864 160.574649 0.000000
