1694825392361791167 203.746694 79.751036 79 16 0.000000
1694825393370025633 200.370572 80.338449 81 16 0.000000
1694825394371433602 203.817705 76.891739 77 16 0.000000
1694825395352168412 201.044651 80.551847 79 16 0.000000
1694825396370985663 205.844519 76.559363 78 16 0.000000
1694825397367102590 209.230451 76.296264 76 16 0.000000
1694825398352016479 202.091832 82.240691 81 16 0.000000
1694825399356940068 200.846508 77.617842 78 16 0.000000
1694825400353340340 204.037596 81.292643 81 16 0.000000
1694825401356414300 206.589065 76.764031 77 16 0.000000
1694825402378647458 202.209198 79.238273 81 16 0.000000
1694825403356736405 202.577589 76.680141 75 16 0.000000
1694825404348797281 204.125095 80.640223 80 16 0.000000
1694825405378293018 208.702529 74.793896 77 16 0.000000
1694825406364528360 206.797564 77.060708 76 16 0.000000
1694825407373222693 207.033504 77.327679 78 16 0.000000
1694825408384392179 200.458419 79.116330 80 16 0.000000
1694825409377515220 201.733443 78.540107 78 16 0.000000
1694825410383331582 201.934892 78.543159 79 16 0.000000
1694825411361829475 203.739763 81.757975 80 16 0.000000
1694825412387690043 206.780819 77.008520 79 16 0.000000
1694825413389253734 204.668175 74.882908 75 16 0.000000
1694825414360076882 203.101274 82.404292 80 16 0.000000
1694825415378842038 204.504465 78.526439 80 16 0.000000
1694825416388153279 202.485009 79.261973 80 16 0.000000
1694825417378968222 205.842039 78.723078 78 16 0.000000
1694825418384784890 206.952420 75.560488 76 16 0.000000
1694825419387633219 205.983525 77.778470 78 16 0.000000
1694825420387644419 204.507136 78.999095 79 16 0.000000
1694825421396034272 204.225443 77.351043 78 16 0.000000
1694825422395603212 204.696063 77.033210 77 16 0.000000
1694825423392969332 206.818356 78.205993 78 16 0.000000
1694825424385147759 206.749912 76.599119 76 16 0.000000
1694825425368210100 204.355459 79.343896 78 16 0.000000
1694825426401882469 206.533168 79.328821 82 16 0.000000
1694825427383132891 205.686661 76.433081 75 16 0.000000
1694825428393329491 204.530059 77.212703 78 16 0.000000
1694825429401753444 204.412487 79.331701 80 16 0.000000
1694825430370770599 209.905277 76.366047 74 16 0.000000
1694825431400943144 201.052730 79.598319 82 16 0.000000
1694825432378472407 204.353939 76.724032 75 16 0.000000
1694825433377702924 206.965275 78.060071 78 16 0.000000
1694825434391413496 209.924381 75.958565 77 16 0.000000
1694825435396585517 208.367217 75.608959 76 16 0.000000
1694825436409455065 201.658221 78.983508 80 16 0.000000
1694825437367930379 206.563107 80.335922 77 16 0.000000
1694825438404762181 205.009689 76.193651 79 16 0.000000
1694825439407106696 205.091119 77.817556 78 16 0.000000
1694825440407027880 204.084201 81.006384 81 16 0.000000
1694825441407273560 203.600581 75.981324 76 16 0.000000
1694825442415631432 204.484590 77.353510 78 16 0.000000
1694825443395352269 202.952469 80.635199 79 16 0.000000
1694825444419859501 207.220713 78.086323 80 16 0.000000
1694825445412462041 202.783858 78.581302 78 16 0.000000
1694825446419743518 203.471518 78.428921 79 16 0.000000
1694825447422058937 203.116820 76.822122 77 16 0.000000
1694825448418413759 200.741051 79.289027 79 16 0.000000
1694825449414786346 201.242756 80.291248 80 16 0.000000
1694825450415715433 204.213070 78.926666 79 16 0.000000
1694825451362785778 205.537048 80.247476 76 16 0.000000
1694825452419767216 203.828743 76.633323 81 16 0.000000
1694825453427355765 207.822996 76.420083 77 16 0.000000
1694825454426837942 202.341188 81.041965 81 16 0.000000
1694825455401809379 202.508220 81.028014 79 16 0.000000
1694825456403993312 203.303277 75.834388 76 16 0.000000
1694825457398062557 201.775677 79.471319 79 16 0.000000
1694825458418801744 205.160587 77.394894 79 16 0.000000
1694825459418287551 207.690696 78.040135 78 16 0.000000
1694825460432815851 206.231950 77.868692 79 16 0.000000
1694825461405657393 204.166165 78.121659 76 16 0.000000
1694825462436292786 202.694884 77.622025 80 16 0.000000
1694825463422492258 207.368563 78.077506 77 16 0.000000
1694825464388921677 203.777215 80.709482 78 16 0.000000
1694825465431314688 210.113389 75.787142 79 16 0.000000
1694825466435102351 206.764434 75.713231 76 16 0.000000
1694825467402265323 205.080875 76.512433 74 16 0.000000
1694825468439426233 201.516646 79.061985 82 16 0.000000
1694825469442949699 203.280745 77.726148 78 16 0.000000
1694825470426426545 202.681961 80.327246 79 16 0.000000
1694825471432882241 201.335432 78.493267 79 16 0.000000
1694825472435654067 203.801653 80.776107 81 16 0.000000
1694825473443940383 205.685432 76.367200 77 16 0.000000
1694825474443430828 204.968465 76.038743 76 16 0.000000
1694825475445587532 205.644013 81.823542 82 16 0.000000
1694825476445086055 203.315461 78.039122 78 16 0.000000
1694825477444927081 210.035424 73.011610 73 16 0.000000
1694825478449595977 203.213954 80.623577 81 16 0.000000
1694825479435676677 203.454085 78.086916 77 16 0.000000
1694825480447931442 205.353070 78.043594 79 16 0.000000
1694825481429683049 204.442458 79.449839 78 16 0.000000
1694825482426507802 203.320672 80.254821 80 16 0.000000
1694825483440163387 206.402106 76.949211 78 16 0.000000
1694825484443917113 206.269911 76.712046 77 16 0.000000
1694825485438719018 201.899737 78.407571 78 16 0.000000
1694825486439375356 208.031708 77.948850 78 16 0.000000
1694825487457689699 202.447797 78.561192 80 16 0.000000
1694825488440976370 204.736438 77.291802 76 16 0.000000
1694825489451097046 207.182791 76.228517 77 16 0.000000
1694825490459977582 206.299282 79.295815 80 16 0.000000
1694825491460915546 204.442583 80.924092 81 16 0.000000
1694825492462623264 207.113195 74.872141 75 16 0.000000
1694825493459550692 210.134461 78.240406 78 16 0.000000
1694825494464384869 203.698783 77.624748 78 16 0.000000
1694825495462848182 201.711870 78.120037 78 16 0.000000
1694825496455169264 205.286790 80.619082 80 16 0.000000
1694825497461022460 204.162188 75.557749 76 16 0.000000
1694825498466372592 206.698086 77.584911 78 16 0.000000
1694825499465253215 207.713653 76.085153 76 16 0.000000
1694825500451430122 208.420618 81.121347 80 16 0.000000
1694825501448747666 205.194470 75.201736 75 16 0.000000
1694825502460872772 204.974641 78.053576 79 16 0.000000
1694825503462790070 204.813519 77.850743 78 16 0.000000
1694825504459468690 206.702066 77.256585 77 16 0.000000
1694825505471122360 201.853800 80.066934 81 16 0.000000
1694825506463484354 203.481043 77.592659 77 16 0.000000
1694825507475163961 200.758984 81.053328 82 16 0.000000
1694825508456783302 203.940045 78.441825 77 16 0.000000
1694825509460299474 207.453513 75.733703 76 16 0.000000
1694825510458892051 204.434948 79.111348 79 16 0.000000
1694825511475683825 204.341701 78.678835 80 16 0.000000
1694825512472996312 203.494435 78.210196 78 16 0.000000
1694825513472381432 203.071222 77.047376 77 16 0.000000
1694825514471713753 203.004795 79.052760 79 16 0.000000
1694825515480925304 204.839719 78.278941 79 16 0.000000
1694825516483165780 206.325217 77.825632 78 16 0.000000
1694825517483166767 206.339436 75.999925 76 16 0.000000
1694825518475001384 205.869501 78.642143 78 16 0.000000
1694825519470785305 207.082892 79.334481 79 16 0.000000
1694825520471511950 204.076230 75.944815 76 16 0.000000
1694825521478809972 205.012808 80.413140 81 16 0.000000
1694825522454986582 202.662623 76.830362 75 16 0.000000
1694825523489034568 203.305271 79.299994 82 16 0.000000
1694825524461080713 204.356466 78.185587 76 16 0.000000
1694825525490540971 205.558275 77.710639 80 16 0.000000
1694825526471651921 200.805402 80.520946 79 16 0.000000
1694825527479780958 203.275969 80.346874 81 16 0.000000
1694825528489309114 205.226712 75.282677 76 16 0.000000
1694825529474266674 204.012576 77.160692 76 16 0.000000
1694825530494169872 212.754626 76.477856 78 16 0.000000
1694825531490193892 202.557730 78.311353 78 16 0.000000
1694825532496246543 204.736339 78.524723 79 16 0.000000
1694825533500989202 204.725868 77.631816 78 16 0.000000
1694825534490956814 202.790082 80.810724 80 16 0.000000
1694825535496473540 199.128534 78.566567 79 16 0.000000
1694825536486456287 205.238856 79.799384 79 16 0.000000
1694825537466710562 204.101356 79.571169 78 16 0.000000
1694825538501930645 200.516618 80.176198 83 16 0.000000
1694825539505636589 204.697362 74.723081 75 16 0.000000
1694825540506905724 203.774690 80.897339 81 16 0.000000
1694825541507392455 204.841107 75.963020 76 16 0.000000
1694825542468654007 205.655513 79.062766 76 16 0.000000
1694825543495917161 206.590890 77.876840 80 16 0.000000
1694825544508358619 200.907745 79.016904 80 16 0.000000
1694825545498617908 204.172908 78.767249 78 16 0.000000
1694825546483525056 206.318452 78.179961 77 16 0.000000
1694825547497965742 202.699096 77.875437 79 16 0.000000
1694825548496388080 200.070216 80.126410 80 16 0.000000
1694825549514275216 207.152311 76.629312 78 16 0.000000
1694825550505911532 201.820019 80.674736 80 16 0.000000
1694825551507592281 203.248583 77.869128 78 16 0.000000
1694825552515355573 204.492083 77.399118 78 16 0.000000
1694825553499992589 205.935946 77.185809 76 16 0.000000
1694825554497499581 205.912225 79.197441 79 16 0.000000
1694825555510294999 202.214405 78.001930 79 16 0.000000
1694825556502704677 201.139019 79.604232 79 16 0.000000
1694825557500999416 203.048327 80.136644 80 16 0.000000
1694825558516609051 204.091931 77.785794 79 16 0.000000
1694825559520319761 204.305422 78.707938 79 16 0.000000
1694825560521549430 203.415012 76.905443 77 16 0.000000
