1694262734563675606 72.371744 208.624523 195 16 0.000000
1694262735577307689 72.397587 207.175762 210 16 0.000000
1694262736590918087 72.365781 207.180196 210 16 0.000000
1694262737604006158 72.355774 194.454959 197 16 0.000000
1694262738617553366 72.358647 165.754489 168 16 0.000000
1694262739630936000 72.379523 140.124760 142 16 0.000000
1694262740571870588 72.360520 138.160504 130 16 0.000000
1694262741585205334 72.376055 138.157709 140 16 0.000000
1694262742598622876 72.396384 138.146415 140 16 0.000000
1694262743612539705 72.380093 138.078386 140 16 0.000000
1694262744625799321 72.376750 138.167954 140 16 0.000000
1694262745639833938 72.380216 138.062314 140 16 0.000000
1694262746581417935 72.427290 133.817080 126 16 0.000000
1694262747594928933 72.382758 111.493608 113 16 0.000000
1694262748608741346 72.396928 110.474091 112 16 0.000000
1694262749622533537 72.404834 110.476290 112 16 0.000000
1694262750635696356 72.353578 110.544902 112 16 0.000000
1694262751649459509 72.385183 110.479470 112 16 0.000000
1694262752590533051 72.378986 109.449466 103 16 0.000000
1694262753604444611 72.401038 96.655360 98 16 0.000000
1694262754617543615 72.362168 96.732912 98 16 0.000000
1694262755631102184 72.400927 86.822807 88 16 0.000000
1694262756644799250 72.390848 82.864993 84 16 0.000000
1694262757658510809 72.374672 82.863808 84 16 0.000000
1694262758599099274 72.338356 82.926809 78 16 0.000000
1694262759612259677 72.364251 77.973831 79 16 0.000000
1694262760626086676 72.396743 69.045313 70 16 0.000000
1694262761640269365 72.425429 69.021095 70 16 0.000000
1694262762654437727 72.425223 69.022071 70 16 0.000000
1694262763595186494 72.347763 69.093896 65 16 0.000000
1694262764608632162 72.380975 69.071292 70 16 0.000000
1694262765622741627 72.402050 69.026079 70 16 0.000000
1694262766636591202 72.412013 69.043773 70 16 0.000000
1694262767649992396 72.370598 69.074322 70 16 0.000000
1694262768663441352 72.383666 56.243582 57 16 0.000000
1694262769604773164 72.384740 55.240881 52 16 0.000000
1694262770618131163 72.364079 55.261814 56 16 0.000000
1694262771631694514 72.380597 55.250615 56 16 0.000000
1694262772645143714 72.374105 55.256841 56 16 0.000000
1694262773658508745 72.360901 55.261424 56 16 0.000000
1694262774671925916 72.377214 55.258592 56 16 0.000000
1694262775613593145 72.418199 55.221206 52 16 0.000000
1694262776627015187 72.370018 55.258319 56 16 0.000000
1694262777640804880 72.387098 55.238282 56 16 0.000000
1694262778654211282 72.379391 55.259174 56 16 0.000000
1694262779668192269 72.404408 55.227859 56 16 0.000000
1694262780609505480 72.390278 55.241976 52 16 0.000000
1694262781622987999 72.358461 55.255023 56 16 0.000000
1694262782635968260 72.355527 55.282420 56 16 0.000000
1694262783650089985 72.424479 55.220194 56 16 0.000000
1694262784663916324 72.390053 55.236286 56 16 0.000000
1694262785677253635 72.363443 55.262940 56 16 0.000000
1694262786618276261 72.366466 55.259034 52 16 0.000000
1694262787631389257 72.350778 55.275175 56 16 0.000000
1694262788644973076 72.364439 55.249500 56 16 0.000000
1694262789657932290 72.350259 45.411504 46 16 0.000000
1694262790671198508 72.364036 30.594128 31 16 0.000000
1694262791685249637 72.392384 27.612020 28 16 0.000000
1694262792625896134 72.347813 27.640564 26 16 0.000000
1694262793639680806 72.395727 27.619277 28 16 0.000000
1694262794653049476 72.345580 27.630619 28 16 0.000000
1694262795666211928 72.353882 27.636236 28 16 0.000000
1694262796679361919 72.340711 27.636579 28 16 0.000000
1694262797620115281 72.337782 27.637425 26 16 0.000000
1694262798633547774 72.380072 27.628874 28 16 0.000000
1694262799647145931 72.380978 27.624362 28 16 0.000000
1694262800660100178 72.331079 27.641924 28 16 0.000000
1694262801673505000 72.358621 27.629629 28 16 0.000000
1694262802686897767 72.372838 27.629953 28 16 0.000000
1694262803628698112 72.423427 27.606702 26 16 0.000000
1694262804642282725 72.367747 27.624729 28 16 0.000000
1694262805655407604 72.351586 27.637263 28 16 0.000000
1694262806668647671 72.351581 27.634123 28 16 0.000000
1694262807682071881 72.367374 27.629100 28 16 0.000000
1694262808623478397 72.396960 27.618250 26 16 0.000000
1694262809637318860 72.398660 27.617757 28 16 0.000000
1694262810650539201 72.348756 27.634660 28 16 0.000000
1694262811664036923 72.370078 27.627098 28 16 0.000000
1694262812677250669 72.352449 27.634842 28 16 0.000000
1694262813690574191 72.359469 27.631844 28 16 0.000000
1694262814631919854 72.387774 27.620037 26 16 0.000000
1694262815645358219 72.363419 27.628714 28 16 0.000000
1694262816658567865 72.355927 27.634952 28 16 0.000000
1694262817671816656 72.351120 27.633886 28 16 0.000000
1694262818685163655 72.360295 27.631204 28 16 0.000000
1694262819698133811 72.326525 27.641486 28 16 0.000000
1694262820638849834 72.345555 27.638525 26 16 0.000000
1694262821652186329 72.364290 27.631488 28 16 0.000000
1694262822666041553 72.389094 27.617357 28 16 0.000000
1694262823679247116 72.346071 27.635064 28 16 0.000000
1694262824692493965 72.362087 27.633936 28 16 0.000000
1694262825633377159 72.353549 27.633612 26 16 0.000000
1694262826646573712 72.352137 27.635311 28 16 0.000000
1694262827660444773 72.389285 27.616923 28 16 0.000000
1694262828673976038 72.382013 27.626182 28 16 0.000000
1694262829687766862 72.388631 27.619110 28 16 0.000000
1694262830701117664 72.364776 27.631102 28 16 0.000000
1694262831642148793 72.359952 27.629268 26 16 0.000000
1694262832655725013 72.372627 27.624957 28 16 0.000000
1694262833668824531 72.348403 27.637956 28 16 0.000000
1694262834681809161 72.324492 27.641091 28 16 0.000000
1694262835694872450 72.345543 27.638945 28 16 0.000000
1694262836636075648 72.382719 27.624214 26 16 0.000000
1694262837649609857 72.377637 27.626103 28 16 0.000000
1694262838662990283 72.358648 27.630281 28 16 0.000000
1694262839676206823 72.340357 27.634779 28 16 0.000000
1694262840689477894 72.365905 27.633276 28 16 0.000000
1694262841703261032 72.388783 27.619319 28 16 0.000000
1694262842644605946 72.390538 27.620054 26 16 0.000000
1694262843658206694 72.380419 27.624290 28 16 0.000000
1694262844671579458 72.360338 27.630505 28 16 0.000000
1694262845684909402 72.362362 27.631672 28 16 0.000000
1694262846651522487 74.303785 26.898047 26 16 0.000000
1694262847681559240 73.069869 27.183491 28 16 0.000000
1694262848694696367 72.360042 27.636930 28 16 0.000000
1694262849708305224 72.367592 27.624068 28 16 0.000000
1694262850707890707 72.373699 27.011196 27 16 0.000000
1694262851663000466 72.369670 28.269002 27 16 0.000000
1694262852676817102 72.388918 27.618407 28 16 0.000000
1694262853690385410 72.359537 27.625173 28 16 0.000000
1694262854703773871 72.358541 27.630076 28 16 0.000000
1694262855703591088 72.386629 27.004936 27 16 0.000000
1694262856716514865 72.340693 27.642752 28 16 0.000000
1694262857671410635 72.362598 28.275336 27 16 0.000000
1694262858685080691 72.391451 27.622401 28 16 0.000000
1694262859698637794 72.392560 27.625479 28 16 0.000000
1694262860712076603 72.379231 27.628702 28 16 0.000000
1694262861713406938 72.370860 26.964130 27 16 0.000000
1694262862667233915 72.395679 28.307019 27 16 0.000000
1694262863680611372 72.355968 27.630378 28 16 0.000000
1694262864693736370 72.341836 27.637260 28 16 0.000000
1694262865706832482 72.353420 27.638049 28 16 0.000000
1694262866720200198 72.360054 27.630644 28 16 0.000000
1694262867721638690 72.402942 26.961216 27 16 0.000000
1694262868675351765 72.372146 28.310399 27 16 0.000000
1694262869688474735 72.358555 27.637320 28 16 0.000000
1694262870701773809 72.377196 27.632509 28 16 0.000000
1694262871715460179 72.372774 27.621956 28 16 0.000000
1694262872717040099 72.373254 26.957411 27 16 0.000000
1694262873671074996 72.364654 28.300850 27 16 0.000000
1694262874684491478 72.344738 27.629311 28 16 0.000000
1694262875697887844 72.372369 27.629861 28 16 0.000000
1694262876711080551 72.391383 27.635413 28 16 0.000000
1694262877724667100 72.374779 27.624676 28 16 0.000000
1694262878726374000 72.399991 26.953996 27 16 0.000000
1694262879679881191 72.347834 28.316510 27 16 0.000000
1694262880693396749 72.360671 27.626614 28 16 0.000000
1694262881706871262 72.343854 27.627727 28 16 0.000000
1694262882719954526 72.353601 27.638398 28 16 0.000000
1694262883720651070 72.374323 26.981210 27 16 0.000000
1694262884674041092 72.341677 28.319996 27 16 0.000000
1694262885687222675 72.356983 27.635714 28 16 0.000000
1694262886700954540 72.363523 27.620715 28 16 0.000000
1694262887714577395 72.380433 27.623688 28 16 0.000000
1694262888727765063 72.356577 27.635552 28 16 0.000000
1694262889729737294 72.406173 26.946853 27 16 0.000000
1694262890681677442 72.316044 28.363125 27 16 0.000000
1694262891695023763 72.345021 27.631227 28 16 0.000000
1694262892708153921 72.345030 27.637120 28 16 0.000000
1694262893721654320 72.353898 27.627023 28 16 0.000000
1694262894735194407 72.369544 27.625943 28 16 0.000000
1694262895736081373 72.359831 26.976071 27 16 0.000000
1694262896689460637 72.348394 28.320316 27 16 0.000000
1694262897702891174 72.366051 27.628929 28 16 0.000000
1694262898716172629 72.371711 27.632993 28 16 0.000000
1694262899729669741 72.367443 27.627114 28 16 0.000000
1694262900731184647 72.360048 26.959161 27 16 0.000000
1694262901683768342 72.360392 28.343964 27 16 0.000000
1694262902697269419 72.379593 27.627005 28 16 0.000000
