1694353399292233795 130.588041 8236.517322 8231 159 0.000000
1694353400330265430 131.760698 1220.579359 1267 160 0.000000
1694353401340078487 131.014206 1213.095898 1225 160 0.000000
1694353402350336648 131.383358 1222.459744 1235 160 0.000000
1694353403363230931 130.358015 1224.214674 1240 160 0.000000
1694353404373703644 131.951666 1209.334820 1222 160 0.000000
1694353405382929593 132.190785 1216.774290 1228 160 0.000000
1694353406394695295 131.510092 1221.626541 1236 160 0.000000
1694353407403321093 130.911304 1220.472451 1231 159 0.000000
1694353408413713662 131.523560 1215.369168 1228 160 0.000000
1694353409424259651 131.881827 1205.289120 1218 160 0.000000
1694353410433308661 131.207743 1221.942738 1233 160 0.000000
1694353411444692071 130.949845 1226.043463 1240 160 0.000000
1694353412451709506 130.703367 1226.393648 1235 160 0.000000
1694353413465648694 130.598065 1213.090527 1230 160 0.000000
1694353414476910024 130.599880 1227.180509 1241 160 0.000000
1694353415485713762 130.627939 1224.222179 1235 160 0.000000
1694353416500032822 131.333252 1222.495007 1240 159 0.000000
1694353417508731424 131.214311 1219.392798 1230 160 0.000000
1694353418520967419 130.726672 1220.071433 1235 160 0.000000
1694353419533077054 131.274044 1219.235357 1234 160 0.000000
1694353420545353898 132.699419 1208.167624 1223 160 0.000000
1694353421556073606 132.464943 1213.986504 1227 160 0.000000
1694353422565532574 131.118970 1218.474319 1230 160 0.000000
1694353423574234767 131.441989 1206.500769 1217 160 0.000000
1694353424586287366 131.649748 1224.244797 1239 160 0.000000
1694353425598471033 130.619980 1222.110264 1237 160 0.000000
1694353426605806517 131.702014 1210.123185 1219 160 0.000000
1694353427615461160 132.063868 1213.285962 1225 159 0.000000
1694353428627438061 131.514295 1215.442878 1230 160 0.000000
1694353429637905226 132.815773 1207.362250 1220 160 0.000000
1694353430647610219 132.289433 1202.331453 1214 160 0.000000
1694353431657641424 132.184517 1210.853608 1223 160 0.000000
1694353432667801993 130.398919 1229.507678 1242 160 0.000000
1694353433674846186 130.592260 1230.333096 1239 160 0.000000
1694353434687027602 131.730773 1209.269506 1224 160 0.000000
1694353435696945291 130.768237 1234.754131 1247 160 0.000000
1694353436708475410 130.825353 1208.070835 1222 160 0.000000
1694353437719390951 131.066876 1224.632279 1238 160 0.000000
1694353438731471543 131.420583 1209.390065 1224 160 0.000000
1694353439741261182 133.231121 1209.162620 1221 160 0.000000
1694353440753523962 130.845895 1220.039027 1235 160 0.000000
1694353441761519914 131.859445 1208.337993 1218 160 0.000000
1694353442774765783 131.451990 1225.763744 1242 160 0.000000
1694353443780866493 132.049297 1210.614406 1218 160 0.000000
1694353444794155426 131.446624 1219.790251 1236 160 0.000000
1694353445806620607 130.445338 1225.721140 1241 160 0.000000
1694353446817510176 131.756146 1212.793361 1226 160 0.000000
1694353447826891714 130.264520 1228.474978 1240 160 0.000000
1694353448836313705 130.632275 1227.434929 1239 160 0.000000
1694353449849080575 131.244124 1223.381504 1239 160 0.000000
1694353450860339634 131.238053 1212.350084 1226 160 0.000000
1694353451872578501 130.694189 1227.971021 1243 160 0.000000
1694353452880819443 131.979587 1202.093639 1212 160 0.000000
1694353453889634170 131.895059 1228.173764 1239 160 0.000000
1694353454898265996 131.072756 1208.567853 1219 160 0.000000
1694353455909239653 130.564523 1229.507937 1243 160 0.000000
1694353456918444895 131.146512 1222.744147 1234 160 0.000000
1694353457924175746 131.585640 1214.042672 1221 160 0.000000
1694353458930883682 130.805939 1215.844281 1224 160 0.000000
1694353459942315080 131.573868 1215.109412 1229 160 0.000000
1694353460946705543 130.708088 1232.588488 1238 160 0.000000
1694353461959493406 131.473355 1213.482019 1229 160 0.000000
1694353462970554081 131.412947 1221.489714 1235 160 0.000000
1694353463973969687 130.444301 1221.826452 1226 160 0.000000
1694353464985972299 129.995034 1219.364485 1234 160 0.000000
1694353465995276733 130.204531 1240.458386 1252 160 0.000000
1694353467006681411 130.005618 1227.995190 1242 160 0.000000
1694353468014155080 130.701882 1219.882926 1229 160 0.000000
1694353469023525947 133.246455 1196.784960 1208 160 0.000000
1694353470032100328 132.657461 1212.602863 1223 160 0.000000
1694353471042337297 132.494701 1212.586718 1225 160 0.000000
1694353472054676597 131.680321 1213.031922 1228 160 0.000000
1694353473064126175 130.538040 1229.382986 1241 160 0.000000
1694353474070861604 132.800556 1199.917911 1208 160 0.000000
1694353475086972873 130.025274 1229.196178 1249 160 0.000000
1694353476096021547 131.020572 1227.889339 1239 160 0.000000
1694353477108739173 131.483418 1208.629018 1224 160 0.000000
1694353478117973732 131.621745 1212.800198 1224 160 0.000000
1694353479126123201 130.839765 1226.008938 1236 160 0.000000
1694353480138031045 131.415062 1218.490114 1233 160 0.000000
1694353481147027473 132.026949 1218.042033 1229 160 0.000000
1694353482160549360 130.348744 1224.443400 1241 160 0.000000
1694353483170890072 130.508001 1226.318904 1239 159 0.000000
1694353484182416744 130.245262 1226.858307 1241 159 0.000000
1694353485190837086 130.420045 1221.712950 1232 160 0.000000
1694353486201799029 131.539603 1218.641311 1232 160 0.000000
1694353487209573235 129.511256 1241.349435 1251 160 0.000000
1694353488218225553 130.676707 1218.457392 1229 160 0.000000
1694353489228230535 130.001904 1231.677203 1244 160 0.000000
1694353490238516280 130.562845 1221.436477 1234 159 0.000000
1694353491250079532 130.506696 1223.848362 1238 160 0.000000
1694353492261615000 131.382924 1216.961784 1231 159 0.000000
1694353493271569772 131.369519 1222.827223 1235 160 0.000000
1694353494280714883 131.073768 1216.871589 1228 160 0.000000
1694353495285432903 129.928760 1228.205073 1234 160 0.000000
1694353496298427238 131.512420 1221.132187 1237 160 0.000000
1694353497306427085 130.656442 1220.238481 1230 160 0.000000
1694353498310615531 129.962394 1236.819618 1242 160 0.000000
1694353499318790946 130.626019 1223.993327 1234 160 0.000000
1694353500330568996 131.484318 1214.693162 1229 160 0.000000
1694353501340675511 130.817761 1220.663346 1233 160 0.000000
1694353502350317786 128.997340 1251.928626 1264 160 0.000000
1694353503359791250 131.187109 1211.522837 1223 160 0.000000
1694353504365533614 131.438418 1211.045547 1218 160 0.000000
1694353505370434432 132.333183 1223.006333 1229 160 0.000000
1694353506385656823 132.036175 1197.767152 1216 160 0.000000
1694353507394432567 130.311215 1224.256144 1235 160 0.000000
1694353508405881588 129.885111 1238.816817 1253 160 0.000000
1694353509414968422 131.230012 1225.860727 1237 160 0.000000
1694353510425981759 131.066082 1218.579375 1232 160 0.000000
1694353511437962672 131.414112 1217.414476 1232 160 0.000000
1694353512447091594 130.050530 1231.755309 1243 160 0.000000
1694353513456782972 129.409255 1242.954115 1255 160 0.000000
1694353514468457240 130.164961 1221.737109 1236 160 0.000000
1694353515479355355 130.122056 1230.588944 1244 160 0.000000
1694353516487635466 131.993870 1207.997435 1218 160 0.000000
1694353517496701307 131.686747 1218.949200 1230 160 0.000000
1694353518509100464 130.820134 1221.850114 1237 160 0.000000
1694353519518276926 131.832268 1202.961249 1214 160 0.000000
1694353520528953552 130.911630 1217.995887 1231 159 0.000000
1694353521538473852 130.408522 1244.155084 1256 160 0.000000
1694353522547554694 131.053185 1221.904233 1233 160 0.000000
1694353523559760263 131.769175 1207.264537 1222 160 0.000000
1694353524570253972 131.482601 1215.247512 1228 160 0.000000
1694353525580430109 131.757530 1217.609589 1230 160 0.000000
1694353526589701821 130.536942 1220.682159 1232 160 0.000000
1694353527600952313 130.145823 1236.093409 1250 160 0.000000
1694353528611844185 130.637850 1217.736405 1231 160 0.000000
1694353529621322863 130.166092 1231.328804 1243 160 0.000000
1694353530632739518 129.741371 1232.923934 1247 160 0.000000
1694353531642501252 131.075757 1216.128501 1228 159 0.000000
1694353532653576007 130.867602 1221.472595 1235 160 0.000000
1694353533664281699 131.027081 1228.844391 1242 160 0.000000
1694353534672292085 130.812744 1228.161824 1238 160 0.000000
1694353535681149354 131.330517 1209.288972 1220 159 0.000000
1694353536691218123 130.544087 1226.649274 1239 160 0.000000
1694353537700243875 129.694190 1233.863524 1245 160 0.000000
1694353538705552074 129.220811 1238.426211 1245 160 0.000000
1694353539712066237 130.790274 1226.013271 1234 160 0.000000
1694353540723099536 130.185968 1219.544470 1233 159 0.000000
1694353541734561134 131.443029 1221.994123 1236 160 0.000000
1694353542746466628 131.785541 1215.528567 1230 160 0.000000
1694353543754065412 130.337193 1234.618426 1244 160 0.000000
1694353544764165204 131.404774 1209.781394 1222 160 0.000000
1694353545776499924 131.096225 1215.013057 1230 160 0.000000
1694353546784730324 130.150831 1233.844961 1244 160 0.000000
1694353547794786838 130.135720 1226.664114 1239 160 0.000000
1694353548803565816 131.312033 1221.278322 1232 160 0.000000
1694353549815172106 129.863529 1232.693112 1247 160 0.000000
1694353550825121003 129.662894 1227.784895 1240 160 0.000000
1694353551834018977 130.254367 1230.054898 1241 160 0.000000
1694353552845458597 131.454040 1216.088587 1230 160 0.000000
1694353553854204085 130.872583 1225.284161 1236 160 0.000000
1694353554866126551 129.318526 1241.201924 1256 160 0.000000
1694353555879465729 131.290251 1214.795469 1231 159 0.000000
1694353556891342012 130.396212 1230.387526 1245 159 0.000000
1694353557902558621 132.347115 1212.401135 1226 160 0.000000
1694353558909123092 130.892964 1218.997877 1227 160 0.000000
1694353559921733145 130.566137 1225.545934 1241 160 0.000000
1694353560929699741 131.032940 1219.286381 1229 160 0.000000
