1695208360864737634 144.668277 0.000000
1695208362673503907 144.695695 0.000000
1695208362963661108 144.613302 0.000000
1695208363324653370 144.599118 0.000000
1695208363324947309 144.522127 0.000000
1695208366001990032 144.462561 0.000000
1695208366507674759 144.582280 0.000000
1695208367158763244 144.536581 0.000000
1695208367521451278 144.564029 0.000000
1695208368028232305 144.656510 0.000000
1695208368534335798 144.529981 0.000000
1695208369258547008 144.425614 0.000000
1695208369402883871 144.562739 0.000000
1695208369475858204 144.557542 0.000000
1695208370126154896 144.591471 0.000000
1695208370778037913 144.621828 0.000000
1695208372225575957 144.597471 0.000000
1695208372514806357 144.683624 0.000000
1695208372659120375 144.565574 0.000000
1695208372732543280 144.434499 0.000000
1695208373456193231 144.830137 0.000000
1695208373528811753 144.911176 0.000000
1695208373600675433 144.828378 0.000000
1695208374035090613 144.702124 0.000000
1695208374108341649 144.723369 0.000000
1695208375121459592 144.508330 0.000000
1695208375339374662 144.436011 0.000000
1695208375484163189 144.555599 0.000000
1695208375628755860 144.586377 0.000000
1695208376062786218 144.726694 0.000000
1695208376207734223 144.704072 0.000000
1695208376714919176 144.448301 0.000000
1695208377220891853 144.620640 0.000000
1695208378305891403 144.597752 0.000000
1695208378306947578 144.468295 0.000000
1695208378740270789 144.534941 0.000000
1695208379318849301 144.397657 0.000000
1695208379680699503 144.508075 0.000000
1695208379753100151 144.485739 0.000000
1695208380042765809 144.518966 0.000000
1695208380548943968 144.705545 0.000000
1695208380621360731 144.578528 0.000000
1695208380911793461 144.464153 0.000000
1695208381490656058 144.519938 0.000000
1695208383226472511 144.406232 0.000000
1695208383877150044 144.600563 0.000000
1695208384528582110 144.589944 0.000000
1695208384817759545 144.518866 0.000000
1695208385398278803 144.498650 0.000000
1695208385613949356 144.650617 0.000000
1695208385614157328 144.577503 0.000000
1695208385616433743 144.571735 0.000000
1695208386989002980 144.984380 0.000000
1695208388002226354 144.406920 0.000000
1695208388002611479 144.412615 0.000000
1695208388798348964 144.389677 0.000000
1695208389304561283 144.733320 0.000000
1695208389738297436 144.373962 0.000000
1695208390607382137 144.562171 0.000000
1695208391547644218 144.811794 0.000000
1695208391909572875 144.371391 0.000000
1695208392489885360 144.638237 0.000000
1695208393356735475 144.703177 0.000000
1695208393429344110 144.593079 0.000000
1695208394515429470 144.569902 0.000000
1695208394731887143 144.612572 0.000000
1695208397192044566 144.483262 0.000000
1695208397481151724 144.467218 0.000000
1695208397554976484 144.731984 0.000000
1695208398131945824 144.573195 0.000000
1695208398639752451 144.502754 0.000000
1695208398929024327 144.559353 0.000000
1695208399580535189 144.845378 0.000000
1695208399942867937 144.611157 0.000000
1695208400304561477 144.382327 0.000000
1695208400593833757 144.514530 0.000000
1695208400738423984 144.503555 0.000000
1695208401098409296 144.425237 0.000000
1695208401389009978 144.730385 0.000000
1695208402690878007 144.779211 0.000000
1695208403196519837 144.795865 0.000000
1695208403558025383 144.366797 0.000000
1695208403631137619 144.431284 0.000000
1695208403631161260 144.499819 0.000000
1695208404643327104 144.451696 0.000000
1695208405005623706 144.979252 0.000000
1695208405367099705 144.610440 0.000000
1695208405439072739 144.559280 0.000000
1695208406019202628 144.928207 0.000000
1695208406452711557 145.081207 0.000000
1695208406453622810 144.595986 0.000000
1695208406526070523 144.638059 0.000000
1695208406886428209 144.504156 0.000000
1695208407611544301 144.478429 0.000000
1695208408190073571 144.779441 0.000000
1695208408407691818 144.563026 0.000000
1695208408408296696 144.478239 0.000000
1695208409277043008 144.481995 0.000000
1695208410363192166 144.493452 0.000000
1695208410363235102 144.472755 0.000000
1695208410724917000 144.423064 0.000000
1695208412026912876 144.571656 0.000000
1695208412243782602 144.423731 0.000000
1695208412317181460 144.538649 0.000000
1695208414705076966 144.580544 0.000000
1695208414705162706 144.388903 0.000000
1695208414777006126 144.566127 0.000000
1695208415573910520 144.469271 0.000000
1695208416947978768 144.587072 0.000000
1695208417165069656 144.648976 0.000000
1695208417888990632 144.481387 0.000000
1695208417889718734 144.590283 0.000000
1695208418251433394 144.424270 0.000000
1695208418540040014 144.582671 0.000000
1695208418903226355 144.593498 0.000000
1695208419119510622 144.580579 0.000000
1695208419336237746 144.411957 0.000000
1695208420205026697 144.702821 0.000000
1695208420495380035 144.732714 0.000000
1695208420639539104 144.621992 0.000000
1695208421436215110 144.558025 0.000000
1695208422812610556 144.458072 0.000000
1695208423102199023 144.486484 0.000000
1695208423392303838 144.613235 0.000000
1695208423536518525 144.558488 0.000000
1695208423609066768 144.605937 0.000000
1695208425710414630 144.556460 0.000000
1695208427012372889 144.471474 0.000000
1695208427517498921 144.637297 0.000000
1695208427806960122 144.757210 0.000000
1695208428169955566 144.602180 0.000000
1695208428241171320 144.656406 0.000000
1695208429109376899 144.683981 0.000000
1695208429110288377 144.496859 0.000000
1695208429398942840 144.646925 0.000000
1695208429543562267 144.534657 0.000000
1695208430991071846 144.452531 0.000000
1695208431497750844 144.737693 0.000000
1695208431642282476 144.467095 0.000000
1695208432366006698 144.669061 0.000000
1695208434031418874 144.734880 0.000000
1695208434609955033 144.426622 0.000000
1695208434827584390 144.609964 0.000000
1695208434899308974 144.720672 0.000000
1695208435189031941 144.559385 0.000000
1695208435911567941 144.677069 0.000000
1695208436491579474 144.579413 0.000000
1695208438010900581 144.437660 0.000000
1695208438662519482 144.625793 0.000000
1695208438735412375 144.691459 0.000000
1695208438807038368 144.510922 0.000000
1695208438879736237 144.688806 0.000000
1695208439096684341 144.676887 0.000000
1695208440617178870 144.598107 0.000000
1695208441341195147 144.485982 0.000000
1695208441992284223 144.563849 0.000000
1695208441992976188 144.490382 0.000000
1695208444019619248 144.456600 0.000000
1695208444380723368 144.710227 0.000000
1695208445252094346 144.609193 0.000000
1695208445321809931 144.654303 0.000000
1695208446192719029 144.448374 0.000000
1695208446699930812 144.650340 0.000000
1695208447855401685 144.601988 0.000000
1695208449233462470 144.560965 0.000000
1695208449520889405 144.602828 0.000000
1695208450464022588 144.739867 0.000000
1695208450536035714 144.646760 0.000000
1695208451331328588 144.688052 0.000000
1695208452054902839 144.371715 0.000000
1695208452706577693 144.401657 0.000000
1695208453285497734 144.404065 0.000000
1695208453502825574 144.934293 0.000000
1695208454298795995 144.547909 0.000000
1695208454804866554 144.555917 0.000000
1695208454806128288 144.516912 0.000000
1695208455891154579 144.351462 0.000000
1695208456541513240 144.526300 0.000000
1695208456686496521 144.703498 0.000000
1695208456975758183 144.562782 0.000000
1695208457482922076 144.524968 0.000000
1695208457916568486 144.614431 0.000000
1695208458206349220 144.808284 0.000000
1695208458279032796 144.663302 0.000000
1695208458640953014 144.522534 0.000000
1695208458858108660 144.516307 0.000000
1695208459364996681 144.594907 0.000000
1695208459654831815 144.587213 0.000000
1695208460017038934 144.753168 0.000000
1695208460667643482 144.465903 0.000000
1695208461246489244 144.781409 0.000000
1695208461318989513 144.504894 0.000000
1695208463057073461 144.581426 0.000000
1695208463129680212 144.781372 0.000000
1695208463852776138 144.759899 0.000000
1695208463853479416 144.542905 0.000000
1695208464215139822 144.844590 0.000000
1695208466314229657 144.720344 0.000000
1695208467906765534 144.615377 0.000000
1695208468196231150 144.518172 0.000000
1695208468702424587 144.692876 0.000000
1695208469282519388 144.509763 0.000000
1695208469789708573 144.710907 0.000000
1695208470006772320 144.477493 0.000000
1695208470150782961 144.490224 0.000000
1695208470223512914 144.730266 0.000000
1695208470657623221 144.559325 0.000000
1695208471092367139 144.846299 0.000000
1695208471454387626 144.795077 0.000000
1695208471598408080 144.602834 0.000000
1695208472329067562 144.608115 0.000000
1695208472329106069 144.484277 0.000000
1695208472691931475 144.492078 0.000000
1695208473703928525 144.639055 0.000000
1695208473704049627 144.556845 0.000000
1695208474066477733 144.785132 0.000000
1695208474067153833 144.600260 0.000000
1695208474791952114 145.233807 0.000000
1695208475369638960 144.556770 0.000000
1695208476020849074 144.623294 0.000000
1695208476673207569 144.620703 0.000000
1695208476744186180 144.583727 0.000000
1695208477034531212 144.677620 0.000000
1695208477035287554 144.542747 0.000000
1695208477179084088 144.536042 0.000000
1695208477469247468 144.442674 0.000000
1695208477758895042 144.451786 0.000000
1695208477830986036 144.526800 0.000000
1695208477975792808 144.448031 0.000000
1695208478120487514 144.639910 0.000000
1695208478337807675 145.145184 0.000000
1695208478410845330 145.287666 0.000000
1695208478772698416 144.471322 0.000000
1695208480148902935 144.678705 0.000000
1695208480437338438 144.626570 0.000000
1695208480437672087 144.565443 0.000000
1695208480726961757 144.756493 0.000000
1695208481523404660 144.937925 0.000000
1695208482319885168 144.539453 0.000000
1695208482391580893 144.662473 0.000000
1695208482899427340 144.507797 0.000000
1695208483188736307 145.052285 0.000000
1695208484057033836 144.469742 0.000000
1695208484708279967 144.561236 0.000000
1695208484854016581 144.605860 0.000000
1695208485288549540 144.558485 0.000000
1695208487531777205 144.638067 0.000000
1695208487533670812 144.508997 0.000000
1695208487677127441 144.536080 0.000000
1695208488184301882 144.497161 0.000000
1695208488473094457 144.709144 0.000000
1695208489343889480 144.756445 0.000000
1695208489559092403 144.607859 0.000000
1695208489632095671 144.638750 0.000000
1695208489922159344 144.644424 0.000000
1695208490285536120 144.548962 0.000000
1695208491224817168 144.489510 0.000000
1695208492022259886 144.519890 0.000000
1695208492745451267 144.576793 0.000000
1695208494265680361 144.676106 0.000000
1695208494699058291 144.602381 0.000000
1695208494989019200 144.654937 0.000000
1695208495207823973 144.493853 0.000000
1695208495280320068 144.525571 0.000000
1695208495567860221 144.693700 0.000000
1695208496872489427 144.600104 0.000000
1695208497449868396 144.998992 0.000000
1695208497885313670 144.718603 0.000000
1695208497956591560 144.717270 0.000000
1695208498319681721 144.496006 0.000000
1695208498752684597 144.620560 0.000000
1695208498970672805 144.750095 0.000000
1695208499405914448 144.693305 0.000000
1695208499476639889 144.532010 0.000000
1695208499693779495 144.591184 0.000000
1695208499912298459 144.560951 0.000000
1695208500489681763 144.591604 0.000000
1695208501286326509 144.674484 0.000000
1695208502083799392 144.727372 0.000000
1695208502589904572 144.523913 0.000000
1695208502879477117 144.642590 0.000000
1695208503168731611 144.487809 0.000000
1695208503675750082 144.579937 0.000000
1695208504255242028 145.198328 0.000000
1695208504472754626 144.864389 0.000000
1695208504906854525 144.478030 0.000000
1695208506282877393 144.402143 0.000000
1695208507224165795 144.819977 0.000000
1695208507585144757 144.838139 0.000000
1695208507729986520 144.516595 0.000000
1695208508960658958 145.055011 0.000000
1695208509032695211 144.582108 0.000000
1695208510046705803 144.634388 0.000000
1695208510264133288 144.853544 0.000000
1695208510553269970 144.593769 0.000000
1695208510915105203 144.738439 0.000000
1695208511350172699 144.435249 0.000000
1695208512362667094 144.483899 0.000000
1695208513521784459 144.613045 0.000000
1695208514390383111 144.887641 0.000000
1695208514461717092 144.694074 0.000000
1695208516272481615 144.918634 0.000000
1695208516778182711 144.817082 0.000000
1695208516995684094 144.791933 0.000000
1695208517429626888 144.494365 0.000000
1695208518660595648 144.769728 0.000000
1695208519095267457 144.383079 0.000000
1695208519239423954 144.535943 0.000000
1695208519746265341 144.419890 0.000000
1695208519891057766 144.488714 0.000000
1695208520036182452 144.477227 0.000000
1695208520470135446 144.597644 0.000000
1695208521338950400 144.460422 0.000000
1695208521989786244 144.756507 0.000000
1695208522713552826 144.490114 0.000000
1695208522931475276 144.653917 0.000000
1695208523220432999 144.475341 0.000000
1695208523220945750 144.589064 0.000000
1695208523727983324 144.498640 0.000000
1695208523872590106 144.598128 0.000000
1695208525029197457 144.541205 0.000000
1695208526259521334 144.683396 0.000000
1695208527127645888 144.705661 0.000000
1695208527200026178 144.590486 0.000000
1695208527634946518 145.235336 0.000000
1695208527635073048 144.918461 0.000000
1695208529082879094 144.717274 0.000000
1695208529155189099 144.628097 0.000000
1695208529299947312 144.717098 0.000000
1695208529300515301 144.463014 0.000000
