1693966492971071938 238.963209 0.000000
1693966493090688090 239.111639 0.000000
1693966493095391187 239.214974 0.000000
1693966493135157700 239.197378 0.000000
1693966493135206424 239.231051 0.000000
1693966493255128121 239.162006 0.000000
1693966493454426951 239.091435 0.000000
1693966493689591783 239.280258 0.000000
1693966493977374245 239.522661 0.000000
1693966494333467843 238.918210 0.000000
1693966494695982423 238.792649 0.000000
1693966494812600209 239.378481 0.000000
1693966494888263380 239.080459 0.000000
1693966495127530082 239.262126 0.000000
1693966495174861478 239.012309 0.000000
1693966495533905728 238.911138 0.000000
1693966495533933818 239.261782 0.000000
1693966495846575061 239.176300 0.000000
1693966495864207591 239.161981 0.000000
1693966495893492530 239.211756 0.000000
1693966496012732015 239.203544 0.000000
1693966496012818421 239.218975 0.000000
1693966496332000055 239.170382 0.000000
1693966496489653834 239.375760 0.000000
1693966496731069801 239.042975 0.000000
1693966496805077965 239.045786 0.000000
1693966497044248323 239.000178 0.000000
1693966497164265949 239.051474 0.000000
1693966497209444908 238.648417 0.000000
1693966497523345482 239.297372 0.000000
1693966497541193148 239.169737 0.000000
1693966497882305802 239.068565 0.000000
1693966497889438021 239.275070 0.000000
1693966498286667346 239.313412 0.000000
1693966498379469690 239.142540 0.000000
1693966498960763586 239.230589 0.000000
1693966499080573154 239.091361 0.000000
1693966499125862515 238.986366 0.000000
1693966499364461855 239.290863 0.000000
1693966499440605412 239.482865 0.000000
1693966499724015390 238.832064 0.000000
1693966499799647939 239.144720 0.000000
1693966499919420432 238.996376 0.000000
1693966500056894660 239.257431 0.000000
1693966500203004037 239.046009 0.000000
1693966500398658383 239.369265 0.000000
1693966500802097054 239.455601 0.000000
1693966500997584732 239.193614 0.000000
1693966501356900987 239.118010 0.000000
1693966501400820561 239.073074 0.000000
1693966501999600024 239.076776 0.000000
1693966501999766841 239.033766 0.000000
1693966502239117672 239.094611 0.000000
1693966502239266609 239.070515 0.000000
1693966502435886704 239.108315 0.000000
1693966502478371730 239.246936 0.000000
1693966502598429670 238.902797 0.000000
1693966502718245375 238.975518 0.000000
1693966502915308009 239.055166 0.000000
1693966502923309302 239.217077 0.000000
1693966503153079323 239.145072 0.000000
1693966503274111953 238.841421 0.000000
1693966503393418230 238.949016 0.000000
1693966503513087364 238.972681 0.000000
1693966503556573900 238.800737 0.000000
1693966503632018881 239.327321 0.000000
1693966503915792527 239.375702 0.000000
1693966504036269125 239.199368 0.000000
1693966504350565781 239.283909 0.000000
1693966504470167088 238.992266 0.000000
1693966504589907200 239.053519 0.000000
1693966504874640680 239.260413 0.000000
1693966505069032924 239.269636 0.000000
1693966505233946219 239.375401 0.000000
1693966505473799953 239.010781 0.000000
1693966505548356435 239.121005 0.000000
1693966505592911803 239.206389 0.000000
1693966506267445046 239.263666 0.000000
1693966506407258221 239.179616 0.000000
1693966506911422829 239.293786 0.000000
1693966507031378013 239.400769 0.000000
1693966507031438148 239.396910 0.000000
1693966507106419943 239.065968 0.000000
1693966507150609802 239.182377 0.000000
1693966507270560610 238.906004 0.000000
1693966507365038095 239.168384 0.000000
1693966507509652651 239.087697 0.000000
1693966507824691585 239.095027 0.000000
1693966507963471965 239.247482 0.000000
1693966508202644147 239.169541 0.000000
1693966508348071658 239.267003 0.000000
1693966508783432888 239.054507 0.000000
1693966509142948179 239.288593 0.000000
1693966509187432393 239.388715 0.000000
1693966509546654288 239.019734 0.000000
1693966509759818453 239.094030 0.000000
1693966509876960307 239.264528 0.000000
1693966510101965022 239.587932 0.000000
1693966510118804830 239.164738 0.000000
1693966510745129490 239.312963 0.000000
1693966510820659870 239.123563 0.000000
1693966511060145539 239.257835 0.000000
1693966511419435535 239.029834 0.000000
1693966511658740901 239.301858 0.000000
1693966512137628684 239.123814 0.000000
1693966512377082033 238.959515 0.000000
1693966512423268602 239.273080 0.000000
1693966512497419895 239.286824 0.000000
1693966512735737634 239.057443 0.000000
1693966512856117168 238.969683 0.000000
1693966512856220413 238.974525 0.000000
1693966512871674874 239.121786 0.000000
1693966512902541394 239.292912 0.000000
1693966513334778552 238.942658 0.000000
1693966513813061966 239.079449 0.000000
1693966513932940316 238.875684 0.000000
1693966513980024180 239.273124 0.000000
1693966514099833568 239.152523 0.000000
1693966514188515125 239.121099 0.000000
1693966514292167629 239.015695 0.000000
1693966514651423554 239.071282 0.000000
1693966514667513533 239.252311 0.000000
1693966514771272895 239.094369 0.000000
1693966514891080780 239.211751 0.000000
1693966515130492007 239.287710 0.000000
1693966515130537237 239.112172 0.000000
1693966515178673384 239.315301 0.000000
1693966515298486831 239.031510 0.000000
1693966515386007417 238.945108 0.000000
1693966515729634896 239.326766 0.000000
1693966515777535707 239.414322 0.000000
1693966516344554066 239.027870 0.000000
1693966516568302091 239.261137 0.000000
1693966516807733201 238.975136 0.000000
1693966516823294817 238.962505 0.000000
1693966516975805963 239.138814 0.000000
1693966517167012304 239.328969 0.000000
1693966517215625062 238.900043 0.000000
1693966517406323012 238.966277 0.000000
1693966517885406852 239.283740 0.000000
1693966518124530499 238.964742 0.000000
1693966518141026932 239.208610 0.000000
1693966518414069458 239.385380 0.000000
1693966518723873662 239.240776 0.000000
1693966518843466794 238.980936 0.000000
1693966518893326986 239.283518 0.000000
1693966519012970987 238.969224 0.000000
1693966519082888464 239.234419 0.000000
1693966519491983998 239.284217 0.000000
1693966519851137539 239.123797 0.000000
1693966520041355739 239.085053 0.000000
1693966520569935400 239.210644 0.000000
1693966520879889438 239.319766 0.000000
1693966521168467098 239.284249 0.000000
1693966521168554993 238.882044 0.000000
1693966521239167966 238.774860 0.000000
1693966521527894565 239.066292 0.000000
1693966521598036326 239.190686 0.000000
1693966521598644966 239.021081 0.000000
1693966521647869195 239.267641 0.000000
1693966521887105481 239.335743 0.000000
1693966521974775816 239.046387 0.000000
1693966522006899507 239.231871 0.000000
1693966522196674454 239.213555 0.000000
1693966522726025921 239.237444 0.000000
1693966522795244938 239.003110 0.000000
1693966522915088584 239.159553 0.000000
1693966522965745732 239.011595 0.000000
1693966523034747014 239.025918 0.000000
1693966523205592182 239.207164 0.000000
1693966523652142413 239.217814 0.000000
1693966523891737346 239.129606 0.000000
1693966524113516055 239.287725 0.000000
1693966524164586479 239.188300 0.000000
1693966524353250479 239.118412 0.000000
1693966524404044786 239.180617 0.000000
1693966524523709481 238.944329 0.000000
1693966524592680290 238.856499 0.000000
1693966524643377180 239.197365 0.000000
1693966524952421481 239.141610 0.000000
1693966524952510538 239.174045 0.000000
1693966525002690165 238.973303 0.000000
1693966525602258816 239.327208 0.000000
1693966525602318214 239.402413 0.000000
1693966525670790050 239.249599 0.000000
1693966525961818115 239.135094 0.000000
1693966526030166499 239.392929 0.000000
1693966526269615233 239.006015 0.000000
1693966526527699259 239.206059 0.000000
1693966526680508440 239.470755 0.000000
1693966526766971857 239.266881 0.000000
1693966526919919280 239.172862 0.000000
1693966526920319370 239.145964 0.000000
1693966527039619711 239.111995 0.000000
1693966527039721036 239.055624 0.000000
1693966527279443812 238.940918 0.000000
1693966527467463854 239.119452 0.000000
1693966527519093007 239.207077 0.000000
1693966527587397753 239.100184 0.000000
1693966527826887473 239.409685 0.000000
1693966527878482732 239.449540 0.000000
1693966527946526702 239.048742 0.000000
1693966528084892773 239.208905 0.000000
1693966528477251174 239.223280 0.000000
1693966528785217897 239.457131 0.000000
1693966528956176161 239.296729 0.000000
1693966529076126090 239.170719 0.000000
1693966529264197754 239.252141 0.000000
1693966529503991461 239.219978 0.000000
1693966529555158168 239.130786 0.000000
1693966529674896039 239.059557 0.000000
1693966529983208346 239.297931 0.000000
1693966530600763868 239.192828 0.000000
1693966530702126511 239.308520 0.000000
1693966530720735192 239.197270 0.000000
1693966530754080106 239.178457 0.000000
1693966530822530586 239.084731 0.000000
1693966530942434277 239.097599 0.000000
1693966530959837473 239.097254 0.000000
1693966531113600296 238.953987 0.000000
1693966531113677385 239.386468 0.000000
1693966531233560827 239.005596 0.000000
1693966531677947064 239.238965 0.000000
1693966531900327546 238.966173 0.000000
1693966532019878892 238.899407 0.000000
1693966532071985826 239.053396 0.000000
1693966532378977091 239.264985 0.000000
1693966532738196010 239.274531 0.000000
1693966532858250646 239.187854 0.000000
1693966533150361457 239.444429 0.000000
1693966533577240539 239.400848 0.000000
1693966533697175251 239.239548 0.000000
1693966533989057144 239.105626 0.000000
1693966534056226096 239.137696 0.000000
1693966534295788112 238.965329 0.000000
1693966534415310738 239.106133 0.000000
1693966534415364518 239.234632 0.000000
1693966534468347911 239.141083 0.000000
1693966534707506870 239.175848 0.000000
1693966534707534023 238.924098 0.000000
1693966534774367739 239.244308 0.000000
1693966535306607069 239.019459 0.000000
1693966535492718585 239.168345 0.000000
1693966535513228069 239.196340 0.000000
1693966535545948090 239.276365 0.000000
1693966535785672189 239.223926 0.000000
1693966535852250060 238.998190 0.000000
1693966535992215482 239.405180 0.000000
1693966536145539163 239.324310 0.000000
1693966536504728517 239.291476 0.000000
1693966536504771251 239.346764 0.000000
1693966536624230618 238.901962 0.000000
1693966537342983873 239.421261 0.000000
1693966537463491884 239.220540 0.000000
1693966537463562719 239.274967 0.000000
1693966537550032377 239.143416 0.000000
1693966538028717015 239.024982 0.000000
1693966538267863481 239.141870 0.000000
1693966538369580858 239.141125 0.000000
1693966538541292742 239.047918 0.000000
1693966538985952985 239.202897 0.000000
1693966539019824321 238.987865 0.000000
1693966539259374156 239.061135 0.000000
1693966539618367233 239.092615 0.000000
1693966539738322948 238.792869 0.000000
1693966540337477924 239.420300 0.000000
1693966540816588944 239.032051 0.000000
1693966540902437664 239.294501 0.000000
1693966541740473361 239.079523 0.000000
1693966542206954179 239.121468 0.000000
1693966542734508699 239.147086 0.000000
1693966542926171540 239.374505 0.000000
1693966543046198795 239.265653 0.000000
1693966543166077821 239.201888 0.000000
1693966543182518665 239.380039 0.000000
1693966543405325512 239.181391 0.000000
1693966543453369388 239.231838 0.000000
1693966543453396241 239.162421 0.000000
1693966543692593227 238.923575 0.000000
1693966543764812182 239.421463 0.000000
1693966543777649359 239.265443 0.000000
1693966543884775735 239.207021 0.000000
1693966543932231169 238.974209 0.000000
1693966544004416260 239.008142 0.000000
1693966544603483975 239.204158 0.000000
1693966544651561161 239.327878 0.000000
1693966544771534362 239.139225 0.000000
1693966544891495708 238.908772 0.000000
1693966544891685680 239.118465 0.000000
1693966545202500866 239.392977 0.000000
1693966545202565251 239.485116 0.000000
1693966545561590719 239.123996 0.000000
1693966545610172336 239.249207 0.000000
1693966546058883440 239.211254 0.000000
1693966546208807467 239.169652 0.000000
1693966546209882376 239.290964 0.000000
1693966546209950459 239.284749 0.000000
1693966546329566361 238.951088 0.000000
1693966546449080898 239.090250 0.000000
1693966546568507846 238.934319 0.000000
1693966546807740856 238.981830 0.000000
1693966546807806689 239.085992 0.000000
1693966546927230625 239.048133 0.000000
1693966546999484771 239.058814 0.000000
1693966547047068709 239.259719 0.000000
1693966547047675795 238.932885 0.000000
1693966547718366472 239.213216 0.000000
1693966547718479153 239.255088 0.000000
1693966547851949092 239.173680 0.000000
1693966547885654397 239.365652 0.000000
1693966548336329338 239.153914 0.000000
1693966549155768399 239.050005 0.000000
1693966549444333607 239.270488 0.000000
1693966549564087990 239.101704 0.000000
1693966549683559857 238.941874 0.000000
1693966549995183167 239.433161 0.000000
1693966550115085460 239.382309 0.000000
1693966550234477019 239.050026 0.000000
1693966550641117988 239.213959 0.000000
1693966550714191443 239.243082 0.000000
1693966550833352039 239.146988 0.000000
1693966550833387293 239.184890 0.000000
1693966550953913290 239.134858 0.000000
1693966550973109941 239.309538 0.000000
1693966551000423610 239.232338 0.000000
1693966551000882957 238.952016 0.000000
1693966551120386087 239.165217 0.000000
1693966551212106087 238.991820 0.000000
1693966551359704830 238.935433 0.000000
1693966551479664516 239.256654 0.000000
1693966552917363958 239.037912 0.000000
1693966553037166969 238.973015 0.000000
1693966553123637476 239.097652 0.000000
1693966553276153338 239.040595 0.000000
1693966553349922125 239.053466 0.000000
1693966553516149907 238.904325 0.000000
1693966553754951669 239.265661 0.000000
1693966554308661490 239.122728 0.000000
1693966554308677422 239.211816 0.000000
1693966554354194374 239.036592 0.000000
1693966554473603374 239.248114 0.000000
1693966554547971704 239.076601 0.000000
1693966554593247223 239.048565 0.000000
1693966554593318414 238.879276 0.000000
1693966554907356380 239.333996 0.000000
1693966554907383128 239.418257 0.000000
1693966555027331286 239.404140 0.000000
1693966555072257956 239.144432 0.000000
1693966555160190316 239.215507 0.000000
1693966555506539458 239.128166 0.000000
1693966555985442602 238.972578 0.000000
1693966555985948297 239.041498 0.000000
1693966556224970492 238.954412 0.000000
1693966556225607006 239.121008 0.000000
1693966556344766408 238.908081 0.000000
1693966556511251769 239.117875 0.000000
1693966556631233162 239.180304 0.000000
1693966556703882495 239.321856 0.000000
1693966557565390125 239.285394 0.000000
1693966557829969678 239.136117 0.000000
1693966557924396678 239.175794 0.000000
1693966558023040568 239.047715 0.000000
1693966558023119587 239.158197 0.000000
1693966558189359620 239.464769 0.000000
1693966558262406968 239.362069 0.000000
1693966558741741264 239.138473 0.000000
1693966558756411646 239.232229 0.000000
1693966558861298537 239.365856 0.000000
1693966558862140294 239.611220 0.000000
1693966559147508924 239.432493 0.000000
1693966559235315681 239.176294 0.000000
1693966559340562502 238.987360 0.000000
1693966559340668594 239.028715 0.000000
1693966559626726216 239.295881 0.000000
1693966559700043351 239.113879 0.000000
1693966560073980709 239.105385 0.000000
1693966560299121492 239.152833 0.000000
1693966560465819701 239.239499 0.000000
1693966560538877548 239.137980 0.000000
1693966560585795862 239.250070 0.000000
1693966560825446220 239.548962 0.000000
1693966560898217441 239.353058 0.000000
1693966561018032371 239.190669 0.000000
1693966561018091874 239.384706 0.000000
1693966561424539741 239.317660 0.000000
1693966561616610905 239.237964 0.000000
1693966561783527114 239.158435 0.000000
1693966562262609926 239.176734 0.000000
1693966562263218661 239.024559 0.000000
1693966562470463681 239.147755 0.000000
1693966562575621491 239.366047 0.000000
1693966562575679325 239.461810 0.000000
1693966562622237140 239.149624 0.000000
1693966562829365631 239.040185 0.000000
1693966562839604573 239.258186 0.000000
1693966563308176226 239.067192 0.000000
1693966563414509628 239.236075 0.000000
1693966563461089870 239.113875 0.000000
1693966563580970208 239.055717 0.000000
1693966563654060842 239.066668 0.000000
1693966563773593550 239.089783 0.000000
1693966564300479566 239.346401 0.000000
1693966564612596114 239.363504 0.000000
1693966564899594397 239.184589 0.000000
1693966564971790246 239.211374 0.000000
1693966565019212289 238.991088 0.000000
1693966565211490292 239.251604 0.000000
1693966565258417339 239.039189 0.000000
1693966565737137488 239.248345 0.000000
1693966565737159183 239.437596 0.000000
1693966566336087444 239.293675 0.000000
1693966566456269016 238.969775 0.000000
1693966566649712822 239.322584 0.000000
1693966566695259451 239.016385 0.000000
1693966566934533763 238.859653 0.000000
1693966566934604337 238.768256 0.000000
1693966567293843733 239.196620 0.000000
1693966567368114167 239.126538 0.000000
1693966567368171570 239.104622 0.000000
1693966567740499299 239.139103 0.000000
1693966567967123003 239.078512 0.000000
1693966568012469878 239.154948 0.000000
1693966568372117314 239.086985 0.000000
1693966568612163804 239.433305 0.000000
1693966568851397019 239.261621 0.000000
1693966569211013698 239.179654 0.000000
1693966569285421089 239.308198 0.000000
1693966569330431808 238.975989 0.000000
1693966569417497491 239.229716 0.000000
1693966569644748110 239.116313 0.000000
1693966569689483629 239.286849 0.000000
1693966569809691922 239.035675 0.000000
1693966570048783021 239.074680 0.000000
1693966570124042498 239.380275 0.000000
1693966570255386231 239.075453 0.000000
1693966570288060367 239.272198 0.000000
1693966570363258121 239.211313 0.000000
1693966571007005554 239.105163 0.000000
1693966571082629527 239.107581 0.000000
1693966571605721532 239.250875 0.000000
1693966571681240392 239.121329 0.000000
1693966572040385247 239.412439 0.000000
1693966572086069641 239.161711 0.000000
1693966572325395620 239.168462 0.000000
1693966572564661352 239.261061 0.000000
1693966572759314301 239.366341 0.000000
1693966572999026602 239.394944 0.000000
1693966573282267900 239.097540 0.000000
1693966573522637970 239.043070 0.000000
1693966573597437067 239.072489 0.000000
1693966573762290859 239.183093 0.000000
1693966573836588560 239.152687 0.000000
1693966573837230848 238.903151 0.000000
1693966573882087553 239.024989 0.000000
1693966574555288677 239.239065 0.000000
1693966574914492807 239.046758 0.000000
1693966575080598507 239.275138 0.000000
1693966575200436352 238.840613 0.000000
1693966575200610116 239.089456 0.000000
1693966575393480225 239.238789 0.000000
1693966575439685785 239.154723 0.000000
1693966575439791841 238.775822 0.000000
1693966575664584810 239.294628 0.000000
1693966576112800212 239.360562 0.000000
1693966576158952012 239.125575 0.000000
1693966576232768596 239.372780 0.000000
1693966576351999103 239.193949 0.000000
1693966576364293964 239.159700 0.000000
1693966576398201506 239.218997 0.000000
1693966576591116007 239.114188 0.000000
1693966577189989929 239.190865 0.000000
1693966577357294675 239.313030 0.000000
1693966577357296353 239.432859 0.000000
1693966577549503175 239.012111 0.000000
1693966577714460946 239.329809 0.000000
1693966577788757775 239.320317 0.000000
1693966577956333435 239.227561 0.000000
1693966578267925788 239.228642 0.000000
1693966578507294159 239.363951 0.000000
1693966578507365074 238.887398 0.000000
1693966578746498071 239.130786 0.000000
1693966578794830068 239.242787 0.000000
1693966578867324382 239.177936 0.000000
1693966578987203422 239.178477 0.000000
1693966579271480760 239.262681 0.000000
1693966579393809904 239.312974 0.000000
1693966579634262882 239.315088 0.000000
1693966579705430392 239.147955 0.000000
1693966579944604984 238.741750 0.000000
1693966580110155776 239.313464 0.000000
1693966580113839618 239.514812 0.000000
1693966580472014130 239.346891 0.000000
1693966580663064257 239.242405 0.000000
1693966580663138475 239.258993 0.000000
1693966580783035821 239.175995 0.000000
1693966581072475955 239.230047 0.000000
1693966581187792967 239.310970 0.000000
1693966581262194509 239.200363 0.000000
1693966581311725678 239.058233 0.000000
1693966581396529671 239.355312 0.000000
1693966581427021419 239.222498 0.000000
1693966581551136297 239.214959 0.000000
1693966581790537866 239.455715 0.000000
1693966582617413638 239.249403 0.000000
1693966582820799069 239.373684 0.000000
1693966582833350580 239.288981 0.000000
1693966582989268809 239.196500 0.000000
1693966583060513157 239.149010 0.000000
1693966583299720132 239.202544 0.000000
1693966583419656159 239.020683 0.000000
1693966583708612227 239.284928 0.000000
1693966583708634012 239.396633 0.000000
1693966583948309736 239.016978 0.000000
1693966584031130966 239.193007 0.000000
1693966584258821658 239.426192 0.000000
1693966584427093591 239.338707 0.000000
1693966584498018313 239.192069 0.000000
1693966584737363658 239.340273 0.000000
1693966584857376231 239.006687 0.000000
1693966585216224330 239.225616 0.000000
1693966585575460540 238.940385 0.000000
1693966585695424725 239.194996 0.000000
1693966585708461440 239.108891 0.000000
1693966585934608967 239.101429 0.000000
1693966586340186916 239.146564 0.000000
1693966586345233204 239.153987 0.000000
1693966586653541906 239.428534 0.000000
1693966586786210493 239.155393 0.000000
1693966586824009905 239.103859 0.000000
1693966587303297976 239.053795 0.000000
1693966587538459516 239.304944 0.000000
1693966587612537349 239.248357 0.000000
1693966587662358961 239.092913 0.000000
1693966587732311997 239.204497 0.000000
1693966587902086704 239.229936 0.000000
1693966588141215879 239.018283 0.000000
1693966588251243290 239.124967 0.000000
1693966588690681438 239.329478 0.000000
1693966588859925792 239.177690 0.000000
1693966589099519698 239.152410 0.000000
1693966589818488159 239.140632 0.000000
1693966590249287970 239.317057 0.000000
1693966590538064020 239.230499 0.000000
1693966590538108940 239.272802 0.000000
1693966590968182548 238.977713 0.000000
1693966591128232204 239.271028 0.000000
1693966591137275853 239.310626 0.000000
1693966591257459446 239.442706 0.000000
1693966591337735854 239.172257 0.000000
1693966591616701967 239.155193 0.000000
1693966591807455010 239.262642 0.000000
1693966591855783556 238.850777 0.000000
1693966592047152424 239.035576 0.000000
1693966592047179727 239.160025 0.000000
1693966592215257159 239.312931 0.000000
1693966592330596501 239.194776 0.000000
1693966592335093307 239.513336 0.000000
1693966592526420243 239.209990 0.000000
1693966592526476228 239.331272 0.000000
1693966592574314766 239.361844 0.000000
1693966592646319073 239.118918 0.000000
1693966592814348682 239.320022 0.000000
1693966592814455472 239.391841 0.000000
1693966592886140029 239.172054 0.000000
1693966593364671706 239.046257 0.000000
1693966593408495754 239.294930 0.000000
1693966594093006785 239.197198 0.000000
1693966594203482029 238.909608 0.000000
1693966594682262149 239.359252 0.000000
1693966594732033727 239.289017 0.000000
1693966595640680450 239.056687 0.000000
1693966595810618130 239.276208 0.000000
1693966595880519594 239.031893 0.000000
1693966595922275465 239.094873 0.000000
1693966596239950565 238.989944 0.000000
1693966596240010384 239.031946 0.000000
1693966596240178209 239.132945 0.000000
1693966596290013984 239.236005 0.000000
1693966596409676710 239.045120 0.000000
1693966596529288226 239.294419 0.000000
1693966596718670035 239.224815 0.000000
1693966596728927618 239.347408 0.000000
1693966596838957970 239.104215 0.000000
1693966596888597393 239.201902 0.000000
1693966596967960849 239.024746 0.000000
1693966597367982859 239.384517 0.000000
1693966597600331337 239.141376 0.000000
1693966597847372226 239.294345 0.000000
1693966598036966796 239.351299 0.000000
1693966598086786660 239.407514 0.000000
1693966598445819955 239.051636 0.000000
1693966598635557843 238.987649 0.000000
1693966598875020020 239.259617 0.000000
1693966599157550368 239.059050 0.000000
1693966599284878091 239.496340 0.000000
1693966599354156685 239.195474 0.000000
1693966599354220047 239.330878 0.000000
1693966599404694914 239.277368 0.000000
1693966599474149285 239.172499 0.000000
1693966599593471161 239.243812 0.000000
1693966599722783998 239.209617 0.000000
1693966600004221883 238.957356 0.000000
1693966600072605409 239.170155 0.000000
1693966600432128746 239.498412 0.000000
1693966600482829996 238.889164 0.000000
1693966600671257208 239.177415 0.000000
1693966600671327266 239.193543 0.000000
1693966601031654865 239.181635 0.000000
1693966601082094949 239.241387 0.000000
1693966601390544107 238.979773 0.000000
1693966601441227893 239.142989 0.000000
1693966601680530217 238.745711 0.000000
1693966601800369206 239.090227 0.000000
1693966601989371537 239.317365 0.000000
1693966602153114498 239.220493 0.000000
1693966602159703325 239.093337 0.000000
1693966602348414355 239.016101 0.000000
1693966602399692767 238.901799 0.000000
1693966602512181252 239.113184 0.000000
1693966602758522807 239.136784 0.000000
1693966603067665728 239.322557 0.000000
1693966603067729095 239.507682 0.000000
1693966603076514489 239.044202 0.000000
1693966603237674824 239.231676 0.000000
1693966603470186075 239.107782 0.000000
1693966603716586103 239.076908 0.000000
1693966604025527872 239.007447 0.000000
1693966604145342112 239.224891 0.000000
1693966604315707764 239.228120 0.000000
1693966604384612135 238.947033 0.000000
1693966604504285704 239.099741 0.000000
1693966604623685160 239.066485 0.000000
1693966604624126722 239.096765 0.000000
1693966604667619080 239.217991 0.000000
1693966604788518521 239.242880 0.000000
1693966604914558116 239.157009 0.000000
1693966604914624094 239.278602 0.000000
1693966605265702350 238.872930 0.000000
1693966605352208394 239.326374 0.000000
1693966605504770103 239.063257 0.000000
1693966605582069238 239.186171 0.000000
1693966605702063373 239.395144 0.000000
1693966605983672009 239.132400 0.000000
1693966605986213591 238.989789 0.000000
1693966606180922175 239.217969 0.000000
1693966606225387344 239.169458 0.000000
1693966606232285397 239.007722 0.000000
1693966606352418783 239.137062 0.000000
1693966607541136003 239.301103 0.000000
1693966607550565193 239.223136 0.000000
1693966607782609564 239.212210 0.000000
1693966607866733554 239.039769 0.000000
1693966608019910976 239.336022 0.000000
1693966608021875382 239.260415 0.000000
1693966608029535385 239.280578 0.000000
1693966608029609808 239.321518 0.000000
1693966608268789761 239.250005 0.000000
1693966608501007772 239.325429 0.000000
1693966608578240382 239.164731 0.000000
1693966608584982982 239.157644 0.000000
1693966608817530165 239.222792 0.000000
1693966608867781386 238.999291 0.000000
1693966608977751366 238.946458 0.000000
1693966609466531587 239.143377 0.000000
1693966609945648386 239.359513 0.000000
1693966610065648523 239.384597 0.000000
1693966610184908569 239.046365 0.000000
1693966610544128482 239.396759 0.000000
1693966610544284890 238.855250 0.000000
1693966610614270737 239.217251 0.000000
1693966610616120877 239.018023 0.000000
1693966610855199910 239.075975 0.000000
1693966610973441074 239.334841 0.000000
1693966611242321810 239.256259 0.000000
1693966611383142419 239.215728 0.000000
1693966611453302111 238.846265 0.000000
1693966611692551954 239.101218 0.000000
1693966611862634349 239.173729 0.000000
1693966612341420983 239.062458 0.000000
1693966612411181291 239.359528 0.000000
1693966612770507205 239.376606 0.000000
1693966612820926078 239.031264 0.000000
1693966613249961964 239.182328 0.000000
1693966613300027810 238.940446 0.000000
1693966613300148861 239.004208 0.000000
1693966613898836103 239.254480 0.000000
1693966613968594766 239.223446 0.000000
1693966613968656209 239.218610 0.000000
1693966614137101806 239.257533 0.000000
1693966614137962702 239.046919 0.000000
1693966614377575128 239.058328 0.000000
1693966614447442972 239.260779 0.000000
1693966614856812273 239.128909 0.000000
1693966614976772275 239.167099 0.000000
1693966615095680642 239.349632 0.000000
1693966615207671842 239.281252 0.000000
1693966615455686798 239.150660 0.000000
1693966615644549099 239.010633 0.000000
1693966615814771723 239.369416 0.000000
1693966615884110790 239.036201 0.000000
1693966616054390476 239.103410 0.000000
1693966616174979157 239.135598 0.000000
1693966616245918389 239.251687 0.000000
1693966616513941731 239.328231 0.000000
1693966616534163433 239.025238 0.000000
1693966616753148760 239.202558 0.000000
1693966616773178791 239.301714 0.000000
1693966617013834702 239.130135 0.000000
1693966617202310982 239.147720 0.000000
1693966617252264450 239.268663 0.000000
1693966617252325387 239.299154 0.000000
1693966617324520324 239.114095 0.000000
1693966617372337118 238.868051 0.000000
1693966617731374352 239.114971 0.000000
1693966617731434417 239.281042 0.000000
1693966618040632011 239.144962 0.000000
1693966618090606629 239.198595 0.000000
1693966618549659596 239.185081 0.000000
1693966618809406566 239.319314 0.000000
1693966618999213361 239.404430 0.000000
1693966619358164678 239.085573 0.000000
1693966619409453741 239.323659 0.000000
1693966619521304345 239.038964 0.000000
1693966620316580768 239.338518 0.000000
1693966620319423921 239.233710 0.000000
1693966620367277571 239.163792 0.000000
1693966620726879377 239.456211 0.000000
1693966620795247751 239.128805 0.000000
1693966620846573576 239.065203 0.000000
1693966620966545321 239.416975 0.000000
1693966621325344135 239.015018 0.000000
1693966621564635218 238.980466 0.000000
1693966621803738750 238.876915 0.000000
1693966621803828609 238.904610 0.000000
1693966621804460242 238.868065 0.000000
1693966622043054287 239.222847 0.000000
1693966622113032294 239.301936 0.000000
1693966622262745676 239.066156 0.000000
1693966622282430619 239.104521 0.000000
1693966622282550678 238.861891 0.000000
1693966622355467684 239.201804 0.000000
1693966622401949239 239.247452 0.000000
1693966622475301283 239.139183 0.000000
1693966622595275532 239.265578 0.000000
1693966623071094637 239.173470 0.000000
1693966623071122021 239.144127 0.000000
1693966623120641306 239.032719 0.000000
1693966623460291050 239.087064 0.000000
1693966623673436342 239.023537 0.000000
1693966623819210788 239.189205 0.000000
1693966623959577734 239.027973 0.000000
1693966624079537317 239.268755 0.000000
1693966624199085128 239.501972 0.000000
1693966624199150450 239.043641 0.000000
1693966624438332696 239.273302 0.000000
1693966624677769719 239.204183 0.000000
1693966625230596833 239.022178 0.000000
1693966625276384972 239.085541 0.000000
1693966625709325398 239.209362 0.000000
1693966625946935620 239.183147 0.000000
1693966626114797360 239.483673 0.000000
1693966626115082342 238.960797 0.000000
1693966626186271976 239.017329 0.000000
1693966626306208476 239.352940 0.000000
1693966626355151745 239.805529 0.000000
1693966626474373444 239.675239 0.000000
1693966626547729743 239.256314 0.000000
1693966626594094171 238.979728 0.000000
1693966626594327549 239.027830 0.000000
1693966627073082926 239.084665 0.000000
1693966627264570182 239.248625 0.000000
1693966627551838587 238.992890 0.000000
1693966627551902491 239.214701 0.000000
1693966627791552900 238.994481 0.000000
1693966627791770501 239.165798 0.000000
1693966627983080950 239.160572 0.000000
1693966628105080428 239.454483 0.000000
1693966628222313496 239.084431 0.000000
1693966628270580608 239.085316 0.000000
1693966628750218357 239.657429 0.000000
1693966628750562682 239.831889 0.000000
1693966628851047464 239.190434 0.000000
1693966629344734579 238.845507 0.000000
1693966629349730510 239.185783 0.000000
1693966629828598806 239.158701 0.000000
1693966630141138427 239.214922 0.000000
1693966630619803716 239.151369 0.000000
1693966631099186707 239.469904 0.000000
1693966631141871622 239.258837 0.000000
1693966631266912297 239.257384 0.000000
1693966631380901866 239.028345 0.000000
1693966631506325811 239.303359 0.000000
1693966631845892039 239.315647 0.000000
1693966632945222578 239.259545 0.000000
1693966632945294050 239.196839 0.000000
1693966633162563251 239.006821 0.000000
1693966633424108794 239.190606 0.000000
1693966634262907552 239.407243 0.000000
1693966634333810368 239.170220 0.000000
1693966634382235061 239.070268 0.000000
1693966634453423801 239.024248 0.000000
1693966634501999547 239.087460 0.000000
1693966634616656673 239.219506 0.000000
1693966634693105348 239.201592 0.000000
1693966634932260492 239.116704 0.000000
1693966635100912857 239.325674 0.000000
1693966635171945946 239.170704 0.000000
1693966635340263540 239.172353 0.000000
1693966635650636503 239.232059 0.000000
1693966636009981361 239.241152 0.000000
1693966636010039251 239.431034 0.000000
1693966636298775747 239.078154 0.000000
1693966636369163234 239.305605 0.000000
1693966636369628400 239.018733 0.000000
1693966636849516778 239.115866 0.000000
1693966636897602755 239.274597 0.000000
1693966636969214823 238.976547 0.000000
1693966637208296639 239.069903 0.000000
1693966637446944055 239.165785 0.000000
1693966637686371135 239.422630 0.000000
1693966637736636548 239.151380 0.000000
1693966637856655664 239.138288 0.000000
1693966638406505132 239.135206 0.000000
1693966639054336534 239.035468 0.000000
1693966639153355601 239.256108 0.000000
1693966639653430519 239.348329 0.000000
1693966639653443409 239.454090 0.000000
1693966639724760829 239.312693 0.000000
1693966639892753193 239.210835 0.000000
1693966640204041451 239.216818 0.000000
1693966640251973922 239.106466 0.000000
1693966640323944789 239.131796 0.000000
1693966640610902724 239.138538 0.000000
1693966640730718042 238.897427 0.000000
1693966641329219563 239.022622 0.000000
1693966641402240921 239.175136 0.000000
1693966641568814430 239.024141 0.000000
1693966641641466721 239.221009 0.000000
1693966641641676117 238.858412 0.000000
1693966642001518645 239.106722 0.000000
1693966642406935436 238.865430 0.000000
1693966642866104079 239.324573 0.000000
1693966643079169354 239.105227 0.000000
1693966643364565739 238.928121 0.000000
1693966643438381872 239.262631 0.000000
1693966643484404140 239.061090 0.000000
1693966643797415343 239.248174 0.000000
1693966643843825979 239.063741 0.000000
1693966644276701726 239.223664 0.000000
1693966644276761876 239.293155 0.000000
1693966644276769213 239.432760 0.000000
1693966644562899771 239.142520 0.000000
1693966644635918215 239.203871 0.000000
1693966644636496995 239.200895 0.000000
1693966644755900951 238.867765 0.000000
1693966644875403232 238.990477 0.000000
1693966645160796630 239.048325 0.000000
1693966645161130160 239.164199 0.000000
1693966645474556983 239.354759 0.000000
1693966645519708685 238.981456 0.000000
1693966645594524360 239.196785 0.000000
1693966645594568808 239.268768 0.000000
1693966645714520180 239.118904 0.000000
1693966645998341416 239.136048 0.000000
1693966646073582656 238.997114 0.000000
1693966646073843913 239.312006 0.000000
1693966646357835359 239.140668 0.000000
1693966646672746752 239.339553 0.000000
1693966647031746350 239.072814 0.000000
1693966647076825083 238.990402 0.000000
1693966647271372577 239.096702 0.000000
1693966647511125513 239.244839 0.000000
1693966648708705732 239.172721 0.000000
1693966648708776666 239.178444 0.000000
1693966648874106411 239.320580 0.000000
1693966648874167980 239.229493 0.000000
1693966648947827680 239.116516 0.000000
1693966649068512796 239.123831 0.000000
1693966649188415741 239.197028 0.000000
1693966649233854788 239.213212 0.000000
1693966649233910342 239.283480 0.000000
1693966649308136707 238.927803 0.000000
1693966649547204619 238.947704 0.000000
1693966649786655285 239.336054 0.000000
1693966649832819515 238.886433 0.000000
1693966649952376791 239.188910 0.000000
1693966650025772716 239.178815 0.000000
1693966650191496377 238.980879 0.000000
1693966650311004974 239.065074 0.000000
1693966650550170382 239.160687 0.000000
1693966650671159714 239.293819 0.000000
1693966650791226610 239.293648 0.000000
1693966651870057790 239.364646 0.000000
1693966652229411759 239.463383 0.000000
1693966652586921613 239.374402 0.000000
1693966652708930479 239.158155 0.000000
1693966652948045649 239.110313 0.000000
1693966653142251655 239.205854 0.000000
1693966653501484992 239.048875 0.000000
1693966653546322666 238.862249 0.000000
1693966653740756707 239.164797 0.000000
1693966653785375039 239.049623 0.000000
1693966653980658525 239.242891 0.000000
1693966654339207477 239.085250 0.000000
1693966654384305379 239.236397 0.000000
1693966654384371407 239.362656 0.000000
1693966654578620848 238.999004 0.000000
1693966654698451928 239.441587 0.000000
1693966654698550727 238.993872 0.000000
1693966654698582732 239.072339 0.000000
1693966654745976724 239.283789 0.000000
1693966654937673590 239.214175 0.000000
1693966655225248120 239.322204 0.000000
1693966655296820292 239.164783 0.000000
1693966655822294171 239.163030 0.000000
1693966655923371682 239.206103 0.000000
1693966656301468852 239.278679 0.000000
1693966656301543691 239.411783 0.000000
1693966656615331687 239.370781 0.000000
1693966656641944007 239.327665 0.000000
1693966657000964406 239.186829 0.000000
1693966657260069484 239.182509 0.000000
1693966657383282102 239.240915 0.000000
1693966657622841877 239.081549 0.000000
1693966657738919237 239.160466 0.000000
1693966657738978490 239.196159 0.000000
1693966657858641679 239.090740 0.000000
1693966657933750790 239.194680 0.000000
1693966658293178338 238.990732 0.000000
1693966658701125012 239.205117 0.000000
1693966658892211779 239.410944 0.000000
1693966658936737276 239.118573 0.000000
1693966659131528425 239.068198 0.000000
1693966659176125657 239.383875 0.000000
1693966659370768115 239.235125 0.000000
1693966659610083216 238.863086 0.000000
1693966659659558681 239.129709 0.000000
1693966660138848236 239.096192 0.000000
1693966660208927728 239.361348 0.000000
1693966660328732591 239.194805 0.000000
1693966660493786104 239.230256 0.000000
1693966660568463111 239.217327 0.000000
1693966660738006905 239.346383 0.000000
1693966660977750336 239.251708 0.000000
1693966661092521580 239.138129 0.000000
1693966661571656231 239.409274 0.000000
1693966661646772493 239.286247 0.000000
1693966661646975720 239.381724 0.000000
1693966661647180897 239.626162 0.000000
1693966662005553105 238.978723 0.000000
1693966662056551422 239.218730 0.000000
1693966662170169838 239.025276 0.000000
1693966662245422932 238.930434 0.000000
1693966662535504691 239.111255 0.000000
1693966662751355314 239.198883 0.000000
