1694862125900329460 144.552915 0.000000
1694862127939729661 144.934348 0.000000
1694862128142045088 144.551863 0.000000
1694862128734911486 144.506654 0.000000
1694862128879562899 144.551969 0.000000
1694862129096586077 144.632640 0.000000
1694862130036775178 144.458405 0.000000
1694862130037213499 144.616425 0.000000
1694862131917154379 144.550910 0.000000
1694862132278783592 144.653165 0.000000
1694862133567026649 144.616235 0.000000
1694862133943579722 144.560302 0.000000
1694862134160284238 144.800939 0.000000
1694862134521755495 144.664121 0.000000
1694862134594299917 144.494945 0.000000
1694862134594683736 144.773883 0.000000
1694862135028381552 144.841660 0.000000
1694862135085517242 144.606059 0.000000
1694862135388255849 144.708717 0.000000
1694862136893804653 144.603443 0.000000
1694862137270013999 144.729096 0.000000
1694862138932971222 144.544511 0.000000
1694862139368056095 144.468048 0.000000
1694862139656857618 144.559455 0.000000
1694862139873806443 144.469135 0.000000
1694862141320208374 144.570817 0.000000
1694862141681463591 144.711376 0.000000
1694862142984108470 144.441922 0.000000
1694862144777962822 144.855607 0.000000
1694862145296208230 144.646226 0.000000
1694862145442622716 144.567523 0.000000
1694862146020884106 144.455458 0.000000
1694862146454047340 144.554135 0.000000
1694862147005486420 144.559433 0.000000
1694862148380168511 144.660880 0.000000
1694862149852738950 144.501931 0.000000
1694862149853850844 144.681729 0.000000
1694862150286378615 144.509975 0.000000
1694862150503746727 144.571447 0.000000
1694862150721841618 144.620006 0.000000
1694862150779904883 144.534036 0.000000
1694862150864958946 144.536831 0.000000
1694862151877120928 144.532001 0.000000
1694862152095280494 144.439912 0.000000
1694862152455943000 144.675490 0.000000
1694862152529615174 144.476262 0.000000
1694862152962338855 144.735041 0.000000
1694862153238293898 144.575934 0.000000
1694862153757526106 144.644402 0.000000
1694862155335730990 144.687208 0.000000
1694862156723221296 144.582972 0.000000
1694862157927400859 144.586703 0.000000
1694862158661763133 144.581215 0.000000
1694862158891947042 144.444303 0.000000
1694862159108937000 144.621419 0.000000
1694862159180777882 144.473067 0.000000
1694862160699510181 144.570192 0.000000
1694862160700381021 144.710957 0.000000
1694862161568524367 144.468154 0.000000
1694862161785143588 144.563037 0.000000
1694862163231960735 144.645018 0.000000
1694862163448170289 144.696730 0.000000
1694862164013031562 144.617739 0.000000
1694862164605590937 144.793242 0.000000
1694862164677387614 144.652611 0.000000
1694862165184471394 144.708647 0.000000
1694862165257049244 144.780302 0.000000
1694862165907260478 144.541593 0.000000
1694862166486741836 144.733312 0.000000
1694862167860740814 144.611661 0.000000
1694862168221605311 144.554717 0.000000
1694862168497914866 144.591238 0.000000
1694862169740106688 144.551174 0.000000
1694862170825222900 144.703219 0.000000
1694862171549467170 144.507057 0.000000
1694862171694234222 144.749972 0.000000
1694862172561784018 144.593034 0.000000
1694862173068737591 144.515728 0.000000
1694862173270834611 144.815939 0.000000
1694862173358279654 144.784168 0.000000
1694862173862868391 144.491416 0.000000
1694862174875302904 144.530790 0.000000
1694862174934634404 144.719758 0.000000
1694862175527242619 144.945584 0.000000
1694862175742988422 144.500009 0.000000
1694862175802338352 144.710441 0.000000
1694862177176713885 144.639385 0.000000
1694862177899860941 144.730083 0.000000
1694862178101986454 144.551426 0.000000
1694862179186853941 144.579549 0.000000
1694862182035272446 144.778166 0.000000
1694862182179502347 144.528721 0.000000
1694862182396514642 144.761764 0.000000
1694862182523265998 144.601352 0.000000
1694862182902831140 144.549015 0.000000
1694862182975996164 144.711066 0.000000
1694862184118835472 144.521506 0.000000
1694862185217439224 144.712599 0.000000
1694862185321873384 144.687647 0.000000
1694862185999993555 144.545682 0.000000
1694862186433762778 144.644351 0.000000
1694862186808756150 144.691196 0.000000
1694862190857480314 144.549686 0.000000
1694862191001949245 144.605412 0.000000
1694862191639138771 144.571865 0.000000
1694862191725524891 144.537097 0.000000
1694862193230073300 144.493324 0.000000
1694862193736904271 144.446887 0.000000
1694862193749758342 144.527966 0.000000
1694862194315678457 144.559190 0.000000
1694862194966226284 144.693884 0.000000
1694862195486385132 144.914772 0.000000
1694862195760591710 144.617004 0.000000
1694862196556042374 144.669287 0.000000
1694862197222435036 144.622764 0.000000
1694862197569298402 144.471739 0.000000
1694862198002672066 144.473849 0.000000
1694862198581328878 144.566694 0.000000
1694862198668102292 144.637819 0.000000
1694862199557421893 144.578940 0.000000
1694862199737829723 144.563902 0.000000
1694862199753678455 144.719122 0.000000
1694862201489249766 144.727123 0.000000
1694862201899727430 144.639487 0.000000
1694862202269947900 144.745565 0.000000
1694862202486901662 144.561673 0.000000
1694862203370393077 144.603727 0.000000
1694862203571562825 144.662534 0.000000
1694862203876571325 144.701977 0.000000
1694862204022158733 144.641484 0.000000
1694862204077936607 144.625115 0.000000
1694862205611892018 144.661932 0.000000
1694862206089455069 144.577853 0.000000
1694862207318867775 144.552054 0.000000
1694862208127022348 144.587649 0.000000
1694862208288619554 144.574843 0.000000
1694862209778095574 144.576675 0.000000
1694862209879548921 144.582856 0.000000
1694862209934343205 144.691074 0.000000
1694862211181280474 144.533537 0.000000
1694862211231336431 144.681657 0.000000
1694862211614605671 144.593452 0.000000
1694862212215899118 144.606637 0.000000
1694862212322248928 144.635644 0.000000
1694862213857182571 144.593090 0.000000
1694862214002015247 145.018287 0.000000
1694862214146831407 144.832146 0.000000
1694862216299905747 144.602245 0.000000
1694862216444513232 144.859950 0.000000
1694862217546607016 144.638762 0.000000
1694862217591547428 144.700378 0.000000
1694862218469436635 144.619984 0.000000
1694862218921237041 144.583664 0.000000
1694862219355137220 144.906229 0.000000
1694862219765871095 144.605499 0.000000
1694862219843780098 144.592309 0.000000
1694862220440322096 144.656497 0.000000
1694862221357405623 144.597007 0.000000
1694862221670575697 144.488758 0.000000
1694862221863357962 144.466377 0.000000
1694862221943027230 144.558986 0.000000
1694862222519731878 144.546377 0.000000
1694862222921022493 144.566053 0.000000
1694862223097568362 144.567857 0.000000
1694862223964677493 144.519592 0.000000
1694862225937032827 144.831509 0.000000
1694862226136338031 144.514748 0.000000
1694862226203810977 145.117425 0.000000
1694862228592681665 144.561854 0.000000
1694862229172653054 144.598789 0.000000
1694862229480896146 144.569486 0.000000
1694862229480937672 144.599265 0.000000
1694862230256843496 144.551705 0.000000
1694862231841245553 144.595286 0.000000
1694862232012414216 144.566448 0.000000
1694862232446851131 144.584697 0.000000
1694862233025685279 144.630756 0.000000
1694862233532087603 144.608015 0.000000
1694862233603692147 144.521187 0.000000
1694862233723274269 144.639817 0.000000
1694862234254887056 144.433134 0.000000
1694862234616273428 144.564525 0.000000
1694862235050323219 144.602022 0.000000
1694862235462095841 144.551825 0.000000
1694862235823835583 144.649506 0.000000
1694862235990431226 144.678822 0.000000
1694862237122585391 144.554415 0.000000
1694862238089562226 144.485361 0.000000
1694862238813016349 144.587011 0.000000
1694862239733814789 144.504503 0.000000
1694862239924223151 144.739631 0.000000
1694862240430613328 144.697904 0.000000
1694862240456559833 144.538599 0.000000
1694862241461829118 144.594625 0.000000
1694862241532746553 144.556278 0.000000
1694862241541774884 144.662596 0.000000
1694862241705323598 144.684332 0.000000
1694862243421587406 144.516522 0.000000
1694862243612681608 144.553764 0.000000
1694862244815414650 144.544581 0.000000
1694862245084421713 144.612620 0.000000
1694862246017983069 144.585377 0.000000
1694862246089975356 144.957533 0.000000
1694862246965758637 144.528341 0.000000
1694862247543971013 144.542127 0.000000
1694862248792970623 144.577871 0.000000
1694862249515716172 144.527580 0.000000
1694862250583018981 144.510874 0.000000
1694862250962449940 144.574204 0.000000
1694862251088996340 144.527288 0.000000
1694862251468619418 144.440206 0.000000
1694862251613162818 144.514297 0.000000
1694862251731212892 144.721711 0.000000
1694862252683178134 144.634597 0.000000
1694862253111796262 144.551938 0.000000
1694862255788436864 144.558985 0.000000
1694862256386972971 144.564050 0.000000
1694862257615965222 144.500213 0.000000
1694862258028758835 144.616514 0.000000
1694862259093192318 144.619726 0.000000
1694862259763861812 144.580649 0.000000
1694862261914155013 144.535009 0.000000
1694862262078312147 144.672194 0.000000
1694862262584052750 144.551633 0.000000
1694862262893923674 144.636646 0.000000
1694862263166096273 144.473823 0.000000
1694862263400229466 144.511227 0.000000
1694862263814080177 144.549223 0.000000
1694862264540665057 144.638175 0.000000
1694862265187820858 144.724382 0.000000
1694862265424782383 144.557031 0.000000
1694862266124197546 144.565870 0.000000
1694862268172604093 144.580657 0.000000
1694862268440773173 144.527669 0.000000
1694862270031772734 144.653666 0.000000
1694862270031896495 144.528389 0.000000
1694862270248997427 144.618812 0.000000
1694862271405775957 144.520200 0.000000
1694862272633808964 144.610420 0.000000
1694862272945910820 144.663025 0.000000
1694862273234704814 144.511085 0.000000
1694862273501651451 144.612797 0.000000
1694862273669267001 144.567965 0.000000
1694862273740630162 144.744822 0.000000
1694862273790839980 144.613056 0.000000
1694862273886154324 144.504393 0.000000
1694862274898377628 144.578315 0.000000
1694862275092491962 144.655077 0.000000
1694862275404235890 144.545559 0.000000
1694862276829506273 144.573671 0.000000
1694862277553232243 144.557994 0.000000
1694862277625978677 144.598086 0.000000
1694862277985591408 144.597883 0.000000
1694862278494433235 144.489689 0.000000
1694862279072449665 144.897447 0.000000
1694862279202815363 144.668174 0.000000
1694862279432281437 144.701095 0.000000
1694862280375241683 145.171025 0.000000
1694862281314191485 144.586112 0.000000
1694862281748040411 144.697494 0.000000
1694862281984161071 144.521130 0.000000
1694862282779363002 144.622170 0.000000
1694862282818658265 144.606306 0.000000
1694862283194349061 144.496052 0.000000
1694862284205700639 144.626888 0.000000
1694862284587686067 144.585546 0.000000
1694862284988619557 144.599765 0.000000
1694862285082064797 144.594844 0.000000
1694862285146233354 144.568592 0.000000
1694862285146697433 144.589438 0.000000
1694862286520923336 144.527409 0.000000
1694862286737206718 144.559360 0.000000
1694862287230347593 144.649686 0.000000
1694862289071217229 144.416054 0.000000
1694862289143649129 144.450643 0.000000
1694862289288177037 144.518380 0.000000
1694862289761325822 144.643255 0.000000
1694862289920279031 144.725637 0.000000
1694862290643022591 144.483000 0.000000
1694862291800992013 144.644502 0.000000
1694862292726195193 144.648172 0.000000
1694862293627451169 144.832331 0.000000
