1695207966192384980 72.276865 0.000000
1695207966989202082 72.570656 0.000000
1695207967062021745 72.265592 0.000000
1695207967133931836 72.330592 0.000000
1695207967279114876 72.431446 0.000000
1695207967640690182 72.339484 0.000000
1695207967858062179 72.298282 0.000000
1695207968872197573 72.326156 0.000000
1695207968872195703 72.364263 0.000000
1695207968945249822 73.199611 0.000000
1695207969234138083 72.367848 0.000000
1695207970826924209 72.448681 0.000000
1695207970899935821 72.300758 0.000000
1695207970972183921 72.299565 0.000000
1695207971118593224 72.285926 0.000000
1695207971188936162 72.404346 0.000000
1695207971697315362 72.467286 0.000000
1695207971985804796 72.632934 0.000000
1695207972275563739 72.263572 0.000000
1695207972638236022 72.393740 0.000000
1695207972855159561 72.292282 0.000000
1695207973072140880 72.315193 0.000000
1695207974012373154 72.620347 0.000000
1695207974157247579 72.333135 0.000000
1695207974302412522 72.234937 0.000000
1695207974446411663 72.353606 0.000000
1695207974881550611 72.275588 0.000000
1695207975605149895 72.305689 0.000000
1695207976474191394 72.420023 0.000000
1695207977270604024 72.385017 0.000000
1695207978428949969 72.241260 0.000000
1695207978791146504 72.372277 0.000000
1695207979297261446 72.406181 0.000000
1695207979297880009 72.333010 0.000000
1695207979732191223 72.264579 0.000000
1695207979804254163 72.561885 0.000000
1695207979949995335 72.488696 0.000000
1695207980239358415 72.307388 0.000000
1695207980383761028 72.294530 0.000000
1695207981468619324 72.358640 0.000000
1695207982266462779 72.224035 0.000000
1695207982409852285 72.355353 0.000000
1695207982482908516 72.317798 0.000000
1695207982627571857 72.496479 0.000000
1695207982989465975 72.333971 0.000000
1695207982990434097 72.268407 0.000000
1695207983641010874 72.405624 0.000000
1695207983641956940 72.275270 0.000000
1695207983713856157 72.334929 0.000000
1695207984292799467 72.291317 0.000000
1695207984510082434 72.308978 0.000000
1695207984871757835 72.490782 0.000000
1695207985017443506 72.326319 0.000000
1695207985017552559 72.334343 0.000000
1695207985886311322 72.450108 0.000000
1695207986392315290 72.392633 0.000000
1695207986466253752 72.558479 0.000000
1695207986973340071 72.312427 0.000000
1695207987262809145 72.415228 0.000000
1695207987841129875 72.365133 0.000000
1695207988421023013 72.319895 0.000000
1695207988637790979 72.199623 0.000000
1695207988999268039 72.332770 0.000000
1695207989071895301 72.257554 0.000000
1695207989650824258 72.264997 0.000000
1695207989651541908 72.257916 0.000000
1695207989868694357 72.344722 0.000000
1695207990664717658 72.554822 0.000000
1695207991315946640 72.612824 0.000000
1695207991968164406 72.421147 0.000000
1695207993415864786 72.516617 0.000000
1695207995154879719 72.543614 0.000000
1695207995517136308 72.428995 0.000000
1695207996313623351 72.214419 0.000000
1695207996385791512 72.475472 0.000000
1695207996892592114 72.392113 0.000000
1695207997834528132 72.274643 0.000000
1695207998268268735 72.367209 0.000000
1695207999355676597 72.335963 0.000000
1695207999500373368 72.382924 0.000000
1695208000224315038 72.340312 0.000000
1695208000586430206 72.329860 0.000000
1695208000658309214 72.428315 0.000000
1695208001237398711 72.316121 0.000000
1695208002685009247 72.380145 0.000000
1695208003047662279 72.323416 0.000000
1695208003264199788 72.368937 0.000000
1695208003554559822 72.489461 0.000000
1695208004205518701 72.339186 0.000000
1695208004495039919 72.349691 0.000000
1695208005726643701 72.551562 0.000000
1695208006016208061 72.299043 0.000000
1695208006305304602 72.515585 0.000000
1695208006377684848 72.365192 0.000000
1695208006667265752 72.410256 0.000000
1695208006667513249 72.462685 0.000000
1695208008115893664 72.340811 0.000000
1695208008477718044 72.461560 0.000000
1695208008550582089 72.405816 0.000000
1695208008622913727 72.261485 0.000000
1695208008767829822 72.544004 0.000000
1695208008767885990 72.494590 0.000000
1695208008912287928 72.552802 0.000000
1695208009926552201 72.294261 0.000000
1695208009999094669 72.367381 0.000000
1695208010360497921 72.548971 0.000000
1695208010867444877 72.418666 0.000000
1695208010867535542 72.458308 0.000000
1695208011953716212 72.471532 0.000000
1695208012026366048 72.627695 0.000000
1695208013257128065 72.511946 0.000000
1695208013329091802 72.409688 0.000000
1695208014342921006 72.347251 0.000000
1695208015719468748 72.330025 0.000000
1695208016082075476 72.647604 0.000000
1695208016299296340 72.335684 0.000000
1695208016443569052 72.516614 0.000000
1695208017384390577 72.438285 0.000000
1695208017385020064 72.295613 0.000000
1695208017746492319 72.502023 0.000000
1695208017891586735 72.386956 0.000000
1695208021150587266 72.460286 0.000000
1695208022453251367 72.323459 0.000000
1695208022670104246 72.210808 0.000000
1695208022887257716 72.380714 0.000000
1695208023177471065 72.373663 0.000000
1695208023394807445 72.282329 0.000000
1695208023611457047 72.518017 0.000000
1695208024625116609 72.494277 0.000000
1695208025711438671 72.552802 0.000000
1695208026000138777 72.310343 0.000000
1695208026797649931 72.321251 0.000000
1695208028028394175 72.327569 0.000000
1695208028318098769 72.457621 0.000000
1695208028824830309 72.406395 0.000000
1695208029693862619 72.559683 0.000000
1695208030779379425 72.446302 0.000000
1695208031213548183 72.543044 0.000000
1695208031213647017 72.658517 0.000000
1695208031430785563 72.457375 0.000000
1695208034183907031 72.426280 0.000000
1695208034401780657 72.354247 0.000000
1695208035488365245 72.977187 0.000000
1695208035922803035 72.429314 0.000000
1695208035994753457 72.403813 0.000000
1695208036140034682 72.494177 0.000000
1695208037081387885 72.421105 0.000000
1695208037588101075 72.479831 0.000000
1695208038674599242 72.403752 0.000000
1695208039835496423 72.618415 0.000000
1695208039835754231 72.405020 0.000000
1695208042078308063 72.459529 0.000000
1695208043310359528 72.342573 0.000000
1695208043889785012 72.443343 0.000000
1695208045627273840 72.561266 0.000000
1695208046278799670 72.284435 0.000000
1695208047581446487 72.394256 0.000000
1695208052793772676 72.311529 0.000000
1695208052866257573 72.520096 0.000000
1695208052938592683 72.476519 0.000000
1695208054820966242 72.349573 0.000000
1695208056413553570 72.441601 0.000000
1695208057210176632 72.535187 0.000000
1695208057499932822 72.329167 0.000000
1695208061192614436 72.358846 0.000000
1695208061772186722 72.587336 0.000000
1695208063871596456 72.330868 0.000000
1695208064161307373 72.197214 0.000000
1695208064451141483 72.611378 0.000000
1695208066768735955 72.542553 0.000000
1695208068217072053 72.410034 0.000000
1695208070390004113 72.361937 0.000000
1695208071186424346 72.401776 0.000000
1695208071693814582 72.596855 0.000000
1695208072055730564 72.300317 0.000000
1695208072273450855 72.516119 0.000000
1695208072635406743 72.344090 0.000000
1695208074952562799 72.403302 0.000000
1695208075097422246 72.406415 0.000000
1695208075169651329 72.314086 0.000000
1695208075749366545 72.391710 0.000000
1695208076473718616 72.361539 0.000000
1695208077486742184 72.309801 0.000000
1695208077631568454 72.478181 0.000000
1695208077776600593 72.445465 0.000000
1695208078439470496 77.334345 0.000000
1695208080183375906 72.400450 0.000000
1695208083814201368 72.448163 0.000000
1695208083876933425 72.263630 0.000000
1695208084021733669 72.421119 0.000000
1695208084166701351 72.666312 0.000000
1695208086626525324 72.365933 0.000000
1695208087277701730 72.336131 0.000000
1695208087422603794 72.440624 0.000000
1695208089666638292 72.305960 0.000000
1695208092126348551 72.201150 0.000000
1695208092995213640 72.371611 0.000000
1695208096688266463 72.528370 0.000000
1695208097049582880 72.387294 0.000000
1695208097349090486 72.410434 0.000000
1695208099512094412 72.337486 0.000000
1695208099947302444 72.340285 0.000000
1695208102052881130 72.522628 0.000000
1695208104000737885 72.307197 0.000000
1695208104217563919 72.353043 0.000000
1695208107039258569 72.400332 0.000000
1695208111382059773 72.553607 0.000000
1695208111527053794 72.564282 0.000000
1695208112110810287 72.377414 0.000000
1695208112251601094 72.655976 0.000000
1695208113482700923 72.377722 0.000000
1695208114423841177 72.504934 0.000000
1695208115079689145 72.405459 0.000000
1695208116816762080 72.411317 0.000000
1695208116889174416 72.387795 0.000000
1695208118622404353 72.249929 0.000000
1695208119132983742 72.374610 0.000000
1695208120215287221 72.431840 0.000000
1695208124848926984 72.397293 0.000000
1695208125720326353 72.325615 0.000000
1695208126006798508 72.359713 0.000000
1695208127816446527 72.447784 0.000000
