1695207966608555534 160.546556 0.000000
1695207966890088647 160.464655 0.000000
1695207967210556605 160.351896 0.000000
1695207968254655784 160.485038 0.000000
1695207969708309324 160.427489 0.000000
1695207969773895992 160.479098 0.000000
1695207970022433036 160.345503 0.000000
1695207970198950816 160.363530 0.000000
1695207971372051569 160.439935 0.000000
1695207971668240263 160.305272 0.000000
1695207971972962223 160.442894 0.000000
1695207972303829694 160.373763 0.000000
1695207972320636120 160.331230 0.000000
1695207973364916256 160.392120 0.000000
1695207973491649523 160.313822 0.000000
1695207973596712893 160.534046 0.000000
1695207974093914029 160.492922 0.000000
1695207974398003674 160.433553 0.000000
1695207974519146299 160.327691 0.000000
1695207974823379093 160.416792 0.000000
1695207974828773457 160.402575 0.000000
1695207974856626680 160.507860 0.000000
1695207974983714172 160.318385 0.000000
1695207975944500659 160.462501 0.000000
1695207975982118313 160.422014 0.000000
1695207976230838847 160.392907 0.000000
1695207976370186394 160.535293 0.000000
1695207977573203067 160.424819 0.000000
1695207978528646578 160.390431 0.000000
1695207979274582452 160.378748 0.000000
1695207979905720020 160.428506 0.000000
1695207980407713962 160.497725 0.000000
1695207980799592912 160.442878 0.000000
1695207980833000127 160.385972 0.000000
1695207981732632081 160.448984 0.000000
1695207982053607108 160.548279 0.000000
1695207982429485416 160.430531 0.000000
1695207982678467883 160.490257 0.000000
1695207983965138822 160.477292 0.000000
1695207984766231664 160.499128 0.000000
1695207985467073655 160.351985 0.000000
1695207985676264535 160.461844 0.000000
1695207986085743697 160.456023 0.000000
1695207986517670876 160.410779 0.000000
1695207986599639345 160.470583 0.000000
1695207987711316594 160.580753 0.000000
1695207987922930858 160.402644 0.000000
1695207988598756254 160.503370 0.000000
1695207988897493737 160.368316 0.000000
1695207989410478709 160.564457 0.000000
1695207989424454402 160.403006 0.000000
1695207991659222649 160.329243 0.000000
1695207991972720282 160.482142 0.000000
1695207992025931860 160.440120 0.000000
1695207993144628983 160.404568 0.000000
1695207993969955984 160.480062 0.000000
1695207994502917494 160.423887 0.000000
1695207994587640023 160.445132 0.000000
1695207995088911429 160.393842 0.000000
1695207995144495444 160.433888 0.000000
1695207996630459126 160.501290 0.000000
1695207997101205611 160.392183 0.000000
1695207997386670600 160.397420 0.000000
1695207997719771847 160.413859 0.000000
1695207997956089383 160.379646 0.000000
1695207998571316391 160.466391 0.000000
1695207999134365116 160.433424 0.000000
1695208000089634538 160.483302 0.000000
1695208000728617623 160.394669 0.000000
1695208001297225103 160.466746 0.000000
1695208002730111082 160.418799 0.000000
1695208002972161798 160.393353 0.000000
1695208002987354943 160.410160 0.000000
1695208003485072917 160.450222 0.000000
1695208004654790209 160.350698 0.000000
1695208004672408952 160.433468 0.000000
1695208005080183639 160.408194 0.000000
1695208005686445004 160.484248 0.000000
1695208005710135907 160.388757 0.000000
1695208007696275945 160.417952 0.000000
1695208008034177472 160.404532 0.000000
1695208008159731580 160.368175 0.000000
1695208008695454223 160.466882 0.000000
1695208008848382502 160.365203 0.000000
1695208010229293317 160.588858 0.000000
1695208012598919120 160.441702 0.000000
1695208013269031745 160.422171 0.000000
1695208013518018081 160.623563 0.000000
1695208013799896731 160.355506 0.000000
1695208014406186120 160.597877 0.000000
1695208014844181995 160.743223 0.000000
1695208015185192136 160.410690 0.000000
1695208016052658699 160.411562 0.000000
1695208016875849838 160.511788 0.000000
1695208018699446332 160.322444 0.000000
1695208019481939125 160.527780 0.000000
1695208019643533579 160.383165 0.000000
1695208021444594916 160.482440 0.000000
1695208022523004077 160.389432 0.000000
1695208023177686683 160.539244 0.000000
1695208023834456603 160.478173 0.000000
1695208024241506610 160.404288 0.000000
1695208024293996629 160.394708 0.000000
1695208025652147607 160.571657 0.000000
1695208026224326918 160.457440 0.000000
1695208026486873363 160.365606 0.000000
1695208026667015806 160.464580 0.000000
1695208026875998219 160.438998 0.000000
1695208027101377991 160.325872 0.000000
1695208027656098915 160.357786 0.000000
1695208028066396227 160.507362 0.000000
1695208031317022045 160.496711 0.000000
1695208031538222364 160.557268 0.000000
1695208032376967025 160.529800 0.000000
1695208032716535548 160.342788 0.000000
1695208033135743356 160.444332 0.000000
1695208033896137811 160.451282 0.000000
1695208033992699843 160.751583 0.000000
1695208034332670534 160.460150 0.000000
1695208034788889959 160.551488 0.000000
1695208035084377332 160.645148 0.000000
1695208035488639741 160.331783 0.000000
1695208036000466786 160.465492 0.000000
1695208036161146102 160.595631 0.000000
1695208036216902664 160.535727 0.000000
1695208036249269277 160.377674 0.000000
1695208036702741639 160.495639 0.000000
1695208036853221237 160.359016 0.000000
1695208037100351071 160.449717 0.000000
1695208037332506975 160.396373 0.000000
1695208037891351080 160.523719 0.000000
1695208038531672050 160.615413 0.000000
1695208038924958121 160.405119 0.000000
1695208039674977179 160.401817 0.000000
1695208040458760721 160.375839 0.000000
1695208040464948729 160.304328 0.000000
1695208040718717790 160.425548 0.000000
1695208040811060923 160.362301 0.000000
1695208041029652946 160.365765 0.000000
1695208041906529546 160.469693 0.000000
1695208041917037234 160.514231 0.000000
1695208042256348588 160.462349 0.000000
1695208043187919032 160.494174 0.000000
1695208043631883894 160.417533 0.000000
1695208044818489003 160.444157 0.000000
1695208044912535938 160.521015 0.000000
1695208045793038498 160.605219 0.000000
1695208047017375075 160.384741 0.000000
1695208047276790528 160.440686 0.000000
1695208047812598813 160.604655 0.000000
1695208048039575331 160.477301 0.000000
1695208048250927428 160.562736 0.000000
1695208048499747405 160.484142 0.000000
1695208049144093219 160.437764 0.000000
1695208049800864978 160.484724 0.000000
1695208049974975230 160.466504 0.000000
1695208050724431217 160.356521 0.000000
1695208050944265122 160.403273 0.000000
1695208052628054035 160.451747 0.000000
1695208052812133558 160.372042 0.000000
1695208053673113489 160.506758 0.000000
1695208055881822592 160.402447 0.000000
1695208056900404252 160.473927 0.000000
1695208057121218589 160.404570 0.000000
1695208057237624068 160.413659 0.000000
1695208057800100060 160.383281 0.000000
1695208058258468455 160.445755 0.000000
1695208058622577898 160.362764 0.000000
1695208059754514573 160.367782 0.000000
1695208060242148319 160.443957 0.000000
1695208060362650068 160.499799 0.000000
1695208060948485907 160.308313 0.000000
1695208061093182375 160.372061 0.000000
1695208061430287279 160.385858 0.000000
1695208061914418591 160.449503 0.000000
1695208061992492141 160.397213 0.000000
1695208063113207333 160.487550 0.000000
1695208063223414504 160.521346 0.000000
1695208063737150221 160.390604 0.000000
1695208066260047756 160.399748 0.000000
1695208066367819347 160.444360 0.000000
1695208067333930421 160.341232 0.000000
1695208068195102089 160.401280 0.000000
1695208068996345177 160.438724 0.000000
1695208069318826584 160.505218 0.000000
1695208071124745131 160.410573 0.000000
1695208071176347737 160.432116 0.000000
1695208071698386801 160.483797 0.000000
1695208071752658109 160.386430 0.000000
1695208072981949411 160.492249 0.000000
1695208073230727319 160.395975 0.000000
1695208073899544682 160.467408 0.000000
1695208073936125364 160.467570 0.000000
1695208074236679392 160.389265 0.000000
1695208074498983454 160.422920 0.000000
1695208074540175951 160.377336 0.000000
1695208075174456330 160.475246 0.000000
1695208076394197751 160.451882 0.000000
1695208076622148363 160.417935 0.000000
1695208076725746075 160.378912 0.000000
1695208076855615611 160.622066 0.000000
1695208076959269559 160.427509 0.000000
1695208077278912380 160.502515 0.000000
1695208078306355599 160.346570 0.000000
1695208078433905904 166.591763 0.000000
1695208078976319728 160.377308 0.000000
1695208079829341818 160.464391 0.000000
1695208081861769012 160.521985 0.000000
1695208083068342706 160.414438 0.000000
1695208083403288650 160.549675 0.000000
1695208083491749451 160.460836 0.000000
1695208084712512992 160.375435 0.000000
1695208085111588102 160.492788 0.000000
1695208086647666010 160.336344 0.000000
1695208087144571104 160.483310 0.000000
1695208088177142051 160.347851 0.000000
1695208088630727265 160.424669 0.000000
1695208088863092384 160.455450 0.000000
1695208090951525165 160.444343 0.000000
1695208091176022966 160.350579 0.000000
1695208091304185025 160.382454 0.000000
1695208091352702578 160.363505 0.000000
1695208091540378340 160.357363 0.000000
1695208091671236927 160.393559 0.000000
1695208092524714627 160.469582 0.000000
1695208092683379881 160.389806 0.000000
1695208093274861534 160.382889 0.000000
1695208093496859227 160.458995 0.000000
1695208095264339969 160.482955 0.000000
1695208095473696759 160.419148 0.000000
1695208095601644653 160.587180 0.000000
1695208095644023730 160.360568 0.000000
1695208096030403901 160.419897 0.000000
1695208096380608816 160.506218 0.000000
1695208096511788715 160.423454 0.000000
1695208098755958373 161.089252 0.000000
1695208099279886821 160.412790 0.000000
1695208099764403170 160.417437 0.000000
1695208100204747343 160.516845 0.000000
1695208100925942919 160.405381 0.000000
1695208101341194292 160.432785 0.000000
1695208101619704623 160.570096 0.000000
1695208101770851081 160.399067 0.000000
1695208102241046742 160.470810 0.000000
1695208102476437741 160.501080 0.000000
1695208102751811911 160.462645 0.000000
1695208103108013334 160.364744 0.000000
1695208103250052540 160.282142 0.000000
1695208103710000115 160.278140 0.000000
1695208103739953542 160.428195 0.000000
1695208104133208422 160.473772 0.000000
1695208105519154865 160.365570 0.000000
1695208106078864941 160.318536 0.000000
1695208107741231187 160.382558 0.000000
1695208108713196162 160.419049 0.000000
1695208109201502108 160.393420 0.000000
1695208109475291998 160.426016 0.000000
1695208110580289610 160.417492 0.000000
1695208111238570217 160.614660 0.000000
1695208111756454507 160.333186 0.000000
1695208112013275585 160.343439 0.000000
1695208112551839161 160.478328 0.000000
1695208112812911133 160.482500 0.000000
1695208113217467849 160.425117 0.000000
1695208113513068291 160.539410 0.000000
1695208114742995379 160.527063 0.000000
1695208114822794842 160.480489 0.000000
1695208115249943417 160.379315 0.000000
1695208115883010377 160.425105 0.000000
1695208116203129490 160.403765 0.000000
1695208116398540531 160.536038 0.000000
1695208116600592594 160.734647 0.000000
1695208116756675813 160.331734 0.000000
1695208118591919600 160.754634 0.000000
1695208120059398394 160.352980 0.000000
1695208120149713716 160.432634 0.000000
1695208120670119209 160.561598 0.000000
1695208120717089027 160.354994 0.000000
1695208121089928942 160.415604 0.000000
1695208122310701068 160.384080 0.000000
1695208122871653583 160.681752 0.000000
1695208123015013283 160.498300 0.000000
1695208123215867347 160.574732 0.000000
1695208123296650889 160.452948 0.000000
1695208124348462897 160.370932 0.000000
1695208124357658203 160.404469 0.000000
1695208124928467968 160.393864 0.000000
1695208125639696742 160.543581 0.000000
1695208125657054574 160.476545 0.000000
1695208126268978605 160.451530 0.000000
1695208126567338113 160.493183 0.000000
1695208127158053976 160.340305 0.000000
1695208127401456116 160.449879 0.000000
1695208128037199876 160.616164 0.000000
1695208129850444133 160.427338 0.000000
1695208130352103650 160.509998 0.000000
1695208131038365587 160.388681 0.000000
1695208132024000682 160.383807 0.000000
1695208132391078299 160.385606 0.000000
1695208134035680611 160.596774 0.000000
1695208134583464636 160.332412 0.000000
1695208135421291091 160.474410 0.000000
