1695207966845275173 72.380207 208.878343 195 16 0.000000
1695207967858884662 72.394486 207.180387 210 16 0.000000
1695207968872512002 72.400950 207.176741 210 16 0.000000
1695207969887095459 72.425840 206.981493 210 16 0.000000
1695207970901701963 72.408703 206.976775 210 16 0.000000
1695207971914372093 72.369206 207.372587 210 16 0.000000
1695207972855638837 72.372006 207.167624 195 16 0.000000
1695207973868441021 72.354311 207.345531 210 16 0.000000
1695207974882169515 72.406429 207.156056 210 16 0.000000
1695207975895376252 72.365474 207.262741 210 16 0.000000
1695207976909402777 72.405323 207.095164 210 16 0.000000
1695207977922302454 72.348861 207.325568 210 16 0.000000
1695207978935315051 72.425412 196.443749 199 16 0.000000
1695207979877623054 72.373337 218.612181 206 16 0.000000
1695207980890412596 72.349072 207.348113 210 16 0.000000
1695207981903767020 72.373409 207.232530 210 16 0.000000
1695207982918158773 72.412673 207.020605 210 16 0.000000
1695207983932157876 72.410900 207.100780 210 16 0.000000
1695207984945529689 72.377652 207.228972 210 16 0.000000
1695207985886449478 72.385233 207.244013 195 16 0.000000
1695207986901019585 72.421023 206.984226 210 16 0.000000
1695207987913893027 72.358862 207.330944 210 16 0.000000
1695207988927312073 72.367615 207.219308 210 16 0.000000
1695207989943141267 72.446765 206.727668 210 16 0.000000
1695207990956256417 72.367275 207.281471 210 16 0.000000
1695207991897390481 72.397918 207.196806 195 16 0.000000
1695207992910903197 72.393946 207.200188 210 16 0.000000
1695207993924302830 72.410071 207.223291 210 16 0.000000
1695207994938767086 72.448613 203.062836 206 16 0.000000
1695207995953482225 72.452949 193.157653 196 16 0.000000
1695207996966225540 72.365805 193.533736 196 16 0.000000
1695207997907292145 72.382589 185.959224 175 16 0.000000
1695207998921508146 72.413127 179.448949 182 16 0.000000
1695207999934996929 72.394014 179.577719 182 16 0.000000
1695208000949111776 72.399865 179.466855 182 16 0.000000
1695208001961827966 72.353227 179.714713 182 16 0.000000
1695208002975379598 72.378476 179.566579 182 16 0.000000
1695208003916641957 72.383660 179.546122 169 16 0.000000
1695208004930342324 72.393447 179.540227 182 16 0.000000
1695208005943901605 72.385962 177.591980 180 16 0.000000
1695208006957404255 72.393655 165.761777 168 16 0.000000
1695208007971267310 72.408758 165.702851 168 16 0.000000
1695208008985228044 72.410822 165.686889 168 16 0.000000
1695208009926993688 72.395172 165.646302 156 16 0.000000
1695208010940593031 72.415653 165.745951 168 16 0.000000
1695208011954079149 72.381044 165.764496 168 16 0.000000
1695208012967526229 72.389888 165.770866 168 16 0.000000
1695208013981216352 72.392289 165.731122 168 16 0.000000
1695208014994855016 72.388973 165.739534 168 16 0.000000
1695208015937201340 72.464434 165.544228 156 16 0.000000
1695208016950680966 72.376456 161.818749 164 16 0.000000
1695208017964265189 72.395404 151.936066 154 16 0.000000
1695208018978219681 72.412103 151.880584 154 16 0.000000
1695208019992325908 72.412463 151.857862 154 16 0.000000
1695208021005806904 72.386357 151.951532 154 16 0.000000
1695208021947396316 72.405558 151.870873 143 16 0.000000
1695208022960237447 72.342185 152.047538 154 16 0.000000
1695208023973946854 72.392277 151.917304 154 16 0.000000
1695208024987606151 72.395038 151.924815 154 16 0.000000
1695208026001335145 72.386786 151.914345 154 16 0.000000
1695208027014371813 72.354343 152.018216 154 16 0.000000
1695208027956167485 72.434903 151.837601 143 16 0.000000
1695208028969799200 72.383557 151.928950 154 16 0.000000
1695208029983866136 72.400101 151.863740 154 16 0.000000
1695208030996687432 72.343980 152.050516 154 16 0.000000
1695208032010283396 72.398842 142.068442 144 16 0.000000
1695208033025001246 72.477673 137.969382 140 16 0.000000
1695208033966977265 72.441936 138.007765 130 16 0.000000
1695208034980994413 72.409198 138.064723 140 16 0.000000
1695208035995097386 72.438629 127.205993 129 16 0.000000
1695208037008960376 72.401671 124.277174 126 16 0.000000
1695208038023323180 72.434353 124.215911 126 16 0.000000
1695208038965012896 72.416208 124.244728 117 16 0.000000
1695208039981150984 72.558262 123.998914 126 16 0.000000
1695208040994771080 72.381560 124.306920 126 16 0.000000
1695208042008199446 72.380279 124.330455 126 16 0.000000
1695208043021479353 72.375026 110.532141 112 16 0.000000
1695208044034449012 72.340377 110.566001 112 16 0.000000
1695208044975469957 72.378218 110.518238 104 16 0.000000
1695208045989303470 72.402740 110.471805 112 16 0.000000
1695208047002600359 72.369062 110.530289 112 16 0.000000
1695208048016009742 72.371528 110.518018 112 16 0.000000
1695208049029284059 72.369638 104.611360 106 16 0.000000
1695208050043709107 72.442030 96.606447 98 16 0.000000
1695208050984985262 72.387144 96.677261 91 16 0.000000
1695208051998055559 72.344812 96.735632 98 16 0.000000
1695208053011419608 72.380275 96.707600 98 16 0.000000
1695208054024784848 72.371999 96.707480 98 16 0.000000
1695208055038151450 72.367719 96.707348 98 16 0.000000
1695208056051545383 72.378985 96.704745 98 16 0.000000
1695208056993155937 72.404618 96.642926 91 16 0.000000
1695208058007250540 72.430537 96.637930 98 16 0.000000
1695208059020597866 72.374179 96.709190 98 16 0.000000
1695208060034710993 72.419345 96.636162 98 16 0.000000
1695208061048144547 72.377670 96.700963 98 16 0.000000
1695208061989369835 72.390927 96.682485 91 16 0.000000
1695208063003139433 72.400738 96.668911 98 16 0.000000
1695208064016745508 72.377678 96.684503 98 16 0.000000
1695208065030304039 72.385012 96.689041 98 16 0.000000
1695208066044298229 72.414916 96.647485 98 16 0.000000
1695208067058409017 72.426757 96.636391 98 16 0.000000
1695208067999827843 72.402513 96.662607 91 16 0.000000
1695208069013813295 72.406144 96.648331 98 16 0.000000
1695208070027943553 72.436308 96.634529 98 16 0.000000
1695208071042394772 72.407074 96.603939 98 16 0.000000
1695208072055842354 72.412283 83.872136 85 16 0.000000
1695208073070088209 72.435388 82.820156 84 16 0.000000
1695208074011497022 72.405119 82.854546 78 16 0.000000
1695208075025193855 72.391840 82.865016 84 16 0.000000
1695208076039125007 72.409329 82.845857 84 16 0.000000
1695208077052596846 72.366562 82.883409 84 16 0.000000
1695208078066265173 72.401505 82.867342 84 16 0.000000
1695208079036578083 73.862332 80.386426 78 16 0.000000
1695208080049172873 72.419649 82.955208 84 16 0.000000
1695208081062598368 72.359298 82.887187 84 16 0.000000
1695208082075973650 72.400574 82.891305 84 16 0.000000
1695208083080620373 72.414935 82.616112 83 16 0.000000
1695208084031517669 72.391188 83.079419 79 16 0.000000
1695208085045674370 72.374589 82.827437 84 16 0.000000
1695208086059457206 72.342953 82.857995 84 16 0.000000
1695208087072747875 72.342947 82.898224 84 16 0.000000
1695208088085638567 72.372332 82.930965 84 16 0.000000
1695208089026491857 72.331348 82.903470 78 16 0.000000
1695208090039781790 72.381225 82.898281 84 16 0.000000
1695208091052896175 72.337120 82.912647 84 16 0.000000
1695208092066030866 72.342285 82.910986 84 16 0.000000
1695208093079196603 72.338497 82.908459 84 16 0.000000
1695208094080642401 72.359400 82.880175 83 16 0.000000
1695208095033566475 72.419641 82.902723 79 16 0.000000
1695208096046848430 72.378216 82.898939 84 16 0.000000
1695208097059755561 72.394836 82.929617 84 16 0.000000
1695208098072599265 72.401811 82.934801 84 16 0.000000
1695208099085519237 72.431161 82.928574 84 16 0.000000
1695208100091923781 72.368283 82.471805 83 16 0.000000
1695208101039540281 72.382436 83.367045 79 16 0.000000
1695208102052881130 72.344183 82.894122 84 16 0.000000
1695208103066144873 72.366197 82.900440 84 16 0.000000
1695208104079037865 72.378032 82.930764 84 16 0.000000
1695208105092143331 72.340929 73.042752 74 16 0.000000
1695208106099103269 72.341038 68.523077 69 16 0.000000
1695208107045752492 72.338307 69.719601 66 16 0.000000
1695208108058366860 72.322612 69.127992 70 16 0.000000
1695208109071226029 72.360365 60.225549 61 16 0.000000
1695208110083874886 72.339796 55.300513 56 16 0.000000
1695208111097493628 72.383088 55.247598 56 16 0.000000
1695208112106589372 72.401286 54.504244 55 16 0.000000
1695208113052040357 72.410577 56.057893 53 16 0.000000
1695208114065937420 72.392556 55.232427 56 16 0.000000
1695208115079689145 72.372373 55.240355 56 16 0.000000
1695208116092983142 72.376788 55.265305 56 16 0.000000
1695208117106246615 72.365880 55.266973 56 16 0.000000
1695208118047142148 72.390812 55.266502 52 16 0.000000
1695208119060586149 72.356088 55.257111 56 16 0.000000
1695208120074327859 72.384556 55.240896 56 16 0.000000
1695208121087889139 72.398720 55.250729 56 16 0.000000
1695208122102037499 72.402785 55.218752 56 16 0.000000
1695208123111493680 72.359863 54.484783 55 16 0.000000
1695208124056163568 72.370279 56.104256 53 16 0.000000
1695208125069706322 72.374107 55.251732 56 16 0.000000
1695208126082092141 72.343913 55.314884 56 16 0.000000
1695208127094689319 72.347138 55.303331 56 16 0.000000
1695208128107306373 72.345931 55.302250 56 16 0.000000
1695208129118543715 72.320277 54.388818 55 16 0.000000
1695208130059419569 72.313671 56.330492 53 16 0.000000
1695208131071834053 72.316309 55.313312 56 16 0.000000
1695208132084436233 72.317010 55.303062 56 16 0.000000
1695208133097402894 72.342048 41.462372 42 16 0.000000
1695208134110521350 72.351624 41.456159 42 16 0.000000
1695208135051721911 72.383286 41.436433 39 16 0.000000
