1694353004883556755 207.981900 9909.248080 9908 160 0.000000
1694353005928705532 208.795690 770.225290 805 160 0.000000
1694353006935989473 209.694010 766.417464 772 160 0.000000
1694353007942855983 207.904850 756.803409 762 160 0.000000
1694353008946758552 208.984066 771.987200 775 160 0.000000
1694353009953925837 208.167072 767.499207 773 160 0.000000
1694353010959499564 208.477142 759.765223 764 160 0.000000
1694353011968860888 207.390291 784.654645 792 160 0.000000
1694353012974654625 207.376312 762.581808 767 160 0.000000
1694353013981676607 208.001926 768.602855 774 160 0.000000
1694353014988089456 207.715000 774.036156 779 160 0.000000
1694353015993324537 209.092425 766.984903 771 160 0.000000
1694353017001543581 207.464224 766.698338 773 160 0.000000
1694353018006701108 207.521148 772.018283 776 160 0.000000
1694353019016308317 207.524071 770.596835 778 160 0.000000
1694353020022326783 208.359897 773.345630 778 160 0.000000
1694353021029842288 208.333926 767.233763 773 160 0.000000
1694353022034122337 207.770731 767.714176 771 160 0.000000
1694353023043420861 208.013224 766.869202 774 159 0.000000
1694353024047688577 207.619480 770.710843 774 160 0.000000
1694353025057479910 208.459173 764.514415 772 160 0.000000
1694353026066059375 208.657491 767.416055 774 160 0.000000
1694353027072355629 209.190410 764.188475 769 160 0.000000
1694353028079271907 208.429898 769.676631 775 160 0.000000
1694353029086133134 207.411018 777.664233 783 160 0.000000
1694353030091375542 208.532159 766.979247 771 159 0.000000
1694353031095364540 208.758128 759.968495 763 160 0.000000
1694353032105407569 208.515292 765.313922 773 160 0.000000
1694353033111670054 206.916404 778.127034 783 160 0.000000
1694353034117675325 208.629265 771.367620 776 160 0.000000
1694353035122789682 208.432599 762.102321 766 160 0.000000
1694353036133242938 207.711805 767.972262 776 159 0.000000
1694353037139109233 207.415970 778.433491 783 160 0.000000
1694353038145888200 208.296724 765.808613 771 160 0.000000
1694353039153042194 207.734612 767.509224 773 160 0.000000
1694353040161232346 207.168919 769.695934 776 160 0.000000
1694353041165507160 208.258975 772.696988 776 160 0.000000
1694353042173432272 207.561745 768.906406 775 160 0.000000
1694353043179202953 208.099692 770.553373 775 160 0.000000
1694353044184097700 207.519166 766.249143 770 160 0.000000
1694353045189979424 208.091259 771.462731 776 159 0.000000
1694353046198498873 207.841856 770.436205 777 160 0.000000
1694353047205414494 207.720397 770.670339 776 160 0.000000
1694353048212636288 207.608923 770.436138 776 160 0.000000
1694353049218214212 208.503142 769.706642 774 160 0.000000
1694353050224638788 208.464263 764.090961 769 159 0.000000
1694353051232087102 207.918857 767.285085 773 160 0.000000
1694353052238459984 208.076353 779.035240 784 160 0.000000
1694353053244956771 207.950821 767.016937 772 160 0.000000
1694353054250725589 207.054852 761.606427 766 160 0.000000
1694353055258052901 208.665079 769.362541 775 160 0.000000
1694353056263553227 207.845555 770.760677 775 160 0.000000
1694353057269949365 209.233199 764.112535 769 160 0.000000
1694353058276556786 208.081905 769.912960 775 160 0.000000
1694353059282825675 207.850187 767.190468 772 160 0.000000
1694353060289456249 208.809899 770.888659 776 160 0.000000
1694353061299176281 208.547618 767.539492 775 160 0.000000
1694353062306460341 208.401864 766.417279 772 160 0.000000
1694353063312726407 208.335438 771.167812 776 160 0.000000
1694353064320562914 208.186987 768.973885 775 160 0.000000
1694353065327518987 207.879671 761.701711 767 160 0.000000
1694353066334664995 208.026186 775.458548 781 160 0.000000
1694353067340679760 208.089722 766.390316 771 160 0.000000
1694353068349619792 207.826526 777.053046 784 160 0.000000
1694353069356869437 207.790133 761.479650 767 160 0.000000
1694353070363219937 207.295250 773.090392 778 160 0.000000
1694353071367942145 208.634782 767.376359 771 160 0.000000
1694353072375073885 207.215787 774.476646 780 160 0.000000
1694353073381761059 207.696547 772.831829 778 160 0.000000
1694353074389554381 207.176282 769.999272 776 160 0.000000
1694353075400058030 209.276416 764.965034 773 160 0.000000
1694353076405604809 209.278800 758.791112 763 160 0.000000
1694353077409961353 207.242793 778.608004 782 160 0.000000
1694353078417179726 208.052412 765.474560 771 159 0.000000
1694353079424751368 208.586392 764.213542 770 160 0.000000
1694353080429534008 207.998027 768.325424 772 160 0.000000
1694353081438256765 209.056467 767.306902 774 160 0.000000
1694353082445747902 208.862698 773.207798 779 160 0.000000
1694353083452884525 207.448601 765.536753 771 160 0.000000
1694353084460702507 208.142232 766.010724 772 160 0.000000
1694353085467353225 208.408456 770.873659 776 160 0.000000
1694353086475887457 207.257136 768.442014 775 160 0.000000
1694353087482973565 207.790920 771.532727 777 160 0.000000
1694353088488700886 208.088573 767.603809 772 160 0.000000
1694353089493960965 207.924317 772.934310 777 160 0.000000
1694353090503648717 208.977866 763.602313 771 160 0.000000
1694353091511455661 207.567414 768.004249 774 160 0.000000
1694353092516550236 208.251778 769.081840 773 160 0.000000
1694353093521702906 207.928202 768.042530 772 160 0.000000
1694353094530288874 207.755515 771.377093 778 160 0.000000
1694353095535997374 207.346030 773.584003 778 160 0.000000
1694353096542814310 207.357612 771.739085 777 160 0.000000
1694353097537819777 208.425635 773.865072 770 160 0.000000
1694353098552023270 209.653118 755.272545 766 160 0.000000
1694353099558682788 207.578684 770.866394 776 160 0.000000
1694353100562787784 208.864958 765.856134 769 160 0.000000
1694353101568232380 208.013621 770.803209 775 160 0.000000
1694353102573991341 207.646565 771.556635 776 160 0.000000
1694353103580754043 207.699057 776.747168 782 160 0.000000
1694353104587292412 208.117653 756.056610 761 160 0.000000
1694353105594454815 207.985596 766.510009 772 160 0.000000
1694353106597546354 208.695437 771.614441 774 160 0.000000
1694353107604979146 207.036472 769.282021 775 160 0.000000
1694353108614417691 207.539445 777.660113 785 160 0.000000
1694353109619132532 207.843250 774.349006 778 160 0.000000
1694353110624700631 207.795086 765.736228 770 160 0.000000
1694353111632197916 207.616746 766.255266 772 160 0.000000
1694353112634958546 208.868824 768.877448 771 160 0.000000
1694353113643554605 208.435537 766.411878 773 160 0.000000
1694353114649722246 207.018923 770.249385 775 160 0.000000
1694353115655865870 208.137428 772.255545 777 160 0.000000
1694353116662936313 207.167876 773.530835 779 160 0.000000
1694353117669324947 207.516235 773.061088 778 160 0.000000
1694353118674848173 207.154669 763.781447 768 160 0.000000
1694353119682995797 207.540029 773.696337 780 160 0.000000
1694353120689725674 207.148950 773.792364 779 160 0.000000
1694353121696989026 207.598020 768.418689 774 160 0.000000
1694353122703348483 208.393974 771.096170 776 160 0.000000
1694353123706324166 207.454274 775.691954 778 160 0.000000
1694353124715437955 207.287169 769.982561 777 160 0.000000
1694353125722049945 207.708264 768.915941 774 160 0.000000
1694353126730573381 208.814753 757.543048 764 160 0.000000
1694353127737426226 208.133229 771.711586 777 160 0.000000
1694353128743083020 207.684203 771.635053 776 160 0.000000
1694353129751769207 209.390856 770.308891 777 160 0.000000
1694353130758424967 207.931601 763.915630 769 160 0.000000
1694353131765044488 207.422735 774.870762 780 160 0.000000
1694353132774053440 206.908504 773.035662 780 160 0.000000
1694353133779957920 207.945602 775.421656 780 160 0.000000
1694353134788903873 208.067690 761.190373 768 159 0.000000
1694353135794599172 207.888308 769.616740 774 160 0.000000
1694353136800378614 207.551296 767.563955 772 160 0.000000
1694353137808366694 206.626847 775.802810 782 160 0.000000
1694353138817358975 208.665868 776.021867 783 160 0.000000
1694353139822757809 207.833916 764.870549 769 160 0.000000
1694353140827613555 207.685956 772.250188 776 160 0.000000
1694353141833320750 208.230992 768.613258 773 160 0.000000
1694353142842160275 206.929112 766.226933 773 160 0.000000
1694353143848414292 206.580864 771.177115 776 160 0.000000
1694353144857603212 207.154253 770.916148 778 160 0.000000
1694353145864212855 207.403236 772.891379 778 160 0.000000
1694353146872162645 207.455288 779.800834 786 160 0.000000
1694353147877123997 207.238826 775.154189 779 160 0.000000
1694353148884460752 209.169056 757.442773 763 160 0.000000
1694353149889945751 207.930025 769.777760 774 160 0.000000
1694353150895887062 207.862392 768.434508 773 160 0.000000
1694353151906657698 207.974065 762.784271 771 160 0.000000
1694353152913416038 208.216790 773.770594 779 160 0.000000
1694353153918863986 207.794406 775.773711 780 160 0.000000
