1693995732395665002 154.224810 107.913658 106 16 0.000000
1693995733378462089 145.154970 108.872937 107 16 0.000000
1693995734403838073 150.884886 103.376718 106 16 0.000000
1693995735401010771 150.346454 107.303369 107 16 0.000000
1693995736417147271 156.012290 103.332589 105 16 0.000000
1693995737406915944 153.006723 106.085394 105 16 0.000000
1693995738394549712 141.234039 111.377299 110 16 0.000000
1693995739412767913 146.606017 111.960297 114 16 0.000000
1693995740419411858 146.848420 103.313580 104 16 0.000000
1693995741423675773 150.207136 106.545713 107 16 0.000000
1693995742421958147 135.129470 121.208173 121 16 0.000000
1693995743421389295 149.538951 105.059763 105 16 0.000000
1693995744423571436 149.313789 108.762665 109 16 0.000000
1693995745416251472 144.797732 111.818507 111 16 0.000000
1693995746428980696 141.885644 114.541970 116 16 0.000000
1693995747427933763 149.022831 103.107963 103 16 0.000000
1693995748416297904 147.962042 109.271450 108 16 0.000000
1693995749426109289 144.605229 110.911818 112 16 0.000000
1693995750428623351 145.268776 109.724123 110 16 0.000000
1693995751433983892 142.366750 112.397495 113 16 0.000000
1693995752436728514 143.529076 112.690708 113 16 0.000000
1693995753433332546 154.286271 102.347567 102 16 0.000000
1693995754431760065 150.365010 107.168520 107 16 0.000000
1693995755417458654 138.515315 117.683051 116 16 0.000000
1693995756433900841 147.752458 107.236797 109 16 0.000000
1693995757442062264 137.483372 114.069034 115 16 0.000000
1693995758438650793 146.408109 110.376545 110 16 0.000000
1693995759445964847 147.088552 108.208557 109 16 0.000000
1693995760443834675 140.751761 113.241205 113 16 0.000000
1693995761440707561 139.354636 116.363885 116 16 0.000000
1693995762447369858 143.035364 113.245541 114 16 0.000000
1693995763418721830 134.942338 118.391671 115 16 0.000000
1693995764443511395 151.781092 103.435885 106 16 0.000000
1693995765432295859 145.005937 109.224999 108 16 0.000000
1693995766440472072 144.363346 113.075463 114 16 0.000000
1693995767444673146 142.458964 114.518906 115 16 0.000000
1693995768451118640 141.808557 110.289132 111 16 0.000000
1693995769458650409 142.182712 111.162751 112 16 0.000000
1693995770456306064 146.261533 110.258480 110 16 0.000000
1693995771435786711 138.615532 115.367263 113 16 0.000000
1693995772457219021 131.700713 122.377175 125 16 0.000000
1693995773439626322 137.821944 117.059409 115 16 0.000000
1693995774437652088 142.542927 113.223512 113 16 0.000000
1693995775463588526 138.300059 115.991604 119 16 0.000000
1693995776460811320 144.451662 106.295184 106 16 0.000000
1693995777470089109 133.940061 118.896910 120 16 0.000000
1693995778458408401 135.823393 117.370989 116 16 0.000000
1693995779453800078 144.195518 114.527783 114 16 0.000000
1693995780469949269 148.938722 109.235933 111 16 0.000000
1693995781475212789 141.566690 110.418786 111 16 0.000000
1693995782474837157 150.969289 104.039080 104 16 0.000000
1693995783468245588 141.716188 113.749791 113 16 0.000000
1693995784463743161 140.969414 114.515595 114 16 0.000000
1693995785480100315 136.964970 114.133110 116 16 0.000000
1693995786475243213 142.981784 115.561293 115 16 0.000000
1693995787480325352 141.305123 113.423566 114 16 0.000000
1693995788479666477 140.403633 110.072524 110 16 0.000000
1693995789474699349 142.432306 114.569078 114 16 0.000000
1693995790469749307 143.499285 112.557176 112 16 0.000000
1693995791486420070 134.169654 119.999500 122 16 0.000000
1693995792480554264 138.110837 115.678570 115 16 0.000000
1693995793485029361 143.089889 110.505477 111 16 0.000000
1693995794491275685 140.579250 112.298529 113 16 0.000000
1693995795490320707 141.521549 112.107060 112 16 0.000000
1693995796493093912 146.291408 111.690259 112 16 0.000000
1693995797490811953 144.733438 110.251590 110 16 0.000000
1693995798493124953 132.055170 120.720788 121 16 0.000000
1693995799488599091 136.878565 114.518295 114 16 0.000000
1693995800496174166 137.924378 119.097810 120 16 0.000000
1693995801481089860 141.213074 111.684701 110 16 0.000000
1693995802496140923 142.597295 112.309619 114 16 0.000000
1693995803493249116 144.333293 113.327720 113 16 0.000000
1693995804494920765 140.814604 110.814746 111 16 0.000000
1693995805495872324 141.898884 112.892576 113 16 0.000000
1693995806501028334 131.709856 122.369063 123 16 0.000000
1693995807490443244 143.850022 109.155420 108 16 0.000000
1693995808485684021 134.935109 122.583401 122 16 0.000000
1693995809501738000 148.597331 107.277763 109 16 0.000000
1693995810509930491 143.590706 109.106151 110 16 0.000000
1693995811500319855 143.165698 114.096561 113 16 0.000000
1693995812513334936 141.975649 110.561018 112 16 0.000000
1693995813514143267 146.219294 109.911158 110 16 0.000000
1693995814510065378 143.424345 111.454498 111 16 0.000000
1693995815497688532 142.004091 113.403590 112 16 0.000000
1693995816514084858 139.081898 115.112558 117 16 0.000000
1693995817505166778 135.462944 118.052814 117 16 0.000000
1693995818521287965 146.786354 110.223088 112 16 0.000000
1693995819514790119 139.531142 112.732504 112 16 0.000000
1693995820514484735 138.871723 116.035435 116 16 0.000000
1693995821522499348 142.549163 112.101552 113 16 0.000000
1693995822519648235 142.680217 112.320235 112 16 0.000000
1693995823509557590 135.837372 120.213027 119 16 0.000000
1693995824525699845 130.663418 121.046042 123 16 0.000000
1693995825521215580 131.957718 118.531529 118 16 0.000000
1693995826528053096 138.317674 114.219025 115 16 0.000000
1693995827526408023 143.528768 114.187864 114 16 0.000000
1693995828532127865 141.907329 113.351630 114 16 0.000000
1693995829522574527 142.996594 113.080298 112 16 0.000000
1693995830503700335 131.656805 120.269996 118 16 0.000000
1693995831536657914 142.620837 110.362712 114 16 0.000000
1693995832537054803 137.537411 116.953582 117 16 0.000000
1693995833530494833 135.016057 117.772583 117 16 0.000000
1693995834538153227 136.988942 117.103192 118 16 0.000000
1693995835526143930 141.005999 113.361394 112 16 0.000000
1693995836543449495 143.383560 112.060711 114 16 0.000000
1693995837542436607 141.332717 112.113558 112 16 0.000000
1693995838538529369 139.964402 111.435423 111 16 0.000000
1693995839534449821 142.071551 117.479261 117 16 0.000000
1693995840533726672 145.307557 111.080326 111 16 0.000000
1693995841549953629 136.281888 115.131745 117 16 0.000000
1693995842547100758 139.520925 116.331879 116 16 0.000000
1693995843546619336 137.135462 116.055887 116 16 0.000000
1693995844553099736 137.360003 116.246660 117 16 0.000000
1693995845546848312 144.700911 108.679401 108 16 0.000000
1693995846549454324 142.161031 114.701076 115 16 0.000000
1693995847553626402 141.566383 112.530521 113 16 0.000000
1693995848551744403 135.897397 115.216862 115 16 0.000000
1693995849552239286 146.456484 112.944078 113 16 0.000000
1693995850545594734 140.794689 111.742481 111 16 0.000000
1693995851561458581 139.482532 114.188536 116 16 0.000000
1693995852560611735 136.531950 115.097472 115 16 0.000000
1693995853557963465 132.173182 123.326614 123 16 0.000000
1693995854557365802 140.317486 114.068164 114 16 0.000000
1693995855555946083 136.320711 116.164933 116 16 0.000000
1693995856561716006 143.181933 112.351727 113 16 0.000000
1693995857566275565 141.003186 111.491647 112 16 0.000000
1693995858564446209 142.643731 115.210763 115 16 0.000000
1693995859546536088 142.603205 113.024278 111 16 0.000000
1693995860562923493 134.862227 118.065210 120 16 0.000000
1693995861566792767 138.075654 115.552902 116 16 0.000000
1693995862573224048 140.865207 114.265135 115 16 0.000000
1693995863578101029 142.892439 109.466123 110 16 0.000000
1693995864552247574 141.329679 114.972461 112 16 0.000000
1693995865579301566 150.150819 106.128775 109 16 0.000000
1693995866566569865 142.210784 111.418548 110 16 0.000000
1693995867582560598 141.718852 114.174285 116 16 0.000000
1693995868570515474 137.185558 116.402061 115 16 0.000000
1693995869578096298 141.999882 111.157338 112 16 0.000000
1693995870587361633 152.420930 106.017721 107 16 0.000000
1693995871584677109 142.560399 113.304156 113 16 0.000000
1693995872589140614 141.335274 111.502327 112 16 0.000000
1693995873587836920 139.366097 114.148809 114 16 0.000000
1693995874589561363 139.471819 115.800315 116 16 0.000000
1693995875580710838 142.650101 109.973320 109 16 0.000000
1693995876592874220 142.070670 115.593966 117 16 0.000000
1693995877594758428 140.703290 114.783726 115 16 0.000000
1693995878594327594 143.299578 111.047843 111 16 0.000000
1693995879590253354 142.897023 110.449998 110 16 0.000000
1693995880593962841 137.180371 119.556508 120 16 0.000000
1693995881597701581 135.497620 115.567922 116 16 0.000000
1693995882601565448 135.029253 118.541969 119 16 0.000000
1693995883598872614 142.336563 112.302427 112 16 0.000000
1693995884599739001 137.129547 115.899571 116 16 0.000000
1693995885592947252 140.699611 115.786402 115 16 0.000000
1693995886608701841 141.859241 114.200822 116 16 0.000000
1693995887583987731 134.894898 117.914145 115 16 0.000000
1693995888601836658 135.793444 116.913223 119 16 0.000000
1693995889601736438 139.780754 115.011507 115 16 0.000000
1693995890603390601 136.714199 114.810087 115 16 0.000000
1693995891599837362 144.031937 113.402948 113 16 0.000000
1693995892614042347 138.531824 114.375301 116 16 0.000000
1693995893616676646 141.947595 113.700473 114 16 0.000000
1693995894591836687 141.643608 111.776530 109 16 0.000000
1693995895608486177 139.906923 115.083910 117 16 0.000000
1693995896608445163 140.900734 113.004653 113 16 0.000000
1693995897602551147 136.348289 118.699611 118 16 0.000000
1693995898618548676 140.521118 113.189235 115 16 0.000000
1693995899619392846 138.296715 114.903008 115 16 0.000000
