1694861731415381740 222.503169 0.000000
1694861732311329670 222.510928 0.000000
1694861733152886293 222.396395 0.000000
1694861734764649804 222.402446 0.000000
1694861735213159243 222.402585 0.000000
1694861736635581000 222.503728 0.000000
1694861737114446608 222.433123 0.000000
1694861739587752600 222.479988 0.000000
1694861742634763730 222.408058 0.000000
1694861742857471145 222.538648 0.000000
1694861744607036519 222.543090 0.000000
1694861745265417598 222.471594 0.000000
1694861746808236289 222.455950 0.000000
1694861748859775021 222.430353 0.000000
1694861748892063199 222.558152 0.000000
1694861749525481489 222.459336 0.000000
1694861751580956560 222.593021 0.000000
1694861751993574322 222.540255 0.000000
1694861752661315671 222.404696 0.000000
1694861753347446196 222.459455 0.000000
1694861754557863218 222.465361 0.000000
1694861755024493586 222.369897 0.000000
1694861755920911248 222.468463 0.000000
1694861756924666338 222.385405 0.000000
1694861758091025921 222.510071 0.000000
1694861758599971343 222.515757 0.000000
1694861759255906013 222.414624 0.000000
1694861761206519086 222.434353 0.000000
1694861763381049721 222.390140 0.000000
1694861763658255280 222.387518 0.000000
1694861766681442790 222.384162 0.000000
1694861767258498374 222.580991 0.000000
1694861769045834485 222.392461 0.000000
1694861771242170995 222.496224 0.000000
1694861771397811735 222.489161 0.000000
1694861772169871420 222.517793 0.000000
1694861772189414706 222.342023 0.000000
1694861772558394406 222.462731 0.000000
1694861772558447925 222.393853 0.000000
1694861773016931018 222.558298 0.000000
1694861773741668772 222.509304 0.000000
1694861778268469953 222.505605 0.000000
1694861779528090043 222.432374 0.000000
1694861780484342194 222.396250 0.000000
1694861782340287223 222.506891 0.000000
1694861783318876066 222.485056 0.000000
1694861784364219070 222.516879 0.000000
1694861787527456631 222.482743 0.000000
1694861790059125236 222.406143 0.000000
1694861791067664553 222.409661 0.000000
1694861793136305090 222.526456 0.000000
1694861794510575500 222.422163 0.000000
1694861794866305357 222.421337 0.000000
1694861795591579512 222.447999 0.000000
1694861795664281385 222.469679 0.000000
1694861796216636972 222.657732 0.000000
1694861798875462354 222.489260 0.000000
1694861800227994293 222.524134 0.000000
1694861804646678580 222.388708 0.000000
1694861807315122571 222.513091 0.000000
1694861808912757886 222.628358 0.000000
1694861809335485456 222.566938 0.000000
1694861810030531920 222.469059 0.000000
1694861810823700738 222.488421 0.000000
1694861810894177338 222.426365 0.000000
1694861812716052541 222.484240 0.000000
1694861813734099876 222.406500 0.000000
1694861814277506300 222.556033 0.000000
1694861814323593255 222.407516 0.000000
1694861815342129279 222.443330 0.000000
1694861816435389229 222.435932 0.000000
1694861817223634287 222.438862 0.000000
1694861818259147963 222.541037 0.000000
1694861819689121930 222.473131 0.000000
1694861820661146469 222.509304 0.000000
1694861820710502708 222.385655 0.000000
1694861821208370637 222.396085 0.000000
1694861821421732550 222.449591 0.000000
1694861822813471831 222.379671 0.000000
1694861824417711124 222.440190 0.000000
1694861826542559184 222.429286 0.000000
1694861828548636098 222.666370 0.000000
1694861828993644967 222.459351 0.000000
1694861828993717567 222.461178 0.000000
1694861829364087415 222.424320 0.000000
1694861831745118498 222.415760 0.000000
1694861832642817334 222.416725 0.000000
1694861833656011461 222.542701 0.000000
1694861835590299321 222.406598 0.000000
1694861838791781328 222.413254 0.000000
1694861841394481542 222.517435 0.000000
1694861844304449550 222.471154 0.000000
1694861845162298373 222.530103 0.000000
1694861845544642401 222.428360 0.000000
1694861847435905374 222.554307 0.000000
1694861847660310150 222.486654 0.000000
1694861849081805143 222.371187 0.000000
1694861851964122172 222.471860 0.000000
1694861852394144363 222.375490 0.000000
1694861853401463926 222.481576 0.000000
1694861857015668143 222.471338 0.000000
1694861860148408060 222.607503 0.000000
1694861860514581220 222.451749 0.000000
1694861860571078859 222.443485 0.000000
1694861863313139757 222.370022 0.000000
1694861863749408128 222.424104 0.000000
1694861863782419290 222.390363 0.000000
1694861863856491106 222.418321 0.000000
1694861863865866105 222.487677 0.000000
1694861864154495738 222.406543 0.000000
1694861864506442613 222.523661 0.000000
1694861864931342351 222.399662 0.000000
1694861868937528538 222.528389 0.000000
1694861869058027736 222.536899 0.000000
1694861870024643228 222.424100 0.000000
1694861871002689926 222.437134 0.000000
1694861871225185301 222.474664 0.000000
1694861872815665800 222.432223 0.000000
1694861873216385052 222.541296 0.000000
1694861873260646224 222.522061 0.000000
1694861875556796360 222.509899 0.000000
1694861879021532628 222.425390 0.000000
1694861880565560947 222.497189 0.000000
1694861881233989106 222.381741 0.000000
1694861882900324066 222.480834 0.000000
1694861883031313370 222.478520 0.000000
1694861884676005135 222.458925 0.000000
1694861885146451653 222.429668 0.000000
1694861885368999452 222.525705 0.000000
1694861888056520768 222.450666 0.000000
1694861890831592283 222.386378 0.000000
1694861892931717481 222.444416 0.000000
1694861894616154359 222.395890 0.000000
1694861895022351846 222.435540 0.000000
