1694224855403104217 146.135448 0.000000
1694224856021409668 146.264293 0.000000
1694224856860322256 217.623133 0.000000
1694224857804397080 145.482486 0.000000
1694224857840621159 145.383700 0.000000
1694224858131395249 145.517687 0.000000
1694224858887713752 145.818408 0.000000
1694224860062468543 146.304508 0.000000
1694224860389296898 145.976130 0.000000
1694224860517237636 145.443599 0.000000
1694224860607818280 145.608264 0.000000
1694224861145431516 218.642515 0.000000
1694224861699177756 145.603512 0.000000
1694224861772984403 146.300606 0.000000
1694224862245660784 145.731767 0.000000
1694224862822227695 146.030117 0.000000
1694224863990552549 145.474819 0.000000
1694224864246051750 145.312296 0.000000
1694224864428526828 146.076868 0.000000
1694224865228784589 145.864582 0.000000
1694224865555742666 145.790705 0.000000
1694224865737038000 145.953985 0.000000
1694224865953685398 145.246693 0.000000
1694224866465504329 145.640131 0.000000
1694224867148871304 145.627141 0.000000
1694224867774466257 145.598072 0.000000
1694224867956582798 145.419693 0.000000
1694224868720963758 144.858285 0.000000
1694224869375652232 146.376279 0.000000
1694224869484778915 146.170476 0.000000
1694224870502045747 145.530496 0.000000
1694224871340728792 145.797701 0.000000
1694224872287215578 146.115901 0.000000
1694224872759009277 145.750667 0.000000
1694224873597964283 146.449655 0.000000
1694224873924707706 146.030147 0.000000
1694224875053289826 145.639392 0.000000
1694224875344420394 145.542492 0.000000
1694224875453919364 146.249012 0.000000
1694224875817835114 145.885332 0.000000
1694224876326956577 145.607712 0.000000
1694224876437945864 146.431283 0.000000
1694224876655647740 145.802735 0.000000
1694224876801309226 145.817069 0.000000
1694224877310873242 145.750495 0.000000
1694224878583508303 218.679400 0.000000
1694224878729024457 145.511644 0.000000
1694224878911742402 145.523797 0.000000
1694224878911763622 146.196743 0.000000
1694224879420176906 217.908168 0.000000
1694224879930896732 145.606093 0.000000
1694224880512851820 145.733651 0.000000
1694224880658003435 145.229873 0.000000
1694224882113882317 145.214837 0.000000
1694224882441877226 182.507550 0.000000
1694224882441916533 217.761591 0.000000
1694224882478722337 146.028590 0.000000
1694224882514215031 145.604126 0.000000
1694224883024270978 145.193058 0.000000
1694224883643455600 146.275671 0.000000
1694224883861367971 145.966606 0.000000
1694224884661837224 218.473040 0.000000
1694224884697535819 145.813911 0.000000
1694224884697558311 146.349097 0.000000
1694224884734666067 145.720735 0.000000
1694224885534265537 218.707469 0.000000
1694224885789826370 145.617906 0.000000
1694224887499165794 217.769358 0.000000
1694224887572655791 145.414285 0.000000
1694224887644476865 145.307002 0.000000
1694224888227609909 145.853343 0.000000
1694224888372172629 145.151246 0.000000
1694224889428361503 145.807653 0.000000
1694224889901793168 146.602231 0.000000
1694224889902541095 146.113989 0.000000
1694224890120370715 145.109760 0.000000
1694224890630356168 146.013357 0.000000
1694224890775769396 145.410352 0.000000
1694224891175698415 145.629247 0.000000
1694224892450268399 145.972231 0.000000
1694224892486463680 145.408527 0.000000
1694224892523194072 145.742852 0.000000
1694224892668415544 145.413494 0.000000
1694224892813174749 145.424800 0.000000
1694224893467725803 145.476614 0.000000
1694224893468707213 146.025021 0.000000
1694224893832407386 146.370227 0.000000
1694224894997158543 146.175326 0.000000
1694224896162029408 145.812094 0.000000
1694224898126448063 145.137098 0.000000
1694224900019141360 145.603095 0.000000
1694224900200964570 218.143673 0.000000
1694224901002665103 146.165882 0.000000
1694224901475136383 145.630684 0.000000
1694224901730701918 145.493692 0.000000
1694224901838384805 145.262074 0.000000
1694224901948098017 145.472115 0.000000
1694224902166676527 145.743134 0.000000
1694224902749703588 145.929265 0.000000
1694224903185051090 145.066555 0.000000
1694224903440135546 145.965416 0.000000
1694224904313095233 145.310255 0.000000
1694224904495412859 145.751090 0.000000
1694224905369092671 145.963118 0.000000
1694224907260614804 218.466533 0.000000
1694224907297003708 145.017295 0.000000
1694224908244319869 146.419160 0.000000
1694224908280449884 146.205617 0.000000
1694224908716884502 218.401641 0.000000
1694224908826101415 145.604183 0.000000
1694224909335439202 146.065557 0.000000
1694224909700032948 146.300312 0.000000
1694224909734987006 145.582418 0.000000
1694224910610005283 145.959241 0.000000
1694224910900113786 217.821177 0.000000
1694224911228568527 145.775746 0.000000
1694224911593210190 145.568431 0.000000
1694224912211161670 145.170294 0.000000
1694224912284391616 218.379017 0.000000
1694224913559122628 145.814676 0.000000
1694224914469271412 146.069087 0.000000
1694224914687356639 145.778939 0.000000
1694224914978688594 146.134818 0.000000
1694224915415664331 145.936213 0.000000
1694224915487959235 145.901041 0.000000
1694224915778814416 145.933756 0.000000
1694224916616623294 145.208690 0.000000
1694224916690310828 145.979731 0.000000
1694224917345198807 145.687487 0.000000
1694224917381184804 145.048289 0.000000
1694224917418824420 145.489150 0.000000
1694224917927773894 145.370993 0.000000
1694224917928784170 145.570512 0.000000
1694224919419806683 145.940730 0.000000
1694224919674772324 145.868400 0.000000
1694224919892899847 145.091679 0.000000
1694224920148060808 146.222908 0.000000
1694224920257690978 146.411321 0.000000
1694224920912670107 145.926872 0.000000
1694224921093743088 145.596046 0.000000
1694224921095749272 146.199776 0.000000
1694224921530572935 145.462891 0.000000
1694224921895384941 146.048040 0.000000
1694224922185029910 145.229381 0.000000
1694224922876946491 217.992273 0.000000
1694224922878110666 145.685256 0.000000
1694224923314821529 145.870353 0.000000
1694224923533341926 218.394985 0.000000
1694224924224306132 145.851950 0.000000
1694224924516541478 146.255529 0.000000
1694224924697587431 146.178886 0.000000
1694224925280590522 145.383235 0.000000
1694224925390172973 146.094771 0.000000
1694224925463026980 146.100489 0.000000
1694224925644585611 145.961956 0.000000
1694224926337572107 146.335407 0.000000
1694224926665161477 145.762870 0.000000
1694224928921510596 145.382191 0.000000
1694224928958667834 146.148741 0.000000
1694224930051803425 146.018373 0.000000
1694224930670179988 145.280368 0.000000
1694224931106815217 146.022141 0.000000
1694224931106885861 145.850587 0.000000
1694224932015687595 145.389605 0.000000
1694224932525043071 145.556650 0.000000
1694224932525050459 145.394071 0.000000
1694224932853045842 145.705450 0.000000
1694224932998693834 145.645656 0.000000
1694224932999893110 146.137315 0.000000
1694224933582437571 146.025637 0.000000
1694224933799585777 145.619470 0.000000
1694224934418704005 145.636046 0.000000
1694224934673007385 145.158220 0.000000
1694224934891296429 146.151568 0.000000
1694224934927740827 145.838239 0.000000
1694224935728897909 145.758447 0.000000
1694224936346210297 218.281672 0.000000
1694224937328802817 145.446211 0.000000
1694224937948282722 145.415067 0.000000
1694224938312286710 145.418953 0.000000
1694224938457191035 145.906152 0.000000
1694224938968064871 146.083480 0.000000
1694224939147794602 145.040835 0.000000
1694224939257911148 144.843060 0.000000
1694224939367312501 146.289530 0.000000
1694224939949482969 146.184726 0.000000
1694224940203917411 145.756393 0.000000
1694224940423022896 146.354443 0.000000
1694224941078870526 146.013492 0.000000
1694224941441768411 145.142776 0.000000
1694224943080642163 146.147150 0.000000
1694224943588974180 145.128396 0.000000
1694224943844990201 145.482747 0.000000
1694224943991072777 145.998991 0.000000
1694224944026165478 145.955492 0.000000
1694224944791080815 145.861387 0.000000
1694224945156020616 145.850058 0.000000
1694224945227741438 145.558088 0.000000
1694224948649347420 145.098215 0.000000
1694224949377605693 145.814721 0.000000
1694224949850804929 145.883869 0.000000
1694224950178209076 145.119269 0.000000
1694224951670248752 145.079159 0.000000
1694224951706717252 146.024307 0.000000
1694224953562131948 180.822128 0.000000
1694224953562200503 217.552480 0.000000
1694224954071756247 145.723115 0.000000
1694224954618550902 145.850967 0.000000
1694224955017620558 145.097871 0.000000
1694224955490863960 145.499474 0.000000
1694224955745272679 144.962792 0.000000
1694224956656040133 146.113415 0.000000
1694224956764133185 145.150494 0.000000
1694224956909881395 145.741134 0.000000
1694224957091412972 146.206380 0.000000
1694224957601283409 145.653035 0.000000
1694224958001554174 145.477583 0.000000
1694224958619795018 145.791962 0.000000
1694224959821384496 145.553009 0.000000
1694224960367461703 145.797832 0.000000
1694224960585081932 145.131804 0.000000
1694224961241500530 146.719914 0.000000
1694224962186811789 218.246922 0.000000
1694224962186852920 182.778305 0.000000
1694224962186982115 145.570318 0.000000
1694224962768920134 145.551398 0.000000
1694224963351988987 218.811180 0.000000
1694224963570223395 145.807381 0.000000
1694224963606637480 146.467396 0.000000
1694224964153021041 145.969696 0.000000
1694224964662037012 145.761581 0.000000
1694224965280542471 145.496271 0.000000
1694224965683616671 146.197618 0.000000
1694224965716566034 145.986850 0.000000
1694224965789080487 145.479207 0.000000
1694224965862109176 145.547417 0.000000
1694224965901396109 146.021879 0.000000
1694224966081399129 146.739101 0.000000
1694224966881969584 145.769047 0.000000
1694224967066038329 145.920965 0.000000
1694224968957085150 145.486844 0.000000
1694224969175067198 145.481345 0.000000
1694224969394375713 146.029230 0.000000
1694224970558573978 146.409509 0.000000
1694224971870281147 145.733967 0.000000
1694224972379864091 145.517564 0.000000
1694224972635697828 145.842154 0.000000
1694224974528439326 145.637447 0.000000
1694224974601880556 145.493077 0.000000
1694224975365142240 145.693280 0.000000
1694224975657072909 146.014356 0.000000
1694224975766255409 145.298035 0.000000
1694224976639226233 218.437772 0.000000
1694224976896037432 145.812724 0.000000
1694224977185849859 146.037563 0.000000
1694224977330443099 145.574227 0.000000
1694224977440775766 145.624402 0.000000
1694224978204109917 146.193329 0.000000
1694224979368333189 217.966863 0.000000
1694224979368620432 182.449696 0.000000
1694224979877624884 145.421066 0.000000
1694224980316057249 145.795408 0.000000
1694224980424364204 145.241504 0.000000
1694224980861475035 145.527754 0.000000
1694224982209058079 145.807811 0.000000
1694224982645146595 146.339418 0.000000
1694224982790400686 145.247290 0.000000
1694224983372789531 146.397513 0.000000
1694224984064570743 146.278101 0.000000
1694224984136797880 146.102538 0.000000
1694224984718825784 145.258195 0.000000
1694224985083163133 145.872158 0.000000
1694224985120409687 145.813590 0.000000
1694224985956125136 145.702100 0.000000
1694224986065642992 145.241042 0.000000
1694224986938920161 145.099969 0.000000
1694224987958578564 145.720561 0.000000
1694224988395096884 145.642000 0.000000
1694224988540547486 145.444032 0.000000
1694224988649516295 145.545254 0.000000
1694224989086459819 145.634492 0.000000
1694224989560328867 145.831546 0.000000
1694224990032843958 145.704891 0.000000
1694224990216022680 145.627014 0.000000
1694224990726086220 146.192092 0.000000
1694224990979916277 146.251775 0.000000
1694224991197550867 145.604559 0.000000
1694224991635121510 145.910018 0.000000
1694224991962169583 218.551849 0.000000
1694224992472694288 145.785439 0.000000
1694224993273255895 145.880072 0.000000
1694224993419094564 145.906937 0.000000
1694224993673637791 145.785517 0.000000
1694224994037096639 146.040494 0.000000
1694224994691979644 146.131148 0.000000
1694224994873762364 146.112757 0.000000
1694224996184895555 145.544453 0.000000
1694224996621050286 145.362822 0.000000
1694224997130323053 145.105865 0.000000
1694224997348357841 145.042998 0.000000
1694224997640465119 145.800387 0.000000
1694224997930789845 145.751667 0.000000
1694224998403743877 145.653917 0.000000
1694224999605111966 145.987571 0.000000
1694225000478258328 145.890826 0.000000
1694225000732363921 146.506847 0.000000
1694225001314352749 217.900767 0.000000
1694225001314456214 146.055675 0.000000
1694225001859904475 218.904961 0.000000
1694225002005310575 145.628428 0.000000
1694225002297699130 146.264176 0.000000
1694225002551549517 145.774298 0.000000
1694225003861942590 145.683182 0.000000
1694225005536178611 146.019459 0.000000
1694225005608410771 145.955656 0.000000
1694225005826578394 145.215801 0.000000
1694225006009104353 145.310511 0.000000
1694225006626856103 145.123635 0.000000
1694225006627863700 145.718228 0.000000
1694225007173235843 145.695567 0.000000
1694225007500259846 145.015339 0.000000
1694225007756014656 145.666531 0.000000
1694225007865573897 146.104199 0.000000
1694225007973336892 145.498710 0.000000
1694225009574585069 145.525545 0.000000
1694225009647743681 146.537962 0.000000
1694225010484569075 145.614413 0.000000
1694225010920664821 145.826391 0.000000
1694225011030228421 145.818809 0.000000
1694225011685345518 145.263273 0.000000
1694225012086004599 146.062823 0.000000
1694225012122002487 146.278058 0.000000
1694225012304588332 145.770376 0.000000
1694225012522740859 145.503192 0.000000
1694225013832567965 145.619873 0.000000
1694225014523761445 146.652748 0.000000
1694225015179341999 146.421519 0.000000
1694225015469872769 145.305783 0.000000
1694225015651484523 146.188875 0.000000
1694225016378706332 145.383710 0.000000
1694225016816097359 145.907602 0.000000
1694225016924510023 145.300919 0.000000
1694225017252492582 145.908917 0.000000
1694225018090983349 146.035693 0.000000
1694225018745578057 145.728713 0.000000
1694225020126971857 145.157863 0.000000
1694225020745662589 145.778927 0.000000
1694225020782727945 146.256224 0.000000
1694225021364632973 145.366476 0.000000
1694225021945740057 217.728669 0.000000
1694225023039708373 146.216853 0.000000
1694225023874675185 145.586038 0.000000
1694225025113246946 145.514020 0.000000
