1694224856239992276 81.013541 597.907438 594 3270 0.000000
1694224857252188005 81.296969 582.891177 590 3860 0.000000
1694224858257136833 80.840421 594.060095 597 4465 0.000000
1694224859260803404 82.215586 588.841023 591 5048 0.000000
1694224860253029894 81.457395 586.559583 582 5635 0.000000
1694224861263227476 81.991393 588.993726 595 6225 0.000000
1694224862281231330 81.000407 589.388682 600 6832 0.000000
1694224863273099653 80.909637 595.845243 591 7421 0.000000
1694224864282945535 83.341538 579.296351 585 8001 0.000000
1694224865298643213 81.173968 576.943301 586 8603 0.000000
1694224866295592878 81.172998 598.826618 597 9184 0.000000
1694224867302585015 81.779112 589.875510 594 9778 0.000000
1694224868315102394 82.799681 574.804923 582 10373 0.000000
1694224869315811605 81.116330 592.579748 593 10953 0.000000
1694224870323450233 81.738197 594.459171 599 11552 0.000000
1694224871317594810 81.206465 589.451440 586 12138 0.000000
1694224872336905941 80.543527 586.670717 598 12736 0.000000
1694224873343070312 81.921105 596.324073 600 13336 0.000000
1694224874337015705 81.418150 590.575701 587 13923 0.000000
1694224875355967936 81.370645 584.914561 596 14519 0.000000
1694224876355751180 80.729122 584.126616 584 15122 0.000000
1694224877355645416 81.070934 608.064311 608 15711 0.000000
1694224878365888330 82.189106 581.048418 587 16299 0.000000
1694224879379258920 80.991733 579.254990 587 16901 0.000000
1694224880374375455 81.303624 607.969026 605 17490 0.000000
1694224881387573716 82.338140 580.340482 588 18079 0.000000
1694224882384170671 82.419941 573.953224 572 18651 0.000000
1694224883393239144 81.340304 600.553887 606 19256 0.000000
1694224884406781284 82.897523 573.237123 581 19837 0.000000
1694224885412550955 81.327840 583.632603 587 20424 0.000000
1694224886413289069 81.761981 601.556031 602 21026 0.000000
1694224887426610428 81.304063 570.401441 578 21617 0.000000
1694224888423677638 82.586077 591.735471 590 22194 0.000000
1694224889432828137 82.293689 590.595766 596 22790 0.000000
1694224890411682975 82.863170 583.334707 571 23376 0.000000
1694224891442380588 81.592600 578.249126 596 23957 0.000000
1694224892454127532 82.451981 588.091716 595 24552 0.000000
1694224893432608069 83.375727 575.381916 563 25115 0.000000
1694224894461950513 82.681596 577.067412 594 25709 0.000000
1694224895470579187 81.555955 588.918435 594 26309 0.000000
1694224896452421608 82.058038 592.763110 582 26885 0.000000
1694224897481689078 81.840074 579.052621 596 27481 0.000000
1694224898485639400 81.422805 578.713830 581 28083 0.000000
1694224899474673365 80.665344 611.708086 605 28667 0.000000
1694224900493309140 80.919123 587.059676 598 29268 0.000000
1694224901505440822 81.329443 579.964027 587 29867 0.000000
1694224902494793568 82.456500 600.392562 594 30446 0.000000
1694224903514532997 81.861471 576.617860 588 31038 0.000000
1694224904524488121 82.043676 578.243518 584 31619 0.000000
1694224905515338288 81.842606 603.522124 598 32216 0.000000
1694224906535463110 82.009381 577.380324 589 32805 0.000000
1694224907541695301 80.810651 584.358186 588 33397 0.000000
1694224908535147842 81.114761 607.980765 604 33997 0.000000
1694224909553518031 83.400484 563.645719 574 34579 0.000000
1694224910542242787 81.019735 596.728205 590 35165 0.000000
1694224911556750355 81.140737 600.291284 609 35770 0.000000
1694224912540342574 82.581358 579.508451 570 36347 0.000000
1694224913563230854 83.111624 569.954708 583 36927 0.000000
1694224914578712806 81.433974 598.730492 608 37531 0.000000
1694224915561753465 82.713578 578.816334 569 38100 0.000000
1694224916581373784 81.171784 584.531313 596 38696 0.000000
1694224917598475938 83.140489 575.163443 585 39296 0.000000
1694224918583428226 81.244961 599.013809 590 39871 0.000000
1694224919602166495 81.829515 581.110992 592 40463 0.000000
1694224920611433013 81.856515 583.592064 589 41064 0.000000
1694224921604581977 81.214020 601.118328 597 41649 0.000000
1694224922623348424 82.326220 579.131780 590 42239 0.000000
1694224923630196690 83.863437 569.102634 573 42812 0.000000
1694224924625181654 80.765010 599.004027 596 43408 0.000000
1694224925644189279 81.947052 571.143905 582 44002 0.000000
1694224926638590597 82.472402 588.293646 585 44583 0.000000
1694224927648533806 82.006608 594.092840 600 45175 0.000000
1694224928659681749 81.356367 576.572397 583 45759 0.000000
1694224929659386651 81.916797 592.174726 592 46357 0.000000
1694224930670179988 82.501866 587.657244 594 46944 0.000000
1694224931678768096 82.436626 569.112365 574 47521 0.000000
1694224932679937538 81.854648 594.305003 595 48121 0.000000
1694224933690027329 82.474535 585.096511 591 48707 0.000000
1694224934673760031 82.798601 582.475311 573 49281 0.000000
1694224935695363402 81.858197 583.396671 596 49874 0.000000
1694224936686354552 81.822266 591.327175 586 50473 0.000000
1694224937693791348 82.050808 581.674184 586 51045 0.000000
1694224938715954056 81.668863 586.990705 600 51646 0.000000
1694224939707746916 82.688941 581.774721 577 52222 0.000000
1694224940715049754 81.951351 583.736975 588 52810 0.000000
1694224941734264469 81.539538 588.688608 600 53411 0.000000
1694224942726038227 82.108523 588.843955 584 53994 0.000000
1694224943735894836 82.091066 583.251145 589 54583 0.000000
1694224944740265189 81.660205 575.484896 578 55178 0.000000
1694224945746581420 83.137824 590.271736 594 55755 0.000000
1694224946757131044 80.901785 589.778064 596 56351 0.000000
1694224947759847791 80.873465 587.404169 589 56945 0.000000
1694224948766020493 82.102036 594.331370 598 57538 0.000000
1694224949778177714 81.028776 588.841329 596 58134 0.000000
1694224950780160249 81.501810 581.846466 583 58717 0.000000
1694224951786319566 81.218300 605.271938 609 59326 0.000000
1694224952799068731 80.956894 586.522333 594 59920 0.000000
1694224953799118776 81.803089 578.971025 579 60499 0.000000
1694224954808019636 81.666038 595.697772 601 61100 0.000000
1694224955787001063 82.587484 585.302217 573 61688 0.000000
1694224956819604598 81.612274 573.308106 592 62265 0.000000
1694224957827762629 82.383695 593.160998 598 62868 0.000000
1694224958804858178 81.190012 596.666318 583 63461 0.000000
1694224959837500297 80.886314 581.033802 600 64046 0.000000
1694224960840686624 82.329937 589.122888 591 64645 0.000000
1694224961823393419 82.520430 589.188969 579 65216 0.000000
1694224962856662524 82.004417 572.938832 592 65808 0.000000
1694224963861807466 82.077948 588.969787 592 66407 0.000000
1694224964844208196 81.857656 593.444184 583 66983 0.000000
1694224965865476018 81.544450 579.671639 592 67579 0.000000
1694224966877709550 83.161073 569.038594 576 68166 0.000000
1694224967874693930 80.547914 605.826971 604 68755 0.000000
1694224968884783461 82.503767 583.116665 589 69348 0.000000
1694224969896685557 82.191296 572.189700 579 69928 0.000000
1694224970893923416 81.467081 605.672969 604 70527 0.000000
1694224971907835552 80.732861 589.794722 598 71125 0.000000
1694224972911361182 81.118230 584.937686 587 71714 0.000000
1694224973910920922 82.035287 596.262558 596 72309 0.000000
1694224974893767899 82.560964 581.982758 572 72895 0.000000
1694224975930229828 82.086522 572.138683 593 73474 0.000000
1694224976931996859 82.071039 599.939930 601 74075 0.000000
1694224977920224726 82.231403 580.837649 574 74654 0.000000
1694224978932219455 81.123335 588.935923 596 75246 0.000000
1694224979952102286 82.511617 585.361313 597 75841 0.000000
1694224980940377456 83.215534 573.726894 567 76408 0.000000
1694224981954160132 81.392631 587.897203 596 77006 0.000000
1694224982971853725 82.182116 578.759617 589 77604 0.000000
1694224983960388060 81.548928 596.843211 590 78183 0.000000
1694224984975338153 81.870424 583.279951 592 78775 0.000000
1694224985981127533 81.167970 587.598177 591 79381 0.000000
1694224986980519331 81.852888 594.361462 594 79960 0.000000
1694224987995673775 80.614288 592.028165 601 80561 0.000000
1694224989001846730 81.599516 584.392571 588 81149 0.000000
1694224990000988845 81.893095 592.508236 592 81741 0.000000
1694224991016674415 81.022233 589.749513 599 82340 0.000000
1694224992023147287 82.765269 576.269879 580 82920 0.000000
1694224993019424400 82.114262 590.197187 588 83508 0.000000
1694224994024584325 82.516481 573.043157 576 84099 0.000000
1694224995021318001 81.476132 593.939971 592 84685 0.000000
1694224996039941434 82.593107 586.085146 597 85273 0.000000
1694224997043517641 81.726224 578.929622 581 85863 0.000000
1694224998040170984 82.043751 587.967730 586 86448 0.000000
1694224999058746005 81.153296 593.967047 605 87045 0.000000
1694225000061716455 80.943331 586.258548 588 87633 0.000000
1694225001060263253 82.013219 592.861548 592 88234 0.000000
1694225002079097993 81.320991 593.815634 605 88830 0.000000
1694225003081318914 80.688002 584.701427 586 89416 0.000000
1694225004081041996 80.964676 597.165369 597 90013 0.000000
1694225005097699308 81.403460 582.300394 592 90620 0.000000
1694225006100655233 81.895135 588.261188 590 91195 0.000000
1694225007101016596 80.209249 603.781816 604 91799 0.000000
1694225008098872501 81.286630 589.263440 588 92405 0.000000
1694225009120132040 80.831365 589.468155 602 92989 0.000000
1694225010121047790 82.043827 589.460182 590 93579 0.000000
1694225011118113320 82.375215 586.721758 585 94165 0.000000
1694225012122614721 81.198585 591.338153 594 94762 0.000000
1694225013141341220 81.389856 588.970645 600 95358 0.000000
1694225014138245162 80.866896 591.832338 590 95948 0.000000
1694225015143333901 81.960440 583.033097 586 96538 0.000000
1694225016145425300 82.140394 582.781171 584 97132 0.000000
1694225017157822718 82.119073 587.713866 595 97713 0.000000
1694225018163544947 82.059972 588.631688 592 98307 0.000000
1694225019165242955 82.210939 576.021936 577 98898 0.000000
1694225020176605668 81.868691 591.281439 598 99480 0.000000
1694225021183437858 82.272626 585.996362 590 100072 0.000000
1694225022184958001 81.396253 580.118102 581 100651 0.000000
1694225023196358667 80.886313 603.124021 610 101261 0.000000
1694225024203936815 81.084657 587.547487 592 101853 0.000000
1694225025203540935 82.518172 578.228857 578 102431 0.000000
