1695208163350759726 145.254733 0.000000
1695208163470731812 145.112182 0.000000
1695208163619740102 144.975335 0.000000
1695208163781056118 145.280127 0.000000
1695208163910557657 145.350506 0.000000
1695208164056621909 145.012796 0.000000
1695208164193162814 145.294267 0.000000
1695208164338492232 145.324887 0.000000
1695208164565809106 145.430678 0.000000
1695208164565882120 145.189478 0.000000
1695208164582656298 145.351794 0.000000
1695208164638716451 144.929455 0.000000
1695208164711453877 145.611925 0.000000
1695208164856897835 144.718659 0.000000
1695208165002479398 144.873831 0.000000
1695208165072819243 145.407895 0.000000
1695208165220693450 144.918502 0.000000
1695208165293099379 145.188788 0.000000
1695208165311735669 145.370180 0.000000
1695208165438392771 145.183296 0.000000
1695208165438631059 144.653777 0.000000
1695208165439130969 144.984134 0.000000
1695208165464339242 145.313252 0.000000
1695208165503913029 145.240418 0.000000
1695208165511306669 145.317963 0.000000
1695208165511457760 144.721083 0.000000
1695208165584752222 145.640718 0.000000
1695208165656712627 145.280587 0.000000
1695208165656803508 144.923658 0.000000
1695208165727057076 145.136778 0.000000
1695208165875498594 145.056410 0.000000
1695208165947912181 144.865007 0.000000
1695208165947953025 145.107245 0.000000
1695208166020459056 144.957791 0.000000
1695208166165753546 144.952576 0.000000
1695208166165831376 144.926370 0.000000
1695208166166338689 144.915856 0.000000
1695208166238681861 145.206226 0.000000
1695208166311727273 144.945967 0.000000
1695208166966290098 144.916249 0.000000
1695208167179788740 145.279709 0.000000
1695208167330336847 145.205672 0.000000
1695208167330741456 144.879861 0.000000
1695208167360791747 145.467721 0.000000
1695208167476686549 145.555448 0.000000
1695208167694649272 145.392134 0.000000
1695208167762312729 145.165958 0.000000
1695208167765988641 144.907909 0.000000
1695208167766995819 144.831662 0.000000
1695208167798064930 145.508940 0.000000
1695208167985717184 145.157414 0.000000
1695208168057860009 145.060684 0.000000
1695208168089349128 145.241137 0.000000
1695208168202768953 145.355522 0.000000
1695208168276052195 145.066390 0.000000
1695208168348448267 145.095293 0.000000
1695208168494894900 145.517697 0.000000
1695208168636049913 145.211349 0.000000
1695208168784730476 145.297646 0.000000
1695208169075812492 144.855483 0.000000
1695208169294224524 145.219348 0.000000
1695208169366592918 145.287508 0.000000
1695208169439953072 145.029195 0.000000
1695208169582729557 145.210659 0.000000
1695208169584816209 144.852147 0.000000
1695208169686329088 145.371918 0.000000
1695208169730207042 144.965686 0.000000
1695208169909728140 145.154056 0.000000
1695208169946249232 145.246692 0.000000
1695208170239863442 145.200185 0.000000
1695208170312863427 144.797275 0.000000
1695208170342276025 145.209817 0.000000
1695208170455535845 145.119828 0.000000
1695208170458632843 144.950776 0.000000
1695208170491685741 145.269145 0.000000
1695208170600742735 144.985756 0.000000
1695208170749574825 144.749078 0.000000
1695208170895310662 144.945118 0.000000
1695208171041047387 145.119838 0.000000
1695208171073706329 145.035681 0.000000
1695208171186658197 145.149474 0.000000
1695208171187015240 145.520074 0.000000
1695208171259637638 144.992975 0.000000
1695208171291738669 145.099281 0.000000
1695208171477954203 144.893500 0.000000
1695208171507949816 145.283436 0.000000
1695208171550353538 145.082269 0.000000
1695208171623444958 144.932205 0.000000
1695208171696297179 144.910648 0.000000
1695208171768870290 145.497995 0.000000
1695208171769000692 145.554010 0.000000
1695208171842076691 144.978247 0.000000
1695208171986697087 145.001380 0.000000
1695208171986743986 144.950417 0.000000
1695208171987015766 144.934260 0.000000
1695208172059673374 144.938924 0.000000
1695208172131682006 144.981992 0.000000
1695208172205091849 144.894680 0.000000
1695208172236746059 145.435695 0.000000
1695208172422920618 144.954332 0.000000
1695208172422988450 144.884370 0.000000
1695208172568174682 144.925396 0.000000
1695208172568439787 144.722912 0.000000
1695208172640224885 145.216235 0.000000
1695208172641018697 145.008459 0.000000
1695208172786528484 144.683464 0.000000
1695208172931693948 145.153030 0.000000
1695208173076816107 145.041728 0.000000
1695208173222460072 145.107576 0.000000
1695208173368137950 144.861499 0.000000
1695208173402313938 145.282932 0.000000
1695208173513239582 145.251093 0.000000
1695208173659339250 145.049291 0.000000
1695208173838851389 145.172927 0.000000
1695208173877265962 145.201864 0.000000
1695208174095428348 145.155730 0.000000
1695208174095969514 144.964340 0.000000
1695208174241201584 145.268178 0.000000
1695208174604978093 145.413097 0.000000
1695208174605067992 145.217738 0.000000
1695208174605358456 144.909457 0.000000
1695208174823295813 145.197912 0.000000
1695208174931297743 145.173851 0.000000
1695208174968339380 145.126930 0.000000
1695208175041485956 145.131755 0.000000
1695208175150974900 144.915925 0.000000
1695208175259650790 144.746833 0.000000
1695208175332312166 145.341884 0.000000
1695208175404556538 144.900340 0.000000
1695208175696115201 144.869672 0.000000
1695208175841549594 145.089778 0.000000
1695208176132448366 145.181934 0.000000
1695208176205291328 144.928542 0.000000
1695208176205678848 145.179078 0.000000
1695208176205724965 145.173104 0.000000
1695208176241632679 144.904257 0.000000
1695208176351389354 145.416523 0.000000
1695208176422870693 145.219010 0.000000
1695208176422923030 145.005624 0.000000
1695208176604702191 144.935790 0.000000
1695208176714084228 145.192512 0.000000
1695208176786524029 144.927946 0.000000
1695208176786798711 144.676884 0.000000
1695208176859803815 144.888247 0.000000
1695208176932348123 145.034065 0.000000
1695208177078244426 145.844067 0.000000
1695208177223891625 145.089013 0.000000
1695208177224007344 145.102104 0.000000
1695208177224495897 145.526384 0.000000
1695208177224772870 145.633056 0.000000
1695208177296380791 145.383062 0.000000
1695208177369428433 144.784458 0.000000
1695208177514986415 145.142689 0.000000
1695208177588270443 144.929533 0.000000
1695208177879232155 145.109403 0.000000
1695208177879311765 145.204469 0.000000
1695208178242872981 144.990968 0.000000
1695208178243719836 145.130286 0.000000
1695208178315625754 145.040146 0.000000
1695208178388647764 145.136727 0.000000
1695208178461064500 145.495493 0.000000
1695208178497334270 145.449649 0.000000
1695208178679745798 144.883260 0.000000
1695208178752518534 144.928027 0.000000
1695208178970037618 144.980351 0.000000
1695208179043160408 144.979676 0.000000
1695208179188207176 145.063893 0.000000
1695208179552718336 145.110229 0.000000
1695208179625091262 145.379842 0.000000
1695208179625475168 144.963485 0.000000
1695208179770745441 144.933211 0.000000
1695208179770805090 145.328203 0.000000
1695208179843788234 145.107944 0.000000
1695208179880861662 145.092940 0.000000
1695208179952418021 145.433278 0.000000
1695208179989572772 145.180350 0.000000
1695208179989595189 144.958155 0.000000
1695208180134306665 145.246202 0.000000
1695208180207567791 145.103502 0.000000
1695208180316072116 145.169042 0.000000
1695208180425324898 145.121656 0.000000
1695208180499014514 145.249099 0.000000
1695208180716729716 145.054535 0.000000
1695208180752599263 145.199393 0.000000
1695208181007618517 145.248316 0.000000
1695208181080436339 145.045423 0.000000
1695208181117752600 145.005182 0.000000
1695208181153092787 145.191192 0.000000
1695208181153809966 145.107489 0.000000
1695208181445145304 145.324803 0.000000
1695208181445158359 145.403571 0.000000
1695208181445547031 145.439965 0.000000
1695208181590322122 145.174943 0.000000
1695208181735708745 145.382098 0.000000
1695208182027189124 145.383621 0.000000
1695208182318498590 145.432884 0.000000
1695208182464305207 145.383845 0.000000
1695208182464342348 144.837246 0.000000
1695208182610417673 145.080646 0.000000
1695208182755956301 144.979561 0.000000
1695208182901321546 145.232648 0.000000
1695208182974680396 144.965608 0.000000
1695208183046966386 144.988255 0.000000
1695208183047044041 145.104465 0.000000
1695208183265424151 145.173908 0.000000
1695208183410659677 145.198150 0.000000
1695208183556657562 144.952193 0.000000
1695208183921261818 145.039216 0.000000
1695208183957196851 145.095568 0.000000
1695208183994106479 144.800789 0.000000
1695208184065892144 145.104552 0.000000
1695208184066412071 144.958322 0.000000
1695208184066956875 145.035662 0.000000
1695208184211643857 145.229651 0.000000
1695208184357522812 144.822003 0.000000
1695208184429775804 145.169621 0.000000
1695208184430653445 145.051332 0.000000
1695208184538911110 145.262669 0.000000
1695208184575669541 144.900813 0.000000
1695208184721357610 145.381358 0.000000
1695208184794338035 145.026159 0.000000
1695208184903294670 144.951365 0.000000
1695208185012754427 145.275592 0.000000
1695208185013156751 145.079813 0.000000
1695208185121807053 145.551175 0.000000
1695208185158189035 145.353800 0.000000
1695208185304213428 144.880448 0.000000
1695208185595572321 145.122525 0.000000
1695208185667904960 145.229588 0.000000
1695208185668296178 144.670215 0.000000
1695208185958887837 145.294168 0.000000
1695208186031316588 145.221644 0.000000
1695208186103914075 145.060502 0.000000
1695208186249422702 145.055546 0.000000
1695208186322157497 145.129021 0.000000
1695208186650162930 145.420973 0.000000
1695208186831261291 145.234611 0.000000
1695208187123685426 145.180938 0.000000
1695208187269188072 145.071114 0.000000
1695208187414268427 145.279728 0.000000
1695208187523132138 145.110103 0.000000
1695208187632330791 145.043035 0.000000
1695208187777782575 144.959005 0.000000
1695208187778716261 145.391884 0.000000
1695208187886654281 145.137839 0.000000
1695208187923628734 145.841152 0.000000
1695208187923978079 144.762791 0.000000
1695208187996664590 145.279332 0.000000
1695208188142630679 145.030999 0.000000
1695208188215064227 144.882769 0.000000
1695208188360268416 145.109831 0.000000
1695208188360681260 144.847226 0.000000
1695208188796867187 145.421979 0.000000
1695208189015608471 144.962547 0.000000
1695208189051716375 145.252488 0.000000
1695208189234078888 145.219852 0.000000
1695208189306187767 145.333492 0.000000
1695208189307059054 144.998700 0.000000
1695208189307242615 145.145095 0.000000
1695208189452695769 145.449957 0.000000
1695208189670581084 144.806100 0.000000
1695208189743299066 144.908731 0.000000
1695208189888673026 144.885015 0.000000
1695208189961410596 145.318084 0.000000
1695208189961481711 145.523521 0.000000
1695208190180130963 144.995490 0.000000
1695208190326127926 145.266087 0.000000
1695208190397708017 145.337843 0.000000
1695208190471586745 145.433706 0.000000
1695208190543058996 144.982876 0.000000
1695208190543817206 145.302878 0.000000
1695208190761534629 144.923661 0.000000
1695208190762176819 144.990352 0.000000
1695208190798364965 145.304447 0.000000
1695208190906974120 145.368817 0.000000
1695208190980003821 145.481924 0.000000
1695208191052154728 145.171407 0.000000
1695208191126171412 145.088763 0.000000
1695208191197676643 144.986632 0.000000
1695208191270961377 144.881633 0.000000
1695208191561966359 144.968388 0.000000
1695208191634375072 145.085763 0.000000
1695208191779526494 145.144020 0.000000
1695208191780956578 144.840170 0.000000
1695208191852468420 144.963769 0.000000
1695208191926438857 144.937199 0.000000
1695208191997837458 145.360508 0.000000
1695208192253764834 145.277737 0.000000
1695208192580897030 145.282384 0.000000
1695208192908370151 144.857268 0.000000
1695208192908745627 145.175311 0.000000
1695208192945284885 144.931706 0.000000
1695208193018465637 144.974247 0.000000
1695208193235983641 145.136997 0.000000
1695208193308360190 144.860458 0.000000
1695208193381666948 145.043127 0.000000
1695208193562889282 145.147840 0.000000
1695208193599586487 145.278471 0.000000
1695208193600915671 145.442015 0.000000
1695208193672582742 145.177733 0.000000
1695208193781202862 145.315709 0.000000
1695208193819012306 145.166920 0.000000
1695208193964073618 144.768507 0.000000
1695208194109093677 145.191879 0.000000
1695208194109506370 144.855067 0.000000
1695208194290811029 145.114349 0.000000
1695208194472796655 144.996046 0.000000
1695208194473178827 145.030054 0.000000
1695208194690875221 145.258588 0.000000
1695208194836691836 145.371949 0.000000
1695208194909545956 145.122233 0.000000
1695208194909640867 145.239214 0.000000
1695208195201400360 145.390488 0.000000
1695208195346322736 145.099733 0.000000
1695208195383118351 145.635025 0.000000
1695208195418826253 145.292701 0.000000
1695208195419437030 144.746398 0.000000
1695208195492133188 145.018183 0.000000
1695208195564960335 145.037247 0.000000
1695208195783123934 145.135421 0.000000
1695208195929442229 145.412057 0.000000
1695208196001546760 145.168843 0.000000
1695208196001634177 144.900897 0.000000
1695208196002012235 144.985984 0.000000
1695208196037753362 145.244482 0.000000
1695208196292938476 145.546047 0.000000
1695208196293443733 145.021269 0.000000
1695208196584624664 145.226208 0.000000
1695208196657655123 145.077012 0.000000
1695208196802919103 145.053858 0.000000
1695208196803515146 144.931383 0.000000
1695208196948421822 145.114147 0.000000
1695208197094111305 145.090027 0.000000
1695208197166719225 145.353120 0.000000
1695208197166726061 145.427703 0.000000
1695208197458739373 145.230710 0.000000
1695208197531168884 144.988102 0.000000
1695208197531323122 144.725196 0.000000
1695208197749689179 144.778713 0.000000
1695208197895756942 145.061599 0.000000
1695208198040894220 145.179732 0.000000
1695208198040915575 144.975723 0.000000
1695208198149810926 145.435955 0.000000
1695208198186525418 144.890764 0.000000
1695208198187097140 145.029933 0.000000
1695208198332084399 144.985380 0.000000
1695208198332229030 145.081002 0.000000
1695208198478469736 145.462340 0.000000
1695208198478504958 145.449240 0.000000
1695208198550676224 145.454684 0.000000
1695208198731919833 145.193177 0.000000
1695208198768989647 145.259775 0.000000
1695208199059827104 145.216188 0.000000
1695208199059974446 144.793723 0.000000
1695208199278099855 145.097399 0.000000
1695208199459959759 145.298016 0.000000
1695208199496974286 145.145059 0.000000
1695208199750981820 145.202427 0.000000
1695208199933883221 145.199769 0.000000
1695208200006068368 144.954776 0.000000
1695208200296955716 145.246162 0.000000
1695208200296959465 144.892080 0.000000
1695208200478536411 145.032853 0.000000
1695208200516208930 144.880147 0.000000
1695208200587971412 145.160328 0.000000
1695208200588001607 145.101547 0.000000
1695208200588075238 145.204506 0.000000
1695208200660709982 144.864570 0.000000
1695208200733728048 144.880358 0.000000
1695208200806293227 145.479390 0.000000
1695208200806946002 145.123208 0.000000
1695208200807094983 145.296971 0.000000
1695208200807115240 145.089254 0.000000
1695208200951576672 145.281305 0.000000
1695208201025340586 144.884670 0.000000
1695208201170302863 144.916542 0.000000
1695208201315660609 145.189605 0.000000
1695208201351989684 145.409026 0.000000
1695208201461484936 145.004029 0.000000
1695208201607482906 145.042168 0.000000
1695208201679813394 144.983202 0.000000
1695208202298723288 145.036491 0.000000
1695208202407794780 144.802674 0.000000
1695208202480137034 144.956467 0.000000
1695208202480201293 145.099794 0.000000
1695208202553627586 144.780679 0.000000
1695208202698926793 144.699896 0.000000
1695208202843948143 145.184399 0.000000
1695208202990258747 145.166570 0.000000
1695208203207753778 145.354663 0.000000
1695208203281087755 145.185401 0.000000
1695208203281697840 145.680630 0.000000
1695208203352956132 145.068753 0.000000
1695208203353731185 145.238106 0.000000
1695208203716831840 145.193800 0.000000
1695208203790056544 144.923959 0.000000
1695208203935031084 145.186316 0.000000
1695208204081550106 145.346707 0.000000
1695208204226478526 144.993856 0.000000
1695208204299337244 144.735062 0.000000
1695208204445234313 145.138323 0.000000
1695208204445369742 145.233123 0.000000
1695208204445408893 145.166378 0.000000
1695208204517659735 145.359515 0.000000
1695208204735877418 145.043082 0.000000
1695208204881784479 144.915045 0.000000
1695208204917740260 145.198145 0.000000
1695208205100763505 145.321368 0.000000
1695208205173128632 145.336825 0.000000
1695208205173447628 145.648699 0.000000
1695208205281437650 145.180930 0.000000
1695208205318412263 144.765378 0.000000
1695208205391452826 144.905357 0.000000
1695208205463622250 145.177857 0.000000
1695208205536847913 144.929386 0.000000
1695208205537088686 144.717585 0.000000
1695208205681620669 145.047022 0.000000
1695208205681658296 144.869280 0.000000
1695208205681681134 145.355142 0.000000
1695208205682668881 144.806048 0.000000
1695208205755352466 145.351097 0.000000
1695208206046678789 145.213639 0.000000
1695208206264950962 144.751350 0.000000
1695208206337262613 145.046800 0.000000
1695208206337312899 144.939457 0.000000
1695208206337692440 144.697404 0.000000
1695208206410902164 145.176676 0.000000
1695208206773521949 145.184454 0.000000
1695208206992151867 145.381097 0.000000
1695208207028442711 145.057264 0.000000
1695208207137584308 145.235430 0.000000
1695208207210883664 144.987795 0.000000
1695208207356642369 145.061682 0.000000
1695208207429174173 145.065229 0.000000
1695208207537957699 145.122904 0.000000
1695208207755962656 145.133477 0.000000
1695208207793018655 145.257308 0.000000
1695208208156609074 145.365033 0.000000
1695208208157429392 144.834853 0.000000
1695208208157669705 144.988144 0.000000
1695208208375826658 145.167342 0.000000
1695208208521079570 145.249780 0.000000
1695208208594141288 144.928629 0.000000
1695208208739290459 145.363414 0.000000
1695208208739630373 144.969830 0.000000
1695208208775449017 145.228370 0.000000
1695208208885274332 145.450019 0.000000
1695208208885277665 144.940973 0.000000
1695208208885343618 144.973163 0.000000
1695208209030585934 145.208878 0.000000
1695208209103712190 144.865234 0.000000
1695208209139259705 145.045908 0.000000
1695208209176087275 145.367150 0.000000
1695208209322027081 145.003513 0.000000
1695208209394287801 144.974588 0.000000
1695208209430079502 145.280539 0.000000
1695208209612205929 145.022341 0.000000
1695208209831272351 144.790697 0.000000
1695208209831453933 145.091636 0.000000
1695208210121951720 145.266648 0.000000
1695208210122227459 144.695187 0.000000
1695208210340765026 144.830677 0.000000
1695208210486633217 145.086232 0.000000
1695208210559249468 144.974433 0.000000
1695208210777160671 145.215806 0.000000
1695208211069017855 145.087207 0.000000
1695208211069409925 145.195563 0.000000
1695208211214677895 144.938953 0.000000
1695208211287559510 145.047262 0.000000
1695208211433037656 145.244154 0.000000
1695208211651729346 144.938170 0.000000
1695208211724388727 145.165637 0.000000
1695208211797720618 145.321569 0.000000
1695208211833090275 145.148006 0.000000
1695208211870390739 144.941401 0.000000
1695208211978276312 145.115047 0.000000
1695208212015628498 144.823052 0.000000
1695208212015634788 144.876626 0.000000
1695208212088688553 145.027401 0.000000
1695208212233487585 145.252704 0.000000
1695208212306585667 144.734783 0.000000
1695208212525296368 145.271397 0.000000
1695208212670583995 144.785181 0.000000
1695208212888990051 144.915994 0.000000
1695208213070029170 145.227789 0.000000
1695208213179221009 144.928044 0.000000
1695208213179995235 144.851346 0.000000
1695208213215195989 145.162279 0.000000
1695208213326074687 145.148296 0.000000
1695208213326140409 145.279586 0.000000
1695208213397639791 145.078042 0.000000
1695208213397666057 145.003067 0.000000
1695208213544210712 144.863951 0.000000
1695208213797762665 144.901886 0.000000
1695208213907033775 144.811320 0.000000
1695208213907619980 144.962025 0.000000
1695208213907824465 144.899996 0.000000
1695208214015656762 144.933142 0.000000
1695208214052782637 144.970676 0.000000
1695208214088012893 145.205902 0.000000
1695208214198415477 144.715312 0.000000
1695208214233386597 144.981138 0.000000
1695208214378618104 145.227112 0.000000
1695208214416693561 145.332927 0.000000
1695208214417283590 145.178889 0.000000
1695208214490124622 144.882632 0.000000
1695208214596951026 144.935388 0.000000
1695208214707261503 145.254962 0.000000
1695208214707778638 144.958718 0.000000
1695208214925484728 145.248557 0.000000
1695208214998304860 145.042161 0.000000
1695208215216048436 144.990606 0.000000
1695208215216939844 144.817149 0.000000
1695208215252123191 145.012561 0.000000
1695208215361595779 145.081311 0.000000
1695208215362223250 144.813505 0.000000
1695208215433745416 144.971227 0.000000
1695208215798453847 145.041278 0.000000
1695208215944068776 144.840011 0.000000
1695208216052639281 145.019218 0.000000
1695208216162116298 145.044509 0.000000
1695208216162150457 145.087949 0.000000
1695208216162185338 145.252035 0.000000
1695208216162588037 144.849321 0.000000
1695208216235405311 145.087633 0.000000
1695208216307697156 144.560701 0.000000
1695208216453482567 145.495995 0.000000
1695208216561708134 145.054828 0.000000
1695208216672280300 145.152597 0.000000
1695208216890788488 145.047192 0.000000
1695208216890793324 145.022188 0.000000
1695208217109768744 145.399856 0.000000
1695208217255043146 145.027120 0.000000
1695208217327783725 145.230643 0.000000
1695208217362488347 145.007473 0.000000
1695208217435335291 145.043551 0.000000
1695208217546579215 145.228392 0.000000
1695208217691697286 145.078911 0.000000
1695208217838129786 145.124867 0.000000
1695208217983280613 145.134684 0.000000
1695208218055228047 145.063422 0.000000
1695208218056055356 144.948254 0.000000
1695208218201702238 145.270524 0.000000
1695208218346221989 145.042544 0.000000
1695208218347024757 144.833750 0.000000
1695208218492380556 144.882496 0.000000
1695208218564452837 145.334036 0.000000
1695208218565573773 145.161424 0.000000
1695208218710306932 145.234999 0.000000
1695208218783303573 145.296653 0.000000
1695208218855339869 145.028862 0.000000
1695208218855376178 144.929256 0.000000
1695208219147076475 145.417946 0.000000
1695208219584499329 145.177078 0.000000
1695208219584689966 145.015758 0.000000
1695208219730155117 145.186063 0.000000
1695208220349118575 145.126422 0.000000
1695208220385149723 145.309086 0.000000
1695208220385279444 145.172825 0.000000
1695208220385977995 145.170805 0.000000
1695208220967897292 145.171347 0.000000
1695208221040201457 145.105108 0.000000
1695208221113477124 145.008853 0.000000
1695208221186493270 145.009152 0.000000
1695208221331593954 145.313483 0.000000
1695208221404721793 144.782537 0.000000
1695208221476855777 145.256330 0.000000
1695208221550274887 144.920346 0.000000
1695208221660068473 145.249620 0.000000
1695208221695709221 144.858227 0.000000
1695208221768052075 145.185698 0.000000
1695208221768431546 145.166574 0.000000
1695208221768481356 144.831466 0.000000
1695208221841274425 144.718500 0.000000
1695208221914224637 145.173970 0.000000
1695208222060195866 145.317272 0.000000
1695208222132458979 145.470921 0.000000
1695208222205291955 145.233038 0.000000
1695208222205357528 145.159668 0.000000
1695208222278365674 145.336854 0.000000
1695208222351383499 144.917354 0.000000
1695208222387803705 144.969124 0.000000
1695208222569800769 144.908132 0.000000
1695208222642583433 144.897377 0.000000
1695208222715421955 144.978575 0.000000
1695208223006174994 145.159293 0.000000
1695208223079481488 145.278078 0.000000
1695208223079629782 144.791494 0.000000
1695208223152259082 145.067424 0.000000
1695208223225169456 145.818736 0.000000
1695208223443603771 145.206696 0.000000
1695208223443935385 144.932285 0.000000
1695208223479756095 145.277540 0.000000
1695208223516614617 145.347292 0.000000
1695208223552660048 145.230512 0.000000
1695208223735306696 145.124356 0.000000
1695208223807567739 145.560384 0.000000
1695208223880439470 145.376594 0.000000
1695208224025690283 145.244364 0.000000
1695208224098782392 145.235768 0.000000
1695208224098957944 145.263552 0.000000
1695208224389935120 145.350608 0.000000
1695208224390068660 145.338836 0.000000
1695208224608981875 145.522360 0.000000
1695208224717403771 145.223872 0.000000
1695208224754558114 145.253409 0.000000
1695208224973319237 145.210343 0.000000
1695208225227698574 145.336067 0.000000
1695208225337681592 144.984572 0.000000
1695208225410971640 145.099666 0.000000
1695208225518803503 145.195265 0.000000
1695208225556429543 145.399833 0.000000
1695208225664041396 145.230481 0.000000
1695208225701700039 145.075744 0.000000
1695208225992912243 144.930247 0.000000
1695208226101109068 145.155059 0.000000
1695208226101157595 145.412813 0.000000
1695208226211324174 144.750342 0.000000
1695208226284164119 144.678392 0.000000
1695208226429449278 145.326802 0.000000
1695208226429506837 145.292005 0.000000
1695208226575135467 144.873568 0.000000
1695208226647364447 145.101318 0.000000
1695208226647768044 144.988086 0.000000
1695208226792714027 144.982664 0.000000
1695208226938725017 145.339141 0.000000
1695208226939093703 144.959410 0.000000
1695208226975338457 145.167054 0.000000
1695208227083970276 145.315161 0.000000
1695208227158031524 144.957044 0.000000
1695208227230799837 144.973922 0.000000
1695208227266155530 145.397525 0.000000
1695208227302569544 145.163952 0.000000
1695208227448886346 145.039218 0.000000
1695208227521252823 144.645626 0.000000
1695208227812621334 145.369130 0.000000
1695208227958375414 144.825917 0.000000
1695208228030011405 145.150071 0.000000
1695208228031034674 145.301051 0.000000
1695208228103080259 144.914136 0.000000
1695208228104016847 145.286389 0.000000
1695208228285757587 145.069595 0.000000
1695208228394213890 145.195293 0.000000
1695208228395231410 145.213726 0.000000
1695208228540777048 145.540135 0.000000
1695208228612847362 144.758700 0.000000
1695208228758447874 144.820918 0.000000
1695208228867929985 145.014975 0.000000
1695208228976395143 145.215833 0.000000
1695208229049277221 144.944530 0.000000
1695208229195373452 145.403084 0.000000
1695208229268118717 145.007067 0.000000
1695208229413776910 144.777966 0.000000
1695208229559698942 145.164719 0.000000
1695208229704998374 145.292792 0.000000
1695208229850650342 145.449132 0.000000
1695208229886865974 145.195539 0.000000
1695208230032759122 145.235903 0.000000
1695208230214682479 145.613898 0.000000
1695208230250648037 145.153571 0.000000
1695208230250700334 145.303032 0.000000
1695208230287031063 144.965441 0.000000
1695208230359926533 145.198633 0.000000
1695208230360894578 144.899218 0.000000
1695208230468826676 145.364397 0.000000
1695208230614113068 145.282003 0.000000
1695208230869480236 145.011609 0.000000
1695208230942398785 145.140445 0.000000
1695208231014939676 145.329579 0.000000
1695208231124011099 145.369938 0.000000
1695208231233489403 145.529803 0.000000
1695208231379282415 145.518460 0.000000
1695208231379352297 145.155362 0.000000
1695208231415625724 145.787101 0.000000
1695208231816422251 144.936123 0.000000
1695208231852460105 145.115975 0.000000
1695208232034887898 145.307680 0.000000
1695208232253084733 145.567730 0.000000
1695208232253104975 145.671440 0.000000
1695208232326463437 145.572287 0.000000
1695208232326534076 145.003698 0.000000
1695208232399452255 144.847490 0.000000
1695208232471529775 145.063307 0.000000
1695208233017680454 145.094419 0.000000
1695208233127404218 145.310264 0.000000
1695208233382283285 145.764213 0.000000
1695208233418968353 144.964438 0.000000
1695208233637081392 145.281440 0.000000
1695208233637577197 144.880305 0.000000
1695208233782658643 145.010046 0.000000
1695208233855902822 144.898138 0.000000
1695208234074606329 145.457021 0.000000
1695208234110792423 145.016843 0.000000
1695208234146317746 145.127108 0.000000
1695208234147260919 144.882586 0.000000
1695208234220137149 145.161979 0.000000
1695208234364847717 144.980038 0.000000
1695208234365338611 145.274381 0.000000
1695208234509969610 145.224746 0.000000
1695208234510033518 145.359384 0.000000
1695208234511121742 144.973128 0.000000
1695208234547215644 145.772191 0.000000
1695208234583625709 145.376633 0.000000
1695208234583675168 145.378563 0.000000
1695208234656478023 145.254750 0.000000
1695208234800916961 145.104764 0.000000
1695208234946926643 145.063342 0.000000
1695208235092787133 145.070728 0.000000
1695208235347587596 145.309420 0.000000
1695208235456559472 145.088779 0.000000
1695208235674951283 145.428070 0.000000
1695208235820668564 144.881914 0.000000
1695208235966633094 145.198453 0.000000
1695208236038802191 144.881767 0.000000
1695208236039059513 145.020439 0.000000
1695208236111711111 145.075285 0.000000
1695208236402254042 145.204126 0.000000
1695208236475253978 145.135932 0.000000
1695208236620665003 145.042670 0.000000
1695208236620704650 145.160469 0.000000
1695208236693612787 145.403437 0.000000
1695208236838692713 145.117282 0.000000
1695208236839249153 145.005512 0.000000
1695208236984109790 145.058195 0.000000
1695208237057766954 145.464592 0.000000
1695208237202619434 145.374691 0.000000
1695208237348539354 145.688428 0.000000
1695208237458208288 145.474519 0.000000
1695208237566972596 145.062261 0.000000
1695208237676298457 145.362657 0.000000
1695208237967933813 145.196331 0.000000
1695208238076914048 145.245452 0.000000
1695208238149623676 144.944422 0.000000
1695208238150405910 144.862466 0.000000
1695208238223064420 144.857383 0.000000
1695208238513414874 145.112432 0.000000
1695208238513855471 144.983909 0.000000
1695208238659338648 145.288931 0.000000
1695208238695274195 145.393592 0.000000
1695208238731663586 145.157108 0.000000
1695208238840473822 145.216551 0.000000
1695208238877515736 144.913999 0.000000
1695208238877747919 144.782665 0.000000
1695208239095597382 145.254279 0.000000
1695208239095635791 145.321565 0.000000
1695208239096365178 144.886641 0.000000
1695208239168384999 145.127012 0.000000
1695208239168628669 144.902787 0.000000
1695208239240899893 145.215364 0.000000
1695208239277841267 145.530169 0.000000
1695208239313483304 144.963076 0.000000
1695208239350028995 145.051254 0.000000
1695208239604624526 145.210179 0.000000
1695208239604757925 145.052158 0.000000
1695208240114955130 145.306821 0.000000
1695208240187109954 145.342020 0.000000
1695208240188152528 145.493000 0.000000
1695208240188261040 145.666503 0.000000
1695208240188278761 145.500844 0.000000
1695208240479299526 145.926529 0.000000
1695208240552174909 144.955555 0.000000
1695208240624398027 145.034910 0.000000
1695208240770162096 145.126509 0.000000
1695208240770806777 145.649228 0.000000
1695208240988008756 145.209922 0.000000
1695208241061055235 145.366947 0.000000
1695208241134036935 145.183960 0.000000
1695208241206319956 145.370537 0.000000
1695208241243625799 145.384217 0.000000
1695208241279576979 144.721089 0.000000
1695208241534713701 145.068488 0.000000
1695208241570593318 144.826314 0.000000
1695208241607345243 145.209284 0.000000
1695208241716140935 145.106013 0.000000
1695208241789511587 145.028930 0.000000
1695208242080670364 144.734366 0.000000
1695208242153252377 145.263216 0.000000
1695208242153632799 144.978071 0.000000
1695208242189756726 145.193079 0.000000
1695208242225751939 145.036214 0.000000
1695208242298854562 144.977521 0.000000
1695208242372287765 145.579568 0.000000
1695208242408271224 145.341900 0.000000
1695208242590326804 145.054719 0.000000
1695208242626566246 145.567401 0.000000
1695208242735498187 145.119564 0.000000
1695208242808927886 144.619945 0.000000
1695208242809088047 144.844560 0.000000
1695208242880907665 145.404341 0.000000
1695208242881875189 144.859793 0.000000
1695208243173071623 145.297395 0.000000
1695208243354464186 145.294134 0.000000
1695208243463896290 145.448307 0.000000
1695208243500459860 145.261862 0.000000
1695208243536984487 144.700234 0.000000
1695208243609491329 145.132878 0.000000
1695208243754989925 145.043135 0.000000
1695208243900600914 145.082708 0.000000
1695208244009424531 145.140885 0.000000
1695208244119358294 144.869357 0.000000
1695208244119396894 144.975033 0.000000
1695208244192308078 145.210227 0.000000
1695208244300520695 145.262383 0.000000
1695208244301223711 145.025478 0.000000
1695208244337685008 145.224671 0.000000
1695208244338279446 145.210649 0.000000
1695208244482732148 145.103957 0.000000
1695208244628790637 145.138856 0.000000
1695208244919894224 145.142324 0.000000
1695208245066006808 144.937398 0.000000
1695208245137939237 145.282592 0.000000
1695208245246927891 145.495687 0.000000
1695208245284301277 145.158985 0.000000
1695208245356550491 144.941292 0.000000
1695208245392163029 145.114337 0.000000
1695208245429503582 145.044619 0.000000
1695208245501830117 144.701079 0.000000
1695208245502552232 144.955915 0.000000
1695208245792558842 145.013123 0.000000
1695208245865735917 145.287382 0.000000
1695208246229487328 145.045001 0.000000
1695208246302883778 144.704996 0.000000
1695208246448273496 145.251006 0.000000
1695208246448546689 144.859192 0.000000
1695208246594000227 144.740308 0.000000
1695208246665992368 145.027252 0.000000
1695208246702101037 144.993446 0.000000
1695208246884734569 145.321240 0.000000
1695208246885188377 145.336816 0.000000
1695208246958000515 144.932801 0.000000
1695208246958179755 145.060096 0.000000
1695208247248136468 145.192477 0.000000
1695208247249180490 145.081896 0.000000
1695208247321398699 145.013025 0.000000
1695208247430674428 145.252045 0.000000
1695208247540208765 146.016964 0.000000
1695208247612487700 145.434714 0.000000
1695208247757660743 145.170647 0.000000
1695208247904010715 144.906072 0.000000
1695208247904096032 144.698381 0.000000
1695208248194621326 145.312457 0.000000
1695208248631475326 145.115930 0.000000
1695208248667738508 145.143434 0.000000
1695208248996022370 145.012496 0.000000
1695208249141659414 144.861234 0.000000
1695208249214023072 145.140163 0.000000
1695208249214253286 145.196995 0.000000
1695208249214902256 145.070055 0.000000
1695208249250712191 145.075990 0.000000
1695208249432606114 145.704198 0.000000
1695208249505250787 145.480769 0.000000
1695208249505318760 145.287916 0.000000
1695208249505521370 144.926037 0.000000
1695208249505849431 144.885352 0.000000
1695208249796604403 145.342614 0.000000
1695208249978196457 145.096003 0.000000
1695208250087896614 145.156861 0.000000
1695208250160449871 145.185572 0.000000
1695208250233481928 145.144407 0.000000
1695208250269659840 145.605958 0.000000
1695208250524185048 144.871619 0.000000
1695208250524215173 145.235127 0.000000
1695208250597654070 144.938595 0.000000
1695208250706062089 145.058865 0.000000
1695208250742289296 145.280432 0.000000
1695208250816126270 144.971261 0.000000
1695208250961092891 144.963959 0.000000
1695208251251938197 145.209341 0.000000
1695208251251946792 144.957216 0.000000
1695208251252020157 144.943038 0.000000
1695208251397647934 144.969575 0.000000
1695208251543039357 145.172109 0.000000
1695208251615661052 145.418552 0.000000
1695208251761653935 145.132412 0.000000
1695208251833820474 145.089016 0.000000
1695208251906801412 145.330537 0.000000
1695208251979677377 145.215179 0.000000
1695208252198042351 144.759829 0.000000
1695208252270824077 144.969563 0.000000
1695208252343282671 145.339155 0.000000
1695208252344296282 145.009595 0.000000
1695208252488625441 145.340815 0.000000
1695208252489310260 144.829289 0.000000
1695208252525707021 145.302117 0.000000
1695208252671409345 145.493810 0.000000
1695208253144745162 145.064322 0.000000
1695208253144979756 144.814217 0.000000
1695208253508784570 145.168305 0.000000
1695208253653992828 145.203682 0.000000
1695208253690379724 145.138054 0.000000
1695208253726890697 144.950033 0.000000
1695208253727221168 144.824587 0.000000
1695208253728100277 145.197392 0.000000
1695208253908565881 145.240096 0.000000
1695208253945194849 145.267932 0.000000
1695208254091238209 144.828192 0.000000
1695208254164735231 145.420203 0.000000
1695208254236924304 144.948839 0.000000
1695208254418831019 144.719456 0.000000
1695208254600160840 145.258464 0.000000
1695208254636735453 145.211838 0.000000
1695208254636804774 145.259389 0.000000
1695208254963355431 145.156861 0.000000
1695208255037246863 145.450561 0.000000
1695208255109312522 145.338452 0.000000
1695208255109412950 144.893815 0.000000
1695208255181616275 145.181401 0.000000
1695208255254662711 145.247906 0.000000
1695208255254758718 144.912708 0.000000
1695208255473946421 145.634336 0.000000
1695208255510322320 145.314610 0.000000
1695208255546287381 145.704343 0.000000
1695208255619738010 145.300676 0.000000
1695208255691998170 145.447623 0.000000
1695208255692053909 145.423071 0.000000
1695208255765847669 145.559302 0.000000
1695208255838140587 145.435262 0.000000
1695208255910822849 145.814552 0.000000
1695208255983342207 145.476953 0.000000
1695208255983554669 144.873018 0.000000
1695208255984020811 145.279305 0.000000
1695208256056296556 145.477641 0.000000
1695208256274342026 145.176280 0.000000
1695208256565636566 145.246378 0.000000
1695208256565692020 145.269452 0.000000
1695208256711422914 145.184251 0.000000
1695208256747945832 144.989638 0.000000
1695208256929741064 145.472178 0.000000
1695208257002693717 144.991261 0.000000
1695208257038880660 145.138230 0.000000
1695208257221026176 145.080837 0.000000
1695208257221585088 144.936888 0.000000
1695208257439174130 145.298292 0.000000
1695208257439525785 144.972080 0.000000
1695208257512150367 144.988896 0.000000
1695208257585116915 144.864195 0.000000
1695208257730046422 144.876639 0.000000
1695208257730096999 145.171919 0.000000
1695208257730906727 144.983758 0.000000
1695208257803543410 144.715419 0.000000
1695208257840045348 145.020752 0.000000
1695208257948474735 144.928157 0.000000
1695208258020793134 145.177654 0.000000
1695208258021841115 144.906329 0.000000
1695208258094048832 144.976666 0.000000
1695208258094824892 144.690102 0.000000
1695208258239877115 144.974312 0.000000
1695208258312445624 145.395390 0.000000
1695208258676463194 145.216923 0.000000
1695208258677111613 144.872634 0.000000
1695208258749405198 145.041054 0.000000
1695208258894687483 145.280039 0.000000
1695208258968149213 144.738631 0.000000
1695208259477785700 145.141656 0.000000
1695208259477839043 145.271793 0.000000
1695208259731671567 145.250282 0.000000
1695208259913877860 145.061953 0.000000
1695208259986889229 145.097227 0.000000
1695208260023743890 144.944289 0.000000
1695208260095011154 145.145287 0.000000
1695208260132159025 144.998061 0.000000
1695208260277781592 144.797293 0.000000
1695208260350346517 145.145371 0.000000
1695208260386276759 145.614972 0.000000
1695208260496736591 145.469414 0.000000
1695208260715162320 144.708939 0.000000
1695208260750139699 145.295386 0.000000
1695208260861146738 144.852347 0.000000
1695208260933394009 145.150774 0.000000
1695208261005937349 145.118197 0.000000
1695208261078550718 145.153968 0.000000
1695208261078921894 145.040154 0.000000
1695208261151096996 145.149137 0.000000
1695208261151468728 144.843518 0.000000
1695208261296850517 145.356876 0.000000
1695208261296940511 145.404522 0.000000
1695208261296967203 144.755767 0.000000
1695208261369280442 145.349766 0.000000
1695208261442609401 145.096518 0.000000
1695208261588062309 144.994575 0.000000
1695208261878740122 145.476282 0.000000
1695208261878929311 145.036131 0.000000
1695208262024744713 144.932385 0.000000
1695208262024920962 145.100033 0.000000
1695208262461046513 145.230359 0.000000
1695208262534578882 145.064479 0.000000
1695208262679781936 144.948028 0.000000
1695208262716084969 145.129429 0.000000
1695208262861190647 145.297883 0.000000
1695208262898405300 144.968765 0.000000
1695208263116558012 145.404762 0.000000
1695208263189892838 145.038829 0.000000
1695208263335080271 145.070457 0.000000
1695208263407960202 144.905526 0.000000
1695208263553288207 145.125395 0.000000
1695208263553453425 144.635694 0.000000
1695208263626367641 145.307942 0.000000
1695208263845028073 145.033093 0.000000
1695208263953532743 145.204173 0.000000
1695208263990294021 145.357555 0.000000
1695208264062651700 145.313832 0.000000
1695208264281716285 144.834767 0.000000
1695208264645474762 145.277390 0.000000
1695208264827437158 145.123544 0.000000
1695208264863932619 144.957169 0.000000
1695208265081864113 145.190066 0.000000
1695208265191999736 145.461645 0.000000
1695208265228794515 145.416701 0.000000
1695208265228811625 145.462984 0.000000
1695208265446156265 145.189288 0.000000
1695208265555876919 145.192014 0.000000
1695208265737339551 145.249571 0.000000
1695208265810277748 145.023447 0.000000
1695208265919426145 145.203901 0.000000
1695208265956291587 144.905289 0.000000
1695208265956377036 145.562848 0.000000
1695208265992475049 144.859487 0.000000
1695208266028530606 145.238527 0.000000
1695208266028905786 145.193558 0.000000
1695208266101521245 144.879877 0.000000
1695208266174379276 144.757245 0.000000
1695208266174695440 145.049176 0.000000
1695208266320071950 145.215107 0.000000
1695208266611411597 145.285500 0.000000
1695208266647643877 145.443631 0.000000
1695208266683692235 145.267553 0.000000
1695208266757016047 145.022405 0.000000
1695208266938436510 145.171055 0.000000
1695208266938464771 145.260948 0.000000
1695208266975183554 144.804855 0.000000
1695208267265842282 145.203287 0.000000
1695208267266562257 144.918827 0.000000
1695208267484698628 145.245703 0.000000
1695208267484879483 145.259539 0.000000
1695208267557464025 145.606153 0.000000
1695208267630514811 145.352712 0.000000
1695208267848575022 145.100468 0.000000
1695208268139650666 145.417632 0.000000
1695208268140123533 145.069214 0.000000
1695208268503422351 144.736969 0.000000
1695208268576650369 145.156753 0.000000
1695208268721947975 145.045076 0.000000
1695208268794251401 145.184531 0.000000
1695208268903386635 145.059265 0.000000
1695208269376757455 145.365222 0.000000
1695208269594812228 145.170085 0.000000
1695208269667708971 144.930467 0.000000
1695208269667795081 145.348471 0.000000
1695208269741385638 145.140497 0.000000
1695208269813244204 145.079972 0.000000
1695208269813261088 145.183838 0.000000
1695208269886219079 144.830428 0.000000
1695208269958535006 145.288657 0.000000
1695208270177545304 145.053271 0.000000
1695208270322220139 145.107233 0.000000
1695208270468055758 144.876685 0.000000
1695208270613665625 145.556989 0.000000
1695208270650558229 144.940756 0.000000
1695208270905193257 145.469239 0.000000
1695208270905254404 145.378880 0.000000
1695208271051038686 145.149951 0.000000
1695208271159830683 145.284613 0.000000
1695208271705881498 145.027274 0.000000
1695208271706206783 144.845698 0.000000
1695208271778900418 144.886474 0.000000
1695208271997344045 145.015498 0.000000
1695208271997372105 144.851036 0.000000
1695208272287891895 144.932514 0.000000
1695208272287976015 145.081720 0.000000
1695208272433242808 145.165918 0.000000
1695208272469843684 145.173570 0.000000
1695208272506186496 145.269107 0.000000
1695208272506245834 145.332490 0.000000
1695208272579619936 144.961942 0.000000
1695208272651998499 144.780331 0.000000
1695208272797589775 145.196590 0.000000
1695208272869862443 145.315998 0.000000
1695208272943303018 144.995038 0.000000
1695208273015760685 145.348031 0.000000
1695208273015858908 144.829619 0.000000
1695208273016362681 145.283426 0.000000
1695208273088588474 145.280103 0.000000
1695208273161610626 145.243605 0.000000
1695208273307216372 145.601085 0.000000
1695208273598500256 145.624933 0.000000
1695208273670888700 145.110840 0.000000
1695208273816795797 145.003962 0.000000
1695208273961940144 145.303656 0.000000
1695208274107971707 144.845088 0.000000
1695208274253229836 145.084731 0.000000
1695208274362478442 145.151246 0.000000
1695208274474659052 147.583918 0.000000
1695208274550927360 151.177959 0.000000
1695208274768870967 145.228750 0.000000
1695208274841695464 145.475924 0.000000
1695208274914012783 145.078791 0.000000
1695208274914734923 145.032387 0.000000
1695208275059386184 145.100067 0.000000
1695208275132813126 144.742451 0.000000
1695208275350411168 145.080643 0.000000
1695208275567918385 145.080934 0.000000
1695208275568981134 144.863354 0.000000
1695208275745134409 145.033605 0.000000
1695208275930752430 144.988571 0.000000
1695208276004777037 144.867932 0.000000
1695208276149074955 144.949971 0.000000
1695208276327347402 145.226344 0.000000
1695208276367210234 145.116665 0.000000
1695208276368028642 144.847466 0.000000
1695208276440875349 145.085310 0.000000
1695208276585192401 145.101255 0.000000
1695208276585789361 144.908905 0.000000
1695208276948553508 145.010044 0.000000
1695208276948577789 145.070358 0.000000
1695208276950261574 145.138095 0.000000
1695208277021532811 145.020545 0.000000
1695208277168710390 144.946970 0.000000
1695208277200512160 145.272273 0.000000
1695208277239959389 145.360439 0.000000
1695208277312070562 145.163528 0.000000
1695208277312124036 145.170900 0.000000
1695208277314285899 145.011536 0.000000
1695208277314338581 145.052265 0.000000
1695208277529887446 144.992684 0.000000
1695208277674924511 145.034916 0.000000
1695208277675650370 145.003402 0.000000
1695208277747952214 144.904435 0.000000
1695208277822809233 145.106550 0.000000
1695208278038275580 145.087790 0.000000
1695208278040384015 144.800720 0.000000
1695208278113244685 145.091555 0.000000
1695208278329475237 145.003625 0.000000
1695208278402283380 144.985222 0.000000
1695208278549923922 145.292010 0.000000
1695208278695219509 145.006587 0.000000
1695208278989949388 145.099454 0.000000
1695208279204429160 145.234715 0.000000
1695208279278895766 145.006270 0.000000
1695208279350058372 145.306473 0.000000
1695208279495076064 145.015790 0.000000
1695208279495200227 145.227557 0.000000
1695208279567808915 145.237059 0.000000
1695208279704940989 145.229431 0.000000
1695208279713222238 144.998583 0.000000
1695208280076827964 145.330005 0.000000
1695208280149202640 144.999307 0.000000
1695208280150247098 144.988296 0.000000
1695208280295199556 145.491453 0.000000
1695208280368374374 145.035608 0.000000
1695208280506018406 145.285328 0.000000
1695208280732330906 144.937495 0.000000
1695208280877985979 145.147596 0.000000
1695208280950794130 145.282815 0.000000
1695208281023688371 145.249412 0.000000
1695208281096439721 145.068177 0.000000
1695208281110712730 145.302129 0.000000
1695208281169209651 145.065228 0.000000
1695208281169235146 145.232992 0.000000
1695208281314508791 144.884578 0.000000
1695208281315118670 144.845221 0.000000
1695208281387955652 144.907487 0.000000
1695208281679100510 145.228556 0.000000
1695208281824179823 144.849625 0.000000
1695208281897402523 144.834638 0.000000
1695208281969405871 145.263741 0.000000
1695208281969405455 145.174760 0.000000
1695208282114684928 145.233346 0.000000
1695208282260243342 145.130256 0.000000
1695208282260322235 145.061487 0.000000
1695208282333282002 145.633314 0.000000
1695208282624681962 145.038053 0.000000
1695208282697547424 145.151155 0.000000
1695208282698155063 145.028184 0.000000
1695208282916198539 145.008380 0.000000
1695208283061966902 145.651939 0.000000
1695208283062038393 145.539312 0.000000
1695208283062194119 145.506250 0.000000
1695208283134483279 146.139629 0.000000
1695208283494302246 145.309335 0.000000
1695208283498660272 145.303747 0.000000
1695208283644370250 145.275321 0.000000
1695208283880730663 145.316431 0.000000
1695208283935975779 145.009194 0.000000
1695208284155294716 145.485602 0.000000
1695208284222944510 145.477392 0.000000
1695208284227245674 145.312064 0.000000
1695208284445693064 145.182813 0.000000
1695208284591360097 144.937416 0.000000
1695208284955678056 144.983047 0.000000
1695208284956089215 144.781986 0.000000
1695208285101655282 145.262573 0.000000
1695208285246930884 145.050275 0.000000
1695208285537775065 145.287290 0.000000
1695208285610766005 145.242882 0.000000
1695208285683906242 145.028069 0.000000
1695208285755836180 145.275606 0.000000
1695208285756558655 145.069444 0.000000
1695208285829534005 145.000159 0.000000
1695208285974590325 144.852261 0.000000
1695208286047331229 144.695466 0.000000
1695208286192963669 144.887738 0.000000
1695208286554612124 145.167817 0.000000
1695208286775461258 144.850651 0.000000
1695208286847937824 145.145193 0.000000
1695208286848265373 144.758000 0.000000
1695208286920789115 145.150305 0.000000
1695208286920826958 145.359791 0.000000
1695208286993863989 145.227014 0.000000
1695208287137623668 145.458073 0.000000
1695208287139383579 145.590174 0.000000
1695208287139788342 145.545581 0.000000
1695208287283345993 145.180804 0.000000
1695208287428636921 145.257270 0.000000
1695208287430256602 145.016527 0.000000
1695208287721625682 144.955261 0.000000
1695208287794539377 145.107345 0.000000
1695208287866614255 144.892104 0.000000
1695208288109928059 145.465012 0.000000
1695208288230592556 145.101210 0.000000
1695208288230657421 145.267339 0.000000
1695208288255320381 145.384124 0.000000
1695208288303983530 144.836679 0.000000
1695208288376328764 145.401141 0.000000
1695208288959211133 144.946203 0.000000
1695208289032281158 144.804570 0.000000
1695208289177736558 145.306746 0.000000
1695208289178222069 145.112585 0.000000
1695208289250790958 145.067668 0.000000
1695208289323083905 144.897543 0.000000
1695208289468320175 145.278873 0.000000
1695208289686793024 144.870580 0.000000
1695208289687280750 144.725629 0.000000
1695208289759924627 144.871094 0.000000
1695208289760112864 144.914569 0.000000
1695208289905427783 144.828447 0.000000
1695208290049890975 144.898852 0.000000
1695208290123358311 145.089810 0.000000
1695208290123817781 145.018569 0.000000
1695208290341536310 145.005690 0.000000
1695208290414705695 145.156036 0.000000
1695208290415083431 144.998887 0.000000
1695208290486951607 145.408452 0.000000
1695208290487025268 144.808886 0.000000
1695208290631955436 144.997409 0.000000
1695208290705606936 144.973350 0.000000
1695208290733731271 145.336596 0.000000
1695208290996907396 144.898986 0.000000
1695208291068849564 144.850648 0.000000
1695208291360655421 145.226174 0.000000
1695208291506346925 145.013867 0.000000
1695208291578945973 145.481802 0.000000
1695208291797395650 145.016130 0.000000
1695208291798470478 145.269678 0.000000
1695208292088948478 145.521515 0.000000
1695208292089032829 145.374454 0.000000
1695208292234032273 145.123356 0.000000
1695208292306778789 145.015539 0.000000
1695208292337467670 145.249077 0.000000
1695208292597892938 145.309458 0.000000
1695208292598002943 145.222601 0.000000
1695208292743752947 144.957972 0.000000
1695208293034442486 145.227377 0.000000
1695208293107178827 144.933402 0.000000
1695208293325597674 144.830340 0.000000
1695208293616997591 145.157401 0.000000
1695208293689331091 145.224051 0.000000
1695208293762308311 145.129239 0.000000
1695208293762638987 144.878157 0.000000
1695208293836007867 145.730703 0.000000
1695208293836064293 145.497352 0.000000
1695208293940704864 145.230664 0.000000
1695208294086043353 145.331147 0.000000
1695208294345048859 144.985907 0.000000
1695208294417722660 145.123336 0.000000
1695208294418363852 145.070609 0.000000
1695208294927197477 144.873986 0.000000
1695208295363489882 145.034493 0.000000
1695208295436195719 145.498271 0.000000
1695208295436267610 145.849707 0.000000
1695208295436426684 145.155427 0.000000
1695208295508786981 145.017185 0.000000
1695208295509393523 145.119607 0.000000
1695208295654765666 144.803826 0.000000
1695208295655250385 145.098926 0.000000
1695208295726850177 145.140999 0.000000
1695208295726906046 145.264606 0.000000
1695208295799783599 145.013131 0.000000
1695208295872928327 145.089297 0.000000
1695208295908447132 145.198413 0.000000
1695208295945653757 144.862481 0.000000
1695208296018316796 144.804194 0.000000
1695208296053647379 145.193627 0.000000
1695208296163814437 145.266810 0.000000
1695208296236004865 145.391811 0.000000
1695208296236659493 145.157542 0.000000
1695208296236669025 144.930682 0.000000
1695208296272128943 145.766262 0.000000
1695208296309335087 145.231830 0.000000
1695208296381187188 145.175126 0.000000
1695208296417309836 145.173782 0.000000
1695208296527033725 145.064203 0.000000
1695208296527516700 144.781437 0.000000
1695208296600549359 144.906159 0.000000
1695208296745907849 145.003461 0.000000
1695208296818452378 145.401848 0.000000
1695208297109812656 145.296323 0.000000
1695208297110164998 145.477634 0.000000
1695208297110215224 145.539327 0.000000
1695208297291708921 145.359069 0.000000
1695208297328001954 145.193714 0.000000
1695208297400985381 144.800816 0.000000
1695208297473416590 144.971127 0.000000
1695208297473759515 144.934893 0.000000
1695208297474170774 144.904889 0.000000
1695208297618986619 145.221387 0.000000
1695208297983204882 145.365598 0.000000
1695208298055950685 145.082932 0.000000
1695208298056303173 144.750826 0.000000
1695208298274204232 145.201125 0.000000
1695208298347443061 144.862704 0.000000
1695208298711059555 145.072462 0.000000
1695208298711117078 145.092002 0.000000
1695208298783863969 145.011224 0.000000
1695208298783902368 144.672794 0.000000
1695208299002300885 145.692599 0.000000
1695208299002416894 145.083491 0.000000
1695208299002684078 145.258432 0.000000
1695208299075801036 145.398581 0.000000
1695208299147534160 145.113778 0.000000
1695208299147607525 144.918550 0.000000
1695208299148155009 144.985481 0.000000
1695208299257509912 145.029862 0.000000
1695208299366532657 145.099426 0.000000
1695208299366763512 144.835309 0.000000
1695208299439366724 145.361655 0.000000
1695208299439383067 144.814687 0.000000
1695208299657756126 145.326072 0.000000
1695208299730653386 144.951504 0.000000
1695208299802939769 144.860323 0.000000
1695208299803086088 145.031816 0.000000
1695208299948300653 145.194222 0.000000
1695208299949478133 145.471104 0.000000
1695208300093796541 144.953225 0.000000
1695208300167801417 145.168344 0.000000
1695208300312555140 145.252043 0.000000
1695208300530722984 145.447422 0.000000
1695208300749088737 145.369857 0.000000
1695208300749382879 144.727257 0.000000
1695208300894433616 144.894715 0.000000
1695208300894591226 144.981240 0.000000
1695208301039980149 145.200601 0.000000
1695208301113238273 144.992658 0.000000
1695208301258528136 145.288160 0.000000
1695208301258943239 144.998062 0.000000
1695208301549501872 144.930157 0.000000
1695208301622708687 145.065595 0.000000
1695208301695235280 145.250919 0.000000
1695208301695279102 144.844016 0.000000
1695208301840673123 145.225681 0.000000
1695208302132501160 144.867644 0.000000
1695208302242104918 145.077321 0.000000
1695208302277904402 145.341714 0.000000
1695208302278044692 144.930766 0.000000
1695208302350971327 145.119670 0.000000
1695208302351084805 145.040401 0.000000
1695208302423298982 145.390076 0.000000
1695208302496946906 145.306387 0.000000
1695208302787198578 145.298770 0.000000
1695208302969361478 144.713672 0.000000
1695208303005910635 145.213044 0.000000
1695208303006239172 144.949027 0.000000
1695208303151688716 145.099036 0.000000
1695208303223973011 145.054852 0.000000
1695208303369485527 145.500438 0.000000
1695208303370357564 145.259510 0.000000
1695208303442525743 145.563985 0.000000
1695208303442845845 144.913025 0.000000
1695208303588051794 145.161100 0.000000
1695208303660702511 145.333104 0.000000
1695208303733511008 145.314052 0.000000
1695208303806043162 145.270463 0.000000
1695208303806716398 144.894837 0.000000
1695208303842444194 145.232911 0.000000
1695208303879125446 145.132536 0.000000
1695208303951895157 145.406116 0.000000
1695208304024664345 145.065001 0.000000
1695208304025017419 145.032149 0.000000
1695208304097435281 145.455182 0.000000
1695208304242749636 144.920707 0.000000
1695208304242822976 145.448571 0.000000
1695208304315829371 144.995506 0.000000
1695208304315858158 144.948642 0.000000
1695208304388828729 144.817613 0.000000
1695208304461583131 145.317655 0.000000
1695208304534192925 145.477559 0.000000
1695208304679918520 145.016015 0.000000
1695208304898294728 145.336267 0.000000
1695208304970381372 144.959257 0.000000
1695208304970432275 145.222617 0.000000
1695208305116750078 144.924934 0.000000
1695208305188635922 145.220272 0.000000
1695208305261312470 145.346990 0.000000
1695208305261462106 145.394175 0.000000
1695208305262097189 144.919985 0.000000
1695208305552648468 145.213339 0.000000
1695208305698163344 144.895996 0.000000
1695208305770868797 145.148661 0.000000
1695208305843986501 144.791013 0.000000
1695208305916177098 145.174286 0.000000
1695208305916918477 144.848104 0.000000
1695208306134515801 145.068017 0.000000
1695208306207029819 145.054146 0.000000
1695208306207631855 144.858247 0.000000
1695208306352391235 145.356861 0.000000
1695208306571230261 144.980404 0.000000
1695208306861914065 144.951313 0.000000
1695208306934841648 145.271629 0.000000
1695208307226218305 144.798554 0.000000
1695208307517621563 144.824866 0.000000
1695208307663493642 144.981945 0.000000
1695208307881688767 144.849393 0.000000
1695208307955139572 145.333520 0.000000
1695208307955199170 145.408475 0.000000
1695208308026586341 145.127782 0.000000
1695208308172080298 145.146221 0.000000
1695208308208941281 144.850473 0.000000
1695208308245638398 144.953108 0.000000
1695208308245677684 144.845468 0.000000
1695208308318107787 144.857466 0.000000
1695208308609414702 145.412847 0.000000
1695208308609421923 145.290117 0.000000
1695208308754544871 145.163817 0.000000
1695208308900611934 144.653897 0.000000
1695208309118346214 145.090371 0.000000
1695208309447084807 145.149779 0.000000
1695208309482294957 145.259586 0.000000
1695208309555304386 145.369123 0.000000
1695208309555381284 145.240541 0.000000
1695208309773721238 144.886099 0.000000
1695208309919275292 144.923918 0.000000
1695208309991990399 145.011575 0.000000
1695208309992494232 145.191337 0.000000
1695208310211026374 145.005810 0.000000
1695208310283586945 144.918486 0.000000
1695208310574439821 145.069037 0.000000
1695208310793078789 145.631271 0.000000
1695208310866525441 144.727247 0.000000
1695208310938718467 145.167704 0.000000
1695208311230170013 145.392828 0.000000
1695208311375750521 144.984546 0.000000
1695208311520955401 145.202840 0.000000
1695208311594721025 144.834622 0.000000
1695208311740180166 144.813714 0.000000
1695208311812966206 145.184789 0.000000
1695208311813344653 145.090129 0.000000
1695208311884758695 145.112672 0.000000
1695208311958317935 144.893411 0.000000
1695208312103660730 145.307603 0.000000
1695208312176386766 144.643703 0.000000
1695208312176668930 144.847290 0.000000
1695208312613159244 145.498115 0.000000
1695208312613526581 144.949538 0.000000
1695208312976505271 144.768692 0.000000
1695208312976646022 144.950894 0.000000
1695208312976854801 144.967418 0.000000
1695208313049568321 144.815542 0.000000
1695208313194424464 145.321267 0.000000
1695208313340398692 144.802431 0.000000
1695208313485544852 145.410598 0.000000
1695208313631031927 144.982280 0.000000
1695208313631750463 144.904891 0.000000
1695208313849666655 145.154521 0.000000
1695208313850070210 144.915472 0.000000
1695208313994899772 145.231438 0.000000
1695208314140945586 145.651214 0.000000
1695208314141005841 144.872714 0.000000
1695208314359237506 145.151519 0.000000
1695208314432124456 145.346705 0.000000
1695208314432405192 145.024097 0.000000
1695208314577935620 145.053332 0.000000
1695208314723773345 145.162514 0.000000
1695208314941760437 145.162284 0.000000
1695208314978975944 145.162419 0.000000
1695208315014155267 145.077022 0.000000
1695208315014657106 144.952743 0.000000
1695208315087422484 144.838573 0.000000
1695208315378694969 144.983925 0.000000
1695208315524334272 145.035399 0.000000
1695208315597342560 144.957989 0.000000
1695208315669446877 145.169376 0.000000
1695208315742384136 144.856773 0.000000
1695208315888403354 145.038950 0.000000
1695208315960720489 145.257741 0.000000
1695208316033683776 145.313509 0.000000
1695208316033873270 145.459061 0.000000
1695208316106419576 145.015382 0.000000
1695208316289051122 144.921911 0.000000
1695208316324539627 145.216801 0.000000
1695208316507901185 145.953983 0.000000
1695208316543402953 145.241858 0.000000
1695208316616160871 145.257056 0.000000
1695208316688826185 145.217295 0.000000
1695208316689178156 144.854845 0.000000
1695208316761463789 145.471729 0.000000
1695208317125404760 144.977598 0.000000
1695208317271392334 144.721900 0.000000
1695208317489703144 144.984858 0.000000
1695208317489905614 144.871667 0.000000
1695208317562062326 145.278695 0.000000
1695208317599267490 144.928352 0.000000
1695208317634508943 145.200599 0.000000
1695208317708062027 145.042047 0.000000
1695208317780901555 145.016718 0.000000
1695208317998739564 145.441861 0.000000
1695208318071505011 145.088317 0.000000
1695208318218341497 145.802012 0.000000
1695208318290136373 145.661024 0.000000
1695208318290390848 145.458625 0.000000
1695208318363126801 144.847720 0.000000
1695208318508418915 145.027536 0.000000
1695208318726303861 145.167428 0.000000
1695208318726363614 145.259387 0.000000
1695208318726629832 144.833419 0.000000
1695208318909481499 145.059458 0.000000
1695208318944222226 145.221094 0.000000
1695208319089526216 145.299685 0.000000
1695208319527167278 145.302847 0.000000
1695208319818234918 145.098052 0.000000
1695208319818406190 144.992021 0.000000
1695208319890596962 145.021900 0.000000
1695208319963484045 145.131098 0.000000
1695208320036673446 145.010647 0.000000
1695208320109213293 144.690219 0.000000
1695208320182002498 145.071560 0.000000
1695208320327847836 145.097078 0.000000
1695208320473298595 144.960473 0.000000
1695208320545122733 145.047325 0.000000
1695208320691181667 144.599660 0.000000
1695208320764580149 145.130621 0.000000
1695208320909367801 145.007267 0.000000
1695208321054835413 145.225310 0.000000
1695208321054890697 145.372166 0.000000
1695208321055258745 144.782639 0.000000
1695208321419092423 145.371659 0.000000
1695208321564945084 145.076201 0.000000
1695208321783114569 145.120758 0.000000
1695208321855421409 144.770765 0.000000
1695208321928775569 144.926657 0.000000
1695208322001666559 144.929966 0.000000
1695208322073909308 145.281291 0.000000
1695208322256454777 145.028117 0.000000
1695208322510798323 145.034932 0.000000
1695208322511258179 145.084998 0.000000
1695208322656006766 145.176294 0.000000
1695208322728847986 144.956419 0.000000
1695208322838276547 145.107155 0.000000
1695208323238356617 145.082670 0.000000
1695208323311751423 144.884724 0.000000
1695208323384402740 145.118604 0.000000
1695208323529595461 145.384254 0.000000
1695208323602641388 145.208982 0.000000
1695208323602712649 145.287067 0.000000
1695208323639358596 145.037287 0.000000
1695208323675397714 144.751271 0.000000
1695208323747776020 145.132732 0.000000
1695208323747825535 145.149942 0.000000
1695208323748326015 144.832020 0.000000
1695208323820302991 145.139921 0.000000
1695208323857328815 145.178140 0.000000
1695208323893656219 144.861321 0.000000
1695208323965423602 145.033278 0.000000
1695208324038598443 144.924093 0.000000
1695208324039065235 144.754319 0.000000
1695208324111455779 145.122558 0.000000
1695208324111761623 144.574958 0.000000
1695208324401847375 145.057946 0.000000
1695208324402518662 144.768746 0.000000
1695208324547983758 145.207028 0.000000
1695208324585128286 145.532407 0.000000
1695208324620496156 145.659742 0.000000
1695208324693387637 145.042211 0.000000
1695208324693703044 144.977957 0.000000
1695208324838640970 145.173106 0.000000
1695208324839306513 145.064710 0.000000
1695208324911365214 145.030474 0.000000
1695208325202611091 145.258445 0.000000
1695208325275318736 145.205429 0.000000
1695208325275323662 145.014001 0.000000
1695208325493603721 145.144658 0.000000
1695208325530993323 145.132538 0.000000
1695208325566023463 145.008961 0.000000
1695208325857949543 145.037545 0.000000
1695208326003412929 145.132244 0.000000
1695208326076136569 145.414852 0.000000
1695208326148823055 145.185060 0.000000
1695208326149306441 144.925036 0.000000
1695208326186735260 144.888373 0.000000
1695208326221894811 145.233871 0.000000
1695208326221933185 144.735035 0.000000
1695208326658468695 145.212748 0.000000
1695208326803686812 145.175608 0.000000
1695208326804461202 144.912318 0.000000
1695208327167592738 145.185998 0.000000
1695208327386242327 144.865417 0.000000
1695208327532044008 144.947756 0.000000
1695208327677754594 144.853404 0.000000
1695208327750031362 144.938383 0.000000
1695208328005638568 145.313124 0.000000
1695208328041421245 145.247932 0.000000
1695208328041781656 144.811570 0.000000
1695208328041931308 144.863145 0.000000
1695208328042323272 145.144322 0.000000
1695208328114735513 144.760719 0.000000
1695208328187544215 144.744945 0.000000
1695208328369224820 145.294937 0.000000
1695208328405752992 145.215920 0.000000
1695208328478176527 145.198700 0.000000
1695208328478884438 145.105780 0.000000
1695208328514624760 145.395274 0.000000
1695208328769647745 144.926321 0.000000
1695208328841877130 145.290124 0.000000
1695208328914820777 145.243756 0.000000
1695208328915513753 145.293517 0.000000
1695208328987972153 144.963810 0.000000
1695208329133059593 145.328504 0.000000
1695208329205863820 145.210448 0.000000
1695208329206258500 144.853756 0.000000
1695208329279051166 144.812621 0.000000
1695208329424408522 144.890408 0.000000
1695208329496914622 145.429628 0.000000
1695208329497401797 144.906205 0.000000
1695208329642679518 144.981124 0.000000
1695208329787776950 145.261196 0.000000
1695208329933812745 145.027448 0.000000
1695208330078968228 145.152682 0.000000
1695208330151600898 145.034927 0.000000
1695208330223996492 145.023387 0.000000
1695208330224282810 144.792863 0.000000
1695208330225128205 144.893386 0.000000
1695208330297659082 144.863805 0.000000
1695208330370176488 144.834702 0.000000
1695208330661538933 145.147969 0.000000
1695208330807415471 144.825912 0.000000
1695208331025775908 145.078120 0.000000
1695208331026105788 145.204954 0.000000
1695208331171073069 145.329175 0.000000
1695208331244278240 145.011291 0.000000
1695208331317069345 145.257263 0.000000
1695208331317218671 144.905848 0.000000
1695208331389957346 144.754959 0.000000
1695208331535230395 145.274086 0.000000
1695208331607904629 145.178839 0.000000
1695208331608663699 144.745034 0.000000
1695208331754537233 145.329402 0.000000
1695208331935586672 145.012204 0.000000
1695208332190768973 145.011692 0.000000
1695208332191253471 145.128267 0.000000
1695208332336967161 145.052983 0.000000
1695208332627577955 145.169780 0.000000
1695208332627592388 145.071637 0.000000
1695208332628467742 145.581990 0.000000
1695208332845853960 145.273768 0.000000
1695208332846066477 145.127890 0.000000
1695208332846115451 144.856094 0.000000
1695208332846565404 144.929183 0.000000
1695208332919008437 144.905071 0.000000
1695208333063996948 145.170558 0.000000
1695208333137038027 145.197301 0.000000
1695208333282394951 144.999515 0.000000
