1695208164306065032 80.826329 599.373706 598 3254 0.000000
1695208165311735669 82.358071 587.667556 591 3845 0.000000
1695208166312611987 83.700425 583.488720 584 4428 0.000000
1695208167325645087 79.523122 574.512281 582 5035 0.000000
1695208168319157043 82.226711 595.866043 592 5602 0.000000
1695208169331014771 80.893503 599.886683 607 6209 0.000000
1695208170343982396 80.967957 588.370215 596 6807 0.000000
1695208171337909125 82.415737 594.611279 591 7396 0.000000
1695208172352145218 83.225356 577.774705 586 7982 0.000000
1695208173361729016 81.319918 562.608064 568 8551 0.000000
1695208174356211176 82.355940 595.284743 592 9142 0.000000
1695208175369488490 81.768632 592.137954 600 9742 0.000000
1695208176351920572 81.319965 598.514690 588 10332 0.000000
1695208177375640319 83.217482 575.352769 589 10919 0.000000
1695208178389644623 80.967444 596.644440 605 11524 0.000000
1695208179372177923 80.301522 587.257416 577 12103 0.000000
1695208180397417162 82.255556 578.401590 593 12694 0.000000
1695208181408570320 82.064935 582.503253 589 13283 0.000000
1695208182392719342 81.663654 603.567151 594 13879 0.000000
1695208183418003449 81.711591 587.154278 602 14479 0.000000
1695208184415499088 82.446495 566.418568 565 15072 0.000000
1695208185413669851 81.898714 594.086671 593 15639 0.000000
1695208186438318539 81.579041 584.590655 599 16236 0.000000
1695208187434798960 80.424789 607.136869 605 16841 0.000000
1695208188434474872 82.961384 583.189005 583 17426 0.000000
1695208189453612546 81.245800 584.808132 596 18024 0.000000
1695208190452985823 81.770005 577.361847 577 18597 0.000000
1695208191453383197 80.093380 601.760870 602 19201 0.000000
1695208192472694607 82.197669 581.765269 593 19796 0.000000
1695208193472856593 81.116576 603.902131 604 20396 0.000000
1695208194474080630 82.580665 584.284887 585 20982 0.000000
1695208195491588614 81.962047 551.346976 561 21571 0.000000
1695208196490872801 82.350723 604.432712 604 22146 0.000000
1695208197494611974 81.557670 585.809513 588 22734 0.000000
1695208198487363747 82.770174 590.278487 586 23325 0.000000
1695208199509129005 80.977616 597.984741 611 23931 0.000000
1695208200517070203 81.646583 582.375196 587 24518 0.000000
1695208201508690911 81.941496 571.791220 567 25086 0.000000
1695208202527431790 81.376992 594.851981 606 25691 0.000000
1695208203536212507 82.086034 584.864403 590 26281 0.000000
1695208204528383430 81.536171 597.679319 593 26874 0.000000
1695208205546344046 82.732628 586.466680 597 27471 0.000000
1695208206556053763 81.155447 577.393717 583 28068 0.000000
1695208207545950845 80.626601 591.980730 586 28640 0.000000
1695208208566873082 81.129572 595.539972 608 29248 0.000000
1695208209544290392 82.147038 596.469901 583 29834 0.000000
1695208210564636427 80.489602 591.955989 604 30435 0.000000
1695208211585506408 81.210593 589.693142 602 31043 0.000000
1695208212562523487 82.141258 584.431974 571 31608 0.000000
1695208213582979714 82.207584 574.252929 586 32194 0.000000
1695208214598973904 82.991852 579.727722 589 32791 0.000000
1695208215582034099 80.362370 612.373519 602 33385 0.000000
1695208216603018364 81.793128 580.812043 593 33978 0.000000
1695208217620120031 82.165384 584.995643 595 34581 0.000000
1695208218602472902 82.239824 581.257482 571 35144 0.000000
1695208219621577670 80.869928 586.789526 598 35742 0.000000
1695208220640276670 81.462575 587.023252 598 36350 0.000000
1695208221623977846 82.694492 598.759109 589 36929 0.000000
1695208222643727146 83.409541 568.767248 580 37509 0.000000
1695208223650796387 82.398760 564.012854 568 38111 0.000000
1695208224645166094 80.958213 607.419888 604 38681 0.000000
1695208225664826142 81.517126 584.508552 596 39277 0.000000
1695208226670364495 81.160558 594.706333 598 39882 0.000000
1695208227668232603 82.297896 596.271207 595 40470 0.000000
1695208228687037521 81.921619 578.128347 589 41059 0.000000
1695208229689874800 81.903353 567.390150 569 41628 0.000000
1695208230688423100 82.447399 593.862060 593 42221 0.000000
1695208231697255852 81.759156 588.799264 594 42818 0.000000
1695208232710976305 81.313274 591.879173 600 43415 0.000000
1695208233711299678 81.951540 594.807703 595 44010 0.000000
1695208234715259232 83.355545 551.815034 554 44592 0.000000
1695208235729660706 81.254448 592.467617 601 45165 0.000000
1695208236731078138 81.343834 603.145056 604 45769 0.000000
1695208237734851716 81.809273 585.789437 588 46357 0.000000
1695208238733307805 82.460648 587.907751 587 46950 0.000000
1695208239751563533 82.300591 590.225010 601 47545 0.000000
1695208240753711648 81.176007 564.786705 566 48111 0.000000
1695208241753794661 82.791054 584.951465 585 48701 0.000000
1695208242771922484 82.724530 583.423797 594 49292 0.000000
1695208243775142679 81.375450 596.080477 598 49888 0.000000
1695208244775307969 82.048590 585.903201 586 50475 0.000000
1695208245772398877 82.925933 573.668855 572 51074 0.000000
1695208246795510039 80.912581 585.469126 599 51645 0.000000
1695208247794807476 81.435415 589.414127 589 52234 0.000000
1695208248791507556 81.349955 611.016259 609 52843 0.000000
1695208249798169533 81.348270 588.082239 592 53437 0.000000
1695208250816795332 81.677202 580.193457 591 54026 0.000000
1695208251810242557 81.409344 586.845463 583 54609 0.000000
1695208252817185744 82.548996 579.973135 584 55195 0.000000
1695208253836209505 81.214993 582.910803 594 55788 0.000000
1695208254830834666 81.981258 609.274797 606 56393 0.000000
1695208255838939114 81.807019 583.272898 588 56981 0.000000
1695208256832171400 81.790300 570.863438 567 57574 0.000000
1695208257851536278 81.696035 593.506813 605 58153 0.000000
1695208258859711362 82.408898 576.288788 581 58734 0.000000
1695208259851840326 82.721086 590.648992 586 59322 0.000000
1695208260871328447 81.490945 597.358618 609 59929 0.000000
1695208261879845757 81.906093 582.042580 587 60516 0.000000
1695208262873550017 81.389567 572.604940 569 61085 0.000000
1695208263890569763 82.040882 593.892087 604 61689 0.000000
1695208264901099812 80.970203 590.779076 597 62286 0.000000
1695208265897511010 80.651874 598.146627 596 62882 0.000000
1695208266909638773 81.944070 595.774611 603 63485 0.000000
1695208267886954060 81.162932 583.230438 570 64081 0.000000
1695208268918984344 82.601853 568.781714 587 64642 0.000000
1695208269930024981 82.352687 590.480761 597 65239 0.000000
1695208270906376907 82.339393 602.241863 588 65830 0.000000
1695208271941005168 80.554739 575.085743 595 66422 0.000000
1695208272947918984 82.916787 593.893966 598 67020 0.000000
1695208273926656671 81.235573 584.426257 572 67592 0.000000
1695208274954274076 80.777957 582.901735 599 68192 0.000000
1695208275964075403 81.188064 587.244253 593 68799 0.000000
1695208276951047131 81.435980 612.986150 605 69389 0.000000
1695208277974533737 82.437373 570.598531 584 69974 0.000000
1695208278962082246 81.029365 579.212045 572 70585 0.000000
1695208279965091739 81.767064 604.181768 606 71153 0.000000
1695208280965406361 81.119862 594.812823 595 71746 0.000000
1695208281991391650 81.627144 577.006298 592 72352 0.000000
1695208283006159680 81.563360 595.209964 604 72942 0.000000
1695208284010012385 82.079879 588.731822 591 73533 0.000000
1695208285012697842 81.277470 567.475997 569 74118 0.000000
1695208286002803208 81.558679 607.006176 601 74703 0.000000
1695208287016503949 81.181707 591.890622 600 75303 0.000000
1695208288032540829 81.100989 585.608635 595 75905 0.000000
1695208289033213720 82.625103 598.597215 599 76497 0.000000
1695208290005367612 81.550172 576.040519 560 77085 0.000000
1695208291051746821 83.257689 557.159372 583 77640 0.000000
1695208292046463969 80.907734 615.250282 612 78252 0.000000
1695208293066198035 81.323626 579.562862 591 78843 0.000000
1695208294054786660 80.672086 606.925844 600 79445 0.000000
1695208295073489689 81.887166 593.892428 605 80048 0.000000
1695208296053647379 82.101287 573.377150 562 80610 0.000000
1695208297073571502 81.405128 576.513472 588 81200 0.000000
1695208298093012205 82.274324 596.405440 608 81806 0.000000
1695208299077016194 81.259466 598.574855 589 82395 0.000000
1695208300095571828 82.404944 578.269839 589 82985 0.000000
1695208301097653155 81.832313 573.805696 575 83589 0.000000
1695208302097020710 82.633500 587.371463 587 84146 0.000000
1695208303114880233 81.358877 581.612672 592 84738 0.000000
1695208304116905837 83.037039 596.791182 598 85337 0.000000
1695208305117595699 81.445172 592.591197 593 85929 0.000000
1695208306135777827 80.681500 585.356953 596 86525 0.000000
1695208307136544143 81.103302 584.552013 585 87110 0.000000
1695208308113245331 80.950116 607.145800 593 87703 0.000000
1695208309156054194 81.469321 567.697512 592 88295 0.000000
1695208310154949905 82.110000 606.669966 606 88901 0.000000
1695208311158548940 81.061240 594.859081 597 89498 0.000000
1695208312141656961 81.866108 566.570474 557 90086 0.000000
1695208313173600027 81.894717 587.241697 606 90661 0.000000
1695208314178341220 81.578812 593.187568 596 91257 0.000000
1695208315161723183 80.830444 604.037968 594 91852 0.000000
1695208316193208629 82.077139 587.502224 606 92457 0.000000
1695208317200269025 81.929408 584.870591 589 93046 0.000000
1695208318181696114 82.069233 570.597625 560 93606 0.000000
1695208319211754319 82.327424 585.403843 603 94209 0.000000
1695208320219805342 80.762663 592.231895 597 94806 0.000000
1695208321202002226 81.467598 602.730514 592 95398 0.000000
1695208322231316186 81.157771 592.627729 610 96008 0.000000
1695208323238867336 81.487353 572.675640 577 96601 0.000000
1695208324221437043 83.430531 576.040512 566 97151 0.000000
1695208325249835217 82.133609 586.348811 603 97754 0.000000
1695208326226923610 82.022991 603.834829 590 98345 0.000000
1695208327242330741 83.159553 569.229800 578 98922 0.000000
1695208328267504469 82.091130 575.512167 590 99525 0.000000
1695208329246908869 82.131237 586.070527 574 100087 0.000000
1695208330261153000 82.012824 581.713958 590 100676 0.000000
1695208331280806741 80.715343 585.492855 597 101285 0.000000
1695208332266467181 81.950102 614.816197 606 101879 0.000000
1695208333283741643 80.778571 584.896278 595 102474 0.000000
