1694825392898210152 120.059139 135.083418 134 16 0.000000
1694825393906608492 118.094678 132.883976 134 16 0.000000
1694825394901929508 117.493766 139.653457 139 16 0.000000
1694825395901096153 119.967691 131.109247 131 16 0.000000
1694825396886320333 119.277322 137.024653 135 16 0.000000
1694825397903207520 119.124718 132.758110 135 16 0.000000
1694825398900156637 118.641081 136.416168 136 16 0.000000
1694825399908575150 119.704567 131.889688 133 16 0.000000
1694825400909559446 118.471060 134.867248 135 16 0.000000
1694825401905319343 118.837735 136.579133 136 16 0.000000
1694825402908569903 117.396630 135.559354 136 16 0.000000
1694825403913822866 120.109409 130.315438 131 16 0.000000
1694825404913939232 118.319630 137.983963 138 16 0.000000
1694825405917303731 118.188103 134.547318 135 16 0.000000
1694825406919982821 117.953180 134.639289 135 16 0.000000
1694825407927796568 117.296706 138.914531 140 16 0.000000
1694825408928756990 116.881111 135.869513 136 16 0.000000
1694825409928477226 119.559793 131.036671 131 16 0.000000
1694825410915047911 118.675689 137.851236 136 16 0.000000
1694825411931498763 118.203758 135.766544 138 16 0.000000
1694825412926993905 121.353204 130.588271 130 16 0.000000
1694825413930759568 117.055982 137.482275 138 16 0.000000
1694825414935085922 116.860851 136.409847 137 16 0.000000
1694825415931473735 118.785600 135.489418 135 16 0.000000
1694825416939601349 120.591598 131.927736 133 16 0.000000
1694825417938866781 118.509084 136.099996 136 16 0.000000
1694825418934509793 119.878106 130.568863 130 16 0.000000
1694825419893309791 118.097911 139.758053 134 16 0.000000
1694825420936299986 118.612175 131.353091 137 16 0.000000
1694825421940786141 119.178983 134.397079 135 16 0.000000
1694825422943725834 119.108361 135.601384 136 16 0.000000
1694825423948218211 119.499238 131.409654 132 16 0.000000
1694825424947664195 116.928584 139.077038 139 16 0.000000
1694825425944737273 119.894837 131.384552 131 16 0.000000
1694825426946558524 118.575877 136.750953 137 16 0.000000
1694825427945874653 118.406089 134.091702 134 16 0.000000
1694825428951691410 118.593035 135.213491 136 16 0.000000
1694825429952709486 118.378467 138.858649 139 16 0.000000
1694825430949231877 119.660059 130.453636 130 16 0.000000
1694825431958329682 120.332714 132.791909 134 16 0.000000
1694825432959806987 120.587740 133.802328 134 16 0.000000
1694825433957325073 117.059078 135.335904 135 16 0.000000
1694825434963455910 119.306290 135.171289 136 16 0.000000
1694825435952319850 119.175479 136.520270 135 16 0.000000
1694825436951266786 118.220877 132.139154 132 16 0.000000
1694825437964870329 118.621641 136.147907 138 16 0.000000
1694825438960617444 118.734254 132.563778 132 16 0.000000
1694825439967934366 118.865803 135.012148 136 16 0.000000
1694825440954286280 119.798891 133.826458 132 16 0.000000
1694825441972314535 118.079271 134.573866 137 16 0.000000
1694825442969436786 118.282853 135.389634 135 16 0.000000
1694825443976633580 119.177295 135.028211 136 16 0.000000
1694825444968126928 118.408446 137.166831 136 16 0.000000
1694825445979306361 116.953235 134.496426 136 16 0.000000
1694825446964362163 119.069335 134.002545 132 16 0.000000
1694825447965049602 118.542601 136.905899 137 16 0.000000
1694825448965364986 120.493241 131.958366 132 16 0.000000
1694825449969359885 119.779054 130.478756 131 16 0.000000
1694825450973779009 120.480409 136.397239 137 16 0.000000
1694825451987344982 119.872013 133.193107 135 16 0.000000
1694825452982364330 117.281163 135.675752 135 16 0.000000
1694825453985716427 119.340537 134.548967 135 16 0.000000
1694825454985251716 119.131738 133.061846 133 16 0.000000
1694825455983002797 119.678285 136.306540 136 16 0.000000
1694825456992688737 118.733130 130.733735 132 16 0.000000
1694825457988160173 121.196970 133.605008 133 16 0.000000
1694825458994554644 119.574314 132.154957 133 15 0.000000
1694825459998767837 118.925263 137.421040 138 16 0.000000
1694825460993968293 119.172798 130.626932 130 16 0.000000
1694825462002142392 117.426607 137.873017 139 16 0.000000
1694825462999056061 119.122807 134.414840 134 16 0.000000
1694825463994979983 119.044886 134.548424 134 16 0.000000
1694825465001606104 119.465287 134.111364 135 16 0.000000
1694825465996248386 119.562240 133.716432 133 16 0.000000
1694825466998766106 119.737402 134.660949 135 16 0.000000
1694825468001750606 119.326611 134.598292 135 16 0.000000
1694825469006748450 118.527256 135.323687 136 16 0.000000
1694825470011266018 117.569802 134.392857 135 16 0.000000
1694825471011150216 121.049578 133.015413 133 16 0.000000
1694825471989804651 121.053636 133.857271 131 16 0.000000
1694825473017433352 117.899052 133.316627 137 16 0.000000
1694825473995041367 119.390570 136.046332 133 16 0.000000
1694825475014507916 118.218266 132.422213 135 16 0.000000
1694825476008935353 118.725910 133.745289 133 16 0.000000
1694825477019384666 119.081502 137.562565 139 16 0.000000
1694825478011606489 119.231372 134.042609 133 16 0.000000
1694825479014958245 117.418002 137.539022 138 16 0.000000
1694825480024580661 121.008197 130.741921 132 16 0.000000
1694825481028211933 119.399358 134.511556 135 16 0.000000
1694825482019823165 119.321502 132.108226 131 16 0.000000
1694825483015353230 117.933454 137.615127 137 16 0.000000
1694825484029023794 119.948773 131.206361 133 16 0.000000
1694825485032833734 118.293706 136.480018 137 16 0.000000
1694825486032882179 117.401942 135.993408 136 16 0.000000
1694825487034847555 119.103921 132.739101 133 16 0.000000
1694825488038659378 119.299466 134.487359 135 16 0.000000
1694825489020099235 119.039472 136.534091 134 16 0.000000
1694825490037339998 118.320021 133.694978 136 16 0.000000
1694825491043267565 120.779619 132.216315 133 16 0.000000
1694825492030724882 120.836149 134.689369 133 16 0.000000
1694825493045216267 119.231783 130.114441 132 16 0.000000
1694825494044462651 120.153356 137.103323 137 16 0.000000
1694825495025622812 118.858295 133.515398 131 16 0.000000
1694825496038067774 120.123850 134.328318 136 16 0.000000
1694825497031737771 117.294776 135.859998 135 16 0.000000
1694825498052790023 119.110220 133.195906 136 16 0.000000
1694825499050856550 118.565520 135.261524 135 16 0.000000
1694825500050360279 119.775153 133.066033 133 16 0.000000
1694825501051067963 117.667343 135.903843 136 16 0.000000
1694825502055635442 118.548736 135.381632 136 16 0.000000
1694825503057874095 119.322014 134.698481 135 16 0.000000
1694825504054080704 120.207651 133.506441 133 16 0.000000
1694825505058208327 119.225811 134.445039 135 16 0.000000
1694825506057004853 118.488849 135.162665 135 16 0.000000
1694825507056883987 117.561944 136.016456 136 16 0.000000
1694825508064156514 118.549389 134.025295 135 16 0.000000
1694825509046753869 118.725151 135.355520 133 16 0.000000
1694825510066605764 121.003410 131.391637 134 16 0.000000
1694825511051696954 118.294323 135.012875 133 16 0.000000
1694825512059550415 118.395519 136.924688 138 16 0.000000
1694825513060751419 116.845521 136.835667 137 16 0.000000
1694825514054685595 119.220293 134.817781 134 16 0.000000
1694825515074854298 120.380790 130.370574 133 16 0.000000
1694825516059836151 118.011796 137.058362 135 16 0.000000
1694825517071038640 117.867784 133.504434 135 16 0.000000
1694825518070450633 117.426630 138.081178 138 16 0.000000
1694825519071409324 117.987673 132.872613 133 16 0.000000
1694825520079298971 118.685224 135.927583 137 16 0.000000
1694825521080397863 118.057291 135.850714 136 16 0.000000
1694825522054968659 119.063731 137.496453 134 16 0.000000
1694825523076101364 116.468886 134.164709 137 16 0.000000
1694825524074476644 118.612268 137.222947 137 16 0.000000
1694825525075599060 120.387930 130.853152 131 16 0.000000
1694825526073082240 118.087730 136.343130 136 16 0.000000
1694825527078247818 119.340492 134.306241 135 16 0.000000
1694825528092056951 118.870760 132.174768 134 16 0.000000
1694825529084337029 119.270080 136.050308 135 16 0.000000
1694825530081245801 118.392330 134.415494 134 16 0.000000
1694825531093380458 117.623601 137.333526 139 16 0.000000
1694825532096122511 119.553254 132.636301 133 16 0.000000
1694825533091120705 119.310068 134.673602 134 16 0.000000
1694825534088634770 117.640724 135.336463 135 16 0.000000
1694825535088111555 118.801462 136.071161 136 16 0.000000
1694825536087734067 117.921451 133.050228 133 16 0.000000
1694825537093328547 117.347577 137.232262 138 16 0.000000
1694825538105168569 116.426676 139.350113 141 16 0.000000
1694825539101278910 119.332941 135.527154 135 16 0.000000
1694825540110061816 117.962374 132.833337 134 16 0.000000
1694825541106311538 118.173778 136.511960 136 16 0.000000
1694825542105669002 119.063089 132.084849 132 16 0.000000
1694825543108965617 118.922251 134.556419 135 16 0.000000
1694825544110755136 118.376701 134.758847 135 16 0.000000
1694825545097163603 119.885903 135.846361 134 16 0.000000
1694825546103458385 118.856000 132.168030 133 16 0.000000
1694825547111667758 118.100452 136.876330 138 16 0.000000
1694825548110606739 118.860236 135.143391 135 16 0.000000
1694825549122279406 117.273460 135.419316 137 16 0.000000
1694825550121298944 118.401216 133.130509 133 16 0.000000
1694825551124150215 118.871055 138.604807 139 16 0.000000
1694825552108743310 117.201611 135.081177 133 16 0.000000
1694825553119317303 119.875480 132.597911 134 16 0.000000
1694825554124665286 118.440233 136.271213 137 16 0.000000
1694825555127440585 117.517401 134.626382 135 16 0.000000
1694825556124751230 117.253184 136.366755 136 16 0.000000
1694825557126966462 119.222575 136.697184 137 16 0.000000
1694825558122909794 120.734643 131.533592 131 16 0.000000
1694825559127766573 118.014536 136.337839 137 16 0.000000
1694825560130299678 120.256368 131.666454 132 16 0.000000
