1695151416025146307 145.148361 0.000000
1695151416097765694 144.786672 0.000000
1695151416242866179 144.694275 0.000000
1695151416460262374 144.623777 0.000000
1695151416821417043 144.567773 0.000000
1695151416893749154 144.587716 0.000000
1695151416894289102 144.533779 0.000000
1695151416894548938 144.469754 0.000000
1695151417256089116 144.777321 0.000000
1695151417256228701 144.799980 0.000000
1695151417256395220 144.697336 0.000000
1695151417328044364 144.532264 0.000000
1695151417472651449 144.477174 0.000000
1695151417473106593 144.410266 0.000000
1695151417545062443 144.659251 0.000000
1695151417617938328 144.542619 0.000000
1695151417689762377 144.527641 0.000000
1695151417834447364 144.534511 0.000000
1695151417907796619 144.573003 0.000000
1695151417979267891 144.597990 0.000000
1695151417980034299 144.491099 0.000000
1695151418124694272 144.476826 0.000000
1695151418196282501 144.510840 0.000000
1695151418341081069 144.673289 0.000000
1695151418558604468 144.361097 0.000000
1695151418702919997 144.618368 0.000000
1695151418702981269 144.570486 0.000000
1695151418848321484 144.670234 0.000000
1695151418848357837 144.536576 0.000000
1695151418920111610 144.405022 0.000000
1695151418992108077 144.506911 0.000000
1695151419064714146 144.448803 0.000000
1695151419137222039 144.621453 0.000000
1695151419209927170 144.578928 0.000000
1695151419426283314 144.459686 0.000000
1695151419571822831 144.650175 0.000000
1695151419643793747 144.649867 0.000000
1695151419644238657 144.533843 0.000000
1695151419716151630 144.595363 0.000000
1695151419716207512 144.520467 0.000000
1695151419716277938 144.445396 0.000000
1695151419716561260 144.686684 0.000000
1695151419933321171 144.741350 0.000000
1695151420006269172 144.650473 0.000000
1695151420150927035 144.520434 0.000000
1695151420368302525 144.670945 0.000000
1695151420512732087 144.388807 0.000000
1695151420585111533 144.505328 0.000000
1695151420585426152 144.666760 0.000000
1695151420729771446 144.467421 0.000000
1695151420801803640 144.470501 0.000000
1695151421018848664 144.549893 0.000000
1695151421164037752 144.409908 0.000000
1695151421380444713 144.516875 0.000000
1695151421453895141 144.792007 0.000000
1695151421524954599 144.490982 0.000000
1695151421525300298 144.508328 0.000000
1695151421670678758 144.401193 0.000000
1695151421742020300 144.656970 0.000000
1695151421743211597 144.494326 0.000000
1695151421815424957 144.420667 0.000000
1695151421887735481 144.585087 0.000000
1695151422104780389 144.427210 0.000000
1695151422827637229 144.558265 0.000000
1695151422900565362 144.512058 0.000000
1695151423044588598 144.608995 0.000000
1695151423045290918 144.485559 0.000000
1695151423334418537 144.496758 0.000000
1695151423334797410 144.554530 0.000000
1695151423406682331 144.669772 0.000000
1695151423479049499 144.662112 0.000000
1695151423551561157 144.481935 0.000000
1695151423624125122 144.587716 0.000000
1695151423696517618 144.786268 0.000000
1695151423696794678 144.662772 0.000000
1695151423769067453 144.401630 0.000000
1695151424058008863 144.503388 0.000000
1695151424275100599 144.625626 0.000000
1695151424347728242 144.423144 0.000000
1695151424420050847 144.694149 0.000000
1695151424492611369 144.429429 0.000000
1695151424564458692 144.454399 0.000000
1695151424782199455 144.527768 0.000000
1695151424925885905 144.559012 0.000000
1695151424926781600 144.442435 0.000000
1695151424998446863 144.474638 0.000000
1695151424999220815 144.680611 0.000000
1695151425143884930 144.630341 0.000000
1695151425215456901 144.366979 0.000000
1695151425216288677 144.489994 0.000000
1695151425288728710 144.547014 0.000000
1695151425359941731 144.510978 0.000000
1695151425722621158 144.684910 0.000000
1695151425722670630 145.049671 0.000000
1695151425867278578 144.597923 0.000000
1695151425939596907 144.638868 0.000000
1695151426157416480 144.480573 0.000000
1695151426301958475 144.657534 0.000000
1695151426374358146 144.495950 0.000000
1695151426445727181 144.573068 0.000000
1695151426446444260 144.522440 0.000000
1695151426518320031 144.517878 0.000000
1695151426590636784 144.473356 0.000000
1695151426663728771 144.386111 0.000000
1695151426735529366 144.515500 0.000000
1695151426808457116 144.451101 0.000000
1695151426953269742 144.663207 0.000000
1695151427025621532 144.707006 0.000000
1695151427097376339 144.457097 0.000000
1695151427097445476 144.427831 0.000000
1695151427097506055 144.426923 0.000000
1695151427098031700 144.533211 0.000000
1695151427169240497 144.438718 0.000000
1695151427314387908 144.516181 0.000000
1695151427459095754 144.387078 0.000000
1695151427459176896 144.366489 0.000000
1695151427604313791 144.430284 0.000000
1695151427675749134 144.391920 0.000000
1695151427747925580 144.538704 0.000000
1695151428037453073 144.561496 0.000000
1695151428182439221 144.485653 0.000000
1695151428183007219 144.528006 0.000000
1695151428254879873 144.590942 0.000000
1695151428255267828 144.480035 0.000000
1695151428399701889 144.480648 0.000000
1695151428544372401 144.643732 0.000000
1695151428617143047 144.745456 0.000000
1695151428761532743 144.570450 0.000000
1695151428906366524 144.948321 0.000000
1695151429124134793 144.480000 0.000000
1695151429341418199 144.680830 0.000000
1695151429413814482 144.496040 0.000000
1695151429702598244 144.507360 0.000000
1695151429847197990 144.509623 0.000000
1695151429992824239 144.400532 0.000000
1695151430137037223 144.642394 0.000000
1695151430570671528 144.409141 0.000000
1695151430642850969 144.713327 0.000000
1695151430643246255 144.447668 0.000000
1695151430716019526 144.432675 0.000000
1695151430787767945 144.549735 0.000000
1695151430787822626 144.567334 0.000000
1695151431004734470 144.523332 0.000000
1695151431005402950 144.558010 0.000000
1695151431150002847 144.612963 0.000000
1695151431293751640 144.568243 0.000000
1695151431294906711 144.578958 0.000000
1695151431582950795 144.429443 0.000000
1695151431583822392 144.600085 0.000000
1695151431728515327 144.534027 0.000000
1695151431728531382 144.684030 0.000000
1695151431800942794 144.435377 0.000000
1695151431872276020 144.600508 0.000000
1695151432234654892 144.515958 0.000000
1695151432234675919 144.481005 0.000000
1695151432235063268 144.485129 0.000000
1695151432235346104 144.548422 0.000000
1695151432379813118 144.454283 0.000000
1695151432452586473 144.458945 0.000000
1695151432596327023 144.508733 0.000000
1695151432596906415 144.483288 0.000000
1695151432597307384 144.709624 0.000000
1695151432668722620 144.535490 0.000000
1695151432669581671 144.458274 0.000000
1695151432813570806 144.328929 0.000000
1695151433175315963 144.516878 0.000000
1695151433175719106 144.652447 0.000000
1695151433247720159 144.381797 0.000000
1695151433247954262 144.521495 0.000000
1695151433248332024 144.485330 0.000000
1695151433392677602 144.614917 0.000000
1695151433464566588 144.555045 0.000000
1695151433465204149 144.631348 0.000000
1695151433754896268 144.951813 0.000000
1695151433755085340 144.897340 0.000000
1695151433827687898 144.577100 0.000000
1695151433827720227 144.580771 0.000000
1695151433899080463 144.689511 0.000000
1695151433972301232 144.532893 0.000000
1695151434043852507 144.655512 0.000000
1695151434117079582 144.540980 0.000000
1695151434117142207 144.573062 0.000000
1695151434260905293 144.599428 0.000000
1695151434333751765 144.505347 0.000000
1695151434333882746 144.524632 0.000000
1695151434478801478 144.567325 0.000000
1695151434622991830 144.792005 0.000000
1695151434623083406 144.570186 0.000000
1695151434695980053 144.596146 0.000000
1695151434696000676 144.593373 0.000000
1695151434840765055 144.689813 0.000000
1695151434913068451 144.410587 0.000000
1695151435057514135 144.499854 0.000000
1695151435346605237 144.578418 0.000000
1695151435346910802 144.419290 0.000000
1695151435419321139 144.742615 0.000000
1695151435564277879 144.581419 0.000000
1695151435564435049 144.550122 0.000000
1695151435636396540 144.498410 0.000000
1695151435781033515 144.505037 0.000000
1695151435781052326 144.331287 0.000000
1695151435781643254 144.715257 0.000000
1695151435781700421 144.642098 0.000000
1695151436143235393 144.676829 0.000000
1695151436215037625 144.482617 0.000000
1695151436215055190 144.462594 0.000000
1695151436505288318 144.377821 0.000000
1695151436576831629 144.439374 0.000000
1695151436577017713 144.580047 0.000000
1695151436577631426 144.442365 0.000000
1695151436866331742 144.538464 0.000000
1695151437010986926 144.601876 0.000000
1695151437083987268 144.455546 0.000000
1695151437155962293 144.468709 0.000000
1695151437228452514 144.534233 0.000000
1695151437372966706 144.484834 0.000000
1695151437373045742 144.525944 0.000000
1695151437518204052 144.445720 0.000000
1695151437735114588 144.569322 0.000000
1695151437735161176 144.881937 0.000000
1695151437807726058 144.570315 0.000000
1695151437879757274 144.589785 0.000000
1695151438025247597 144.497571 0.000000
1695151438025295281 144.502697 0.000000
1695151438169528013 144.617899 0.000000
1695151438242167708 144.460348 0.000000
1695151438314911266 144.729633 0.000000
1695151438314946535 144.703455 0.000000
1695151438459777463 144.544750 0.000000
1695151438532215166 144.584979 0.000000
1695151438603989985 144.672206 0.000000
1695151438677200268 144.613742 0.000000
1695151438749015261 144.534593 0.000000
1695151438749495533 144.507947 0.000000
1695151439112376197 144.905718 0.000000
1695151439328990517 144.421871 0.000000
1695151439474343992 144.529066 0.000000
1695151439546325773 144.452326 0.000000
1695151439618458761 144.587873 0.000000
1695151439690997334 144.720704 0.000000
1695151439763581419 144.574749 0.000000
1695151439835660197 144.657079 0.000000
1695151439908297913 144.742085 0.000000
1695151440125878472 144.602455 0.000000
1695151440197524658 144.530750 0.000000
1695151440342309033 144.509572 0.000000
1695151440559013862 144.645816 0.000000
1695151440559207772 144.469020 0.000000
1695151440776394315 144.562682 0.000000
1695151440848907031 144.474356 0.000000
1695151441139102160 144.748020 0.000000
1695151441283642137 144.691390 0.000000
1695151441283794691 144.527718 0.000000
1695151441428814787 144.982753 0.000000
1695151441428957571 144.978262 0.000000
1695151441501389857 144.696500 0.000000
1695151441645920274 144.468995 0.000000
1695151441646433090 144.616665 0.000000
1695151441719008028 145.593416 0.000000
1695151441863049345 144.647885 0.000000
1695151441936478022 144.426063 0.000000
1695151442007928516 144.444187 0.000000
1695151442008735923 144.550330 0.000000
1695151442079805255 144.463024 0.000000
1695151442225864794 144.507844 0.000000
1695151442298265897 144.405477 0.000000
1695151442442975090 144.475923 0.000000
1695151442513979913 144.451603 0.000000
1695151442515260503 144.365313 0.000000
1695151442585943376 144.391272 0.000000
1695151442587542433 144.519383 0.000000
1695151442947557825 144.473017 0.000000
1695151442949500605 144.610995 0.000000
1695151442949616775 144.610949 0.000000
1695151443166529041 144.509741 0.000000
1695151443309511928 144.840651 0.000000
1695151443381865380 144.520923 0.000000
1695151443383418934 144.553622 0.000000
1695151443455597651 144.428686 0.000000
1695151443671390755 144.718751 0.000000
1695151443816914789 144.468365 0.000000
1695151444033872202 144.938621 0.000000
1695151444105790298 144.635250 0.000000
1695151444251511888 144.608992 0.000000
1695151444323797600 144.462496 0.000000
1695151444756920407 144.361955 0.000000
1695151444757214764 144.446568 0.000000
1695151444757375936 144.413109 0.000000
1695151444902297074 144.555036 0.000000
1695151444902423505 144.559753 0.000000
1695151444974395924 144.541134 0.000000
1695151445046111662 144.575799 0.000000
1695151445046786946 144.476199 0.000000
1695151445335887503 144.814960 0.000000
1695151445336097134 144.566007 0.000000
1695151445480595672 144.553778 0.000000
1695151445552866786 144.539849 0.000000
1695151445770659284 144.545787 0.000000
1695151445842943060 144.520585 0.000000
1695151445914358133 144.464727 0.000000
1695151445915318057 144.472039 0.000000
1695151445987489308 145.045037 0.000000
1695151446059867470 145.502256 0.000000
1695151446060018298 144.679245 0.000000
1695151446276859134 144.622112 0.000000
1695151446494039041 144.532845 0.000000
1695151446494460367 144.419227 0.000000
1695151446566500610 144.895767 0.000000
1695151446639088099 144.910502 0.000000
1695151447000534249 144.467249 0.000000
1695151447146476350 144.519778 0.000000
1695151447290090422 144.421426 0.000000
1695151447434465114 144.637190 0.000000
1695151447651802594 144.440457 0.000000
1695151447797243475 144.442429 0.000000
1695151447941279469 144.565859 0.000000
1695151447941299595 144.534794 0.000000
1695151448158173097 144.491519 0.000000
1695151448230665861 144.722697 0.000000
1695151448302817961 144.442643 0.000000
1695151448592158416 144.403315 0.000000
1695151448592522738 144.359711 0.000000
1695151448592722694 144.353616 0.000000
1695151448593102726 144.467469 0.000000
1695151448808915917 144.549124 0.000000
1695151448809014543 144.508681 0.000000
1695151448881355882 144.673225 0.000000
1695151448881354569 144.487803 0.000000
1695151449026487193 144.357765 0.000000
1695151449098606289 144.551620 0.000000
1695151449099428332 144.473601 0.000000
1695151449388665431 144.467703 0.000000
1695151449823158726 144.527781 0.000000
1695151449895433165 144.512476 0.000000
1695151449895569270 144.481442 0.000000
1695151449967612130 144.465775 0.000000
1695151450039653322 144.662648 0.000000
1695151450185042989 144.465313 0.000000
1695151450329682518 145.071635 0.000000
1695151450402307993 144.591027 0.000000
1695151450546779363 144.517215 0.000000
1695151450619894958 144.511245 0.000000
1695151450692241380 144.589432 0.000000
1695151450692282706 144.544098 0.000000
1695151450909053480 144.656210 0.000000
1695151451126345499 144.600356 0.000000
1695151451343248870 144.543010 0.000000
1695151451777190654 144.453969 0.000000
1695151451850391376 144.425126 0.000000
1695151452067340358 144.553988 0.000000
1695151452067437034 144.592143 0.000000
1695151452283765644 144.592821 0.000000
1695151452356914478 144.534223 0.000000
1695151452573300560 144.486974 0.000000
1695151452645847652 144.616357 0.000000
1695151452718505853 144.518661 0.000000
1695151452862663634 144.505690 0.000000
1695151452863376149 144.579327 0.000000
1695151452935178905 144.620039 0.000000
1695151453007284172 144.613949 0.000000
1695151453007967997 144.613691 0.000000
1695151453080306574 144.383175 0.000000
1695151453297070039 144.442182 0.000000
1695151453514004827 144.530408 0.000000
1695151453514484495 144.429559 0.000000
1695151453803282105 144.585836 0.000000
1695151454383272100 144.716742 0.000000
1695151454455091193 144.647654 0.000000
1695151454527663796 144.653302 0.000000
1695151454672487816 144.712612 0.000000
1695151454961866515 144.517205 0.000000
1695151455107229502 144.467500 0.000000
1695151455179293893 144.923933 0.000000
1695151455179661612 144.580410 0.000000
1695151455251537106 144.675165 0.000000
1695151455396792009 144.591897 0.000000
1695151455396847455 144.705823 0.000000
1695151455541217380 144.528623 0.000000
1695151455541697049 144.857594 0.000000
1695151455686260257 144.660071 0.000000
1695151455830932190 144.618144 0.000000
1695151455831004899 144.511004 0.000000
1695151455903695061 144.536510 0.000000
1695151455975960190 144.816144 0.000000
1695151456192596893 144.495951 0.000000
1695151456409505696 144.527575 0.000000
1695151456409700298 144.438472 0.000000
1695151456554605240 145.023006 0.000000
1695151456699550517 144.766308 0.000000
1695151456772125227 144.649513 0.000000
1695151456772436518 144.840485 0.000000
1695151456916738301 144.645334 0.000000
1695151456917402085 144.870721 0.000000
1695151457134752678 144.607318 0.000000
1695151457495823857 144.440267 0.000000
1695151457496528337 144.677392 0.000000
1695151457496723153 144.580841 0.000000
1695151457568993813 144.500863 0.000000
1695151457713758126 144.542063 0.000000
1695151457858733003 144.684462 0.000000
1695151458074707531 144.507105 0.000000
1695151458075726434 144.484237 0.000000
1695151458219545401 144.498604 0.000000
1695151458292518559 144.534967 0.000000
1695151458292765814 144.465858 0.000000
1695151458364774536 144.487503 0.000000
1695151458365063005 144.531795 0.000000
1695151458508987156 144.732756 0.000000
1695151458509822447 144.744912 0.000000
1695151458654443854 144.463069 0.000000
1695151458725872310 144.530474 0.000000
1695151458870666393 144.730922 0.000000
1695151458943894054 144.591024 0.000000
1695151459015690373 144.674295 0.000000
1695151459015863536 144.672400 0.000000
1695151459160280345 144.403756 0.000000
1695151459233093184 144.389393 0.000000
1695151459305023232 144.533255 0.000000
1695151459305074384 144.567019 0.000000
1695151459377733369 144.644835 0.000000
1695151459377754707 144.505473 0.000000
1695151459521810438 144.476729 0.000000
1695151459522103979 144.473014 0.000000
1695151459594068119 144.423659 0.000000
1695151459667164120 144.453257 0.000000
1695151459667333448 144.440591 0.000000
1695151459738904203 144.827577 0.000000
1695151459739011063 144.634166 0.000000
1695151459739568523 144.421931 0.000000
1695151459811300606 144.674533 0.000000
1695151459956357148 144.862995 0.000000
1695151460101303773 144.648493 0.000000
1695151460245793233 144.500384 0.000000
1695151460246398465 144.666827 0.000000
1695151460318694743 144.577831 0.000000
1695151460390469423 144.441222 0.000000
1695151460607236206 144.712372 0.000000
1695151460607278252 144.440969 0.000000
1695151460679494924 144.560731 0.000000
1695151460824152448 144.562339 0.000000
1695151460969433335 144.515512 0.000000
1695151461042105052 144.431001 0.000000
1695151461042188407 144.514065 0.000000
1695151461259236164 144.569709 0.000000
1695151461403406363 144.489975 0.000000
1695151461621435912 144.610477 0.000000
1695151461621588727 144.522069 0.000000
1695151461765545244 144.421800 0.000000
1695151461766178925 144.534349 0.000000
1695151461910424200 144.468976 0.000000
1695151461982601585 144.589950 0.000000
1695151461983223331 144.682422 0.000000
1695151462127792501 145.172136 0.000000
1695151462127816818 144.811987 0.000000
1695151462272725611 144.820952 0.000000
1695151462345498674 144.583395 0.000000
1695151462490276676 144.586146 0.000000
1695151462706334456 144.448322 0.000000
1695151462706769255 144.603899 0.000000
1695151462779862305 144.692315 0.000000
1695151463141704793 144.447029 0.000000
1695151463358254255 144.593597 0.000000
1695151463431109604 144.449595 0.000000
1695151463937031443 144.404995 0.000000
1695151464010033662 144.557105 0.000000
1695151464010314013 144.593342 0.000000
1695151464010331774 144.521425 0.000000
1695151464227412014 144.421309 0.000000
1695151464299511809 144.481702 0.000000
1695151464515608100 144.604856 0.000000
1695151464661161837 144.372574 0.000000
1695151464732744742 144.603709 0.000000
1695151464732814431 144.634943 0.000000
1695151464733644364 144.466314 0.000000
1695151464878408881 144.496347 0.000000
1695151465022349237 144.417850 0.000000
1695151465094516133 144.522982 0.000000
1695151465095395543 144.503905 0.000000
1695151465167095641 144.541723 0.000000
1695151465240109967 144.647580 0.000000
1695151465456515830 144.492012 0.000000
1695151465456675411 144.633071 0.000000
1695151465529426069 144.624643 0.000000
1695151465674118851 144.551738 0.000000
1695151465746010313 144.464669 0.000000
1695151465746287492 144.489531 0.000000
1695151465817918563 144.618786 0.000000
1695151466035606039 144.505707 0.000000
1695151466180213152 144.453239 0.000000
1695151466252716650 144.490728 0.000000
1695151466324737942 144.507380 0.000000
1695151466324945557 144.429772 0.000000
1695151466396684564 144.535349 0.000000
1695151466541939409 144.719686 0.000000
1695151466542157896 144.682162 0.000000
1695151466614022509 144.413949 0.000000
1695151466686237876 144.536194 0.000000
1695151466831754276 144.544850 0.000000
1695151466902910892 144.507040 0.000000
1695151466903491918 144.406579 0.000000
1695151467193308513 144.418387 0.000000
1695151467265049832 144.580263 0.000000
1695151467265189343 144.523615 0.000000
1695151467699237214 144.549413 0.000000
1695151467916469528 144.812060 0.000000
1695151467916961452 144.424726 0.000000
1695151467917078883 144.468833 0.000000
1695151467988820937 144.660293 0.000000
1695151467989090763 144.501391 0.000000
1695151468134306606 144.723960 0.000000
1695151468205837459 144.653916 0.000000
1695151468350334010 144.479884 0.000000
1695151468422958836 144.654636 0.000000
1695151468423632354 144.583082 0.000000
1695151468495851767 144.471717 0.000000
1695151468496136598 144.658143 0.000000
1695151468568451126 144.654013 0.000000
1695151468712888559 144.441348 0.000000
1695151468784513025 144.560594 0.000000
1695151468856987880 144.669035 0.000000
1695151469146237674 144.470650 0.000000
1695151469147295057 144.575599 0.000000
1695151469508798079 144.509632 0.000000
1695151469580433597 144.789062 0.000000
1695151469580543966 144.489392 0.000000
1695151469725101994 144.537066 0.000000
1695151469725436622 144.611614 0.000000
1695151469797631633 144.633248 0.000000
1695151469798122955 144.574105 0.000000
1695151469798368019 144.671980 0.000000
1695151470087235221 145.263966 0.000000
1695151470160272424 144.735275 0.000000
1695151470448601731 144.405811 0.000000
1695151470738007135 144.600210 0.000000
1695151470738009425 144.841523 0.000000
1695151470882768570 144.486240 0.000000
1695151470955235740 144.417609 0.000000
1695151471027901150 144.526749 0.000000
1695151471028212261 144.442510 0.000000
1695151471099795307 144.389644 0.000000
1695151471099816903 144.396497 0.000000
1695151471316767175 144.647822 0.000000
1695151471317279107 144.445371 0.000000
1695151471389431122 144.598488 0.000000
1695151471534227947 144.498818 0.000000
1695151471606377787 144.902425 0.000000
1695151471678684182 144.757107 0.000000
1695151471824010647 144.750618 0.000000
1695151471895589682 144.593216 0.000000
1695151471896542780 144.608570 0.000000
1695151472185040989 144.468137 0.000000
1695151472257863305 144.451946 0.000000
1695151472257879302 144.437542 0.000000
1695151472330007007 144.531512 0.000000
1695151472330288654 144.456150 0.000000
1695151472474418974 144.628171 0.000000
1695151472691447428 144.591211 0.000000
1695151472691786070 144.720994 0.000000
1695151472692020112 144.711805 0.000000
1695151472836427252 144.827852 0.000000
1695151472981607786 144.361359 0.000000
1695151473415823576 144.597474 0.000000
1695151473560342894 144.808312 0.000000
1695151473633002931 144.355243 0.000000
1695151473705188897 144.742959 0.000000
1695151473778063872 144.511960 0.000000
1695151473850352019 144.446748 0.000000
1695151473922805887 144.995833 0.000000
1695151474066987742 144.478463 0.000000
1695151474212365165 144.503241 0.000000
1695151474284226021 144.649385 0.000000
1695151474357045923 144.530689 0.000000
1695151474428830505 144.596421 0.000000
1695151474501322963 144.701610 0.000000
1695151474501628484 144.564829 0.000000
1695151474501761126 144.593554 0.000000
1695151474501914704 144.714154 0.000000
1695151474646657918 144.694031 0.000000
1695151474646668751 144.674496 0.000000
1695151474863725860 144.569455 0.000000
1695151475081108026 144.605277 0.000000
1695151475369971919 144.482198 0.000000
1695151475514938809 145.058665 0.000000
1695151475587889163 144.891425 0.000000
1695151475732501691 144.470101 0.000000
1695151475877952702 145.399306 0.000000
1695151475878096301 144.722889 0.000000
1695151476022974399 144.559560 0.000000
1695151476167252531 144.458536 0.000000
1695151476167353694 144.383737 0.000000
1695151476168168938 144.694652 0.000000
1695151476385241121 144.401931 0.000000
1695151476385569246 144.484205 0.000000
1695151476456711151 144.420578 0.000000
1695151476528780015 144.492439 0.000000
1695151476530176066 144.609656 0.000000
1695151476963996291 144.453199 0.000000
1695151477036333854 144.362391 0.000000
1695151477107805230 144.628673 0.000000
1695151477108033248 144.626564 0.000000
1695151477397455092 144.523696 0.000000
1695151477469567473 144.455210 0.000000
1695151477614189042 144.610839 0.000000
1695151477687499214 144.500633 0.000000
1695151478122543406 144.705715 0.000000
1695151478338334707 144.459032 0.000000
1695151478700606305 144.950940 0.000000
1695151478917603884 144.514599 0.000000
1695151479063151033 144.520212 0.000000
1695151479134951058 144.787277 0.000000
1695151479135249081 144.478064 0.000000
1695151479135590641 144.538955 0.000000
1695151479352026784 144.710535 0.000000
1695151479424612452 144.605805 0.000000
1695151479425095980 144.554782 0.000000
1695151479569137960 144.532438 0.000000
1695151479642287734 144.499359 0.000000
1695151479786753286 144.543383 0.000000
1695151479931251007 144.524903 0.000000
1695151479931528988 144.401273 0.000000
1695151480075665589 144.407820 0.000000
1695151480075992037 144.376750 0.000000
1695151480219910013 144.485697 0.000000
1695151480437327947 144.344068 0.000000
1695151480582125333 144.944036 0.000000
1695151480582526643 144.450443 0.000000
1695151480944193443 144.539533 0.000000
1695151481016184376 144.483107 0.000000
1695151481016795300 144.648458 0.000000
1695151481306446103 144.506273 0.000000
1695151481306499688 144.490937 0.000000
1695151481522419336 144.489805 0.000000
1695151481594907359 144.878348 0.000000
1695151481594909074 144.893587 0.000000
1695151481595330789 144.621595 0.000000
1695151481595985934 144.562850 0.000000
1695151481667379703 144.552118 0.000000
1695151481739665926 144.625459 0.000000
1695151481739821806 144.485177 0.000000
1695151481957558812 144.586929 0.000000
1695151482028956296 144.701803 0.000000
1695151482028981814 144.655833 0.000000
1695151482102066048 144.564967 0.000000
1695151482246619920 144.638153 0.000000
1695151482247114163 144.517474 0.000000
1695151482319002585 144.464395 0.000000
1695151482391070131 144.462247 0.000000
1695151482391090130 144.461783 0.000000
1695151482536213218 144.469591 0.000000
1695151482607904167 144.581179 0.000000
1695151482608499776 144.385058 0.000000
1695151482680329552 144.622664 0.000000
1695151482824512890 144.509060 0.000000
1695151482824746693 144.412368 0.000000
1695151482969632453 144.413196 0.000000
1695151482969780425 144.543309 0.000000
1695151482970292317 144.385914 0.000000
1695151483042584399 144.410994 0.000000
1695151483113790116 144.551642 0.000000
1695151483114262985 144.476592 0.000000
1695151483186460494 144.901364 0.000000
1695151483331070573 144.524544 0.000000
1695151483331500144 144.460581 0.000000
1695151483331661412 144.409352 0.000000
1695151483403703114 144.861404 0.000000
1695151483404251148 144.544372 0.000000
1695151483476031544 144.595404 0.000000
1695151483548579145 144.471622 0.000000
1695151483549047800 144.718367 0.000000
1695151483982778443 144.541990 0.000000
1695151484127937049 144.491392 0.000000
1695151484200620677 144.599577 0.000000
1695151484417324791 144.634663 0.000000
1695151484489293323 144.373580 0.000000
1695151484489794206 144.430932 0.000000
1695151484489926535 144.532479 0.000000
1695151484634133569 144.368907 0.000000
1695151484706491044 144.742657 0.000000
1695151484707022190 144.663501 0.000000
1695151484778663959 144.728407 0.000000
1695151484778895907 144.572725 0.000000
1695151484923432463 144.529525 0.000000
1695151484923697500 144.617732 0.000000
1695151485068626012 144.542880 0.000000
1695151485068689001 144.510606 0.000000
1695151485212913728 144.548479 0.000000
1695151485357062487 144.447056 0.000000
1695151485357375938 144.475287 0.000000
1695151485502580149 144.412076 0.000000
1695151485719374934 144.478830 0.000000
1695151485864585495 145.151249 0.000000
1695151485864586279 145.177726 0.000000
1695151485864662586 144.630516 0.000000
1695151485937419678 144.794719 0.000000
1695151486082037490 144.560194 0.000000
1695151486154020514 144.536630 0.000000
1695151486371932002 144.449327 0.000000
1695151486443608693 144.721023 0.000000
1695151486588820443 144.998707 0.000000
1695151486588850296 145.207788 0.000000
1695151486661514012 144.789482 0.000000
1695151486733648419 144.821344 0.000000
1695151486951259986 144.671499 0.000000
1695151487022751317 144.502462 0.000000
1695151487168461624 144.526112 0.000000
1695151487239607085 144.454301 0.000000
1695151487240820839 144.464869 0.000000
1695151487456651202 144.701981 0.000000
1695151487673968226 144.771841 0.000000
1695151487674088541 144.687929 0.000000
1695151487819076277 144.680753 0.000000
1695151487891949138 144.756170 0.000000
1695151487891980121 144.802686 0.000000
1695151487963466199 144.486770 0.000000
1695151487964169226 144.609377 0.000000
1695151488036778299 144.645575 0.000000
1695151488253058591 144.980691 0.000000
1695151488253536900 144.573978 0.000000
1695151488326132888 144.492516 0.000000
1695151488470844024 144.925383 0.000000
1695151488616007791 145.110800 0.000000
1695151488616074710 144.966232 0.000000
1695151488760578391 144.600979 0.000000
1695151488761044638 144.678920 0.000000
1695151489050353348 144.377146 0.000000
1695151489122288841 144.679470 0.000000
1695151489195137057 144.502784 0.000000
1695151489556676321 144.589674 0.000000
1695151489628781782 144.557346 0.000000
1695151489629702424 144.535449 0.000000
1695151489629756593 144.559645 0.000000
1695151489846355105 144.343378 0.000000
1695151490063156102 144.371007 0.000000
1695151490135824366 144.487017 0.000000
1695151490207550810 144.467075 0.000000
1695151490280709956 144.439311 0.000000
1695151490352861401 144.407042 0.000000
1695151490425425141 144.846676 0.000000
1695151490497314327 144.444685 0.000000
1695151490498015760 144.707615 0.000000
1695151490932341799 144.506036 0.000000
1695151491075968505 144.534084 0.000000
1695151491076229400 144.418982 0.000000
1695151491221485489 145.189290 0.000000
1695151491221895538 144.481178 0.000000
1695151491366544611 144.838634 0.000000
1695151491656313926 144.499638 0.000000
1695151491728772971 144.543264 0.000000
1695151491872985747 144.479630 0.000000
1695151491873552509 144.403674 0.000000
1695151492090508152 144.463309 0.000000
1695151492668801087 144.505432 0.000000
1695151492741393596 144.457464 0.000000
1695151492741507827 144.604714 0.000000
1695151493247736944 144.547755 0.000000
1695151493392172155 144.422326 0.000000
1695151493392491812 144.492738 0.000000
1695151493537409522 144.532522 0.000000
1695151493609463620 144.410625 0.000000
1695151493681413736 144.426926 0.000000
1695151493681815372 144.403960 0.000000
1695151493825575553 144.435029 0.000000
1695151493826473236 144.495265 0.000000
1695151493898649006 144.608839 0.000000
1695151493898863344 144.554662 0.000000
1695151493898863920 144.513598 0.000000
1695151494043230162 144.606918 0.000000
1695151494188446760 144.682710 0.000000
1695151494332946814 144.458396 0.000000
1695151494333160829 144.438545 0.000000
1695151494477409309 144.678723 0.000000
1695151494549997655 144.616111 0.000000
1695151494622203626 144.501026 0.000000
1695151494694287973 144.512492 0.000000
1695151495128718169 144.512383 0.000000
1695151495273760270 144.476965 0.000000
1695151495345583333 144.477008 0.000000
1695151495346163141 144.582607 0.000000
1695151495635650648 144.512483 0.000000
1695151495707285324 144.725388 0.000000
1695151495707554271 144.527586 0.000000
1695151495852070029 144.737039 0.000000
1695151496070008412 144.594274 0.000000
1695151496142086357 144.371819 0.000000
1695151496214057992 144.594050 0.000000
1695151496358674764 144.544121 0.000000
1695151496504425791 144.611974 0.000000
1695151496648972283 144.535333 0.000000
1695151496649012913 144.559233 0.000000
1695151496649099203 144.565890 0.000000
1695151496792961403 144.974421 0.000000
1695151497010330888 144.630177 0.000000
1695151497010543595 144.462725 0.000000
1695151497155399527 144.531090 0.000000
1695151497155497805 144.977775 0.000000
1695151497227903463 144.595796 0.000000
1695151497228065409 144.658434 0.000000
1695151497444444980 144.482984 0.000000
1695151497444539498 144.385181 0.000000
1695151497517109694 144.418201 0.000000
1695151497517482284 144.426182 0.000000
1695151497517683094 144.556870 0.000000
1695151497589455163 144.440847 0.000000
1695151497807058758 145.105370 0.000000
1695151497951642966 144.429131 0.000000
1695151498385544687 144.431826 0.000000
1695151498530741488 144.398555 0.000000
1695151498675591943 144.417859 0.000000
1695151498747248646 144.623435 0.000000
1695151498820084998 144.467691 0.000000
1695151498964102132 144.513432 0.000000
1695151499036489949 144.584162 0.000000
1695151499325997776 144.673824 0.000000
1695151499399260311 144.836490 0.000000
1695151499615357435 144.477936 0.000000
1695151499760286213 144.523955 0.000000
1695151499905150348 144.542872 0.000000
1695151499977287602 144.510583 0.000000
1695151500122568801 144.490690 0.000000
1695151500266636962 144.750872 0.000000
1695151500339138858 144.478829 0.000000
1695151500339186171 144.479485 0.000000
1695151500483646834 144.627975 0.000000
1695151500484061467 144.631262 0.000000
1695151500556008325 144.546067 0.000000
1695151500556070986 144.544081 0.000000
1695151500556449021 144.680125 0.000000
1695151500556626633 144.731899 0.000000
1695151500556643820 144.581936 0.000000
1695151500629201846 144.589257 0.000000
1695151500846225275 144.726651 0.000000
1695151500917968562 144.668837 0.000000
1695151500918529654 144.519447 0.000000
1695151501062707878 144.572220 0.000000
1695151501352467728 144.459852 0.000000
1695151501425262631 144.497995 0.000000
1695151501569216918 144.434989 0.000000
1695151501714068280 144.520730 0.000000
1695151501859445772 144.521434 0.000000
1695151501931162803 144.514301 0.000000
1695151502293265904 144.762115 0.000000
1695151502871855761 144.696981 0.000000
1695151503234172111 144.962017 0.000000
1695151503306328256 144.574157 0.000000
1695151503596605372 144.607531 0.000000
1695151503669142453 144.615516 0.000000
1695151503740965673 144.346836 0.000000
1695151503812664732 144.615102 0.000000
1695151503885570110 144.441009 0.000000
1695151504029692957 144.556241 0.000000
1695151504102254208 144.598780 0.000000
1695151504102301410 144.886989 0.000000
1695151504320210869 144.411976 0.000000
1695151504464649607 144.653101 0.000000
1695151504680958281 144.528136 0.000000
1695151504825512331 144.540380 0.000000
1695151504897888576 144.495212 0.000000
1695151504898189336 144.602246 0.000000
1695151504898975392 144.397387 0.000000
1695151504971091279 144.404822 0.000000
1695151505042454350 144.604450 0.000000
1695151505042612159 144.408065 0.000000
1695151505115201541 144.503165 0.000000
1695151505187260825 144.469643 0.000000
1695151505187935188 144.539697 0.000000
1695151505260299819 145.126733 0.000000
1695151505405214410 144.879734 0.000000
1695151505478101280 144.755382 0.000000
1695151505549876780 144.633041 0.000000
1695151505694842017 144.450977 0.000000
1695151505839552767 144.656882 0.000000
1695151506057421679 144.568119 0.000000
1695151506129874312 145.156656 0.000000
1695151506274984979 144.680537 0.000000
1695151506492334948 144.460113 0.000000
1695151506564779265 144.597902 0.000000
1695151506636800350 144.573935 0.000000
1695151506998721420 144.827573 0.000000
1695151507143513594 144.528087 0.000000
1695151507216003803 144.408454 0.000000
1695151507505827573 144.834651 0.000000
1695151507723182709 144.502776 0.000000
1695151507795152335 144.629834 0.000000
1695151507795204421 144.670334 0.000000
1695151507867757562 144.564588 0.000000
1695151507868269810 144.578943 0.000000
1695151507868376595 144.599210 0.000000
1695151508229372666 144.495117 0.000000
1695151508447322578 144.749344 0.000000
1695151508518636979 144.458878 0.000000
1695151508519082353 144.533214 0.000000
1695151508664243640 144.437110 0.000000
1695151508736145830 144.601492 0.000000
1695151508736374487 144.800106 0.000000
1695151508880707963 144.543588 0.000000
1695151508953091203 144.438899 0.000000
1695151508953451072 144.473099 0.000000
1695151509170003099 144.611612 0.000000
1695151509243282885 144.523164 0.000000
1695151509459333317 144.592728 0.000000
1695151509459817385 144.502009 0.000000
1695151509459995906 144.460678 0.000000
1695151509532156693 144.425096 0.000000
1695151509677069203 144.456989 0.000000
1695151509821741905 144.419461 0.000000
1695151509893351628 144.585670 0.000000
1695151509893634595 144.415475 0.000000
1695151510255491186 144.697544 0.000000
1695151510327578329 144.651735 0.000000
1695151510327931847 144.480396 0.000000
1695151510544723595 144.580949 0.000000
1695151510545376178 144.475302 0.000000
1695151510689625948 144.442482 0.000000
1695151510834420935 144.615707 0.000000
1695151510978930476 144.614128 0.000000
1695151511051189608 144.519895 0.000000
1695151511051768136 144.536272 0.000000
1695151511051825504 144.449018 0.000000
1695151511124184629 144.801914 0.000000
1695151511196132130 144.930439 0.000000
1695151511268515650 144.396108 0.000000
1695151511268573076 144.456315 0.000000
1695151511558447389 144.898896 0.000000
1695151511558504925 144.493159 0.000000
1695151511703395346 144.801903 0.000000
1695151511703660654 144.703622 0.000000
1695151511776075566 144.703202 0.000000
1695151511993074786 144.549442 0.000000
1695151511993385835 144.444610 0.000000
1695151512137408040 144.765650 0.000000
1695151512210178181 144.442781 0.000000
1695151512354969132 144.553115 0.000000
1695151512427282873 144.509899 0.000000
1695151512933375406 144.579474 0.000000
1695151513006213304 144.404920 0.000000
1695151513006745977 144.514068 0.000000
1695151513078003762 144.615349 0.000000
1695151513078029041 144.418707 0.000000
1695151513078705741 144.458449 0.000000
1695151513150867885 144.560377 0.000000
1695151513151325416 144.514382 0.000000
1695151513367708833 144.737716 0.000000
1695151513368033557 144.599243 0.000000
1695151513368065843 144.387607 0.000000
1695151513439841597 144.555100 0.000000
1695151513439869981 144.557320 0.000000
1695151513584406576 144.523546 0.000000
1695151513585484321 144.564297 0.000000
1695151513729601448 144.457923 0.000000
1695151513802390345 144.499242 0.000000
1695151513946484280 144.534415 0.000000
1695151513946786308 144.433565 0.000000
1695151513947072161 144.516043 0.000000
1695151514019420646 144.442940 0.000000
1695151514163694991 144.788354 0.000000
1695151514163909292 144.616328 0.000000
1695151514235977908 144.564663 0.000000
1695151514236484472 144.613186 0.000000
1695151514308768660 144.507592 0.000000
1695151514453358436 144.518694 0.000000
1695151514525753861 144.476996 0.000000
1695151514743050494 144.524598 0.000000
1695151514814890004 144.519398 0.000000
1695151514814923193 144.478320 0.000000
1695151515104037725 144.494726 0.000000
1695151515104339883 144.394644 0.000000
1695151515104451175 144.492465 0.000000
1695151515176709622 144.509164 0.000000
1695151515393976506 144.788215 0.000000
1695151515394385500 144.495370 0.000000
1695151515611788504 144.752553 0.000000
1695151515611831780 144.750584 0.000000
1695151515756038080 144.458944 0.000000
1695151515756698191 144.630206 0.000000
1695151515828367698 144.579776 0.000000
1695151515829179306 144.635791 0.000000
1695151515901479683 144.691331 0.000000
1695151515973238033 144.787996 0.000000
1695151515973609364 144.567087 0.000000
1695151516190331812 144.531941 0.000000
1695151516480345855 144.455927 0.000000
1695151516624432353 144.440995 0.000000
1695151516624560770 144.407242 0.000000
1695151516769170949 144.702734 0.000000
1695151516769818220 144.385032 0.000000
1695151516913829191 144.638514 0.000000
1695151516913914644 144.678079 0.000000
1695151516986343608 144.522644 0.000000
1695151517058856977 144.575702 0.000000
1695151517059111849 144.657453 0.000000
1695151517059162996 144.638783 0.000000
1695151517131269032 145.017449 0.000000
1695151517638547787 144.477098 0.000000
1695151517710351275 144.565741 0.000000
1695151517855283570 144.440241 0.000000
1695151518072598686 144.667161 0.000000
1695151518072659343 144.579044 0.000000
1695151518217413331 144.860730 0.000000
1695151518361649334 144.755309 0.000000
1695151518506880710 144.600639 0.000000
1695151518507130474 144.637940 0.000000
1695151518579060249 144.715592 0.000000
1695151518651699905 144.530323 0.000000
1695151518723746931 144.557092 0.000000
1695151518723820290 144.620132 0.000000
1695151518941707568 144.708683 0.000000
1695151519086781807 144.814183 0.000000
1695151519086810032 144.843007 0.000000
1695151519159030532 144.513682 0.000000
1695151519159134655 144.495949 0.000000
1695151519520149721 144.695120 0.000000
1695151519664712200 144.545551 0.000000
1695151519737519615 144.602124 0.000000
1695151519809461440 144.733988 0.000000
1695151519954209260 144.522071 0.000000
1695151520027239326 144.480807 0.000000
1695151520171548662 144.408141 0.000000
1695151520243589624 144.439639 0.000000
1695151520243644831 144.444758 0.000000
1695151520460863964 144.603170 0.000000
1695151520460870490 144.617632 0.000000
1695151520750831443 144.544221 0.000000
1695151520822596080 144.609816 0.000000
1695151520895028705 144.516663 0.000000
1695151521256981924 144.517226 0.000000
1695151521329485123 144.711894 0.000000
1695151521474777874 144.834326 0.000000
1695151521546932381 144.501955 0.000000
1695151521619552932 144.511705 0.000000
1695151521763899934 144.897580 0.000000
1695151521764387418 144.731248 0.000000
1695151521764508994 144.638954 0.000000
1695151521908523467 144.430994 0.000000
1695151521909440401 144.671299 0.000000
1695151521981094422 144.408032 0.000000
1695151522053758216 144.444291 0.000000
1695151522125910195 144.544592 0.000000
1695151522198164912 144.568511 0.000000
1695151522198715546 144.567785 0.000000
1695151522270693514 144.517584 0.000000
1695151522560610705 144.583745 0.000000
1695151522632200133 144.459902 0.000000
1695151522776953547 144.414204 0.000000
1695151522994327944 144.847802 0.000000
1695151523211720913 144.459146 0.000000
1695151523356446250 144.562959 0.000000
1695151523356711870 144.661405 0.000000
1695151523501070914 144.613527 0.000000
1695151523790427885 144.746765 0.000000
1695151524152216554 144.609648 0.000000
1695151524224641532 144.559215 0.000000
1695151524297172041 144.654709 0.000000
1695151524297195602 144.527140 0.000000
1695151524369835474 144.405873 0.000000
1695151524441821233 144.617021 0.000000
1695151524659165434 144.545045 0.000000
1695151524731529330 144.605750 0.000000
1695151525020926502 144.600999 0.000000
1695151525166040934 144.589742 0.000000
1695151525309909950 144.459542 0.000000
1695151525310263259 144.527895 0.000000
1695151525382323272 144.525612 0.000000
1695151525382643109 144.405566 0.000000
1695151525527338136 144.997180 0.000000
1695151525745266983 144.630632 0.000000
1695151525889063465 144.465361 0.000000
1695151526107235886 144.522107 0.000000
1695151526178938331 144.691130 0.000000
1695151526397656718 144.841360 0.000000
1695151526397885579 145.133515 0.000000
1695151526541945382 144.488235 0.000000
1695151526542654481 144.615508 0.000000
1695151526760000683 144.477739 0.000000
1695151526760069757 144.534678 0.000000
1695151526831437483 144.460211 0.000000
1695151526831807820 144.449069 0.000000
1695151526903588335 144.361979 0.000000
1695151526904571422 144.520506 0.000000
1695151527048456850 144.458077 0.000000
1695151527120798091 144.349403 0.000000
1695151527120919417 144.457846 0.000000
1695151527482605990 144.500655 0.000000
1695151527627281857 144.478519 0.000000
1695151527916382179 144.469971 0.000000
1695151527989680971 144.418538 0.000000
1695151528134446342 144.666000 0.000000
1695151528206879769 144.955481 0.000000
1695151528279279222 144.786170 0.000000
1695151528279390521 144.779031 0.000000
1695151528279570691 144.998162 0.000000
1695151528496412096 144.547018 0.000000
1695151528496759855 144.871267 0.000000
1695151528568543213 144.549823 0.000000
1695151528568587779 144.642221 0.000000
1695151528641243594 144.474053 0.000000
1695151528713618234 144.512687 0.000000
1695151528713726210 144.423321 0.000000
1695151528858504971 144.547768 0.000000
1695151529003226919 144.720390 0.000000
1695151529076256878 144.946739 0.000000
1695151529076382884 145.020552 0.000000
1695151529221327508 145.106905 0.000000
1695151529366029013 144.545524 0.000000
1695151529582987148 144.577939 0.000000
1695151529656029192 144.693765 0.000000
1695151529799789800 144.540390 0.000000
1695151529800078360 144.547867 0.000000
1695151529800396089 144.451417 0.000000
1695151529800454709 144.451889 0.000000
1695151529945617378 145.464064 0.000000
1695151529945699660 145.504867 0.000000
1695151529945818130 144.901294 0.000000
1695151529945863579 144.963472 0.000000
1695151530017936876 144.869795 0.000000
1695151530091141040 145.513127 0.000000
1695151530381048790 144.536757 0.000000
1695151530525521245 144.564631 0.000000
1695151530598278237 144.371268 0.000000
1695151530670248316 144.612060 0.000000
1695151530670350463 144.599922 0.000000
1695151530670469872 144.446313 0.000000
1695151530742827426 144.557206 0.000000
1695151530814776798 144.490091 0.000000
1695151530815315589 144.542432 0.000000
1695151530887332180 144.493126 0.000000
1695151530959619622 144.482419 0.000000
1695151530959795712 144.464266 0.000000
1695151531031582363 144.482222 0.000000
1695151531539268445 144.426597 0.000000
1695151531683622421 144.590761 0.000000
1695151531828296207 144.450410 0.000000
1695151531972610716 144.498914 0.000000
1695151532045114026 144.511078 0.000000
1695151532045541847 144.416313 0.000000
1695151532190323874 144.410293 0.000000
1695151532335084270 144.429517 0.000000
1695151532552220235 144.517053 0.000000
1695151532623977576 144.831535 0.000000
1695151532913955371 144.608805 0.000000
1695151532914241227 144.647893 0.000000
1695151533058689187 144.585644 0.000000
1695151533058735073 144.771517 0.000000
1695151533421314489 144.546302 0.000000
1695151533711123729 144.611661 0.000000
1695151534000823926 144.790594 0.000000
1695151534072593774 144.667797 0.000000
1695151534072989350 144.794067 0.000000
1695151534652347738 144.586090 0.000000
1695151534797030030 144.561682 0.000000
1695151534797178739 144.547715 0.000000
1695151535086381310 144.482410 0.000000
1695151535448223743 144.411484 0.000000
1695151535520008549 144.425195 0.000000
1695151535664714158 144.616000 0.000000
1695151535810112696 144.567391 0.000000
1695151535882747695 144.751292 0.000000
1695151536027042779 144.436595 0.000000
1695151536027101135 144.372722 0.000000
1695151536099013618 144.457455 0.000000
1695151536243511499 144.528587 0.000000
1695151536243692002 144.499294 0.000000
1695151536388711874 144.549716 0.000000
1695151536533557302 144.640475 0.000000
1695151537185447905 144.547433 0.000000
1695151537185582371 144.572005 0.000000
1695151537474796495 144.682149 0.000000
1695151537764628777 144.413154 0.000000
1695151537764683100 144.429135 0.000000
1695151537837006058 144.409018 0.000000
1695151538053210211 144.924552 0.000000
1695151538053349710 144.603847 0.000000
1695151538125865913 144.831628 0.000000
1695151538270458582 144.651516 0.000000
1695151538270794424 144.780644 0.000000
1695151538415562892 144.573115 0.000000
1695151538560183656 144.458136 0.000000
1695151538632451476 144.570892 0.000000
1695151538633199341 144.626712 0.000000
1695151538704550649 144.583177 0.000000
1695151538705010289 144.526695 0.000000
1695151538849500825 144.480964 0.000000
1695151538994192074 144.797833 0.000000
1695151538994771697 144.471071 0.000000
1695151539067255433 144.496665 0.000000
1695151539284444132 144.496511 0.000000
1695151539428718244 144.551315 0.000000
1695151539500613039 144.549170 0.000000
1695151539645143878 144.515476 0.000000
1695151539717546433 144.453986 0.000000
1695151539790735632 144.566246 0.000000
1695151540080210400 144.553654 0.000000
1695151540152230195 144.432455 0.000000
1695151540296624098 144.420152 0.000000
1695151540659158283 144.481267 0.000000
1695151540802985430 144.506663 0.000000
1695151541020153767 144.596868 0.000000
1695151541020251181 144.554178 0.000000
1695151541020876565 144.401845 0.000000
1695151541021207532 144.534552 0.000000
1695151541021225703 144.544703 0.000000
1695151541092481022 144.566974 0.000000
1695151541092679358 144.629646 0.000000
1695151541093342779 144.456970 0.000000
1695151541237346188 144.650495 0.000000
1695151541454744489 144.813124 0.000000
1695151541455031550 144.546711 0.000000
1695151541455054310 144.483404 0.000000
1695151541599397590 144.479020 0.000000
1695151541600223363 144.642315 0.000000
1695151541744360715 144.422091 0.000000
1695151541816737371 144.417618 0.000000
1695151541888571507 144.515116 0.000000
1695151541888762603 144.442755 0.000000
1695151541889639455 144.464776 0.000000
1695151542105849440 144.659746 0.000000
1695151542105897839 144.520212 0.000000
1695151542178687118 144.726662 0.000000
1695151542395682696 144.741933 0.000000
1695151542468743548 144.625339 0.000000
1695151542468771787 144.624671 0.000000
1695151542613136540 144.379852 0.000000
1695151542613286751 144.505791 0.000000
1695151542613305916 144.460520 0.000000
1695151542757480984 144.504319 0.000000
1695151542757768807 144.621308 0.000000
1695151542902921158 144.417871 0.000000
1695151543047562224 144.595226 0.000000
1695151543192334933 144.487861 0.000000
1695151543553336817 144.695800 0.000000
1695151543770802735 144.603591 0.000000
1695151543914973303 144.618554 0.000000
1695151543987647619 144.571803 0.000000
1695151544060361476 144.756522 0.000000
1695151544132925047 144.508000 0.000000
1695151544204931250 144.442700 0.000000
1695151544276918790 144.589985 0.000000
1695151544639315974 144.793402 0.000000
1695151544711669602 144.528638 0.000000
1695151544783830428 145.012153 0.000000
1695151544856175959 144.602675 0.000000
1695151545146398106 144.602766 0.000000
1695151545218304799 144.762777 0.000000
1695151545218823697 144.683718 0.000000
1695151545291006640 144.590302 0.000000
1695151545363030792 144.713509 0.000000
1695151545435726569 144.766675 0.000000
1695151545508211996 144.773123 0.000000
1695151545508362520 144.508122 0.000000
1695151545580645794 144.446165 0.000000
1695151545580892797 144.519702 0.000000
1695151545725086348 144.537798 0.000000
1695151546014361086 144.735504 0.000000
1695151546014783578 144.634345 0.000000
1695151546159134949 144.482963 0.000000
1695151546304313074 144.458354 0.000000
1695151546666190447 144.602706 0.000000
1695151547028328271 144.524944 0.000000
1695151547100820479 144.625950 0.000000
1695151547244738016 144.492293 0.000000
1695151547389888133 144.521745 0.000000
1695151547462227019 144.486518 0.000000
1695151547534644084 144.369419 0.000000
1695151547607334501 144.581233 0.000000
1695151547751771838 144.529605 0.000000
1695151547896162399 144.528790 0.000000
1695151547896997283 144.489329 0.000000
1695151548041120568 144.572256 0.000000
1695151548113400905 144.530981 0.000000
1695151548185636560 144.501089 0.000000
1695151548186051941 144.509085 0.000000
1695151548186456362 144.471883 0.000000
1695151548186523906 144.444693 0.000000
1695151548331068387 144.411804 0.000000
1695151548475774258 144.692171 0.000000
1695151548548059262 144.509267 0.000000
1695151548764966159 144.548816 0.000000
1695151548837413211 144.408563 0.000000
1695151549054168830 144.639327 0.000000
1695151549199367416 144.453724 0.000000
1695151549199521812 144.416009 0.000000
1695151549416090901 144.760036 0.000000
1695151549488941179 144.574350 0.000000
1695151549489072632 144.605547 0.000000
1695151549489256330 144.744436 0.000000
1695151549560873752 144.708702 0.000000
1695151549778616000 144.506506 0.000000
1695151549995583142 144.750308 0.000000
1695151550139901803 144.718835 0.000000
1695151550284647460 144.484679 0.000000
1695151550430140431 144.661401 0.000000
1695151550502100733 144.515837 0.000000
1695151550937179616 144.783205 0.000000
1695151551226488803 144.521841 0.000000
1695151551442788017 144.576988 0.000000
1695151551587858091 145.056163 0.000000
1695151551660618756 145.089739 0.000000
1695151551877699788 144.798084 0.000000
1695151551878295969 144.575404 0.000000
1695151552240045527 144.390209 0.000000
1695151552384224181 144.790306 0.000000
1695151552384406221 144.386143 0.000000
1695151552456401846 144.472101 0.000000
1695151552457074108 144.456067 0.000000
1695151552674085894 144.687434 0.000000
1695151552964118781 144.623030 0.000000
1695151553036063436 144.469928 0.000000
1695151553108162766 144.534171 0.000000
1695151553469954106 144.493181 0.000000
1695151553470142232 144.427483 0.000000
1695151553470783152 144.525380 0.000000
1695151553904518247 144.579408 0.000000
1695151553976698128 144.608255 0.000000
1695151553976969262 144.723880 0.000000
1695151554338507318 144.477067 0.000000
1695151554338765514 144.384229 0.000000
1695151554627643466 144.417577 0.000000
1695151554628917155 144.548704 0.000000
1695151554845134908 144.612236 0.000000
1695151554990409617 144.422076 0.000000
1695151555062024327 144.534250 0.000000
1695151555062312510 144.465411 0.000000
1695151555206563719 144.526951 0.000000
1695151555280239700 144.391097 0.000000
1695151555568475794 144.431896 0.000000
1695151555641548188 144.456281 0.000000
1695151555713190715 144.709408 0.000000
1695151555785528101 144.503869 0.000000
1695151555785680974 144.589729 0.000000
1695151555858575361 144.467765 0.000000
1695151555930261245 144.561828 0.000000
1695151556002978266 144.474813 0.000000
1695151556147129337 144.563633 0.000000
1695151556219741748 144.550999 0.000000
1695151556292631502 144.446266 0.000000
1695151556437355941 144.629449 0.000000
1695151556508894602 144.523328 0.000000
1695151556581497902 144.562551 0.000000
1695151556582188776 144.491007 0.000000
1695151556653629395 144.561489 0.000000
1695151556798452505 144.542859 0.000000
1695151557016219607 144.465443 0.000000
1695151557088326096 144.467185 0.000000
1695151557088348500 144.499141 0.000000
1695151557160196264 144.711285 0.000000
1695151557232944586 144.564640 0.000000
1695151557377159728 144.564915 0.000000
1695151557377702802 144.584532 0.000000
1695151557449604796 144.821868 0.000000
1695151557521994726 144.592890 0.000000
1695151557522565350 144.727410 0.000000
1695151558101408116 144.638581 0.000000
1695151558101911431 144.570305 0.000000
1695151558247069800 144.664229 0.000000
1695151558463167087 144.588383 0.000000
1695151558608186716 145.000678 0.000000
1695151558608770629 144.457723 0.000000
1695151558898366480 144.658686 0.000000
1695151558970479222 144.450858 0.000000
1695151558970704142 144.449418 0.000000
1695151559042317494 144.498887 0.000000
1695151559114378929 144.535135 0.000000
1695151559114550268 144.522555 0.000000
1695151559114963801 144.463799 0.000000
1695151559115008568 144.518065 0.000000
1695151559115043323 144.386563 0.000000
1695151559186812034 144.462455 0.000000
1695151559404404992 144.469870 0.000000
1695151559476474320 144.727256 0.000000
1695151559549001902 144.619831 0.000000
1695151559765761316 144.740759 0.000000
1695151559766684810 144.671265 0.000000
1695151559766882893 144.800968 0.000000
1695151559910510696 144.593366 0.000000
1695151560417575869 144.602275 0.000000
1695151560562419959 144.395493 0.000000
1695151560634899555 144.460420 0.000000
1695151560707124268 144.545139 0.000000
1695151560851004810 144.798619 0.000000
1695151560851227299 144.942136 0.000000
1695151560851670264 144.533259 0.000000
1695151560995926834 144.692139 0.000000
1695151560996306720 144.434854 0.000000
1695151561213799981 144.785544 0.000000
1695151561431046900 144.455489 0.000000
1695151561503417465 144.491183 0.000000
1695151561719907276 144.615579 0.000000
1695151561720427187 144.507821 0.000000
1695151561864944109 144.550278 0.000000
1695151561864969388 144.533726 0.000000
1695151562299022950 144.606004 0.000000
1695151562299448600 144.422780 0.000000
1695151562371788743 144.573757 0.000000
1695151562371885955 144.492297 0.000000
1695151562516421428 144.614954 0.000000
1695151562660986316 144.709036 0.000000
1695151562661352939 144.603628 0.000000
1695151562805454961 144.419075 0.000000
1695151562805656556 144.465308 0.000000
1695151562805784921 144.539769 0.000000
1695151562805956254 144.560521 0.000000
1695151562950532654 144.667425 0.000000
1695151563022582612 144.597193 0.000000
1695151563674082090 144.420375 0.000000
1695151563746720506 144.407043 0.000000
1695151563818526896 144.538341 0.000000
1695151563818598120 144.489577 0.000000
1695151563819259148 144.632601 0.000000
1695151564035948813 144.899687 0.000000
1695151564108827551 144.961012 0.000000
1695151564471365778 144.614591 0.000000
1695151564542884957 144.428008 0.000000
1695151564760339467 144.879740 0.000000
1695151564832404109 144.643776 0.000000
1695151564833208090 144.758299 0.000000
1695151564905142025 144.478049 0.000000
1695151564905592866 144.422162 0.000000
1695151565194028462 144.443338 0.000000
1695151565266970152 144.420005 0.000000
1695151565267462878 144.437053 0.000000
1695151565338484533 144.532709 0.000000
1695151565411208425 144.535932 0.000000
1695151565411907663 144.433861 0.000000
1695151565412195805 144.490019 0.000000
1695151565556648491 144.446055 0.000000
1695151565556845546 144.583565 0.000000
1695151565628398473 144.569034 0.000000
1695151565701033522 144.376203 0.000000
1695151565773012901 144.878036 0.000000
1695151565918129367 144.383011 0.000000
1695151565990383780 144.773661 0.000000
1695151566424681844 144.573935 0.000000
1695151566425008037 144.441123 0.000000
1695151566569455098 144.762865 0.000000
1695151566642087227 144.565992 0.000000
1695151566932185808 144.528231 0.000000
1695151567003720763 144.670071 0.000000
1695151567003963314 144.636213 0.000000
1695151567148721711 144.985124 0.000000
1695151567365902325 144.666150 0.000000
1695151567438365799 144.631234 0.000000
1695151567438678066 144.822650 0.000000
1695151567800878613 144.583541 0.000000
1695151567800941248 144.605045 0.000000
1695151567872257801 144.513642 0.000000
1695151568089525418 144.800102 0.000000
1695151568089629713 144.428880 0.000000
1695151568234418173 144.403371 0.000000
1695151568306536498 144.548624 0.000000
1695151568451844731 144.748526 0.000000
1695151568523992405 144.828422 0.000000
1695151568524457244 144.536261 0.000000
1695151568813608276 144.522222 0.000000
1695151568885808922 144.463651 0.000000
1695151568958072943 144.637303 0.000000
1695151568958973112 144.651606 0.000000
1695151569030492402 144.663648 0.000000
1695151569031135466 144.454720 0.000000
1695151569175209329 144.470953 0.000000
1695151569175531543 144.387004 0.000000
1695151569248185530 144.403940 0.000000
1695151569682517725 145.232324 0.000000
1695151569682831682 144.909306 0.000000
1695151569682845125 144.973826 0.000000
1695151569827434217 144.947203 0.000000
1695151569972180776 144.731688 0.000000
1695151569972669975 144.555594 0.000000
1695151570117467343 144.475601 0.000000
1695151570117664297 144.466072 0.000000
1695151570407097111 144.531965 0.000000
1695151570623267516 144.406355 0.000000
1695151570624344244 144.476108 0.000000
1695151570840588152 144.515379 0.000000
1695151570840758056 144.602084 0.000000
1695151570913749946 144.584818 0.000000
1695151570985049216 144.433136 0.000000
1695151570985439151 144.548079 0.000000
1695151571203272437 144.742227 0.000000
1695151571491738790 144.619516 0.000000
1695151571563951979 144.591698 0.000000
1695151571564862452 144.451904 0.000000
1695151571781003736 144.429847 0.000000
1695151571781148196 144.500713 0.000000
1695151571854104196 144.501602 0.000000
1695151571998168049 144.593510 0.000000
1695151572287432797 144.543834 0.000000
1695151572504635275 144.469546 0.000000
1695151572577809593 144.694295 0.000000
1695151572721505276 144.450607 0.000000
1695151572866569988 144.459394 0.000000
1695151572867161527 144.511212 0.000000
1695151573011303969 144.820847 0.000000
1695151573083359181 144.392339 0.000000
1695151573084176942 144.513883 0.000000
1695151573228401776 144.392042 0.000000
1695151573373306361 144.479113 0.000000
1695151573445173328 144.504742 0.000000
1695151573517493148 144.525997 0.000000
1695151573517628899 144.600637 0.000000
1695151573589574486 144.543357 0.000000
1695151574096950280 144.616303 0.000000
1695151574168259784 144.445745 0.000000
1695151574458929039 144.549850 0.000000
1695151574747357293 144.528979 0.000000
1695151574819734097 144.691697 0.000000
1695151574892715173 144.451570 0.000000
1695151574964456334 144.614148 0.000000
1695151574964480525 144.658462 0.000000
1695151575037237114 144.654011 0.000000
1695151575254041186 144.629011 0.000000
1695151575254307722 144.695842 0.000000
1695151575254432935 144.531714 0.000000
1695151575326876697 144.674982 0.000000
1695151575399309298 144.401983 0.000000
1695151575615824749 144.454925 0.000000
1695151575616083929 144.509668 0.000000
1695151575616199197 144.406071 0.000000
1695151575616632920 144.657166 0.000000
1695151575833478445 144.653628 0.000000
1695151575905689767 144.750315 0.000000
1695151576123268895 144.699913 0.000000
1695151576268346048 144.602279 0.000000
1695151576339912664 144.367872 0.000000
1695151576340612220 144.381674 0.000000
1695151576485450226 144.454539 0.000000
1695151576702052514 144.435531 0.000000
1695151576774341370 144.539082 0.000000
1695151576774343501 144.643921 0.000000
1695151576774817275 144.455936 0.000000
1695151576847094423 144.469821 0.000000
1695151576918860182 144.507622 0.000000
1695151576990958529 144.480075 0.000000
1695151577136013065 144.588603 0.000000
1695151577281383744 144.751183 0.000000
1695151577352517690 144.426193 0.000000
1695151577425876110 144.498943 0.000000
1695151577643038625 144.454927 0.000000
1695151577859535525 144.529020 0.000000
1695151577860044445 144.477217 0.000000
1695151578004620162 144.681597 0.000000
1695151578294101135 144.806203 0.000000
1695151578366985377 144.611924 0.000000
1695151578511519959 145.127044 0.000000
1695151578511697092 144.514991 0.000000
1695151578656206398 144.643583 0.000000
1695151578656527030 144.772753 0.000000
1695151578946310810 144.634161 0.000000
1695151579089886141 144.481176 0.000000
1695151579235883021 144.528818 0.000000
1695151579307369854 144.428438 0.000000
1695151579307955414 144.470880 0.000000
1695151579452895930 144.380795 0.000000
1695151579668779316 144.362476 0.000000
1695151579669693160 144.513095 0.000000
1695151579669713956 144.454440 0.000000
1695151579814166072 144.455362 0.000000
1695151579957864690 144.389989 0.000000
1695151580102714611 144.443381 0.000000
1695151580102925855 144.568474 0.000000
1695151580102956803 144.538982 0.000000
1695151580175214186 144.588906 0.000000
1695151580175880207 144.446512 0.000000
1695151580248181298 144.484532 0.000000
1695151580248202184 144.555805 0.000000
1695151580609564531 144.521681 0.000000
1695151580609606367 144.425912 0.000000
1695151580898559734 144.711544 0.000000
1695151580899306795 144.445466 0.000000
1695151580971098695 144.656492 0.000000
1695151581043507641 144.601416 0.000000
1695151581116344643 144.594506 0.000000
1695151581188771068 144.451137 0.000000
1695151581260407230 144.513305 0.000000
1695151581404949582 144.524485 0.000000
1695151581478097889 144.524616 0.000000
1695151581478401199 144.743802 0.000000
1695151581695451894 144.650005 0.000000
1695151581840037054 144.720500 0.000000
1695151581985059424 144.626068 0.000000
1695151581985118876 144.564718 0.000000
1695151582057440628 144.745602 0.000000
1695151582129498442 144.713567 0.000000
1695151582202367377 144.631294 0.000000
1695151582274060543 144.592783 0.000000
1695151582491376918 144.536155 0.000000
1695151582563835152 144.619901 0.000000
1695151582564224204 144.496493 0.000000
1695151582708832215 144.662799 0.000000
1695151582853449192 144.548508 0.000000
1695151582926494930 144.545882 0.000000
1695151583070914258 144.428001 0.000000
1695151583143051676 144.446976 0.000000
1695151583287759008 144.675480 0.000000
1695151583432344189 144.559476 0.000000
1695151583432728239 144.742165 0.000000
1695151583432898507 144.499853 0.000000
1695151583577475960 144.469550 0.000000
1695151583794650267 144.799537 0.000000
1695151584084511185 144.730402 0.000000
1695151584156335771 144.565304 0.000000
1695151584301782900 144.586436 0.000000
1695151584301899044 144.560561 0.000000
1695151584301960823 144.585346 0.000000
1695151584446662367 144.518454 0.000000
1695151584518126775 144.377200 0.000000
1695151584518409388 144.417793 0.000000
1695151584662512450 144.702571 0.000000
1695151584807955819 144.399132 0.000000
1695151584880942748 144.662220 0.000000
1695151584952054218 144.595348 0.000000
1695151585024509787 144.784320 0.000000
1695151585024723643 144.773695 0.000000
1695151585024775279 144.549760 0.000000
1695151585025308738 144.359494 0.000000
1695151585169439562 144.613268 0.000000
1695151585169467352 144.552727 0.000000
