1694353195940764593 124.458992 8647.658604 8646 160 0.000000
1694353196979691053 124.774414 1274.392611 1324 160 0.000000
1694353197989517962 125.171595 1286.359052 1299 160 0.000000
1694353198996411734 124.252808 1286.133656 1295 160 0.000000
1694353200003561622 125.213501 1281.835035 1291 160 0.000000
1694353201016140393 125.156692 1269.037132 1285 160 0.000000
1694353202027904345 125.460448 1282.907704 1298 159 0.000000
1694353203038982447 124.878461 1276.855067 1291 160 0.000000
1694353204047135222 125.849835 1269.648808 1280 160 0.000000
1694353205058589806 123.987450 1297.141670 1312 160 0.000000
1694353206072033388 123.942643 1289.662451 1307 160 0.000000
1694353207079206853 124.595536 1274.854911 1284 160 0.000000
1694353208090750745 124.642244 1292.084281 1307 160 0.000000
1694353209101972821 124.193186 1284.584363 1299 160 0.000000
1694353210111015250 123.188946 1298.260536 1310 160 0.000000
1694353211121950530 124.339124 1284.948528 1299 160 0.000000
1694353212132082729 125.256953 1283.000583 1296 160 0.000000
1694353213144751617 125.915909 1260.036511 1276 160 0.000000
1694353214154403393 124.581489 1287.572868 1300 160 0.000000
1694353215160740379 125.063712 1283.863978 1292 160 0.000000
1694353216170429977 124.468015 1278.610978 1291 160 0.000000
1694353217181863284 125.478028 1275.417757 1290 160 0.000000
1694353218188694271 125.006734 1281.247822 1290 160 0.000000
1694353219199606954 125.374786 1272.117545 1286 160 0.000000
1694353220210079578 124.948111 1285.537042 1299 160 0.000000
1694353221218046201 125.834770 1272.859649 1283 160 0.000000
1694353222227421888 125.440132 1273.064279 1285 160 0.000000
1694353223239670048 123.955445 1293.161021 1309 160 0.000000
1694353224245734736 125.999599 1270.296075 1278 160 0.000000
1694353225255493478 124.995810 1277.532939 1290 160 0.000000
1694353226263640275 125.680500 1276.599906 1287 160 0.000000
1694353227275186877 123.406810 1292.080697 1307 160 0.000000
1694353228285068435 125.360169 1277.377520 1290 160 0.000000
1694353229294102758 124.593506 1278.450012 1290 160 0.000000
1694353230303947607 125.673619 1273.463159 1286 160 0.000000
1694353231316766680 126.011895 1273.672716 1290 160 0.000000
1694353232329002214 125.160020 1274.406666 1290 160 0.000000
1694353233340569160 124.960862 1285.135162 1300 160 0.000000
1694353234347000751 126.464592 1269.832922 1278 160 0.000000
1694353235359406498 123.141059 1297.898687 1314 160 0.000000
1694353236370291142 125.555548 1273.142288 1287 160 0.000000
1694353237376964319 124.209817 1275.488447 1284 160 0.000000
1694353238383204944 125.446558 1276.036721 1284 160 0.000000
1694353239395921664 125.421197 1285.650708 1302 160 0.000000
1694353240405475287 124.677620 1280.764101 1293 160 0.000000
1694353241419812872 125.395435 1280.638589 1299 160 0.000000
1694353242428845639 124.886020 1281.425330 1293 160 0.000000
1694353243440704383 124.563282 1279.822704 1295 160 0.000000
1694353244450598074 125.069506 1280.332753 1293 160 0.000000
1694353245461489779 125.356380 1272.144338 1286 160 0.000000
1694353246474791304 123.980885 1291.816898 1309 160 0.000000
1694353247485087084 124.371933 1287.741708 1301 160 0.000000
1694353248491705680 124.638314 1282.511426 1291 160 0.000000
1694353249503307058 124.600322 1286.079781 1301 160 0.000000
1694353250512145074 124.792229 1280.681397 1292 160 0.000000
1694353251524606913 124.606624 1282.023649 1298 160 0.000000
1694353252535169404 125.227641 1280.474817 1294 160 0.000000
1694353253546182778 125.047631 1279.904023 1294 160 0.000000
1694353254558647940 126.094168 1264.240730 1280 160 0.000000
1694353255569524895 126.027669 1270.184445 1284 160 0.000000
1694353256578281552 124.583941 1283.758509 1295 160 0.000000
1694353257589646751 126.066596 1268.582479 1283 160 0.000000
1694353258597843819 124.616297 1286.454891 1297 160 0.000000
1694353259611625486 123.829700 1286.272864 1304 160 0.000000
1694353260621055199 125.442602 1275.968104 1288 160 0.000000
1694353261632451983 124.512167 1285.351135 1300 160 0.000000
1694353262644507106 125.910471 1275.622231 1291 160 0.000000
1694353263655998625 124.858679 1285.230797 1300 160 0.000000
1694353264664480545 123.939213 1288.074673 1299 159 0.000000
1694353265673008797 124.478366 1283.057557 1294 160 0.000000
1694353266681279057 126.599320 1262.558276 1273 159 0.000000
1694353267693612998 125.502775 1275.270923 1291 160 0.000000
1694353268705035514 124.205372 1288.284747 1303 160 0.000000
1694353269711752435 126.097283 1270.466315 1279 160 0.000000
1694353270724136770 125.296302 1270.268638 1286 160 0.000000
1694353271734280919 124.328550 1281.995045 1295 160 0.000000
1694353272747456442 124.943797 1288.029741 1305 159 0.000000
1694353273758462919 125.175689 1276.945318 1291 160 0.000000
1694353274769979897 125.121112 1275.312162 1290 160 0.000000
1694353275780691664 125.345995 1276.328359 1290 160 0.000000
1694353276786464984 124.075637 1291.543506 1299 160 0.000000
1694353277798824428 125.263871 1291.043296 1307 160 0.000000
1694353278810760244 125.119724 1272.808154 1288 160 0.000000
1694353279816892616 123.990206 1285.118977 1293 160 0.000000
1694353280830293575 125.425002 1272.941561 1290 160 0.000000
1694353281840691583 125.003875 1284.642017 1298 160 0.000000
1694353282849408509 125.084233 1279.843926 1291 160 0.000000
1694353283861168844 124.458134 1280.935545 1296 160 0.000000
1694353284871708948 124.764362 1284.461861 1298 160 0.000000
1694353285882457543 125.658538 1268.366654 1282 160 0.000000
1694353286890214892 125.176650 1280.070240 1290 160 0.000000
1694353287900379064 125.625344 1275.040106 1288 160 0.000000
1694353288907979352 125.292222 1277.292313 1287 160 0.000000
1694353289920878630 124.620712 1285.419099 1302 160 0.000000
1694353290930764795 125.467530 1272.420464 1285 160 0.000000
1694353291939630883 124.462299 1281.636995 1293 160 0.000000
1694353292949786619 124.520630 1291.879881 1305 160 0.000000
1694353293958918955 127.072726 1250.579420 1262 160 0.000000
1694353294970025744 124.417565 1284.730815 1299 160 0.000000
1694353295976802601 124.903789 1282.309920 1291 160 0.000000
1694353296986535920 124.843935 1282.516981 1295 160 0.000000
1694353297993304789 123.848575 1288.279675 1297 160 0.000000
1694353299000736771 123.606824 1307.284118 1317 160 0.000000
1694353300011494502 123.942334 1292.100141 1306 160 0.000000
1694353301021638604 125.765398 1258.236396 1271 160 0.000000
1694353302029411744 124.521923 1288.980273 1299 159 0.000000
1694353303041517672 125.554791 1276.546376 1292 160 0.000000
1694353304049493170 124.519399 1287.729810 1298 160 0.000000
1694353305062478229 124.655648 1274.450980 1291 160 0.000000
1694353306074259621 124.498996 1282.885819 1298 160 0.000000
1694353307085076977 124.608112 1289.055950 1303 160 0.000000
1694353308094711669 125.513618 1280.661022 1293 160 0.000000
1694353309103577629 124.454595 1271.725210 1283 160 0.000000
1694353310114802703 124.235517 1296.447299 1311 160 0.000000
1694353311124806375 124.492070 1277.222836 1290 160 0.000000
1694353312136591816 124.952278 1279.915696 1295 160 0.000000
1694353313146817831 124.250334 1297.729492 1311 160 0.000000
1694353314155415515 124.146283 1285.943931 1297 160 0.000000
1694353315166493238 124.645189 1287.734793 1302 160 0.000000
1694353316178107001 123.379065 1284.086754 1299 160 0.000000
1694353317190101390 125.208151 1285.580474 1301 160 0.000000
1694353318199374689 125.115461 1284.092138 1296 160 0.000000
1694353319209284881 124.277695 1284.272623 1297 160 0.000000
1694353320217254717 125.140771 1272.855455 1283 160 0.000000
1694353321228998505 124.232455 1293.805947 1309 160 0.000000
1694353322237428109 124.822172 1282.191706 1293 160 0.000000
1694353323247793236 123.645142 1288.642866 1302 160 0.000000
1694353324256982332 124.287914 1294.108357 1306 160 0.000000
1694353325264850821 124.695237 1277.944405 1288 159 0.000000
1694353326280069542 125.572357 1275.587378 1295 160 0.000000
1694353327285896069 124.371300 1282.527287 1290 160 0.000000
1694353328298596166 122.468167 1312.333277 1329 160 0.000000
1694353329305435080 125.255478 1273.292012 1282 159 0.000000
1694353330314179138 124.884661 1280.800618 1292 160 0.000000
1694353331325481244 125.355172 1271.628053 1286 160 0.000000
1694353332330825738 123.413911 1297.067684 1304 160 0.000000
1694353333340099139 125.376986 1286.073762 1298 160 0.000000
1694353334352196734 124.219838 1280.508953 1296 160 0.000000
1694353335361554531 125.478082 1276.058792 1288 160 0.000000
1694353336370760539 124.466033 1281.205341 1293 160 0.000000
1694353337379170586 125.419311 1274.283137 1285 160 0.000000
1694353338390134700 125.072433 1284.912121 1299 160 0.000000
1694353339398028255 124.627449 1286.842055 1297 160 0.000000
1694353340411681225 125.042922 1278.544278 1296 160 0.000000
1694353341420662795 125.441256 1276.534609 1288 160 0.000000
1694353342425546213 123.693786 1290.696983 1297 160 0.000000
1694353343434577559 123.272465 1293.319687 1305 160 0.000000
1694353344445622039 124.731476 1290.744227 1305 160 0.000000
1694353345457260462 124.858338 1273.182053 1288 160 0.000000
1694353346467353879 125.924325 1270.179839 1283 160 0.000000
1694353347482151152 125.130587 1282.029402 1301 160 0.000000
1694353348491590267 124.383833 1289.825244 1302 160 0.000000
1694353349502380705 124.626636 1278.207585 1292 160 0.000000
1694353350511840591 124.464355 1282.863901 1295 160 0.000000
1694353351521215079 125.049541 1284.954513 1297 160 0.000000
1694353352530850742 125.525430 1275.707761 1288 159 0.000000
1694353353535999161 125.116356 1285.382069 1292 160 0.000000
1694353354545157744 125.246522 1264.419925 1276 160 0.000000
1694353355557081285 124.290468 1296.540486 1312 160 0.000000
1694353356565581204 125.484391 1266.237277 1277 160 0.000000
1694353357573574068 124.649864 1281.755092 1292 160 0.000000
