1693967944006274125 256.660874 0.000000
1693967946502926401 256.752923 0.000000
1693967947395625739 256.761658 0.000000
1693967949127602472 256.662157 0.000000
1693967949810217568 256.625743 0.000000
1693967950618513184 256.807550 0.000000
1693967951536160729 256.667725 0.000000
1693967951631437608 256.714774 0.000000
1693967955956169786 256.763528 0.000000
1693967957315994011 256.708395 0.000000
1693967957340049575 256.759840 0.000000
1693967957982260569 256.578102 0.000000
1693967960468981812 256.887822 0.000000
1693967961923102584 256.630759 0.000000
1693967962381788120 256.686624 0.000000
1693967964191881322 256.648936 0.000000
1693967965118855355 256.779685 0.000000
1693967966181961491 256.586516 0.000000
1693967966904450025 256.620205 0.000000
1693967967538824645 256.571773 0.000000
1693967968900625641 256.730305 0.000000
1693967970581190418 256.596590 0.000000
1693967975173996043 256.747290 0.000000
1693967977523303936 256.764355 0.000000
1693967978177521691 256.808247 0.000000
1693967979133454479 256.596143 0.000000
1693967980351007458 256.771351 0.000000
1693967982165629262 256.643174 0.000000
1693967982577971307 256.612371 0.000000
1693967984640298174 256.793949 0.000000
1693967985302357340 256.749029 0.000000
1693967985352925150 256.618136 0.000000
1693967987140011364 256.698437 0.000000
1693967987174205112 256.732055 0.000000
1693967990060684418 256.563318 0.000000
1693967990834637284 256.867550 0.000000
1693967991450136704 256.635133 0.000000
1693967992704832211 256.731318 0.000000
1693967994079550299 256.729118 0.000000
1693967994704599571 256.646852 0.000000
1693967997834102872 256.578212 0.000000
1693967998093397235 256.656469 0.000000
1693967998260154138 256.828879 0.000000
1693967999001220454 256.686779 0.000000
1693968000686218144 256.876014 0.000000
1693968001959476504 256.654189 0.000000
1693968002180910976 256.832784 0.000000
1693968003662765961 256.798037 0.000000
1693968005306155027 256.556407 0.000000
1693968006874537874 256.625817 0.000000
1693968007524075955 256.942974 0.000000
1693968008032798388 256.561254 0.000000
1693968008732034994 256.688252 0.000000
1693968009849058236 256.685502 0.000000
1693968009918443925 256.625035 0.000000
1693968010071871351 256.824966 0.000000
1693968011225924896 256.710650 0.000000
1693968012150951388 256.982967 0.000000
1693968013819831647 256.708675 0.000000
1693968013905657428 256.780840 0.000000
1693968015299272173 256.733743 0.000000
1693968015350639826 256.822284 0.000000
1693968015486743974 257.156005 0.000000
1693968016069367136 256.698653 0.000000
1693968016833611120 256.687385 0.000000
1693968017463627241 256.720242 0.000000
1693968017842223609 256.844250 0.000000
1693968018703701659 256.678160 0.000000
1693968020454140930 256.618726 0.000000
1693968021090142101 256.787598 0.000000
1693968021728940545 256.612561 0.000000
1693968023107755160 256.778281 0.000000
1693968026264610994 256.691775 0.000000
1693968026558583811 256.787989 0.000000
1693968027037402888 256.642140 0.000000
1693968027279105579 256.688804 0.000000
1693968027639307782 256.653376 0.000000
1693968028498166316 256.629796 0.000000
1693968029601479497 256.565076 0.000000
1693968029995290040 256.506741 0.000000
1693968032024328128 256.626539 0.000000
1693968032124815006 256.673293 0.000000
1693968032642107404 256.767051 0.000000
1693968033382017859 256.640211 0.000000
1693968035719401526 256.702055 0.000000
1693968035995358916 256.591310 0.000000
1693968036462215977 256.737233 0.000000
1693968037420419625 256.835695 0.000000
1693968038768266663 256.682419 0.000000
1693968038797413830 256.568249 0.000000
1693968040463684536 256.587418 0.000000
1693968041014761441 256.713572 0.000000
1693968042287814753 256.755549 0.000000
1693968042648969755 256.608437 0.000000
1693968043266628165 256.644637 0.000000
1693968043475438672 256.654613 0.000000
1693968045191688214 256.590971 0.000000
1693968045829007612 256.669392 0.000000
1693968047272952961 256.841704 0.000000
1693968047425656009 256.636888 0.000000
1693968049644561994 256.795302 0.000000
1693968051999458703 256.704570 0.000000
1693968052256099396 256.694538 0.000000
1693968052946075432 257.110423 0.000000
1693968055973239660 256.685540 0.000000
1693968059171886100 256.778351 0.000000
1693968060769567490 256.811223 0.000000
1693968062711570223 256.767061 0.000000
1693968065118753926 256.820881 0.000000
1693968067662549953 256.781003 0.000000
1693968068632910505 256.603916 0.000000
1693968070687377486 256.924065 0.000000
1693968072012687001 256.588520 0.000000
1693968075661296521 256.758956 0.000000
1693968076586045684 256.633552 0.000000
1693968077925062485 256.623172 0.000000
1693968078030522501 256.617518 0.000000
1693968082619480667 256.701532 0.000000
1693968083309569062 256.736685 0.000000
1693968084183668068 256.617788 0.000000
1693968084775645006 256.653958 0.000000
1693968086334518338 256.669439 0.000000
1693968086470857652 256.621758 0.000000
1693968088552166460 256.600498 0.000000
1693968090698394581 256.798328 0.000000
1693968091425239164 256.685636 0.000000
1693968093216114409 256.677828 0.000000
1693968094706914209 256.588050 0.000000
1693968095444987304 256.592544 0.000000
1693968095947706654 256.712729 0.000000
1693968098229196064 256.875988 0.000000
1693968098561232964 256.646350 0.000000
1693968099694785262 256.702660 0.000000
1693968108235419371 256.620505 0.000000
1693968109249774345 256.856423 0.000000
1693968109595173832 256.755890 0.000000
1693968109955517084 256.663730 0.000000
1693968112091959101 256.777073 0.000000
