1694226856533289173 155.904693 103.318317 102 16 0.000000
1694226857540999612 148.794439 107.173644 108 16 0.000000
1694226858533805552 146.402019 108.782586 108 16 0.000000
1694226859547707235 155.122971 101.587778 103 16 0.000000
1694226860548809927 147.431759 110.877711 111 16 0.000000
1694226861549067291 152.762152 102.973508 103 16 0.000000
1694226862538226495 156.712173 106.150758 105 16 0.000000
1694226863545271548 147.249535 105.258443 106 16 0.000000
1694226864556059233 151.225062 105.858037 107 16 0.000000
1694226865552765218 151.610443 106.350338 106 16 0.000000
1694226866554064698 150.726492 105.862413 106 16 0.000000
1694226867560195778 153.300486 102.372355 103 16 0.000000
1694226868557826072 150.419862 105.249405 105 16 0.000000
1694226869548595455 148.757373 111.024829 110 16 0.000000
1694226870560426618 151.290533 103.772268 105 16 0.000000
1694226871559759284 156.552965 101.067433 101 16 0.000000
1694226872565151816 149.253716 110.404636 111 16 0.000000
1694226873546089933 149.380034 106.020948 104 16 0.000000
1694226874565766734 146.756755 107.877335 110 16 0.000000
1694226875570193287 148.775796 109.515226 110 16 0.000000
1694226876563912160 151.562190 103.651060 103 16 0.000000
1694226877571566411 148.802090 109.164412 110 16 0.000000
1694226878562130703 150.537771 108.019232 107 16 0.000000
1694226879569361001 152.483937 101.267805 102 16 0.000000
1694226880572781327 150.338124 106.635282 107 16 0.000000
1694226881573960517 154.383723 102.878681 103 16 0.000000
1694226882577579130 151.869515 106.614217 107 16 0.000000
1694226883567273148 158.083838 101.041334 100 16 0.000000
1694226884575181007 145.309254 113.105560 114 16 0.000000
1694226885581341903 144.767109 110.320328 111 16 0.000000
1694226886579879192 155.924726 102.149424 102 16 0.000000
1694226887576254365 147.413127 104.378344 104 16 0.000000
1694226888582431109 144.217934 113.300174 114 16 0.000000
1694226889578502455 148.986679 108.425970 108 16 0.000000
1694226890570316573 148.301600 106.874875 106 16 0.000000
1694226891581840121 153.525944 107.758232 109 16 0.000000
1694226892581034879 159.003271 97.078172 97 16 0.000000
1694226893580359786 154.993451 102.068890 102 16 0.000000
1694226894586498181 146.487387 110.322812 111 16 0.000000
1694226895594056046 148.805319 106.197375 107 16 0.000000
1694226896592098441 143.101249 115.225569 115 16 0.000000
1694226897585977827 148.098594 106.652780 106 16 0.000000
1694226898595495650 147.093194 108.962919 110 16 0.000000
1694226899593024939 151.540059 103.255105 103 16 0.000000
1694226900600137245 143.357471 112.201994 113 16 0.000000
1694226901598719382 143.037959 113.160428 113 16 0.000000
1694226902602662658 152.169061 104.587575 105 16 0.000000
1694226903590131459 147.299734 109.370558 108 16 0.000000
1694226904606184515 149.497588 108.262060 110 16 0.000000
1694226905607230656 150.291511 103.891334 104 16 0.000000
1694226906604827537 151.084391 106.255319 106 16 0.000000
1694226907602929717 148.088224 110.209183 110 16 0.000000
1694226908609249577 148.107175 107.321726 108 16 0.000000
1694226909612673371 143.744180 109.624669 110 16 0.000000
1694226910612711833 151.277570 104.995960 105 16 0.000000
1694226911612161552 148.622883 108.059464 108 16 0.000000
1694226912609080305 148.633853 107.330712 107 16 0.000000
1694226913607001094 141.734621 116.241708 116 16 0.000000
1694226914618047634 138.147555 113.743510 115 16 0.000000
1694226915617640539 153.194678 105.042775 105 16 0.000000
1694226916616129824 148.280914 108.163396 108 16 0.000000
1694226917569011004 145.851376 112.291016 107 16 0.000000
1694226918623632247 146.263562 104.302849 110 16 0.000000
1694226919610502916 140.879936 119.569891 118 16 0.000000
1694226920626310346 143.953392 109.272679 111 16 0.000000
1694226921621524371 157.651824 101.485702 101 16 0.000000
1694226922622877621 145.715845 105.856739 106 16 0.000000
1694226923601099769 155.298046 105.293057 103 16 0.000000
1694226924629417225 149.458267 106.970857 110 16 0.000000
1694226925615217253 149.016967 107.526892 106 16 0.000000
1694226926631032798 145.641752 111.240656 113 16 0.000000
1694226927627257895 144.693291 108.409232 108 16 0.000000
1694226928610033628 153.505349 104.805193 103 16 0.000000
1694226929626392436 143.763512 108.229485 110 16 0.000000
1694226930635203374 145.447537 111.021802 112 16 0.000000
1694226931639858948 148.104076 110.485639 111 16 0.000000
1694226932630738330 151.472658 105.966482 105 16 0.000000
1694226933642231534 146.109317 108.750110 110 16 0.000000
1694226934631401112 153.496273 104.127749 103 16 0.000000
1694226935642013719 153.514419 104.886865 106 16 0.000000
1694226936646688393 146.746382 106.502145 107 16 0.000000
1694226937643583497 141.413040 113.351938 113 16 0.000000
1694226938635735848 153.349327 106.838430 106 16 0.000000
1694226939634647105 142.249597 113.123175 113 16 0.000000
1694226940650462975 149.875126 104.349609 106 16 0.000000
1694226941651930327 142.374866 112.834449 113 16 0.000000
1694226942652979842 142.843633 111.882561 112 16 0.000000
1694226943655120917 143.408311 113.756457 114 16 0.000000
1694226944640066129 142.815639 109.650762 108 16 0.000000
1694226945655848161 144.566604 113.213248 115 16 0.000000
1694226946655601200 145.736359 109.026946 109 16 0.000000
1694226947656840177 142.328535 108.865119 109 16 0.000000
1694226948657896460 146.121688 111.881805 112 16 0.000000
1694226949651951313 146.726840 106.633956 106 16 0.000000
1694226950642288898 142.743460 115.112273 114 16 0.000000
1694226951659327882 138.530597 116.023080 118 16 0.000000
1694226952658795899 149.202344 104.055348 104 16 0.000000
1694226953662131750 150.362392 105.647593 106 16 0.000000
1694226954663246365 144.846664 112.874178 113 16 0.000000
1694226955650362728 156.119349 103.331277 102 16 0.000000
1694226956664851436 148.465182 104.486147 106 16 0.000000
1694226957663432853 144.407286 114.161930 114 16 0.000000
1694226958669052917 138.942773 114.357300 115 16 0.000000
1694226959668363730 142.088055 114.078639 114 16 0.000000
1694226960668333664 145.001572 107.003206 107 16 0.000000
1694226961678220716 146.593980 107.932862 109 16 0.000000
1694226962670256043 156.293897 106.851032 106 16 0.000000
1694226963658211042 143.233180 111.341107 110 16 0.000000
1694226964674321139 147.277770 108.255996 110 16 0.000000
1694226965669101689 145.563184 108.566644 108 16 0.000000
1694226966665925697 148.460336 108.344099 108 16 0.000000
1694226967658430585 143.170409 112.845793 112 16 0.000000
1694226968674302873 149.792852 106.312589 108 16 0.000000
1694226969680541899 142.154425 111.305545 112 16 0.000000
1694226970675526306 147.597902 108.544417 108 16 0.000000
1694226971689150543 144.057301 107.534926 109 16 0.000000
1694226972689921667 140.528022 116.909840 117 16 0.000000
1694226973680702201 153.714091 106.986374 106 16 0.000000
1694226974687035924 154.724679 100.364304 101 16 0.000000
1694226975683817239 143.481612 112.361664 112 16 0.000000
1694226976680636586 148.294266 107.341413 107 16 0.000000
1694226977694069656 146.130523 110.515435 112 16 0.000000
1694226978693261393 144.215175 109.088171 109 16 0.000000
1694226979684682707 153.044823 105.908573 105 16 0.000000
1694226980702441216 147.585777 109.063200 111 16 0.000000
1694226981668095168 149.516018 107.699037 104 16 0.000000
1694226982703413599 153.798132 103.349840 107 16 0.000000
1694226983699690553 147.764655 109.407318 109 16 0.000000
1694226984680492405 147.974289 105.016105 103 16 0.000000
1694226985707452099 146.941182 109.059792 112 16 0.000000
1694226986706045352 152.025914 104.146508 104 16 0.000000
1694226987710829300 146.116211 111.466749 112 16 0.000000
1694226988706538062 146.914515 109.469757 109 16 0.000000
1694226989704279678 146.782135 109.246729 109 16 0.000000
1694226990696139372 142.497777 109.894571 109 16 0.000000
1694226991712300091 147.593431 107.266496 109 16 0.000000
1694226992715992597 147.264377 111.587960 112 16 0.000000
1694226993716340826 146.125060 109.961705 110 16 0.000000
1694226994709559301 144.717469 108.737409 108 16 0.000000
1694226995684268721 142.670422 114.906026 112 16 0.000000
1694226996723661928 146.926986 106.793106 111 16 0.000000
1694226997721507075 146.764649 111.239701 111 16 0.000000
1694226998716335987 146.555090 108.561364 108 16 0.000000
1694226999714814356 149.303017 107.163079 107 16 0.000000
1694227000712896644 147.925575 107.205593 107 16 0.000000
1694227001729139037 136.270606 118.082032 120 16 0.000000
1694227002727227196 154.512976 104.199229 104 16 0.000000
1694227003725340718 152.161032 105.198450 105 16 0.000000
1694227004724978584 139.772799 113.040939 113 16 0.000000
1694227005723176036 147.429863 109.196841 109 16 0.000000
1694227006736059565 149.129129 106.626271 108 16 0.000000
1694227007732625727 141.398602 113.389359 113 16 0.000000
1694227008732528549 144.784637 111.010794 111 16 0.000000
1694227009728886551 152.019722 104.380146 104 16 0.000000
1694227010740641311 146.964203 110.698763 112 16 0.000000
1694227011724660987 148.452771 107.721425 106 16 0.000000
1694227012742350930 144.634182 110.053164 112 16 0.000000
1694227013736854146 154.719410 101.558244 101 16 0.000000
1694227014736864714 144.408690 109.998837 110 16 0.000000
1694227015732317036 147.102855 107.488829 107 16 0.000000
1694227016746559692 147.607907 109.441262 111 16 0.000000
1694227017745377705 141.339276 115.136085 115 16 0.000000
1694227018745054642 152.322366 105.033938 105 16 0.000000
1694227019742631268 147.112487 112.272092 112 16 0.000000
1694227020742728018 140.691536 106.989631 107 16 0.000000
1694227021736642748 147.942282 110.673479 110 16 0.000000
1694227022752997725 153.908057 103.310374 105 16 0.000000
1694227023749951480 144.308289 112.342211 112 16 0.000000
