1694226855608128976 118.814084 131.986937 132 16 0.000000
1694226856549246106 114.080330 143.446544 135 16 0.000000
1694226857561919688 110.939361 146.147800 148 16 0.000000
1694226858573878943 115.797105 136.369133 138 16 0.000000
1694226859586618679 116.760986 138.238873 140 16 0.000000
1694226860599449125 110.236679 145.137817 147 16 0.000000
1694226861612121740 116.132368 135.285579 137 16 0.000000
1694226862552677686 110.323987 147.784935 139 16 0.000000
1694226863565634682 114.288754 136.234798 138 16 0.000000
1694226864578412250 109.916927 148.107530 150 16 0.000000
1694226865590838697 108.978363 146.183477 148 16 0.000000
1694226866604025657 112.195411 145.086748 147 16 0.000000
1694226867616812543 113.357860 139.219814 141 16 0.000000
1694226868627677153 112.413663 135.527538 137 16 0.000000
1694226869569158115 112.613136 148.701905 140 16 0.000000
1694226870582405466 114.135322 140.143470 142 16 0.000000
1694226871594737339 114.273619 141.258021 143 16 0.000000
1694226872607413034 118.553759 134.297686 136 16 0.000000
1694226873619846849 114.008532 142.231520 144 16 0.000000
1694226874632702625 117.177430 132.299191 134 16 0.000000
1694226875573047497 114.413780 142.500910 134 16 0.000000
1694226876585973353 113.015046 142.162407 144 16 0.000000
1694226877598767829 114.159525 138.231426 140 16 0.000000
1694226878611140744 113.981699 142.240072 144 16 0.000000
1694226879623631084 115.708610 138.272926 140 16 0.000000
1694226880636012903 116.198920 138.287743 140 16 0.000000
1694226881576524315 111.672638 144.602183 136 16 0.000000
1694226882589072621 112.763314 141.227808 143 16 0.000000
1694226883601925560 112.416516 137.236126 139 16 0.000000
1694226884614508616 122.103047 133.322401 135 16 0.000000
1694226885627247095 117.765328 135.276783 137 16 0.000000
1694226886640214099 114.336473 141.169455 143 16 0.000000
1694226887653054548 111.224476 145.136384 147 16 0.000000
1694226888593785226 114.007261 140.316462 132 16 0.000000
1694226889607069137 112.546067 142.112172 144 16 0.000000
1694226890619743090 110.938164 144.172783 146 16 0.000000
1694226891632118183 114.938239 137.300868 139 16 0.000000
1694226892644019520 114.049731 140.329904 142 16 0.000000
1694226893657778726 113.900455 139.086285 141 16 0.000000
1694226894597273404 112.710923 144.758672 136 15 0.000000
1694226895609854576 111.444869 144.185972 146 16 0.000000
1694226896622383958 111.248858 141.230469 143 16 0.000000
1694226897635220770 112.240268 143.162248 145 16 0.000000
1694226898647610667 107.287249 149.152003 151 16 0.000000
1694226899660252711 114.281561 141.214756 143 16 0.000000
1694226900673018578 114.784714 141.197514 143 16 0.000000
1694226901613072301 109.264199 145.736346 137 16 0.000000
1694226902625735489 112.329253 139.236824 141 16 0.000000
1694226903638846819 111.980986 144.110520 146 16 0.000000
1694226904651145770 110.693880 145.214019 147 16 0.000000
1694226905663948087 113.666197 138.230306 140 16 0.000000
1694226906676550257 114.976184 142.207881 144 16 0.000000
1694226907686618010 113.625582 131.674328 133 16 0.000000
1694226908628871990 122.137321 140.089646 132 16 0.000000
1694226909641261486 116.835506 136.311172 138 16 0.000000
1694226910653826070 109.279971 143.200720 145 16 0.000000
1694226911666703462 115.016796 142.169251 144 16 0.000000
1694226912680034512 112.323109 141.118741 143 16 0.000000
1694226913692958808 116.750336 138.213686 140 16 0.000000
1694226914633126351 116.939130 136.145946 128 16 0.000000
1694226915644842297 112.954853 142.332434 144 16 0.000000
1694226916657474382 113.333145 139.241100 141 16 0.000000
1694226917670556103 114.572276 140.166362 142 16 0.000000
1694226918683015463 112.311221 141.240260 143 16 0.000000
1694226919696141241 116.526328 137.199133 139 16 0.000000
1694226920705426435 112.667050 136.730432 138 16 0.000000
1694226921648857767 115.505671 147.334405 139 16 0.000000
1694226922661104547 111.713930 143.245821 145 16 0.000000
1694226923674317990 113.589403 140.148164 142 16 0.000000
1694226924686808291 114.927700 137.285260 139 16 0.000000
1694226925698826078 113.399395 144.266235 146 16 0.000000
1694226926710801768 111.529576 140.319588 142 16 0.000000
1694226927651107517 117.370813 138.252903 130 16 0.000000
1694226928663879148 114.295908 141.196683 143 16 0.000000
1694226929676591310 114.352364 139.230090 141 16 0.000000
1694226930688932660 112.796045 141.256695 143 16 0.000000
1694226931701662087 114.367052 139.227695 141 16 0.000000
1694226932714024551 115.950964 139.278201 141 16 0.000000
1694226933726350976 119.241464 129.404879 131 16 0.000000
1694226934667520780 116.227874 143.438541 135 16 0.000000
1694226935679922465 111.747400 141.248278 143 16 0.000000
1694226936692723249 114.059629 140.205245 142 16 0.000000
1694226937704266538 118.734642 135.436633 137 16 0.000000
1694226938718126935 116.275717 138.086078 140 16 0.000000
1694226939730769706 118.382260 136.277079 138 16 0.000000
1694226940670575413 113.779862 137.262391 129 16 0.000000
1694226941682692792 116.900775 139.311905 141 16 0.000000
1694226942694444596 113.271277 141.339011 143 16 0.000000
1694226943707628155 117.787490 135.217376 137 16 0.000000
1694226944720517735 113.892353 139.205698 141 16 0.000000
1694226945733231987 111.928159 144.167024 146 16 0.000000
1694226946745653007 114.897356 139.270101 141 16 0.000000
1694226947686368559 111.399188 145.633845 137 16 0.000000
1694226948699593178 111.038011 142.120510 144 16 0.000000
1694226949711516862 114.347769 139.338573 141 16 0.000000
1694226950723945390 119.270821 135.318185 137 16 0.000000
1694226951736456074 116.642791 135.307211 137 16 0.000000
1694226952748909500 113.522279 142.228776 144 16 0.000000
1694226953689736582 113.521943 138.176295 130 16 0.000000
1694226954702991226 108.278863 149.024731 151 16 0.000000
1694226955715506716 114.409649 139.257125 141 16 0.000000
1694226956728159590 117.710867 135.288212 137 16 0.000000
1694226957740965431 115.230594 138.229854 140 16 0.000000
1694226958754135638 115.559934 142.128146 144 16 0.000000
1694226959765378844 109.305130 135.476784 137 16 0.000000
1694226960707266447 115.060084 150.761115 142 16 0.000000
1694226961720087530 112.360310 139.215107 141 16 0.000000
1694226962732647633 120.139835 134.313006 136 16 0.000000
1694226963744850290 113.280349 141.276071 143 16 0.000000
1694226964757894865 113.375668 139.184399 141 16 0.000000
1694226965772255566 115.778334 139.989649 142 16 0.000000
1694226966713053441 114.037819 140.306418 132 16 0.000000
1694226967726512545 114.722068 138.140766 140 16 0.000000
1694226968738630250 116.073066 140.299881 142 16 0.000000
1694226969750817326 112.799833 139.302320 141 16 0.000000
1694226970763283157 117.173104 135.313188 137 16 0.000000
1694226971775920134 119.106769 137.265405 139 16 0.000000
1694226972784598351 111.666372 132.847123 134 16 0.000000
1694226973728263734 111.699668 153.656134 145 16 0.000000
1694226974740521334 118.374470 133.365264 135 16 0.000000
1694226975752865065 118.499482 134.341738 136 16 0.000000
1694226976764860531 112.617564 145.257573 147 16 0.000000
1694226977776878199 112.445959 142.290000 144 16 0.000000
1694226978788793228 115.268769 136.375071 138 16 0.000000
1694226979729299148 114.159771 141.413250 133 16 0.000000
1694226980741536572 116.868014 136.331670 138 16 0.000000
1694226981753990669 114.958153 137.290176 139 16 0.000000
1694226982766531153 117.653597 140.241310 142 16 0.000000
1694226983778748946 111.741563 141.273944 143 16 0.000000
1694226984791627660 116.733364 138.219905 140 16 0.000000
1694226985804555585 112.575547 140.187659 142 16 0.000000
1694226986744774002 114.369149 137.202163 129 16 0.000000
1694226987757281539 116.719413 138.270576 140 16 0.000000
1694226988770251656 118.945882 133.271437 135 16 0.000000
1694226989782729108 115.096812 140.250056 142 16 0.000000
1694226990795123948 115.286962 141.249240 143 16 0.000000
1694226991807546061 112.827244 139.269973 141 16 0.000000
1694226992747843389 115.885903 139.317637 131 16 0.000000
1694226993759835456 118.728101 135.376553 137 16 0.000000
1694226994772365975 111.197015 143.205538 145 16 0.000000
1694226995784607659 114.878252 139.294819 141 16 0.000000
1694226996797427342 112.492703 142.177332 144 16 0.000000
1694226997809764983 115.167731 138.293782 140 16 0.000000
1694226998822109296 117.112266 140.268481 142 16 0.000000
1694226999762458612 111.995862 141.436768 133 16 0.000000
1694227000775487457 113.074061 140.173731 142 16 0.000000
1694227001787280918 111.690678 141.333170 143 16 0.000000
1694227002799053216 111.628764 145.289624 147 16 0.000000
1694227003811581966 121.216620 131.354300 133 16 0.000000
1694227004824356745 115.439186 139.221454 141 16 0.000000
1694227005835670852 114.212769 131.512077 133 16 0.000000
1694227006777825296 114.405034 149.656993 141 16 0.000000
1694227007789814317 117.257096 133.400638 135 16 0.000000
1694227008802260777 116.317218 141.242059 143 16 0.000000
1694227009815438372 114.914068 139.166124 141 16 0.000000
1694227010828717455 118.276011 135.204608 137 16 0.000000
1694227011841232092 115.576227 135.306674 137 16 0.000000
1694227012781289505 113.511407 143.608259 135 16 0.000000
1694227013793254972 117.018265 137.356470 139 16 0.000000
1694227014805569580 114.343134 139.284741 141 16 0.000000
1694227015817488383 112.449766 142.303922 144 16 0.000000
1694227016829651304 110.995695 142.269592 144 16 0.000000
1694227017843105201 117.105736 137.154715 139 16 0.000000
1694227018854080832 120.647791 128.588675 130 16 0.000000
1694227019795309603 116.480929 144.491951 136 16 0.000000
1694227020808079992 116.346666 136.259930 138 16 0.000000
1694227021820815393 114.964600 137.252018 139 16 0.000000
1694227022833237362 114.006496 142.233205 144 16 0.000000
1694227023845815543 111.969512 142.211238 144 16 0.000000
