1694024922976866909 294.677352 0.000000
1694024923578682345 294.875133 0.000000
1694024926182002429 294.735634 0.000000
1694024926709663886 294.831863 0.000000
1694024926884779875 294.754839 0.000000
1694024929218431172 294.789446 0.000000
1694024929908882414 294.633322 0.000000
1694024931552602642 294.653866 0.000000
1694024932536713294 294.683790 0.000000
1694024933270679089 294.637569 0.000000
1694024934250103882 294.729889 0.000000
1694024934596226091 295.171673 0.000000
1694024935297402586 294.867975 0.000000
1694024936703350114 294.663580 0.000000
1694024938340776679 294.700528 0.000000
1694024943239737578 294.681163 0.000000
1694024945391503430 294.738829 0.000000
1694024945424768177 294.598251 0.000000
1694024946696141157 294.615281 0.000000
1694024946715276954 294.660767 0.000000
1694024947243246948 294.845116 0.000000
1694024952859234193 294.769657 0.000000
1694024953411651237 294.608026 0.000000
1694024954458473730 294.653338 0.000000
1694024956015694731 294.858310 0.000000
1694024956164866478 294.627112 0.000000
1694024959420848965 295.088266 0.000000
1694024960356167197 294.676477 0.000000
1694024963159727860 294.529476 0.000000
1694024963958113359 294.665865 0.000000
1694024966297167858 294.703528 0.000000
1694024966334478800 294.704834 0.000000
1694024968292953141 294.740820 0.000000
1694024973424919286 295.258417 0.000000
1694024974626323376 294.644116 0.000000
1694024980011757606 294.539199 0.000000
1694024980571454474 294.691874 0.000000
1694024980880423445 294.690762 0.000000
1694024981079595695 294.745549 0.000000
1694024982136610513 294.583633 0.000000
1694024984763190308 294.673858 0.000000
1694024984895352834 294.632015 0.000000
1694024988664045909 294.583298 0.000000
1694024989253703550 294.682028 0.000000
1694024991701837672 294.685498 0.000000
1694024991840635061 294.675529 0.000000
1694024992277995880 294.946622 0.000000
1694024996012878745 294.684822 0.000000
1694025001490155077 294.710699 0.000000
1694025002850424758 294.581669 0.000000
1694025007724171513 294.682399 0.000000
1694025008628934074 294.651102 0.000000
1694025010716269425 294.714304 0.000000
1694025011049131321 294.734792 0.000000
1694025012918618495 294.650762 0.000000
1694025017870760355 294.769179 0.000000
1694025017938538196 294.953694 0.000000
1694025018417876707 294.688473 0.000000
1694025021058189218 294.625260 0.000000
1694025021870887438 294.647812 0.000000
1694025024473942428 294.641724 0.000000
1694025025483821545 294.556896 0.000000
1694025030951321170 294.843259 0.000000
1694025032145434229 294.796942 0.000000
1694025035048588291 294.706251 0.000000
1694025038188018963 294.963817 0.000000
1694025038476518850 294.740457 0.000000
1694025040769857095 294.889019 0.000000
1694025041501105016 294.679426 0.000000
1694025041758239052 294.595681 0.000000
1694025042060004360 294.788910 0.000000
1694025042360296198 294.686267 0.000000
1694025044794868255 294.611202 0.000000
1694025045105058160 294.963774 0.000000
1694025046650447034 294.788471 0.000000
1694025046994011827 294.736414 0.000000
1694025047993338098 294.696401 0.000000
1694025048697454898 294.585508 0.000000
1694025052358062949 294.742480 0.000000
1694025053092474865 294.818362 0.000000
1694025056333597739 294.599271 0.000000
1694025056808514024 294.723588 0.000000
1694025057361758554 294.724815 0.000000
1694025057431242125 294.795700 0.000000
1694025057955501984 294.644121 0.000000
1694025058082721720 294.554744 0.000000
1694025058293300992 294.635722 0.000000
1694025060031024692 294.711329 0.000000
1694025060943049799 294.785581 0.000000
1694025061284190098 294.673044 0.000000
1694025061815023709 294.736151 0.000000
1694025063887824433 294.836025 0.000000
1694025064564865861 294.667221 0.000000
1694025066899762626 294.689480 0.000000
1694025067179719247 294.702194 0.000000
1694025068781595381 294.743780 0.000000
1694025071068965923 294.633049 0.000000
1694025075548917076 294.799983 0.000000
1694025077407009866 294.776027 0.000000
1694025078434004624 294.885162 0.000000
1694025079606657351 294.661171 0.000000
1694025079722566832 294.725732 0.000000
1694025080348100908 294.742104 0.000000
1694025089556828584 294.936969 0.000000
1694025090428675380 294.663348 0.000000
